9.21762777948564e-25 2.92395816852438e-24 -1.02544344536116e-25 1.35281199367049e-25 1.0747160398464e-25 1.45840788811654e-25 -3.908601295159e-26 -2.14057100976604e-26 -1.87923293183325e-26 -1.97889239772261e-26 0.999999999748549 -8.03114155614798
3.242064205885e-26 1.02877365242969e-25 -3.60916490167337e-27 4.76298145723344e-27 3.78513793332633e-27 5.13823090773711e-27 -1.3775352353018e-27 -7.54671266430672e-28 -6.62759129807615e-28 -6.98142877687064e-28 0.999999999985491 -32.2054990346647
-9.1102848283641e-27 -2.88803192366911e-26 1.01218661566373e-27 -1.33445631418349e-27 -1.05944565169779e-27 -1.43675259512385e-27 3.84806490113519e-28 2.10605003479573e-28 1.84772649685818e-28 1.94445222768994e-28 0.999999999987905 -32.09967497152
1.61893096348926e-24 5.13099452331577e-24 -1.79789082072938e-25 2.36979197501893e-25 1.88099508133189e-25 2.55031635061851e-25 -6.82900632577326e-26 -3.73668808079322e-26 -3.27762192912471e-26 -3.44843010417487e-26 0.999999999782572 -8.06632897885938
-1.7168437853556e-23 -5.4445445481896e-23 1.90888992634665e-24 -2.51759214731775e-24 -1.99949537553145e-24 -2.71259156057291e-24 7.26784215318143e-25 3.9791696225419e-25 3.49238496993229e-25 3.67656580561554e-25 0.999999999925299 -5.22614809076108
8.78761873999533e-26 2.78679889949209e-25 -9.77076340939785e-27 1.28865424879026e-26 1.02346913163471e-26 1.38848741193033e-26 -3.72019845872408e-27 -2.03683590008306e-27 -1.78767493170423e-27 -1.88196489707641e-27 0.999999999989366 -32.2697380310441
4.48834396057253e-23 1.42296855013402e-22 -4.98761637465585e-24 6.57621428055568e-24 5.22142956293015e-24 7.08160794549466e-24 -1.89684318127772e-24 -1.03823789412929e-24 -9.10972003950087e-25 -9.5874646181264e-25 0.999999999721685 -5.46574839953278
8.73633341222382e-24 2.77048770373459e-23 -9.71341211903332e-25 1.28106913622714e-24 1.01742842429076e-24 1.38027030333627e-24 -3.69812431204184e-25 -2.02471900381865e-25 -1.77701343150746e-25 -1.87071333861656e-25 0.999999999581729 -7.18753073907209
1.60521147770849e-24 5.09131609361122e-24 -1.7853214381515e-25 2.35498386852831e-25 1.87063902965013e-25 2.5381718209433e-25 -6.80156920957687e-26 -3.72445823923824e-26 -3.26933773286134e-26 -3.44228669345286e-26 0.999999999887847 -8.2301969946337
2.23606733291167e-26 7.0831649107808e-26 -2.48060401450563e-27 3.26792246350024e-27 2.59248131459214e-27 3.51307600831491e-27 -9.40189894019333e-28 -5.14172134536165e-28 -4.50757770482425e-28 -4.73988183996743e-28 0.999999999985554 -32.3809607506865
9.77864129284173e-26 3.22882919756293e-25 -1.17686385897517e-26 1.61127154761941e-26 1.32666951231059e-26 1.86357468342665e-26 -5.1639863403724e-27 -2.92091542762614e-27 -2.6457866046201e-27 -2.87188654838559e-27 0.999999999932536 -8.1069516037571
2.73797818633894e-24 8.6837821669884e-24 -3.04492369879475e-25 4.01632703160759e-25 3.19015851623912e-25 4.32837055220052e-25 -1.15982825379682e-25 -6.3508056490976e-26 -5.57450943879537e-26 -5.86914806099598e-26 0.999999999766562 -8.1495745392518
2.84237909890937e-24 9.00086181949806e-24 -3.15118622834126e-25 4.15000412237785e-25 3.29118919307611e-25 4.4584660338222e-25 -1.19281879328967e-25 -6.5212175067654e-26 -5.71511409789022e-26 -6.00773838290434e-26 1.00000000015263 -6.35826524979123
4.69799271470501e-26 1.48923062408234e-25 -5.21914995934564e-27 6.88053791300543e-27 5.46229546893574e-27 7.4072430812062e-27 -1.98378554393771e-27 -1.08567132578881e-27 -9.52454726798482e-28 -1.00226029212142e-27 0.999999999984879 -32.411085830454
1.52667768349686e-26 4.83917917238922e-26 -1.69583694671614e-27 2.23553323054881e-27 1.77463152436749e-27 2.4063772379161e-27 -6.44430058059386e-28 -3.52657586990672e-28 -3.09366185783284e-28 -3.25523617936302e-28 0.999999999994038 -32.2452097376407
3.74733326268136e-26 1.1894586935046e-25 -4.17412184977789e-27 5.51018519039578e-27 4.38024057055107e-27 5.94783430676965e-27 -1.59505989140491e-27 -8.74100101283705e-28 -7.6787087627535e-28 -8.09106992528192e-28 0.999999999993822 -32.2453057236691
-1.42611135839047e-23 -4.52336476715682e-23 1.58620184857478e-24 -2.09238001957727e-24 -1.66208538047324e-24 -2.25525254441422e-24 6.04357929641194e-25 3.30947623718122e-25 2.90514032630784e-25 3.058902618328e-25 1.00000000004523 -8.26185404976982
2.50122812945277e-23 7.93136224332872e-23 -2.78055114598472e-24 3.66690125122719e-24 2.91204543269771e-24 3.95026396520914e-24 -1.05830593412973e-24 -5.79378395469346e-25 -5.08459211403873e-25 -5.35230166457303e-25 1.00000000030144 -8.18595332345745
2.30612735553214e-27 7.39484314846187e-27 -2.62125023640533e-28 3.49477838118845e-28 2.80549166974441e-28 3.84659152602488e-28 -1.04147798699556e-28 -5.76157101175687e-29 -5.10888786022116e-29 -5.4331953584953e-29 0.999999999984316 -32.0445636888568
2.13605170779997e-23 6.77337158591002e-23 -2.37457944736157e-24 3.13150978908037e-24 2.48686087464059e-24 3.37348114169515e-24 -9.03779048599519e-25 -4.94780124063854e-25 -4.34215198482699e-25 -4.57076064038753e-25 1.00000000055336 -6.8542208417678
4.17881055790191e-24 1.32734650172222e-23 -4.6612649658488e-25 6.15754696058587e-25 4.89825644678912e-25 6.6558509139069e-25 -1.78616691279591e-25 -9.79502825195869e-26 -8.61055911754398e-26 -9.07918583480825e-26 0.999999999907529 -8.19551760466248
-2.93634585722064e-24 -9.30444990960696e-24 3.25958768674017e-25 -4.2955592098127e-25 -3.40884462324089e-25 -4.6208683153846e-25 1.23707768209971e-25 6.76762292564699e-26 5.93496198423433e-26 6.24295523071686e-26 0.99999999983073 -8.20857060810097
-1.97043671964112e-26 -6.24408377125772e-26 2.18758068673229e-27 -2.88300354343788e-27 -2.28800722246741e-27 -3.10169551000043e-27 8.30421517709922e-28 4.54322765140109e-28 3.98449865687208e-28 4.19154407257963e-28 0.999999999984617 -32.1175941080942
-3.28105442431992e-29 -1.50921720192865e-28 6.93586708554588e-30 -1.13178919349093e-29 -1.07136581306622e-29 -1.68762036264588e-29 5.14946636153968e-30 3.16332528585597e-30 3.07844730882969e-30 3.55905029709093e-30 0.999999999987627 -32.1539025984432
1.91494214391138e-26 6.07672635413028e-26 -2.1319271869249e-27 2.81358684537875e-27 2.23603672107698e-27 3.03547472952647e-27 -8.13825887088307e-28 -4.45863966049899e-28 -3.91575987475447e-28 -4.12496639048886e-28 0.999999999980684 -32.2400756939707
2.35911154284817e-24 7.49064953106039e-24 -2.62953307566722e-25 3.47234253414649e-25 2.76119213093868e-25 3.75058725839349e-25 -1.00614044427136e-25 -5.5154815375876e-26 -4.84674941563787e-26 -5.10867042293556e-26 0.999999999864292 -8.23277352617272
8.1772613949276e-24 2.59299732880842e-23 -9.0904378730234e-25 1.19881642568935e-24 9.52031011922356e-25 1.29145259442099e-24 -3.45989492748618e-25 -1.89414501813241e-25 -1.66228782306034e-25 -1.74980553300194e-25 0.999999999745956 -6.97189384421931
5.3109790524004e-24 1.68434536437866e-23 -5.90576671330362e-25 7.78944684079776e-25 6.18682051391517e-25 8.39377684223047e-25 -2.24907753860772e-25 -1.23145161612599e-25 -1.0808688460578e-25 -1.13793970315193e-25 0.999999999727743 -7.25090899834876
8.40269656312652e-24 2.66560401280476e-23 -9.3489151083868e-25 1.23342297037113e-24 9.79926409298265e-25 1.32985392812924e-24 -3.56427801369338e-25 -1.95211394400029e-25 -1.71388438845642e-25 -1.80488083163196e-25 1.00000000018925 -7.01084914431433
-4.08199565188825e-26 -1.29414596119503e-25 4.53610116975095e-27 -5.9809139498335e-27 -4.74879157076877e-27 -6.44062227390155e-27 1.72516175998137e-27 9.44273706185099e-28 8.28531181581696e-28 8.71988163024725e-28 0.999999999988431 -32.3197007850891
3.05531055954646e-23 9.68554607262482e-23 -3.39454390666946e-24 4.47531821924845e-24 3.55301437949758e-24 4.81835723318073e-24 -1.29050032115498e-24 -7.06290129988017e-25 -6.1965629028617e-25 -6.5209245660352e-25 1.00000000042059 -5.92815780388589
-3.40444401614213e-24 -1.08014305270374e-23 3.78882970211316e-25 -4.99935786914812e-25 -3.97241011832507e-25 -5.39166722540806e-25 1.44527114199999e-25 7.91665358488367e-26 6.9514726330837e-26 7.32154509296282e-26 0.999999999870725 -8.25455129772087
2.44859302206401e-24 7.77068334873194e-24 -2.72640664488056e-25 3.59838368637858e-25 2.85992803921337e-25 3.88268336381345e-25 -1.04103703878593e-25 -5.70382947217453e-26 -5.00967826928609e-26 -5.27769115974444e-26 0.999999999384967 -7.02778797334552
7.57917660015977e-24 2.40282508964945e-23 -8.42191462220074e-25 1.11041330927958e-24 8.81635382111847e-25 1.19570026620617e-24 -3.20267380306269e-25 -1.75294771662814e-25 -1.53804095133666e-25 -1.61866657315993e-25 1.00000000006735 -8.29807797262264
5.97577191090427e-24 1.89528803120349e-23 -6.64576518155136e-25 8.76596902524044e-25 6.96282403595853e-25 9.44712997158822e-25 -2.5314622049735e-25 -1.38614575605612e-25 -1.21671553286181e-25 -1.28103144133048e-25 0.999999999906879 -8.28355071271488
4.79430518909443e-26 1.52125308018659e-25 -5.33661644195544e-27 7.04232132760821e-27 5.59624079429671e-27 7.59636966720594e-27 -2.03644664198692e-27 -1.11559365045138e-27 -9.79674698892442e-28 -1.0319258535705e-27 0.999999999992363 -32.2172824868994
1.92556736387675e-23 6.10613806608479e-23 -2.14073607834612e-24 2.82322080058472e-24 2.2421112140473e-24 3.04157464707071e-24 -8.14886148385679e-25 -4.46129895800543e-25 -3.91533078939339e-25 -4.12160356367547e-25 0.999999999898394 -8.18831056037697
4.8885387097255e-26 1.550787396288e-25 -5.4389372648203e-27 7.17564627528788e-27 5.70083617432266e-27 7.7365101556926e-27 -2.0735224601703e-27 -1.13563377484428e-27 -9.97035393540948e-28 -1.04996168802786e-27 0.999999999988176 -32.2051003902123
1.50698473881288e-25 4.77921068383952e-25 -1.67568381223965e-26 2.21010624435539e-26 1.7553543060797e-26 2.38147167339512e-26 -6.38091779296777e-27 -3.49370945118614e-27 -3.06643054237862e-27 -3.22827166431189e-27 0.999999999988633 -32.1573719209977
-1.69425566055932e-23 -5.37175111634421e-23 1.88296140820809e-24 -2.48285957543237e-24 -1.97148500855954e-24 -2.67401486535003e-24 7.16293940080057e-25 3.92089006773048e-25 3.44049388518611e-25 3.6211584903125e-25 0.99999999986534 -7.17286304413287
-4.02460922952837e-23 -1.27604665226848e-22 4.47299097264502e-24 -5.89813528396177e-24 -4.68340868708066e-24 -6.35240879375428e-24 1.70165681584255e-24 9.31475599569695e-25 8.17360715160697e-25 8.60293602587896e-25 0.999999999994913 -5.80890236432726
4.48137266796784e-25 1.42549523216674e-24 -5.01309189388786e-26 6.63173818807377e-26 5.28294742856631e-26 7.18870839665914e-26 -1.93187592323071e-26 -1.0608896265413e-26 -9.33900504718092e-27 -9.86094082276413e-27 0.999999999977416 -8.16897676703729
1.93908831661312e-24 6.14730862185341e-24 -2.15457120808446e-25 2.84067596751948e-25 2.25534472862354e-25 3.05867260625322e-25 -8.1923780046673e-26 -4.48386686004351e-26 -3.93403280091223e-26 -4.14012706212015e-26 0.99999999948244 -7.0805887044733
4.70787435930424e-26 1.49286650391349e-25 -5.23366151573432e-27 6.90200771663773e-27 5.48120167304269e-27 7.43541286696464e-27 -1.99200977903009e-27 -1.0905453281484e-27 -9.57058889229998e-28 -1.00745154797819e-27 0.999999999987792 -32.3818533099732
-1.80792656573676e-23 -5.73286798548401e-23 2.00979463330096e-24 -2.6504316733326e-24 -2.10480619740037e-24 -2.85520055339714e-24 7.64923904770203e-25 4.18760552559077e-25 3.67498878421717e-25 3.86844901989252e-25 0.999999999376807 -6.22677256609994
-4.18337829838466e-23 -1.32645347267119e-22 4.64991949595042e-24 -6.13174352338035e-24 -4.86914875622232e-24 -6.60466893457347e-24 1.76931889849582e-24 9.68561139002185e-25 8.49944622714291e-25 8.94632705475244e-25 1.00000000108565 -4.97665046423864
-2.47731884893767e-26 -7.86508882304053e-26 2.76066923949381e-27 -3.64511088091417e-27 -2.89826514991465e-27 -3.93636102362274e-27 1.05586713629426e-27 5.78748624124364e-28 5.08526776327472e-28 5.35955482043989e-28 0.999999999984092 -32.1577505968368
1.83998163849165e-23 5.83471490583193e-23 -2.04557043181365e-24 2.69770516231681e-24 2.14242268361838e-24 2.90632980779249e-24 -7.78649128924864e-25 -4.2628954696605e-25 -3.74119501053941e-25 -3.93828076431682e-25 1.00000000080433 -4.97934614450047
1.24938943740306e-24 3.96216684237223e-24 -1.38917265708257e-25 1.8321660656297e-25 1.45513727467763e-25 1.97411319914968e-25 -5.28928781105786e-26 -2.89593103128354e-26 -2.54168604442801e-26 -2.67575380536695e-26 0.999999999644696 -8.24031280607611
-2.91182321658622e-24 -9.23406489046027e-24 3.23749753361477e-25 -4.26983585602926e-25 -3.39112269946279e-25 -4.60049806453388e-25 1.23260330999036e-25 6.74850763488098e-26 5.92290682148411e-26 6.23523294860265e-26 0.9999999997666 -8.07138767562545
2.11202066700189e-24 6.66309750761308e-24 -2.32397251573518e-25 3.04901175573559e-25 2.4088278118959e-25 3.25064293329139e-25 -8.66318529658841e-26 -4.71779908173168e-26 -4.11842775778441e-26 -4.31222469386465e-26 0.999999999535939 -6.27009401700351
1.57883026003809e-23 5.00594614223882e-23 -1.7547913252137e-24 2.31392864577948e-24 1.83740546933756e-24 2.49223527870519e-24 -6.67621279489869e-25 -3.65457775641783e-25 -3.20691133742144e-25 -3.37541591028619e-25 0.99999999983978 -6.42137313175833
3.92262228343586e-27 1.25095339981416e-26 -4.4104508419463e-28 5.84923100441632e-28 4.67125945572242e-28 6.37216749562084e-28 -1.7166690146256e-28 -9.45020138991583e-29 -8.33926132888975e-29 -8.82661365662611e-29 0.999999999983364 -32.1985526395714
-6.25577340275238e-26 -1.98543588527034e-25 6.9665777005823e-27 -9.19535429483443e-27 -7.3088356092959e-27 -9.92332235633312e-27 2.66086774550111e-27 1.45799344218125e-27 1.28065087497962e-27 1.34926331471852e-27 0.99999999998923 -32.3083879734135
-1.71856813320722e-24 -5.44690299875295e-24 1.90862653628231e-25 -2.51580691734645e-25 -1.99693564641567e-25 -2.70756990996784e-25 7.25023761160103e-26 3.96725905068473e-26 3.4799375005142e-26 3.66136289816435e-26 0.999999999833533 -8.27721206427691
-1.32331620375155e-24 -4.19513316461537e-24 1.47033550935408e-25 -1.93852906942467e-25 -1.53907133035853e-25 -2.0872485639514e-25 5.59044900852841e-26 3.05974416263922e-26 2.68451756807046e-26 2.82512702977731e-26 0.999999999765825 -8.28121428191285
3.72201331975393e-23 1.17899210957509e-22 -4.1288783829192e-24 5.4392384976124e-24 4.3149355385596e-24 5.84708159284803e-24 -1.5648068264923e-24 -8.55751861363838e-25 -7.50200450915268e-25 -7.88854703868603e-25 0.999999999520904 -5.26613051657964
4.73850683381229e-26 1.50358092745274e-25 -5.27473780125398e-27 6.96081865357856e-27 5.53159682042568e-27 7.5087891121514e-27 -2.01301305167989e-27 -1.10278125895761e-27 -9.68445247754353e-28 -1.02012070029006e-27 0.999999999989435 -32.1836424406329
-4.73042735919097e-24 -1.50176508999909e-23 5.27098283812931e-25 -6.95930348423368e-25 -5.53311769161567e-25 -7.51454058363293e-25 2.01554018423725e-25 1.10470367331341e-25 9.70604394054817e-26 1.02288947750993e-25 1.00000000003659 -6.92593441063655
1.14322850538727e-25 3.62714037217123e-25 -1.27228482639379e-26 1.67876382033405e-26 1.33390685392214e-26 1.81046649010935e-26 -4.85302653652989e-27 -2.65828069484312e-27 -2.33416638852712e-27 -2.45840522536545e-27 0.999999999991448 -32.3660969954251
1.6311112590475e-25 5.4888190273162e-25 -2.03524215088615e-26 2.83038442327586e-26 2.36397427811691e-26 3.36448143394043e-26 -9.43617528467683e-27 -5.39720344597701e-27 -4.93953903577082e-27 -5.41328706326919e-27 0.999999999074228 -6.20291107466373
1.12618435249497e-23 3.57161644845993e-23 -1.25230144135796e-24 1.65172708497886e-24 1.31189303150751e-24 1.77986768825542e-24 -4.76907636204549e-25 -2.61124069457838e-25 -2.29193560988702e-25 -2.41295198810565e-25 1.00000000003669 -7.07846467454803
-3.74224644433939e-27 -9.54608963374599e-27 2.53355562063488e-28 -2.26948794260597e-28 -9.51690970523987e-29 -1.37749683076469e-29 -2.7189018198032e-29 -3.17808356523387e-29 -4.27103987270106e-29 -6.055060694527e-29 0.999999999684923 -8.23822172647513
-3.92588231290492e-27 -1.24396923793864e-26 4.35784272327732e-28 -5.74274612871339e-28 -4.5572118882593e-28 -6.17744378080897e-28 1.6537751665597e-28 9.04713407603428e-29 7.93394695718539e-29 8.34563048031715e-29 0.999999999987425 -32.2117896374344
4.40730901486777e-24 1.40251836935412e-23 -4.93431884894496e-25 6.53019416064172e-25 5.20415984500904e-25 7.08433805769971e-25 -1.90458422030439e-25 -1.04631435249487e-25 -9.21429514399128e-26 -9.73302652636245e-26 0.999999999773259 -6.20507837744455
-2.83339766240475e-26 -8.98390441041726e-26 3.14927776111983e-27 -4.15280621604096e-27 -3.29763513110057e-27 -4.4729310690554e-27 1.19822556871933e-27 6.55919496376274e-28 5.75578923936581e-28 6.05828212827999e-28 0.999999999989079 -32.2142188166831
-1.99682204986874e-24 -6.32930091157924e-24 2.21799510664513e-25 -2.92381901816804e-25 -2.32097698106619e-25 -3.14716894460901e-25 8.42803368250635e-26 4.61209513642298e-26 4.04587859675113e-26 4.25713982498713e-26 0.99999999972978 -8.26120654609284
5.20114530834236e-25 1.67520216828698e-24 -5.96380969468215e-26 7.98487693117309e-26 6.43648575791052e-26 8.86067278819543e-26 -2.40853302191307e-26 -1.33757407578112e-26 -1.19053349719733e-26 -1.2707909688304e-26 0.999999999888614 -8.29637335832697
7.37011214217804e-24 2.33795942432937e-23 -8.1995226699826e-25 1.08174651122481e-24 8.59395642636567e-25 1.16624538295493e-24 -3.12567614382219e-25 -1.71184357481131e-25 -1.50288946767466e-25 -1.58263495187089e-25 1.00000000003159 -8.1663624522311
5.6908978803554e-24 1.80518855106394e-23 -6.33072107062778e-25 8.35159108117616e-25 6.6346204004236e-25 9.00310234489624e-25 -2.41282402580927e-25 -1.32137252541595e-25 -1.16002637872747e-25 -1.22152204697281e-25 0.999999999974826 -8.07046026429767
9.35499094920899e-24 2.96716602733144e-23 -1.04046876573065e-24 1.37246593431927e-24 1.09019656057966e-24 1.47923503050352e-24 -3.96393755955779e-25 -2.17061340484311e-25 -1.90537743288206e-25 -2.00618185191108e-25 0.999999999952156 -8.29690368099437
-1.41115001802469e-23 -4.47589264231722e-23 1.56954869665113e-24 -2.07040443559712e-24 -1.64462249547978e-24 -2.23154854735702e-24 5.98003372326867e-25 3.27466528113938e-25 2.87457068523614e-25 3.02670258286267e-25 1.00000000004133 -8.17120274079542
6.76866860436508e-27 2.15955140210687e-26 -7.61723740382737e-28 1.0106525242606e-27 8.07462232560416e-28 1.10193798094138e-27 -2.96985288543525e-28 -1.63555269408791e-28 -1.44385283546422e-28 -1.52882629668797e-28 0.999999999983238 -32.1209878539061
9.98412866381826e-26 3.16645246359351e-25 -1.11025924286489e-26 1.46440447241597e-26 1.16313011702143e-26 1.57806393585008e-26 -4.22841916326057e-27 -2.31524748681251e-27 -2.03216781274986e-27 -2.13950032225346e-27 0.999999999991638 -32.1010089375152
3.99165816075148e-28 1.30755958875481e-27 -4.73050561222859e-29 6.43155277396529e-29 5.26086185988614e-29 7.34433013392549e-29 -2.02325624565242e-29 -1.13810188946343e-29 -1.02550446717323e-29 -1.10760375683836e-29 0.999999999989627 -32.301190836882
6.60316116778158e-25 2.09146740400426e-24 -7.32383260601736e-26 9.64740313433133e-26 7.6526619923783e-26 1.03691499937986e-25 -2.77479182036365e-26 -1.5173406207085e-26 -1.33008072048654e-26 -1.39850179865931e-26 0.999999999647732 -8.20489497090213
-9.02830970736773e-24 -2.86395978026341e-23 1.00442186185913e-24 -1.32510648194e-24 -1.05272796628986e-24 -1.42860029942666e-24 3.82879939366958e-25 2.09691388394597e-25 1.84094787293339e-25 1.93862221263237e-25 1.00000000002829 -8.23760593772565
-8.16116654623156e-25 -2.58459695577778e-24 9.04943036583045e-26 -1.19188425870782e-25 -9.4531539737974e-26 -1.28070061365279e-25 3.42669021244802e-26 1.87355832243047e-26 1.64210733200127e-26 1.72633746289793e-26 0.999999999698663 -8.21062520161281
-5.92302654784994e-26 -1.87634462969013e-25 6.57152925835407e-27 -8.6576849469886e-27 -6.8685326764653e-27 -9.30789415036532e-27 2.49110633924651e-27 1.36237056743977e-27 1.19436531301683e-27 1.25593140733417e-27 0.999999999627284 -8.22766493201661
1.14357039133342e-27 3.6413087951786e-27 -1.28182547188358e-28 1.69735923717199e-28 1.35343562050646e-28 1.84339723329764e-28 -4.9584502013001e-29 -2.72538322333662e-29 -2.40126835552895e-29 -2.5376591523662e-29 0.999999999980019 -32.0993777210213
-1.56707303288591e-23 -4.97030178223062e-23 1.74286985110488e-24 -2.29896540757992e-24 -1.82612531485862e-24 -2.47775187099325e-24 6.63960507960235e-25 3.63573894298399e-25 3.19143460370275e-25 3.360236961648e-25 1.00000000002365 -8.19814553041875
1.1215531506861e-25 3.5559161376489e-25 -1.24644107535255e-26 1.64352831115765e-26 1.3050080851279e-26 1.77002020701286e-26 -4.74133192788954e-27 -2.59530508174622e-27 -2.27729452143673e-27 -2.39684856526108e-27 0.999999999986889 -32.2486811346429
4.32815916677318e-24 1.37261466632458e-23 -4.81263286295984e-25 6.34749136265986e-25 5.04141181291886e-25 6.83960993676333e-25 -1.83260008743561e-25 -1.00339073708698e-25 -8.80674242535701e-26 -9.27152571763434e-26 0.999999999841611 -8.24134484131699
-1.93593555090974e-23 -6.1392512010392e-23 2.15242750834141e-24 -2.83874830595351e-24 -2.25452911229595e-24 -3.0585377595846e-24 8.19462320746039e-25 4.48652491416293e-25 3.93762121558387e-25 4.14522806737615e-25 1.00000000002934 -8.16695544972193
-1.10753103460965e-24 -3.51514615918711e-24 1.23344351117119e-25 -1.62809648708303e-25 -1.29411059484524e-25 -1.75707969360216e-25 4.71160034588785e-26 2.58173199468702e-26 2.26775640453699e-26 2.38930759929746e-26 0.999999999898362 -8.12253545118927
-5.41800683028947e-26 -1.71857541113039e-25 6.02679169861029e-27 -7.95039880760873e-27 -6.31570989712968e-27 -8.57007044589924e-27 2.29669685107611e-27 1.25773408356742e-27 1.10412098336793e-27 1.16261268834386e-27 0.999999999991151 -32.2786671324431
-6.90586245992368e-25 -2.18363093589258e-24 7.63353211684155e-26 -1.0038143569588e-25 -7.94892126048636e-26 -1.0751976987235e-25 2.87224762669747e-26 1.56789740064274e-26 1.37199457155291e-26 1.44003815409559e-26 0.999999999883665 -8.23519149842858
2.62298773493679e-23 8.31712960068468e-23 -2.91567648597943e-24 3.84494790274246e-24 3.05331931910996e-24 4.14174223047765e-24 -1.1095607518769e-24 -6.07414413600144e-25 -5.33042569658175e-25 -5.61085920908083e-25 0.9999999998756 -6.50707975417706
1.67356714859826e-24 5.31170865973632e-24 -1.863864013908e-25 2.46025246632119e-25 1.95558179024909e-25 2.65522655895446e-25 -7.12007513992162e-26 -3.90151941482858e-26 -3.42709368113358e-26 -3.61084687208315e-26 0.999999999972244 -8.00869816711966
1.9992178312217e-26 6.34448090015207e-26 -2.22597703578612e-27 2.93785580442063e-27 2.33491386584161e-27 3.16986143685931e-27 -8.49898031537272e-28 -4.6564967775714e-28 -4.0897290374682e-28 -4.30844339519708e-28 0.999999999985855 -32.1615781366046
-3.3795139590396e-23 -1.07161031983467e-22 3.75671476218518e-24 -4.95410093047294e-24 -3.93416123419376e-24 -5.33664813023288e-24 1.42969104518447e-24 7.82675694514883e-25 6.868538327262e-25 7.22998699898075e-25 0.999999999771527 -6.60997594110201
-2.81036883926211e-26 -8.91307870401055e-26 3.12522528092399e-27 -4.12212054347498e-27 -3.27409442327489e-27 -4.44213037570642e-27 1.1902798885562e-27 6.51738524660661e-28 5.72059234699658e-28 6.02281887317511e-28 0.999999999983846 -32.2911378463699
3.18641927651132e-26 1.01066485475243e-25 -3.54405060687594e-27 4.67495867928125e-27 3.71352309857139e-27 5.03875691536367e-27 -1.35026096715755e-27 -7.39397291622145e-28 -6.4905371357e-28 -6.83398383171032e-28 0.999999999984575 -32.0240078977756
3.08477900512638e-24 9.78676160242916e-24 -3.43275172773793e-25 4.52929715719385e-25 3.5987332060915e-25 4.88424384472137e-25 -1.309187889723e-25 -7.17087881826894e-26 -6.29629918269032e-26 -6.63114892223555e-26 0.999999999950083 -8.21566270690532
-1.32073035387007e-24 -4.18486103142095e-24 1.46600851134696e-25 -1.93186651607833e-25 -1.53302166258153e-25 -2.07801393366219e-25 5.5629570929573e-26 3.04318857049204e-26 2.66866907641857e-26 2.80705660531071e-26 0.999999999623276 -7.19103880125089
-5.9915259717324e-26 -1.90119796857579e-25 6.66969440757423e-27 -8.80176628220243e-27 -6.99462461731587e-27 -9.4948500204209e-27 2.54547612605071e-27 1.39449183961871e-27 1.2246324486797e-27 1.28998977458193e-27 0.99999999999086 -32.3453678385082
-2.92297771786146e-23 -9.26683293956433e-23 3.2480730056905e-24 -4.28257969125441e-24 -3.40028819444868e-24 -4.61163619856993e-24 1.23524041710007e-24 6.76104609662277e-25 5.93224469497832e-25 6.24330936756578e-25 0.999999999358995 -7.26699568849293
4.67473482983905e-26 1.48294961309192e-25 -5.20097070150596e-27 6.86163513081466e-27 5.45131672613156e-27 7.3978279381245e-27 -1.9827326412262e-27 -1.08590045181975e-27 -9.53363684318625e-28 -1.00396324090388e-27 0.999999999984516 -32.2198412158709
3.6020450441465e-25 1.13858828960012e-24 -3.97893664234123e-26 5.23054124521322e-26 4.14048170591015e-26 5.59858310527869e-26 -1.49505258016081e-26 -8.15820555715205e-27 -7.13623953454934e-27 -7.48735850415131e-27 0.999999999959662 -8.11464056042397
-2.15836279272983e-23 -6.8465390873452e-23 2.40107822149986e-24 -3.16757348515566e-24 -2.51638822251439e-24 -3.41473949272143e-24 9.15154888672007e-25 5.01184385000286e-25 4.39990365068755e-25 4.63318233318407e-25 1.00000000029988 -6.05869082703894
