1.55522922786576e-23 4.06138552486613e-23 -1.17256572718367e-24 1.27344427790002e-24 8.32813666417481e-25 9.30334906788408e-25 -2.05249668800346e-25 -9.2530752125233e-26 -6.68693342874573e-26 -5.79632949656337e-26 0.99999999978609 -17.1735806593119
4.3964521601856e-25 1.14992948433435e-24 -3.32524168364626e-26 3.61705381422605e-26 2.36925523432122e-26 2.65089350684459e-26 -5.85766280898469e-27 -2.6449466283749e-27 -1.91446185380768e-27 -1.66211726320086e-27 1.00000000001014 -46.1200012574234
1.08923575815793e-25 2.83947280904773e-25 -8.18337673274395e-27 8.87162039343279e-27 5.79154288348998e-27 6.45810230776672e-27 -1.42220745873464e-27 -6.39995825681119e-28 -4.61662137897069e-28 -3.99440548222018e-28 1.00000000000621 -45.9095426820481
-1.70385290177869e-23 -4.453569552381e-23 1.28696928181318e-24 -1.39897039213863e-24 -9.15745182559641e-25 -1.02391750935504e-24 2.26103666489072e-25 1.02026115604006e-25 7.37994311341083e-26 6.4029552993005e-26 0.999999999808584 -17.1665252602677
-4.51815230561977e-22 -1.18063557878988e-21 3.4107855134204e-23 -3.70657758550668e-23 -2.42558947576622e-23 -2.71134918914505e-23 5.98557195520065e-24 2.70014266995377e-24 1.95256465351888e-24 1.69359541246462e-24 0.999999999738061 -14.5903506817639
-8.34881565214773e-25 -2.18224766115354e-24 6.30618723931248e-26 -6.85503923514161e-26 -4.48723344292877e-26 -5.01731592477573e-26 1.10794039844604e-26 4.99945101750626e-27 3.61631296826983e-27 3.13758391857769e-27 1.00000000001477 -46.1236976575692
9.28133325279928e-22 2.42522591377648e-21 -7.0061200662225e-23 7.61347791999632e-23 4.98211935283548e-23 5.56889603234033e-23 -1.22935168477693e-23 -5.54554231134669e-24 -4.01004789276211e-24 -3.47808850092344e-24 1.00000000007534 -14.6969399745016
-9.49137784029867e-23 -2.48058991351305e-22 7.16744193272771e-24 -7.79028759203574e-24 -5.09880346994162e-24 -5.70042136220177e-24 1.25862875568987e-24 5.67870291316181e-25 4.10712818810884e-25 3.56297566464294e-25 0.999999999967364 -16.2266674132166
-7.70169079501342e-23 -2.01277603895893e-22 5.81551839030409e-24 -6.3206481723197e-24 -4.13676052377564e-24 -4.62469561668602e-24 1.02107592892525e-24 4.60674142439614e-25 3.33171120825676e-25 2.89019042802344e-25 0.999999999864447 -17.2883758027856
-2.61335915540339e-25 -6.82601761756865e-25 1.97114530253863e-26 -2.14116137296867e-26 -1.40057078031498e-26 -1.56489085258351e-26 3.45314225383691e-27 1.55705916950049e-27 1.12546706958354e-27 9.75765310683114e-28 1.00000000001188 -46.1551187028515
5.92849236132524e-23 1.55007722911052e-22 -4.48070143344829e-24 4.87213006050455e-24 3.19019562160249e-24 3.56812253861578e-24 -7.88159858783563e-25 -3.55753984784742e-25 -2.57408536926239e-25 -2.23399249704209e-25 1.0000000000315 -17.272756918573
-2.33456836285565e-23 -6.10054992194452e-23 1.76244347221174e-24 -1.91532214099343e-24 -1.25341319003545e-24 -1.40110577000008e-24 3.09314239305709e-25 1.39537211516077e-25 1.00906258751112e-25 8.75249731883404e-26 0.99999999993638 -17.3421723190265
-1.44219533676686e-22 -3.76867949902777e-22 1.08877477292063e-23 -1.18322467986217e-23 -7.74322879988201e-24 -8.65567810566875e-24 1.91087524980853e-24 8.62034426800874e-25 6.23382670072947e-25 5.40717664418177e-25 0.999999999771143 -15.7457227764836
2.39697262208066e-24 6.2641928076944e-24 -1.80988351926676e-25 1.96705362214651e-25 1.28738135185914e-25 1.4392031464856e-25 -3.17752485906276e-26 -1.43356235664162e-26 -1.03676850701309e-26 -8.99357705207811e-27 1.00000000000769 -46.1829278678012
-1.25962492897419e-24 -3.29040214121221e-24 9.50254404054069e-26 -1.03231106198369e-25 -6.75315044980743e-26 -7.54615727284031e-26 1.6653171778775e-26 7.50980320793978e-27 5.42871994232358e-27 4.70707895901944e-27 1.00000000001331 -45.9896690646551
6.3960619026685e-27 1.8111677679615e-26 -5.63682294036901e-28 6.56580006999697e-28 4.58508372574837e-28 5.44808263088285e-28 -1.27408184982106e-28 -6.06985351474042e-29 -4.62274130310963e-29 -4.2123638525626e-29 1.00000000000702 -46.0722567918816
-4.05633053701395e-22 -1.06024168126051e-21 3.06379698777232e-23 -3.33039134909678e-23 -2.17999805024976e-23 -2.43747921445932e-23 5.38242290061681e-24 2.42870965130851e-24 1.75675446617034e-24 1.52416540380753e-24 1.00000000004272 -17.2962499290269
4.49242382129683e-22 1.17421504681463e-21 -3.39311131478576e-23 3.68832106375903e-23 2.41426452110598e-23 2.69938566617041e-23 -5.96069739658008e-24 -2.68961468814144e-24 -1.94545288961201e-24 -1.68786188413865e-24 1.00000000007764 -17.2682689049842
-4.4917341609203e-25 -1.17461309584218e-24 3.39593572000813e-26 -3.69321432860497e-26 -2.41866303553091e-26 -2.70564278149807e-26 5.97747656705695e-27 2.69852499782675e-27 1.95286827020371e-27 1.69513882921165e-27 1.00000000000642 -45.9917887219097
7.10686218929339e-22 1.85730863055074e-21 -5.3662861905765e-23 5.83235236028159e-23 3.81714997885693e-23 4.2673539930884e-23 -9.42172001860884e-24 -4.25072097941657e-24 -3.0742040139852e-24 -2.66678702675237e-24 1.00000000010614 -15.931041472883
9.46144566325387e-23 2.47228954479927e-22 -7.14208178284771e-24 7.76123009740571e-24 5.07880958090814e-24 5.6769799752812e-24 -1.25321318803423e-24 -5.65318914907463e-25 -4.0878960675661e-25 -3.54561701285556e-25 1.00000000003755 -17.3549763459719
2.26280865742617e-23 5.91220385451715e-23 -1.70778986409172e-24 1.8556647790311e-24 1.2141995184692e-24 1.35707689297548e-24 -2.99551034381729e-25 -1.35113256988809e-25 -9.76928267516671e-26 -8.47252466184684e-26 0.999999999789079 -17.3532130327237
-2.7718658422569e-25 -7.24012786625818e-25 2.09075670573864e-26 -2.27112266652884e-26 -1.48560342657056e-26 -1.65992639146618e-26 3.6629121605608e-27 1.65167546648447e-27 1.19387889011209e-27 1.03509699597281e-27 1.0000000000103 -45.9242021065802
2.71726889739539e-25 7.11220415200609e-25 -2.05806409067473e-26 2.24023335921245e-26 1.46842809978125e-26 1.64412792363123e-26 -3.63554996549316e-27 -1.64272561081465e-27 -1.18986349091265e-27 -1.03374716294586e-27 1.00000000000459 -46.1094443980371
1.04461008477659e-25 2.73615234388838e-25 -7.92331111873262e-27 8.63078171576045e-27 5.66129695956285e-27 6.34311468229131e-27 -1.40358309729607e-27 -6.34645861304076e-28 -4.600016057499e-28 -3.99916855396414e-28 1.00000000000562 -46.0997436354791
1.29447904293775e-24 3.53407442820982e-24 -1.0647595371736e-25 1.20470946707528e-25 8.19538354039473e-26 9.50956159068781e-26 -2.17634820879021e-26 -1.01653299167957e-26 -7.6024284159318e-27 -6.81241561041027e-27 1.00000000002512 -17.2766656803522
-1.19965292808626e-22 -3.13408775605564e-22 9.05211836290061e-24 -9.83488828655125e-24 -6.43449030525175e-24 -7.19089277389094e-24 1.58709717118524e-24 7.15789079753606e-25 5.17492747256622e-25 4.48754682905352e-25 0.999999999659586 -16.2501319535221
2.47679124221124e-22 6.47296078674392e-22 -1.8702522436075e-23 2.03272031525904e-23 1.33039524013585e-23 1.48733150991346e-23 -3.28387802356448e-24 -1.4815871461655e-24 -1.07153197158613e-24 -9.29541305260275e-25 0.999999999914479 -16.1192965512316
1.32175752650118e-22 3.4548429134551e-22 -9.98362951702183e-24 1.08524762540918e-23 7.10386739377955e-24 7.94300601845476e-24 -1.7539898741736e-24 -7.91462277425971e-25 -5.72494224395444e-25 -4.96703967232483e-25 0.999999999915465 -16.3814758571837
7.19720324705117e-25 1.88230098630801e-24 -5.44249166372232e-26 5.91951975354678e-26 3.87704240565148e-26 4.33748946703532e-26 -9.5835898810899e-27 -4.32691850707262e-27 -3.13160315215575e-27 -2.71856747183763e-27 1.00000000001589 -46.0989390098907
7.17300911147646e-22 1.87431844362399e-21 -5.41463092501883e-23 5.88402383531989e-23 3.85039644091757e-23 4.30388205030522e-23 -9.50095507047112e-24 -4.28583020484156e-24 -3.09913327882644e-24 -2.68801086657453e-24 1.00000000020613 -14.9360145483646
-4.21261718946069e-23 -1.10146148633804e-22 3.18398071289278e-24 -3.46219823759329e-24 -2.26704009395767e-24 -2.53565794750399e-24 5.60111427222655e-25 2.5282458284922e-25 1.82937217483946e-25 1.58770795701453e-25 0.999999999904583 -17.1647345526306
7.25815960787967e-23 1.89734000106136e-22 -5.48336781612876e-24 5.96114602948989e-24 3.90245304521919e-24 4.3638477002293e-24 -9.63725960770477e-25 -4.34909013957188e-25 -3.14616097736292e-25 -2.7299144079605e-25 0.999999999835103 -16.2356855916159
7.55425911180758e-23 1.97452692125604e-22 -5.70581548021198e-24 6.20229568513423e-24 4.05987504852595e-24 4.53938224647355e-24 -1.0023810072586e-24 -4.52303235194557e-25 -3.27162977204516e-25 -2.83846851053256e-25 1.00000000002055 -17.3112828582013
-1.19197750417162e-23 -3.11495953957033e-23 8.9995531024134e-25 -9.78070725925568e-25 -6.40096919079601e-25 -7.15559584514532e-25 1.57978708992352e-25 7.12709934342856e-26 5.1542485999982e-26 4.47099400435504e-26 0.999999999960529 -17.3167451488457
1.50200097625503e-26 3.97230581292126e-26 -1.16132307656089e-27 1.27702346149335e-27 8.45524910980783e-28 9.56169633067309e-28 -2.1352731404732e-28 -9.74297300455789e-29 -7.12568679469264e-29 -6.25039951369971e-29 1.00000000000772 -45.9351449412408
5.09264141392764e-22 1.33105781074338e-21 -3.8462215806065e-23 4.18072732252616e-23 2.73649665822002e-23 3.05958109207677e-23 -6.75586685400942e-24 -3.0483235831671e-24 -2.20484834501583e-24 -1.91285447666584e-24 1.0000000001088 -17.3652724161958
3.20155848953148e-25 8.35811006403689e-25 -2.41233150814435e-26 2.61905575681621e-26 1.71228763877333e-26 1.91219133233214e-26 -4.21732150325036e-27 -1.9006476552279e-27 -1.37310216946585e-27 -1.18983927612465e-27 1.00000000001193 -46.0490430861194
9.96898544282295e-25 2.60684814283295e-24 -7.53639788547266e-26 8.19580882301619e-26 5.36716702544374e-26 6.00374340600036e-26 -1.32632805403345e-26 -5.98742951024392e-27 -4.33278658503299e-27 -3.76079350558703e-27 1.0000000000144 -46.0025720505333
-2.57495803842817e-22 -6.72920971562118e-22 1.94420291681513e-23 -2.11299921910009e-23 -1.38287421449053e-23 -1.54593078906676e-23 3.41310415308926e-24 1.5398200342011e-24 1.11359718053464e-24 9.65988354787401e-25 0.999999999885178 -16.2703373103182
-9.83877288346457e-22 -2.57077355303603e-21 7.4262612857042e-23 -8.06968793709991e-23 -5.2804233803345e-23 -5.90207426505124e-23 1.30284459172875e-23 5.87680638343563e-24 4.24940159636637e-24 3.68552766354365e-24 0.999999999848387 -15.0301616195422
-2.13741992887136e-23 -5.58380063862824e-23 1.61269936723352e-24 -1.7520923272072e-24 -1.14626754784494e-24 -1.28096974852669e-24 2.82711657623027e-25 1.27499749332678e-25 9.21748665024705e-26 7.99284065169595e-26 0.999999999842373 -17.2888749965573
-1.37575004122721e-22 -3.59451822804019e-22 1.03830601809139e-23 -1.12821060153802e-23 -7.38210949297038e-24 -8.25077453033378e-24 1.82121402982666e-24 8.21463157046641e-25 5.93954024536674e-25 5.15113681034759e-25 0.999999999500399 -16.2185726351663
-3.13289667041685e-25 -8.17596561636586e-25 2.35892509658484e-26 -2.56016495268095e-26 -1.67319215193208e-26 -1.86786802407582e-26 4.11810246739331e-27 1.85527161430935e-27 1.33984338899174e-27 1.16060552879933e-27 1.00000000001305 -45.9590696439813
-3.5950501310427e-22 -9.39406038736579e-22 2.71384670508396e-23 -2.94915395186006e-23 -1.92990139437425e-23 -2.15723158005895e-23 4.76223138765853e-24 2.14825135665976e-24 1.55345034693493e-24 1.34739588665621e-24 1.00000000002814 -15.0349286228756
-7.9533480649964e-22 -2.07800409073994e-21 6.00241920464146e-23 -6.522083618446e-23 -4.26748392190434e-23 -4.76959327008662e-23 1.05279259114478e-23 4.74859487431998e-24 3.43340508648121e-24 2.97762827215438e-24 0.999999999851528 -14.6092523455719
9.27243610238342e-25 2.4241630983467e-24 -7.00669959551821e-26 7.61807834480103e-26 4.98773099804931e-26 5.57807940484689e-26 -1.2320222287268e-26 -5.56049405363234e-27 -4.02296269625823e-27 -3.49111614325497e-27 1.00000000000997 -45.9894596931708
5.569165938833e-22 1.45544617774452e-21 -4.20519062733292e-23 4.57041220706563e-23 2.99123529284759e-23 3.34402667803488e-23 -7.38313726923829e-24 -3.33098754150701e-24 -2.40903290264439e-24 -2.08976760131616e-24 0.999999999749322 -14.8761076540138
7.00492714036632e-23 1.82995158031021e-22 -5.285169734487e-24 5.74193462223542e-24 3.7564956211782e-24 4.197892372325e-24 -9.2647047102239e-25 -4.17823185999204e-25 -3.02058433068854e-25 -2.61923669716714e-25 0.99999999978289 -17.1402634418254
-3.18352817853771e-23 -8.32008323603217e-23 2.403976061032e-24 -2.61283930169049e-24 -1.71009694822698e-24 -1.91184493306187e-24 4.22120649508207e-25 1.90450157208693e-25 1.37741142165455e-25 1.19489985892674e-25 0.999999999746488 -17.2603564351633
-1.78881979764376e-22 -4.67459720027265e-22 1.3505336975647e-23 -1.46773240449001e-23 -9.6053665981509e-24 -1.07375460932522e-23 2.37054537293206e-24 1.06943019405027e-24 7.7338251962684e-25 6.70844527431188e-25 0.999999999359349 -15.4462845282557
6.52753304247671e-22 1.70582371699383e-21 -4.92836371190896e-23 5.35613464995888e-23 3.5053043409864e-23 3.91853665714613e-23 -8.65115585872078e-24 -3.90288002753563e-24 -2.82249974610545e-24 -2.44831980268763e-24 0.999999999980163 -15.1364816929651
-1.52027288142659e-24 -3.97279143093816e-24 1.14776678975317e-25 -1.24736000564475e-25 -8.16310954465073e-26 -9.1252235607957e-26 2.01457565628267e-26 9.08834143144093e-27 6.57239222761969e-27 5.70095979774282e-27 1.00000000001201 -45.9764354226669
-3.74140555840638e-26 -9.69623189711156e-26 2.77798086855993e-27 -2.99371044728435e-27 -1.94262791691328e-27 -2.15311287463906e-27 4.71269160991012e-28 2.10768013058672e-28 1.51095048854924e-28 1.29913140020136e-28 1.00000000000904 -46.0506974192401
7.84319712516219e-23 2.04920124914389e-22 -5.91915112908386e-24 6.43152821396748e-24 4.20817934023727e-24 4.70324974171255e-24 -1.03813463491047e-24 -4.68241566005618e-25 -3.38550680704427e-25 -2.93604523490011e-25 0.999999999979105 -17.1801596809668
-2.64824816130855e-24 -6.918136221306e-24 1.99803990158245e-25 -2.17070308447773e-25 -1.42011425406564e-25 -1.58697899294236e-25 3.50245205966879e-26 1.57955646810697e-26 1.14192308269771e-26 9.90205117872466e-27 0.999999999817622 -17.3629257391903
6.26244288592336e-22 1.6363136335467e-21 -4.72686134680558e-23 5.13640571458636e-23 3.36102155047012e-23 3.75670612626064e-23 -8.29268557130064e-24 -3.74062375775876e-24 -2.70477106850451e-24 -2.34586238347444e-24 1.00000000020282 -14.070586718883
4.09772831654551e-26 1.06733663244844e-25 -3.07351560025596e-27 3.32921394679694e-27 2.17152866806204e-27 2.41938710150343e-27 -5.32340011543068e-28 -2.39345649819202e-28 -1.72500901836442e-28 -1.49119487492533e-28 1.00000000001017 -45.9986788166183
-2.46709372936702e-22 -6.44642931731332e-22 1.86224268321654e-23 -2.02364068750041e-23 -1.32420730803713e-23 -1.48013878540482e-23 3.26738927426226e-24 1.47387313905605e-24 1.06575386396927e-24 9.24355848728739e-25 1.00000000002133 -16.1075136484947
5.38648726631059e-25 1.40655138397051e-24 -4.06058297277632e-26 4.40961420233469e-26 2.88361710683393e-26 3.22105256754985e-26 -7.10574062299779e-27 -3.20317752555122e-27 -2.31467268415067e-27 -2.00624034943259e-27 1.00000000000954 -46.0803542583305
6.04868032325658e-23 1.57974903327574e-22 -4.5614082449302e-24 4.95438516791313e-24 3.24045463826816e-24 3.62031126815462e-24 -7.98799464232311e-25 -3.60155713664888e-25 -2.60303703405151e-25 -2.25660610258148e-25 0.999999999470668 -15.3775230957389
4.00104841435855e-22 1.04570631485752e-21 -3.02154643275471e-23 3.28419572454268e-23 2.14958381784133e-23 2.4032766144688e-23 -5.30646447691786e-24 -2.39424004333969e-24 -1.73168082917807e-24 -1.50228945000496e-24 0.999999999978612 -16.3217872416824
-1.78118612433775e-23 -4.65444938577681e-23 1.34465577605714e-24 -1.4612830006077e-24 -9.56276140759157e-25 -1.0689478456823e-24 2.35983708310535e-25 1.06455631244738e-25 7.69827060479915e-26 6.67734017155332e-26 0.999999999817119 -17.3161579636803
1.04526096813137e-24 2.73231981054474e-24 -7.89626897654274e-26 8.58405596251494e-26 5.61938421977635e-26 6.28360570197787e-26 -1.38765413219608e-26 -6.26202007232566e-27 -4.5298663993485e-27 -3.9304468353535e-27 1.0000000000054 -45.9975891738944
-2.76929026716717e-22 -7.23620762372495e-22 2.09043651909776e-23 -2.27165811974202e-23 -1.48653232968225e-23 -1.66161182957501e-23 3.66806245206173e-24 1.65464411767644e-24 1.19649258754839e-24 1.0377693457666e-24 0.999999999778757 -15.1273115045453
8.43268979905122e-25 2.20450290584798e-24 -6.37145882455107e-26 6.92703432443195e-26 4.5350432038398e-26 5.07153676546025e-26 -1.12008218120484e-26 -5.05500003288986e-27 -3.65704415194201e-27 -3.17340053071407e-27 1.00000000000844 -45.8995624829344
6.07990315021182e-23 1.58824208223349e-22 -4.58690782739683e-24 4.98314130491151e-24 3.25995528281094e-24 3.64287075778882e-24 -8.03947454479947e-25 -3.62553538697314e-25 -2.62092152107361e-25 -2.27259029858916e-25 0.99999999991024 -17.2315332983109
3.16641205378662e-23 8.27516065727809e-23 -2.39094364649522e-24 2.59861983296143e-24 1.7007561031907e-24 1.90136563208968e-24 -4.19799246886472e-25 -1.89399526829254e-25 -1.36979049056281e-25 -1.18827047741814e-25 1.00000000001583 -17.206942409299
2.92213054291902e-22 7.63774007070182e-22 -2.20705806858282e-23 2.39906972030689e-23 1.57035405339451e-23 1.7558051610136e-23 -3.877101708906e-24 -1.74943979794844e-24 -1.26540208982195e-24 -1.0978517768358e-24 1.00000000000328 -17.371177941262
1.40537373400661e-22 3.6744983220405e-22 -1.06215522592314e-23 1.15493686002946e-23 7.56230494523402e-24 8.45812797284059e-24 -1.8682996826813e-24 -8.43295638893555e-25 -6.10170205185144e-25 -5.29551066716001e-25 0.999999999978289 -17.154946652794
2.6897830118758e-22 7.03005378205991e-22 -2.03134491903777e-23 2.20794839906922e-23 1.44517275787197e-23 1.6157517786533e-23 -3.56764513036797e-24 -1.60971721707661e-24 -1.16427417725221e-24 -1.01005856650705e-24 1.00000000002337 -17.248693848519
-1.47012043399701e-22 -3.84331782780044e-22 1.11081892691065e-23 -1.20770377752155e-23 -7.90684341882357e-24 -8.84239358559635e-24 1.95293880850987e-24 8.81390414911303e-25 6.37654907848015e-25 5.53335666967728e-25 1.000000000043 -17.4137435641497
3.07203074061272e-24 8.03161896110119e-24 -2.32147626723212e-25 2.52409450726605e-25 1.65261832360191e-25 1.8482619972192e-25 -4.08231603340581e-26 -1.84251330871125e-26 -1.33306819972022e-26 -1.15685707372971e-26 1.0000000000092 -45.9003341802315
1.92257093685347e-25 5.03536415868239e-25 -1.45801364283909e-26 1.5880752841306e-26 1.0416090921669e-26 1.16697364586422e-26 -2.58207022648831e-27 -1.16744001404058e-27 -8.46130653724094e-28 -7.35570825993653e-28 1.00000000000887 -45.7893983055997
-4.80623382753456e-25 -1.25636872046429e-24 3.63089054836785e-26 -3.94720444838127e-26 -2.58399628253653e-26 -2.88947124152926e-26 6.38112420085592e-27 2.879633069615e-27 2.08312361650744e-27 1.80750183781241e-27 1.00000000000755 -46.0068477265867
-9.13580825571772e-23 -2.38641481057476e-22 6.89173105363931e-24 -7.48670517023932e-24 -4.89754620041011e-24 -5.47255560534113e-24 1.20768523151011e-24 5.44600533158594e-25 3.93676875491047e-25 3.41339983511266e-25 0.999999999795632 -17.1048085620563
-2.3457285419482e-22 -6.13078821646169e-22 1.77148925628831e-23 -1.92548871579835e-23 -1.26028583794461e-23 -1.40903307446129e-23 3.11118239624729e-24 1.40375305917497e-24 1.0152984392149e-24 8.80810251179562e-25 0.999999999936351 -17.312850332626
3.37262051010364e-23 8.80937971697023e-23 -2.54393848485925e-24 2.76342639743392e-24 1.80765104336665e-24 2.01978488706597e-24 -4.45705064198706e-25 -2.00979032331666e-25 -1.45275195008353e-25 -1.25955633426552e-25 0.999999999880538 -17.4071319732382
4.15375328607023e-23 1.08624606669543e-22 -3.14050395000064e-24 3.41547160047691e-24 2.23680228420483e-24 2.50223751588083e-24 -5.52817242126627e-25 -2.49571821081332e-25 -1.80612264362118e-25 -1.56777786209148e-25 0.999999999901322 -17.2312055876968
7.76876150570296e-25 2.03032937199943e-24 -5.86630422957314e-26 6.37591679691419e-26 4.17297757272745e-26 4.66523193384001e-26 -1.03003577307382e-26 -4.64720743284749e-27 -3.36100602793542e-27 -2.91562648054424e-27 1.00000000000708 -45.9607600545696
-5.07154336799561e-22 -1.32543516575584e-21 3.82966154143926e-23 -4.16238700074683e-23 -2.72426941613724e-23 -3.04566139267549e-23 6.72458127542316e-24 3.03395926048538e-24 2.19427933936337e-24 1.90352959438337e-24 1.000000000104 -17.2823389705813
6.17870978892607e-25 1.6142804484583e-24 -4.6627639930427e-26 5.06626307481749e-26 3.31479956680488e-26 3.70467803961788e-26 -8.17702696944997e-27 -3.6880852732926e-27 -2.66651385139039e-27 -2.31244801688296e-27 1.00000000000699 -46.056439898241
2.60277043685758e-23 6.80642797568761e-23 -1.9678255037411e-24 2.14010193162591e-24 1.40154889100114e-24 1.56785679950886e-24 -3.46383331016476e-25 -1.56375541643691e-25 -1.13166718732168e-25 -9.82323544021786e-26 0.999999999915008 -17.2308544192734
-3.18277989242457e-22 -8.3178568865184e-22 2.40325520590236e-23 -2.61197219051746e-23 -1.70947514830088e-23 -1.911089604976e-23 4.21940706058537e-24 1.90363078871797e-24 1.3767393881516e-24 1.1942805412658e-24 1.00000000006898 -17.2982437903345
7.96661452695171e-23 2.08121690637613e-22 -6.01096552835299e-24 6.53056985525661e-24 4.27251156808213e-24 4.77462393396441e-24 -1.05377271592608e-24 -4.75242626496558e-25 -3.4357478670132e-25 -2.97928824243486e-25 0.999999999980297 -17.2352115457432
-1.86405005505946e-24 -4.87224038272231e-24 1.40793770994629e-25 -1.53044727276228e-25 -1.00179503698763e-25 -1.12011698599675e-25 2.47343210911787e-26 1.11608562115835e-26 8.07295890077675e-27 7.00411968814374e-27 1.00000000001171 -46.0050793878244
1.70638989871595e-23 4.45831632890593e-23 -1.28779639311807e-24 1.39927748333844e-24 9.15558672247312e-25 1.02327564983273e-24 -2.2586624072094e-25 -1.01875801026973e-25 -7.3659468542836e-26 -6.38810192212086e-26 0.999999999881215 -17.2106005425346
5.51358263133298e-22 1.44075962615248e-21 -4.16229387403208e-23 4.52328671069675e-23 2.96006356292519e-23 3.30881077193781e-23 -7.30457409859287e-24 -3.29517697784303e-24 -2.38286956514441e-24 -2.06684236504346e-24 1.00000000011524 -15.5408047032404
-1.20067851726437e-24 -3.19631075745283e-24 9.40401861864286e-26 -1.04045126669725e-25 -6.92985038261721e-26 -7.88175102673749e-26 1.76990778433961e-26 8.1193351681105e-27 5.96915471582891e-27 5.26234436650156e-27 0.999999999879705 -17.3365150169609
4.95163907503651e-25 1.29525158074468e-24 -3.74578376374866e-26 4.07484690075012e-26 2.66934856342445e-26 2.98691667309938e-26 -6.60074347495005e-27 -2.98073477942365e-27 -2.15770142815783e-27 -1.87346151483176e-27 1.00000000000997 -46.0497149787774
-3.11051153047381e-22 -8.12996972210262e-22 2.34925229490002e-23 -2.55358671067908e-23 -1.67146448899169e-23 -1.86882107828538e-23 4.12658142362545e-24 1.86197584542798e-24 1.34677609127939e-24 1.16842909649759e-24 0.999999999536721 -15.9456621295798
1.73124882872691e-24 4.52706701320552e-24 -1.30875388729722e-25 1.42324371843889e-25 9.32022020234687e-26 1.04255051494796e-25 -2.30313915031191e-26 -1.03969077092927e-26 -7.52360423846853e-27 -6.53030277284899e-27 1.0000000000122 -46.0456809186118
-1.47575538830887e-25 -3.85718551831578e-25 1.11457862822481e-26 -1.21152262649737e-26 -7.93009445545708e-27 -8.86644725638807e-27 1.95782313220971e-27 8.83402506126605e-28 6.38972184432283e-28 5.54359269695869e-28 1.0000000000144 -45.9020338188336
-4.82990485180401e-23 -1.26243713882633e-22 3.64808173869571e-24 -3.96551474625527e-24 -2.59573387595893e-24 -2.90231654573613e-24 6.40887067233977e-25 2.89187261659088e-25 2.09177290419749e-25 1.81482815917871e-25 0.999999999972133 -17.3236204864683
-4.44843062949802e-23 -1.16326433139391e-22 3.36304898317509e-24 -3.65736045934202e-24 -2.39512126130493e-24 -2.67923522866416e-24 5.91896651642839e-25 2.67203058109967e-25 1.93363398618679e-25 1.67838775299143e-25 0.999999999820082 -16.0997093223551
-1.23348744256141e-24 -3.22601029581104e-24 9.32782490626582e-26 -1.01455417037364e-25 -6.64501080261548e-26 -7.43430146558391e-26 1.64261873241714e-26 7.41641979756801e-27 5.36771650243346e-27 4.65983402104872e-27 1.00000000000719 -46.2368050610429
-2.99758525244917e-22 -7.83378194201074e-22 2.26336713055779e-23 -2.45990718428329e-23 -1.60993374735772e-23 -1.79978772015169e-23 3.97362301106697e-24 1.79272196944305e-24 1.29651314031723e-24 1.12467356451438e-24 0.999999999933782 -16.3323200753031
1.33218492834201e-24 3.48315027646762e-24 -1.00684693944511e-25 1.09480013350431e-25 7.16855713233451e-26 8.01775186317937e-26 -1.77102839202669e-26 -7.99391066946485e-27 -5.78403237223296e-27 -5.01981457131083e-27 1.00000000000667 -46.1682167863346
-5.05524455985336e-23 -1.32178621558657e-22 3.82088454516695e-24 -4.15476877543824e-24 -2.72054195557162e-24 -3.04290260010845e-24 6.72160256544367e-25 3.03402089580631e-25 2.195341394235e-25 1.90533438641288e-25 0.999999999926213 -17.1937935783317
-1.03140602507412e-21 -2.69522315346572e-21 7.78651887068276e-23 -8.4619820168741e-23 -5.5376611579415e-23 -6.19019900499048e-23 1.36657948508715e-23 6.16490003872262e-24 4.45815167479652e-24 3.8669555352606e-24 0.999999999867798 -15.4766686190776
