-2.27060865029245e-25 -7.66988942786557e-25 2.86435167649221e-26 -4.02393167579172e-26 -3.40413883522682e-26 -4.91920330342038e-26 1.40391633202427e-26 8.18757774330522e-27 7.65445387726568e-27 8.58352016537409e-27 0.999999999723561 -5.53435228138589
8.74941517662316e-28 2.95509964414306e-27 -1.10345690683376e-28 1.54997742255558e-28 1.31107487641422e-28 1.89434982074594e-28 -5.40569496032408e-29 -3.1521753258537e-29 -2.94654771576354e-29 -3.30376203563784e-29 0.999999999986425 -27.3534208280493
-2.44632037495122e-27 -8.26962796016867e-27 3.09064610506464e-28 -4.34510083150033e-28 -3.67860447004416e-28 -5.31982590546773e-28 1.51939587264932e-28 8.86773018441169e-29 8.29657440422381e-29 9.3106039334605e-29 0.99999999998254 -27.283819232086
3.01020612321163e-26 1.01744562236736e-25 -3.80203949978861e-27 5.34452471639359e-27 4.52411864224982e-27 6.54168678650339e-27 -1.86811874501368e-27 -1.09015183383854e-27 -1.0197978408724e-27 -1.14428355830719e-27 0.999999999953519 -5.57034585851416
-3.3182338975806e-24 -1.12103945073566e-23 4.18721448036629e-25 -5.88323955845643e-25 -4.97783222167791e-25 -7.19440376745715e-25 2.05356426356782e-25 1.19781441162886e-25 1.11999303813996e-25 1.2561269964691e-25 1.00000000134671 -2.46026818796221
7.92634071888355e-28 2.68031925547219e-27 -1.00205327733295e-28 1.40923103936021e-28 1.19345506133878e-28 1.72647724515924e-28 -4.9325860490607e-29 -2.87976012458792e-29 -2.69514786332812e-29 -3.02552957979049e-29 0.999999999977413 -27.3643758650133
2.84582087182747e-24 9.61499939278881e-24 -3.59154563879573e-25 5.04661936166015e-25 4.27023841540061e-25 6.1721226182818e-25 -1.76187836150999e-25 -1.02774426318738e-25 -9.61034040812881e-26 -1.07791604265524e-25 1.00000000114961 -2.48401800530001
7.25787605390946e-26 2.4524275352543e-25 -9.16163503141841e-27 1.28746834957508e-26 1.08951267911939e-26 1.57492038295308e-26 -4.49617920018819e-27 -2.62298690619557e-27 -2.45297398519849e-27 -2.75157880532414e-27 0.999999999898884 -4.42686856504661
-2.54008853304626e-26 -8.56275239185737e-26 3.19128784486496e-27 -4.47407463753373e-27 -3.77720449323417e-27 -5.44711094792746e-27 1.55138107992032e-27 9.02892622290835e-28 8.42356359692788e-28 9.42639487382996e-28 0.999999999781007 -5.50439818670164
7.88873146774748e-28 2.66250548327986e-27 -9.9348923497498e-29 1.39451033493743e-28 1.17872258028385e-28 1.70188885478658e-28 -4.85298122973122e-29 -2.82782584636722e-29 -2.64143629713349e-29 -2.95950403639888e-29 0.999999999981005 -27.5067965370016
8.25885765399333e-26 2.79064762354926e-25 -1.04251134674705e-26 1.46502134717141e-26 1.2397664249292e-26 1.79211955681985e-26 -5.11626916274506e-27 -2.98474954803789e-27 -2.79130516596342e-27 -3.13111876918403e-27 0.999999999817076 -5.47309369860163
1.80710231847845e-25 6.10463963760647e-25 -2.27996236466543e-26 3.20318693798176e-26 2.70999964426709e-26 3.91639926184421e-26 -1.11779861907528e-26 -6.51940360835143e-27 -6.09532218624715e-27 -6.83561897430814e-27 1.00000000003184 -5.43513503499142
2.13566033086582e-25 7.21546421471891e-25 -2.69517097864093e-26 3.78699662137003e-26 3.20431679897512e-26 4.63133656415907e-26 -1.32201295519477e-26 -7.71138452505684e-27 -7.21062807181808e-27 -8.08734184642937e-27 0.999999999904679 -3.83635121097474
6.59782795177588e-27 2.23005230179534e-26 -8.33334919777481e-28 1.17141609444276e-27 9.91597100803503e-28 1.43380536400654e-27 -4.09453086936595e-28 -2.38938373885767e-28 -2.23517880372164e-28 -2.50802079891232e-28 0.999999999975081 -27.5690756646921
-5.95186393432999e-27 -2.01147441402567e-26 7.51564805310271e-28 -1.05634398526875e-27 -8.94080622344958e-28 -1.29264367412078e-27 3.69096475205693e-28 2.15361818083339e-28 2.01438308406206e-28 2.25999694775835e-28 0.999999999975876 -27.3985648196365
-1.15634563474095e-26 -3.90731309777916e-26 1.45968536775377e-27 -2.05129156299916e-27 -1.73591322858256e-27 -2.50934021398929e-27 7.16390966661267e-28 4.17934751873964e-28 3.9085125040966e-28 4.38436848938733e-28 0.999999999969111 -27.3810818885779
-8.91994931163208e-25 -3.0146562397639e-24 1.12642870592864e-25 -1.58327636498638e-25 -1.34011551850586e-25 -1.93757564782782e-25 5.53266185383555e-26 3.2283263134511e-26 3.01971092075764e-26 3.3880190444074e-26 1.00000000027466 -5.3903896141791
1.38835590800773e-24 4.69161670374487e-24 -1.75280948717201e-25 2.46339463375437e-25 2.08480640794568e-25 3.01389679654703e-25 -8.60498321819071e-26 -5.02041356569859e-26 -4.69541069168912e-26 -5.26744709449315e-26 1.00000000010042 -5.4165723962826
-6.93614045885055e-28 -2.34393760982166e-27 8.75719304167656e-29 -1.2307535915172e-28 -1.04162164533745e-28 -1.50584410335999e-28 4.29941401954793e-29 2.50845649315386e-29 2.34611197106169e-29 2.63198640282965e-29 0.999999999977604 -27.2778875151112
2.4530200037042e-24 8.28667905407184e-24 -3.0949266654607e-25 4.34817711663907e-25 3.67871794250497e-25 5.3163870459808e-25 -1.5173844652607e-25 -8.8499827968112e-26 -8.27434790646549e-26 -9.27935031726688e-26 0.999999999472997 -4.31926877577388
4.02159410349692e-25 1.35854602028255e-24 -5.0738887104017e-26 7.12844146570918e-26 6.03088001348849e-26 8.71560768772744e-26 -2.48756048282656e-26 -1.45083299627734e-26 -1.35645629756829e-26 -1.52120127013859e-26 0.999999999925782 -5.46224864727012
3.84486182279055e-27 1.28247677349922e-26 -4.72862230247471e-28 6.5573855310411e-28 5.47496200636652e-28 7.80696254205105e-28 -2.19816126996133e-28 -1.26450328703284e-28 -1.16583667282187e-28 -1.28901555036198e-28 0.999999999539859 -5.43756002591893
8.92113857005858e-28 3.00663562359104e-27 -1.12028423617253e-28 1.57021508939623e-28 1.32531442188522e-28 1.91075924929543e-28 -5.44061970457198e-29 -3.16559177844491e-29 -2.95258475722013e-29 -3.30322855363867e-29 0.999999999984718 -27.1552564967547
-4.12174641397499e-27 -1.39270793183916e-26 5.2027068502018e-28 -7.31115168198152e-28 -6.1869234940204e-28 -8.94323506250036e-28 2.55313394945702e-28 1.48943110336697e-28 1.39287424601507e-28 1.56241339566654e-28 0.99999999997738 -27.2864012953481
7.14238800499288e-28 2.4105326355437e-27 -8.99438274047339e-29 1.26245260271603e-28 1.06706172787818e-28 1.5406116444445e-28 -4.39292792884005e-29 -2.55965274673892e-29 -2.3908420995944e-29 -2.67862233237714e-29 0.999999999975485 -27.4042424973976
2.89686855587151e-25 9.78811641941038e-25 -3.65645256597785e-26 5.13816263934551e-26 4.34798680601556e-26 6.28491618983067e-26 -1.79419553730551e-26 -1.0466654070499e-26 -9.78792412104961e-27 -1.09790768769349e-26 1.0000000000004 -5.34486653472226
2.44829773371942e-25 8.27068613287955e-25 -3.08893876840811e-26 4.33974401925438e-26 3.67156620342664e-26 5.30602736205396e-26 -1.51442086341094e-26 -8.83265909790952e-27 -8.2581153949629e-27 -9.26110702929406e-27 0.999999999649328 -4.31220158823979
3.99469274169456e-25 1.35063315728051e-24 -5.04872628643229e-26 7.0992626203258e-26 6.01141951238188e-26 8.6950412150839e-26 -2.48384889905253e-26 -1.44992797361759e-26 -1.35678870903201e-26 -1.5228966556284e-26 1.000000000099 -4.21928446914925
6.25696515903659e-25 2.11446580639637e-24 -7.90001730263557e-26 1.11030544362905e-25 9.39700219272127e-26 1.35852318580396e-25 -3.87885687420124e-26 -2.26312340980615e-26 -2.11669024701155e-26 -2.37464587942447e-26 0.999999999972909 -4.30440992416611
3.54007668288918e-27 1.19599772350666e-26 -4.4672293076233e-28 6.27672283214132e-28 5.31079883097521e-28 7.67568915394976e-28 -2.19095591539965e-28 -1.27796052940862e-28 -1.19493859775828e-28 -1.34018875424798e-28 0.999999999984556 -27.5319211631483
1.6247816758198e-24 5.48968094384002e-24 -2.05064095442385e-25 2.88150371422893e-25 2.43826641914413e-25 3.52430903090304e-25 -1.00606436251419e-25 -5.86874600716699e-26 -5.48794103380903e-26 -6.15553799512292e-26 1.00000000002306 -3.34452689959176
-9.15927027755559e-26 -3.09731000344487e-25 1.15797407733994e-26 -1.62854575724293e-26 -1.37921966830764e-26 -1.99525175518234e-26 5.70060370341103e-27 3.3282174865144e-27 3.11492110659101e-27 3.49683222265686e-27 0.999999999868356 -5.35203915647151
3.95356735405864e-25 1.33533090859591e-24 -4.98630793643683e-26 7.00416434460645e-26 5.92469476033176e-26 8.56064501838795e-26 -2.44290151102446e-26 -1.42453524153402e-26 -1.33163442801357e-26 -1.49310136987689e-26 0.999999998998979 -4.59157572026415
-1.98584674097704e-26 -6.67935058344003e-26 2.48371818490017e-27 -3.47413312041139e-27 -2.92625334978734e-27 -4.21014489554533e-27 1.19627162501845e-27 6.94574590369618e-28 6.46459020644034e-28 7.21678703625086e-28 0.999999999869455 -5.47657627577864
-2.16862354909394e-26 -7.32697717152624e-26 2.73688472186402e-27 -3.84570330065829e-27 -3.25407853785164e-27 -4.703397756525e-27 1.34262556711243e-27 7.83188778413598e-28 7.32357520395633e-28 8.21434362018461e-28 0.99999999992871 -5.4724415918572
-1.16568271819544e-27 -3.94066130245762e-27 1.47281625802551e-28 -2.07069122889878e-28 -1.75313279646754e-28 -2.53539375468413e-28 7.24161206142024e-29 4.22661939587208e-29 3.95453917484592e-29 4.43804152726301e-29 0.999999999976544 -27.3252295491044
1.34557312715196e-24 4.54690551487156e-24 -1.6986935209025e-25 2.38726819170319e-25 2.02031856670009e-25 2.92058194437073e-25 -8.33830813528426e-26 -4.86468020801596e-26 -4.54962154105707e-26 -5.10374245081462e-26 1.0000000000569 -5.42281380046451
-9.47230786262296e-28 -3.20459245899971e-27 1.19861694738126e-28 -1.6864568408327e-28 -1.42890264524496e-28 -2.06805019311744e-28 5.91124067153985e-29 3.45274216217573e-29 3.2329158580657e-29 3.630925064393e-29 0.999999999974014 -27.3383575573082
-4.07106045387757e-27 -1.37638357057933e-26 5.14472276867519e-28 -7.23388578361787e-28 -6.12510972146548e-28 -8.85904868854977e-28 2.53057609054603e-28 1.47713305678928e-28 1.38217981663266e-28 1.55132243557257e-28 0.999999999982684 -27.303502420673
-1.16195072601173e-24 -3.92609932374715e-24 1.46664611300126e-25 -2.06099280513883e-25 -1.7440546302771e-25 -2.52101016735141e-25 7.19694393375157e-26 4.1984545871779e-26 3.92622719009728e-26 4.4040668518875e-26 1.00000000012313 -4.33952760579236
-2.48704481516117e-24 -8.4019207124167e-24 3.13807974086869e-25 -4.40896249141253e-25 -3.73027841977382e-25 -5.3910944568713e-25 1.53876248543663e-25 8.97499060394627e-26 8.39152681914289e-26 9.41110084254502e-26 0.999999999778556 -3.23103961386725
2.9737163770361e-26 1.00328134258954e-25 -3.74226947016229e-27 5.25089223812107e-27 4.43672243333435e-27 6.40355211901612e-27 -1.82531269016494e-27 -1.06321240909556e-27 -9.92764048844121e-28 -1.11189343660407e-27 0.999999999874044 -5.54889669846787
2.39714450763266e-25 8.0985696396903e-25 -3.02491209564442e-26 4.25014876936653e-26 3.59606740441287e-26 5.19735363504505e-26 -1.48352739531685e-26 -8.65319599151886e-27 -8.09099596849437e-27 -9.07443904577683e-27 0.999999999607537 -4.48695561728197
-2.19955872165241e-27 -7.43049079104111e-27 2.77517147539676e-28 -3.89896317275724e-28 -3.29868474960283e-28 -4.76719916737202e-28 1.36064456276314e-28 7.93585644929172e-29 7.41971873318917e-29 8.32096110294931e-29 0.999999999978428 -27.4435544461274
-2.1962310243696e-24 -7.41968457735178e-24 2.77129844118599e-25 -3.89375112512244e-25 -3.2944695743708e-25 -4.76138903108605e-25 1.35906676864058e-25 7.92712467472663e-26 7.41199572726814e-26 8.31279542006156e-26 0.999999999454379 -3.63051104866384
-3.28661680372434e-24 -1.11030697419388e-23 4.14693693284895e-25 -5.82637943458087e-25 -4.92949521926756e-25 -7.12421344652724e-25 2.03343497231469e-25 1.18601820625438e-25 1.10891161357921e-25 1.24364062618647e-25 1.00000000065885 -2.59297670008367
1.16771430640888e-27 3.94371657037749e-27 -1.47253138117468e-28 2.0682821997257e-28 1.74939057235433e-28 2.52751623790493e-28 -7.21206141044519e-29 -4.20525149390951e-29 -3.93068673473035e-29 -4.40693531947932e-29 0.999999999973405 -27.3108971188378
2.46545573908723e-24 8.3284502723872e-24 -3.11043836748487e-25 4.36984491842987e-25 3.69694382506889e-25 5.34257363109501e-25 -1.52481489095415e-25 -8.89306537582263e-26 -8.31439025100697e-26 -9.32398935476625e-26 0.999999998615456 -3.49448535838876
-1.39631212670381e-25 -4.71720216996393e-25 1.76188276530688e-26 -2.47546429857774e-26 -2.09444447559626e-26 -3.02699703412149e-26 8.6400091964174e-27 5.03946331943278e-27 4.71193243282984e-27 5.28453022803985e-27 0.999999999824784 -5.38900948609129
1.19623837358775e-25 4.04090937125638e-25 -1.50914488261067e-26 2.12016572589011e-26 1.79366409487839e-26 2.59204946946814e-26 -7.39783139220453e-27 -4.31452860435715e-27 -4.03373036657595e-27 -4.5234818186029e-27 0.99999999970933 -5.3795331440747
-9.8461103960849e-25 -3.32640243698118e-24 1.2424396564076e-25 -1.74567281621018e-25 -1.4770078544871e-25 -2.13468405955879e-25 6.09317093073444e-26 3.55402826052184e-26 3.32309655798694e-26 3.72698373079286e-26 0.999999999626836 -3.17399367011147
1.25644325529849e-24 4.24524169949649e-24 -1.58581471598545e-25 2.22838153021531e-25 1.88564147900466e-25 2.72558416223653e-25 -7.780707300422e-26 -4.53885569134594e-26 -4.24441944201434e-26 -4.76083053798347e-26 1.00000000002865 -3.24275475826561
9.0976524508825e-28 3.07640444347424e-27 -1.15013247545534e-28 1.61748125347105e-28 1.36981835235253e-28 1.9816067610489e-28 -5.6614913302394e-29 -3.30530775985181e-29 -3.09340977046007e-29 -3.47260495176496e-29 0.999999999980764 -27.2625019681241
9.23155327914854e-28 3.12309944364124e-27 -1.16811997816927e-28 1.64352494559704e-28 1.39250813161271e-28 2.01534872603954e-28 -5.7605214877265e-29 -3.36466116431967e-29 -3.15039939556012e-29 -3.53820119304996e-29 0.999999999979023 -27.4012342108811
3.38220198233896e-25 1.14264670964238e-24 -4.26790567028724e-26 5.99659419253033e-26 5.0737246973626e-26 7.33297092404458e-26 -2.09310954791243e-26 -1.22087638821337e-26 -1.14155273153591e-26 -1.28030279024644e-26 0.999999999761733 -5.54743392293636
5.21785050605402e-26 1.76035961751103e-25 -6.56600082929761e-27 9.21269816232097e-27 7.78403007659853e-27 1.12344639516096e-26 -3.20227404723252e-27 -1.86522717498216e-27 -1.74160184608773e-27 -1.95055322198111e-27 0.999999999800414 -5.3698467485118
1.28512935543353e-24 4.3422022291359e-24 -1.62204804692001e-25 2.27931555071201e-25 1.92875757749607e-25 2.78792909851335e-25 -7.9587488045059e-26 -4.64275399848886e-26 -4.34161348405243e-26 -4.8698898252704e-26 0.999999999841145 -2.36799374887822
-2.63108507864717e-27 -8.89191827919107e-27 3.32235717038325e-28 -4.66964715694837e-28 -3.95233805604011e-28 -5.7141917295617e-28 1.63160243223111e-28 9.5200997734869e-29 8.90457268220563e-29 9.99026429118289e-29 0.999999999973079 -27.2601344019694
-7.8679566051542e-25 -2.65833708089536e-24 9.92998260690279e-26 -1.39532018122682e-25 -1.18067833647883e-25 -1.70655417552489e-25 4.87155305097323e-26 2.84172778206448e-26 2.65730862700843e-26 2.98053271705924e-26 0.999999999692804 -4.43511416866551
-4.53095894567317e-27 -1.53160616997534e-26 5.72393356806855e-28 -8.04691036555506e-28 -6.8123386031584e-28 -9.85131501941091e-28 2.81352780529441e-28 1.64201094913381e-28 1.53619209454559e-28 1.72388196849038e-28 0.999999999977476 -27.4736687855109
1.77303450754673e-25 5.99067931930457e-25 -2.23782163770065e-26 3.14457517463985e-26 2.66091494500593e-26 3.846191801145e-26 -1.09796860558308e-26 -6.40496492445339e-27 -5.9894679508107e-27 -6.71818990129778e-27 0.999999999697238 -3.04659233388239
8.77298146741947e-25 2.96465983593573e-24 -1.1076256093467e-25 1.5566757943727e-25 1.31745504033089e-25 1.90460235249981e-25 -5.43790751805361e-26 -3.17268616514646e-26 -2.96733798715475e-26 -3.3288897061802e-26 1.00000000020465 -4.54828412167596
-1.44206848096769e-25 -4.87165144121937e-25 1.8195208982665e-26 -2.55637764033044e-26 -2.16284539559227e-26 -3.1257690122087e-26 8.92169416055242e-27 5.20362072954248e-27 4.86528852511928e-27 5.45637375302345e-27 0.999999999684783 -5.59811028338006
-6.00185604102793e-28 -2.02935514940235e-27 7.58615836931391e-29 -1.06677718708139e-28 -9.03355898770755e-29 -1.30669983145027e-28 3.73295432896306e-29 2.1792056598268e-29 2.03933826214523e-29 2.28914714169243e-29 0.999999999975231 -27.3962295681438
6.97231313730783e-25 2.35470079612849e-24 -8.7919436221178e-26 1.23486925960025e-25 1.04445412065389e-25 1.50899740764594e-25 -4.30572673191717e-26 -2.51056855721292e-26 -2.34661675406549e-26 -2.63090152514676e-26 1.00000000057205 -3.03444942619682
2.79461033994425e-29 9.63018785411177e-29 -3.66758741782678e-30 5.25243735542574e-30 4.52821367015718e-30 6.66626003729113e-30 -1.93758149785723e-30 -1.15046555664336e-30 -1.09472355085658e-30 -1.2491213617222e-30 0.999999999985148 -27.3462771525058
8.95316291520391e-26 3.02410209415245e-25 -1.129293348376e-26 1.58636841587331e-26 1.34194180929856e-26 1.93907270289304e-26 -5.53367165292847e-27 -3.22701045802576e-27 -3.01669816925051e-27 -3.38263961479435e-27 0.999999999846978 -5.39264719051815
7.1474096533996e-25 2.41441366897288e-24 -9.0170626257572e-26 1.26679252794183e-25 1.0717124707622e-25 1.548752051929e-25 -4.42022554518876e-26 -2.5779512419547e-26 -2.41018017099567e-26 -2.70281763854478e-26 1.00000000000886 -5.54127360446911
8.10819453658431e-25 2.74014958734914e-24 -1.02379946335359e-25 1.43893985287293e-25 1.2178754728826e-25 1.76073526375689e-25 -5.02740972702285e-26 -2.93333962768411e-26 -2.74362704101141e-26 -3.07808310494194e-26 1.0000000000016 -5.36277722309086
2.10498353584088e-25 7.11870404375539e-25 -2.66160466812067e-26 3.74345953710741e-26 3.17055360925132e-26 4.58699067973936e-26 -1.31062823465013e-26 -7.65242172048027e-27 -7.16246963090885e-27 -8.04116729474706e-27 1.00000000003219 -5.34359237509928
6.55177560099671e-25 2.21448381574439e-24 -8.27516186553295e-26 1.16323531676275e-25 9.84670978030018e-26 1.42378891796463e-25 -4.06592250057274e-26 -2.37268678285236e-26 -2.21955729147661e-26 -2.49049013834692e-26 1.00000000005011 -5.37743704583793
-1.27985542045655e-24 -4.32421860698749e-24 1.61526867378489e-25 -2.26970233409537e-25 -1.92054914248598e-25 -2.77595719750868e-25 7.92426578196798e-26 4.62245867264167e-26 4.32246597620394e-26 4.84822265909937e-26 0.999999999980935 -5.34679922119444
-9.56494495523933e-28 -3.23811344470258e-27 1.21196610206228e-28 -1.70637439266725e-28 -1.44673505239935e-28 -2.09523601578807e-28 5.9928620000534e-29 3.50269077020681e-29 3.28180163172443e-29 3.68819396818833e-29 0.999999999975419 -27.2658893243062
-9.28979890951426e-28 -3.1411330501776e-27 1.17423896222425e-28 -1.65125208910498e-28 -1.39830655976868e-28 -2.02265571802562e-28 5.77830152381679e-29 3.37322962431776e-29 3.15671874980344e-29 3.54338251003502e-29 0.999999999983841 -27.2228968551687
-1.51517958446437e-27 -5.12208125906088e-27 1.91434028943936e-28 -2.69140305867575e-28 -2.2786134280944e-28 -3.29528747372496e-28 9.41184601408263e-29 5.49318187757944e-29 5.13946143877184e-29 5.76771241470195e-29 0.999999999975626 -27.3652157374042
-1.38578389433984e-25 -4.68149869339521e-25 1.74849618622672e-26 -2.45658311446978e-26 -2.07840705186282e-26 -3.00372769591528e-26 8.57332767909797e-27 5.00041452816356e-27 4.67527457680213e-27 5.24325099561515e-27 0.999999999909138 -5.52403503558671
-3.92771476091093e-26 -1.33385867922484e-25 5.00796283083937e-27 -7.07278510015272e-27 -6.0151073310736e-27 -8.73812733304995e-27 2.50693811113313e-27 1.46969765201595e-27 1.38117407528638e-27 1.55687171084463e-27 0.999999999854011 -5.49779590295725
3.70175155685915e-26 1.25046015133494e-25 -4.67006480163699e-27 6.56089401796729e-27 5.55054444453121e-27 8.02119413668417e-27 -2.28929340452557e-27 -1.33515498287701e-27 -1.24826417378317e-27 -1.39982522827502e-27 0.999999999855607 -5.38698998298534
1.28722856458361e-25 4.3513255155633e-25 -1.62621536317889e-26 2.28623954107497e-26 1.93552137469034e-26 2.79901492999387e-26 -7.99413664292226e-27 -4.66558211773586e-27 -4.36500588783916e-27 -4.89842474285468e-27 0.999999999887723 -5.37798259519575
-1.55292176035685e-27 -5.25580735559263e-27 1.96661561972099e-28 -2.76812895554832e-28 -2.34630963102746e-28 -3.39715165795819e-28 9.71411545996694e-29 5.67621857031417e-29 5.31690977946172e-29 5.97381389544212e-29 0.999999999966503 -27.2372140256543
-1.09581985702767e-24 -3.70333203908328e-24 1.38368314212371e-25 -1.94476783186031e-25 -1.64600584015183e-25 -2.37972028932699e-25 6.79484403734184e-26 3.96461407819974e-26 3.70823286738271e-26 4.16030927809584e-26 1.00000000027434 -5.22158205727495
-7.20881899062473e-29 -2.39575300404631e-28 8.79998749566798e-30 -1.21555952107322e-29 -1.01079984111468e-29 -1.43529857333444e-29 4.02374336638676e-30 2.30426490788332e-30 2.11455750757955e-30 2.32666112229245e-30 0.999999999980548 -27.4224129123377
2.02609070770799e-25 6.85044263662863e-25 -2.56076002441584e-26 3.60085995768961e-26 3.04913087583473e-26 4.41038821992206e-26 -1.25990151584936e-26 -7.35468728212863e-27 -6.8823454231349e-27 -7.72504906098266e-27 0.999999999882356 -5.28820962780519
-1.11237108071918e-24 -3.75984863397136e-24 1.40501662680987e-25 -1.97505685159404e-25 -1.67189945340936e-25 -2.41752827628863e-25 6.90385922006143e-26 4.02884034884358e-26 3.76888393207539e-26 4.22900234856712e-26 1.00000000012324 -5.41128408923042
1.40400222995283e-26 4.73821124286164e-26 -1.76787347861504e-27 2.48127379176177e-27 2.09715401058026e-27 3.02772570408557e-27 -8.63299328207616e-28 -5.03006689552877e-28 -4.69818820548716e-28 -5.26355586726436e-28 0.999999999998432 -5.43117552625969
2.63016778862226e-27 8.8839400581975e-27 -3.31755443486485e-28 4.66033753360097e-28 3.94229342508845e-28 5.69654079797707e-28 -1.62566957145074e-28 -9.48027528611706e-29 -8.86245481394564e-29 -9.9375520659125e-29 0.99999999997631 -27.3363356687696
4.58107950603606e-27 1.53833882743477e-26 -5.71088925782142e-28 7.97479103941646e-28 6.70569451570095e-28 9.63108430888937e-28 -2.73175233172665e-28 -1.58325411085527e-28 -1.47088773506183e-28 -1.63898709496701e-28 0.999999999844443 -5.23754906197397
1.50207376127494e-24 5.07474152538774e-24 -1.89551415023916e-25 2.66334345810312e-25 2.25351131550253e-25 3.2570405723062e-25 -9.29705836641665e-26 -5.42295147926677e-26 -5.07072968845452e-26 -5.68718904603058e-26 0.999999999750274 -3.86433599655597
-5.42809433409812e-26 -1.83500471802427e-25 6.85831182030252e-27 -9.64237718072577e-27 -8.16362851008693e-27 -1.18062782832519e-26 3.37210871222117e-27 1.9681477458765e-27 1.84144271370999e-27 2.06657417625762e-27 0.999999999903008 -5.54171686847001
-5.82351984405723e-27 -1.96828072578378e-26 7.35493860871864e-28 -1.03385159257722e-27 -8.75124553054131e-28 -1.26535530590941e-27 3.6133844550374e-28 2.10854911607735e-28 1.97241341639431e-28 2.21311883657766e-28 0.999999999977126 -27.2153359301385
-1.11066960702548e-24 -3.75299623376459e-24 1.40204477010654e-25 -1.97030178861479e-25 -1.66738588264535e-25 -2.41029623542368e-25 6.88119340434471e-26 4.01443984757071e-26 3.754315800949e-26 4.21142613677961e-26 0.999999999724772 -3.87313706566447
3.43640358489052e-27 1.16087834586278e-26 -4.33570339275101e-28 6.0914310032473e-28 5.15360806547976e-28 7.44790575200389e-28 -2.12576763322619e-28 -1.23983830370306e-28 -1.15920102591881e-28 -1.3000043231398e-28 0.999999999970652 -27.4181360786553
-2.2868426895161e-28 -7.75626549749506e-28 2.9084037650323e-29 -4.10240960129714e-29 -3.48458484562976e-29 -5.05579241066288e-29 1.44871089124448e-29 8.48276343580287e-30 7.96219778745054e-30 8.96430151092431e-30 0.999999999978925 -27.1108755126148
2.52711516899148e-25 8.53431152729208e-25 -3.18641413535066e-26 4.47530690126801e-26 3.78508540195503e-26 5.46838689640815e-26 -1.56027655203587e-26 -9.09727944439856e-27 -8.50287708784704e-27 -9.5326262061827e-27 1.00000000005035 -5.38537620634513
9.94411564575616e-26 3.3585866369443e-25 -1.25411384157832e-26 1.76158655237015e-26 1.49005744729467e-26 2.15294271235335e-26 -6.14356525547597e-27 -3.58241443221265e-27 -3.34869297708892e-27 -3.75462766370305e-27 0.99999999958249 -4.53126037980334
-4.69762287127448e-27 -1.58752378436236e-26 5.93133987571255e-28 -8.33628324342574e-28 -7.05544771426058e-28 -1.02001742757744e-27 2.91239053238817e-28 1.6992584658393e-28 1.58932931703438e-28 1.78303903711242e-28 0.999999999977964 -27.4492244451191
-9.61254270006389e-25 -3.24896473760874e-24 1.21406553061988e-25 -1.70657853827684e-25 -1.44458410525327e-25 -2.0887680744573e-25 5.96480914502707e-26 3.48073238960153e-26 3.25603658119774e-26 3.65342637137508e-26 0.999999999661339 -4.37021124842925
1.92684324571274e-27 6.50560436770199e-27 -2.42839174995616e-28 3.4098579538179e-28 2.88327220392662e-28 4.16452289441094e-28 -1.1879638290493e-28 -6.92481766184697e-29 -6.47079191101113e-29 -7.25267762693841e-29 0.999999999977465 -27.3079590625435
-1.14678169172149e-25 -3.87778368500009e-25 1.44969602351395e-26 -2.03871942423646e-26 -1.7265155742837e-26 -2.49755178282307e-26 7.13538760636353e-27 4.16570502357032e-27 3.89855927501591e-27 4.37635291922046e-27 0.999999999673521 -5.38049123131895
-2.59075132899366e-24 -8.75208685636806e-24 3.26879672442474e-25 -4.59252172189834e-25 -3.8855000233981e-25 -5.61530615222693e-25 1.60272457181477e-25 9.34785769031471e-26 8.73996789834251e-26 9.8016686164868e-26 0.99999999878885 -3.30853774784785
