2.5541434998903e-19 6.03413716769672e-19 -1.57603585229351e-20 1.54844090027655e-20 9.16106948754665e-21 9.2580420716894e-21 -1.84774336218664e-21 -7.53568057491464e-22 -4.92649947924914e-22 -3.8631129649207e-22 0.999999999793545 -22.1882067916501
3.11629788096144e-21 7.36404733854258e-21 -1.92386742036235e-22 1.89065055641846e-22 1.11884603251172e-22 1.13096911651459e-22 -2.25777481258603e-23 -9.21019364910796e-24 -6.0227100968312e-24 -4.72387168706793e-24 1.00000000002459 -52.667130517144
3.4596121149782e-21 8.17623379170002e-21 -2.13628907009474e-22 2.09963671249723e-22 1.24265649359739e-22 1.25625919380165e-22 -2.50816864532303e-23 -1.02327494049205e-23 -6.69210683129431e-24 -5.24947885944212e-24 1.00000000001534 -52.5334241680797
2.88801256584083e-20 6.83380285129798e-20 -1.7877477501537e-21 1.75924798130334e-21 1.04248613158139e-21 1.05519893600938e-21 -2.10934363762266e-22 -8.61624556513446e-23 -5.64187342798102e-23 -4.43109467071509e-23 0.999999999730943 -22.3032528584469
-2.24736407356597e-18 -5.3092089644951e-18 1.38665113105849e-19 -1.36232963728062e-19 -8.05972413666224e-20 -8.14478370900584e-20 1.62550548261197e-20 6.6291161351024e-21 4.33369080291576e-21 3.3981551236958e-21 1.00000000005343 -19.1795953078408
-7.34579790933259e-21 -1.73547712845595e-20 4.53293821210983e-22 -4.45367259892784e-22 -2.63499463224039e-22 -2.66294728023219e-22 5.31489742812649e-23 2.16763169873169e-23 1.41713487645262e-23 1.11127064845099e-23 1.00000000001955 -52.728143902139
4.3169367831144e-18 1.01964282428954e-17 -2.66257195920969e-19 2.61536402759529e-19 1.54698398673362e-19 1.56300655082664e-19 -3.11878318769981e-20 -1.27165053475959e-20 -8.31161426337481e-21 -6.51607186763972e-21 1.00000000000631 -19.9152925631642
-1.94989157142251e-19 -4.60624624171254e-19 1.20299732442106e-20 -1.18184246430145e-20 -6.99161188560321e-21 -7.06506649363178e-21 1.40995260165415e-21 5.74977555150929e-22 3.75865261779721e-22 2.94710956271973e-22 0.999999999921318 -21.2332482788467
-1.12804911180711e-19 -2.66309032612271e-19 6.95063050141633e-21 -6.82400785570512e-21 -4.03438387295474e-21 -4.07413796034829e-21 8.12537009447203e-22 3.31137434399847e-22 2.16325598843861e-22 1.69507895424705e-22 0.999999999942061 -22.1228132349645
1.12744241279979e-21 2.66151321389365e-21 -6.94613696839446e-23 6.81922645009991e-23 4.03133890482092e-23 4.07084307354387e-23 -8.11836108966472e-24 -3.30833987041535e-24 -2.16115753119851e-24 -1.69334385944584e-24 1.00000000001567 -52.6969177279122
6.90617792081969e-20 1.63598362240747e-19 -4.2844900511623e-21 4.22080152262938e-21 2.50386962415229e-21 2.53716036941767e-21 -5.07728639185779e-22 -2.07621224748044e-22 -1.36095884040694e-22 -1.07003818129808e-22 1.0000000000742 -22.0873658287285
8.81438578192072e-20 2.08202409606271e-19 -5.4370117107725e-21 5.34087240068559e-21 3.15927133968595e-21 3.19214692272931e-21 -6.3698342824618e-22 -2.59735620998821e-22 -1.69773465290514e-22 -1.33103938853286e-22 0.999999999989542 -22.297624131765
-1.03062149968243e-18 -2.43456388337952e-18 6.35805236263413e-20 -6.24603726518659e-20 -3.69494486080481e-20 -3.73364223559265e-20 7.45086828372702e-21 3.0383606249202e-21 1.98612601773267e-21 1.55724593862268e-21 0.999999999861153 -20.1855429971406
2.18534559920085e-22 5.13766509697398e-22 -1.33529680632436e-23 1.30542704983928e-23 7.68484971718213e-24 7.72723946216836e-24 -1.53443147016813e-24 -6.22606098586231e-25 -4.04947385687985e-25 -3.15900902127737e-25 1.00000000001834 -52.7230797125457
1.60476552194157e-21 3.79339113369647e-21 -9.91344005021212e-23 9.74537289344175e-23 5.76892947646033e-23 5.83328395175768e-23 -1.16487740804581e-23 -4.75341077532334e-24 -3.10931905808293e-24 -2.43953990575928e-24 1.00000000001709 -52.647936836427
4.62197787168129e-21 1.09246208528961e-20 -2.85473553006107e-22 2.806098939924e-22 1.66097481066023e-22 1.67936271857653e-22 -3.35332357745258e-23 -1.36824765347637e-23 -8.94929978297758e-24 -7.02095795361336e-24 1.00000000002164 -52.7216322259761
-8.79696962660001e-19 -2.07905594039718e-18 5.43225741052791e-20 -5.3391508096701e-20 -3.16000006014828e-20 -3.19465141714621e-20 6.37836614113742e-21 2.60227864477411e-21 1.70189723865971e-21 1.33504507892445e-21 1.00000000007164 -22.1385564923656
2.02083727476077e-18 4.77450138331285e-18 -1.24711253129233e-19 1.2253518192074e-19 7.2500143866446e-20 7.32720388590385e-20 -1.46247052554661e-20 -5.96477693730736e-21 -3.89974609107116e-21 -3.05816822624166e-21 1.00000000014088 -22.1967607408424
-1.93442137200911e-21 -4.56819000425412e-21 1.19266426351936e-22 -1.17130452575855e-22 -6.92698710775682e-23 -6.99745813796772e-23 1.39600093591366e-23 5.6910104481869e-24 3.71901671505611e-24 2.9150756460261e-24 1.0000000000197 -52.591482079473
2.02714959261487e-18 4.78935421548301e-18 -1.25097628235082e-19 1.22913263105687e-19 7.27229270742259e-20 7.34962719724655e-20 -1.46692775576576e-20 -5.98288146637646e-21 -3.91153417085716e-21 -3.06737442753896e-21 1.00000000010713 -20.9960588674049
3.86114498723467e-19 9.1236113752595e-19 -2.38340965836942e-20 2.34211630876872e-20 1.38593047058291e-20 1.40086433318186e-20 -2.79640752372923e-21 -1.14067887024731e-21 -7.45867499132206e-22 -5.84982937515364e-22 1.00000000005303 -22.1801571888657
1.70546750491743e-20 4.02576666728122e-20 -1.05059687366396e-21 1.03134166811224e-21 6.09667943329559e-22 6.15611783591929e-22 -1.22764093062192e-22 -5.00259648138536e-23 -3.26780452520124e-23 -2.56035998518397e-23 0.999999999774127 -22.2217567037234
3.53689127630081e-21 8.35423085809566e-21 -2.18158384202379e-22 2.14296271248016e-22 1.26759338558308e-22 1.28075595891145e-22 -2.55565352023324e-23 -1.04206673617505e-23 -6.81120356153355e-24 -5.33992099153592e-24 1.00000000001734 -52.5825637766894
-4.98560777389574e-21 -1.17760205641489e-20 3.07510457758259e-22 -3.02063819101159e-22 -1.78673599999882e-22 -1.80527494216731e-22 3.6022653938092e-23 1.46881211161667e-23 9.60045400510913e-24 7.52662297218543e-24 1.00000000001857 -52.6364326974314
-4.75515569584589e-21 -1.12347460217079e-20 2.93455896805106e-22 -2.88336806550269e-22 -1.70600525253306e-22 -1.72417803539686e-22 3.44138622189829e-23 1.40359912162503e-23 9.17672938749684e-24 7.19640844236175e-24 1.00000000002445 -52.7702525009028
-1.21557602657119e-20 -2.817792170412e-20 7.21857849474319e-22 -6.95344877633074e-22 -4.03174460675109e-22 -3.99135983055808e-22 7.80016864288307e-23 3.11345542106194e-23 1.99115283891387e-23 1.5266097136314e-23 1.00000000004939 -22.2216525302941
3.68446166506722e-19 8.70260451974885e-19 -2.27250781670794e-20 2.2322305776637e-20 1.32036992749697e-20 1.33405436455977e-20 -2.66195593797957e-21 -1.08539153329512e-21 -7.09425882610678e-22 -5.56173815570962e-22 0.999999999680758 -21.0809559701641
-6.21747701891241e-19 -1.46725824604777e-18 3.82806449644428e-20 -3.75689317329665e-20 -2.22024413473407e-20 -2.24126561488407e-20 4.46822190569586e-21 1.82026134451982e-21 1.1886860492055e-21 9.31071142575065e-22 0.999999999796345 -21.2955209294277
9.21231649113326e-19 2.17684340952863e-18 -5.68678092003763e-20 5.58834708663266e-20 3.30691617869275e-20 3.34259970506579e-20 -6.67259892746867e-21 -2.72184845264307e-21 -1.77978658613182e-21 -1.39590178799264e-21 1.00000000006028 -21.1426207092759
-1.41434959709746e-21 -3.34258374324738e-21 8.73351368497589e-23 -8.58367950540599e-23 -5.08020382758219e-23 -5.13582673875715e-23 1.0253904594282e-23 4.18337371988843e-24 2.73589445273568e-24 2.1461257946206e-24 1.00000000001997 -52.768678216418
1.85111241541495e-18 4.37282760025348e-18 -1.14201767492061e-19 1.12191718548892e-19 6.63699751987365e-20 6.70662181926049e-20 -1.33839832803614e-20 -5.45789479920806e-21 -3.56779541004446e-21 -2.79741956717734e-21 1.0000000000285 -19.9075126139865
-4.01567279595734e-19 -9.48555413824383e-19 2.4771258709663e-20 -2.43338608159959e-20 -1.43945109889635e-20 -1.45446806718645e-20 2.90242458211587e-21 1.18352102049016e-21 7.73617147427043e-22 6.06539592877763e-22 0.999999999931418 -22.2236033718435
3.44396113094809e-19 8.14038771647426e-19 -2.12722296521273e-20 2.0910220214905e-20 1.23773378691738e-20 1.25146111491302e-20 -2.49894700518037e-21 -1.01965935235608e-21 -6.66942422204685e-22 -5.23244449200066e-22 0.999999999831371 -21.2963020109065
2.09839211871752e-19 4.95741306235226e-19 -1.29480567312021e-20 1.27213061367751e-20 7.52630498007463e-21 7.60594792729863e-21 -1.51800921327586e-21 -6.19090006090582e-22 -4.04732710481817e-22 -3.1736996275597e-22 1.00000000003866 -22.2778286213265
-4.7151135423731e-19 -1.11377730572119e-18 2.90861030618056e-20 -2.85726337753369e-20 -1.69019941632464e-20 -1.70783922623453e-20 3.4080462820962e-21 1.38970380814959e-21 9.0839361987398e-22 7.12211273536518e-22 0.999999999962083 -22.1936680954377
2.9872632879902e-21 7.0625604730768e-21 -1.84600155684162e-22 1.81501303848208e-22 1.0746093452168e-22 1.08678361547302e-22 -2.17062727319819e-23 -8.85902513950535e-24 -5.79591380721027e-24 -4.54821603602428e-24 1.00000000001749 -52.4930009815653
1.75274566145227e-18 4.14114192055012e-18 -1.08168865445714e-19 1.06282553047918e-19 6.28846430425803e-20 6.35548309417167e-20 -1.26853361431266e-20 -5.17384766676149e-21 -3.38267552534897e-21 -2.6527111768893e-21 1.00000000013871 -22.0938636994412
-4.9064752978918e-21 -1.15871897355315e-20 3.02529154895699e-22 -2.97121145161159e-22 -1.75720516216206e-22 -1.77513910653054e-22 3.54153404858446e-23 1.44380439845686e-23 9.43539330409362e-24 7.39595465501947e-24 1.0000000000191 -52.5394733704474
-7.71026668366005e-21 -1.82186593210057e-20 4.75931520120004e-22 -4.67681463892375e-22 -2.76744409793642e-22 -2.79723526559041e-22 5.58378476962499e-23 2.27764840156172e-23 1.4892919278953e-23 1.16803539587486e-23 1.00000000001978 -52.6315484446705
-4.38020240949802e-19 -1.03571322670107e-18 2.70748258920265e-20 -2.66237500421763e-20 -1.57650575935292e-20 -1.59456821863807e-20 3.18522380425891e-21 1.30015433932816e-21 8.50716342122567e-22 6.67663181080814e-22 1.00000000001348 -21.0861397683452
-2.08750395589645e-18 -4.93182954687967e-18 1.28815988311625e-19 -1.2656366410476e-19 -7.48809320716969e-20 -7.56754137539081e-20 1.5103855620619e-20 6.15997723559067e-21 4.02722087506801e-21 3.15801892937119e-21 1.00000000014643 -19.86777449528
-1.58676792031984e-20 -3.72282392375602e-20 9.655863290959e-22 -9.42031750014513e-22 -5.53402167010001e-22 -5.55284003821151e-22 1.10031297895639e-22 4.45504959720795e-23 2.89134919575549e-23 2.25064901360982e-23 0.999999999905297 -22.1900634048622
4.72746457925102e-19 1.11677441040161e-18 -2.9166448135582e-20 2.86535972071459e-20 1.69510908094762e-20 1.71292153271636e-20 -3.41843010912854e-21 -1.39403655012306e-21 -9.1129006528711e-22 -7.1453253283909e-22 0.999999999623133 -20.9346221278997
-7.19871579712144e-21 -1.701354752832e-20 4.44545118401941e-22 -4.36932677494362e-22 -2.58604629407058e-22 -2.61444542483822e-22 5.22002377537432e-23 2.12972632034238e-23 1.3928691906227e-23 1.09264720733284e-23 1.00000000002055 -52.5074165291293
-3.61203027183812e-18 -8.53207510801819e-18 2.22812173459781e-19 -2.18877295579037e-19 -1.29474857404779e-19 -1.30825235465377e-19 2.61064045393074e-20 1.06453723841378e-20 6.95840510366786e-21 5.45558708770982e-21 1.0000000001319 -20.0502843731962
-3.82462206508573e-18 -9.03401607789645e-18 2.3591421202083e-19 -2.31742058094038e-19 -1.37081389789173e-19 -1.38507550880126e-19 2.76387127060819e-20 1.12699083651339e-20 7.36644532611142e-21 5.77535179256553e-21 1.00000000030798 -19.3284499081114
-8.44284645910976e-22 -1.99261298760371e-21 5.19921013412667e-23 -5.103037136244e-23 -3.01607686560155e-23 -3.04492659345207e-23 6.07099802341737e-24 2.47343782976272e-24 1.61538612472333e-24 1.26541802287576e-24 1.00000000001644 -52.679853220149
2.29250522244156e-18 5.41613495929234e-18 -1.41465182508432e-19 1.38991163579121e-19 8.22333024499709e-20 8.3105470952302e-20 -1.65867362514788e-20 -6.76473058722697e-21 -4.42257405009696e-21 -3.46802836300492e-21 0.999999999595809 -19.866583118784
-2.80448980204673e-19 -6.62324613537366e-19 1.72929378663684e-20 -1.6984161900237e-20 -1.00448230214405e-20 -1.01475620057466e-20 2.02455925571328e-21 8.25386624631846e-22 5.3941040190372e-22 4.22828292937663e-22 0.999999999822122 -22.1804664679964
1.24152059483867e-20 2.93646628184299e-20 -7.67849863056333e-22 7.55273772788098e-22 4.47357447376785e-22 4.52611456432731e-22 -9.04367850869261e-23 -3.69251435005917e-23 -2.41676026700227e-23 -1.89726123816429e-23 0.999999999818745 -22.24904901789
-2.03172202011148e-18 -4.79880590274267e-18 1.25309214368649e-19 -1.23086480277946e-19 -7.28048977924944e-20 -7.35583816060562e-20 1.46775361414069e-20 5.98456208307149e-21 3.91152959254183e-21 3.06650562755388e-21 0.999999999470153 -20.4938797351246
1.92737647981352e-19 4.56147338472034e-19 -1.19350103630754e-20 1.17467066859977e-20 6.96194357656437e-21 7.04797506337016e-21 -1.40911295787923e-21 -5.75683333809257e-22 -3.77011597339741e-22 -2.96146668575109e-22 0.999999999885692 -20.4021029284135
-4.4588635859371e-21 -1.05403501071418e-20 2.7546533622672e-22 -2.70804914738006e-22 -1.60313157677049e-22 -1.62107558062451e-22 3.23732966067451e-23 1.32107951315111e-23 8.64183874422032e-24 6.78057313501198e-24 1.00000000001762 -52.6081319058811
-3.41168866763504e-21 -8.06814509732642e-21 2.10940017831575e-22 -2.07454006050789e-22 -1.2285918131232e-22 -1.24283873571052e-22 2.48296967219227e-23 1.01364602651412e-23 6.63340177914611e-24 5.20678007369282e-24 1.00000000001891 -52.6203300325445
-9.60527812399858e-20 -2.26974498393288e-19 5.92959665809014e-21 -5.82707764891333e-21 -3.44825517914436e-21 -3.48553426344788e-21 6.95806980173802e-22 2.83835343542015e-22 1.85600539004568e-22 1.45571024106788e-22 1.00000000000715 -22.102868184083
-6.24748984080329e-20 -1.47610144134406e-19 3.85574190443108e-21 -3.78858825887946e-21 -2.24166101940134e-21 -2.26560385924893e-21 4.5221776081845e-22 1.84446177683038e-22 1.20594335625413e-22 9.4573016360411e-23 0.999999999761528 -22.1952636334166
2.50784680026617e-18 5.92375175399623e-18 -1.54694061728348e-19 1.51959542339536e-19 8.98887265213163e-20 9.08246687979883e-20 -1.81239084901408e-20 -7.39023319873404e-21 -4.83058211516137e-21 -3.78724775237319e-21 1.000000000176 -19.0268851362485
5.53198875628104e-21 1.30711513439709e-20 -3.41450198993376e-22 3.3552004140905e-22 1.98532909592745e-22 2.00663286044933e-22 -4.00546372128397e-23 -1.63378895824071e-23 -1.06825314987224e-23 -8.37790353802668e-24 1.00000000002002 -52.5414109798454
-5.18877867394638e-19 -1.22590733769112e-18 3.20207258793049e-20 -3.14617103343624e-20 -1.86147190496906e-20 -1.8812740871614e-20 3.75488974952317e-21 1.53144229232869e-21 1.00124235591642e-21 7.85164757713759e-22 0.999999999971777 -21.1648373851761
2.9598818630631e-21 6.99659855303618e-21 -1.82843915640742e-22 1.79742859499737e-22 1.06401005113427e-22 1.07587345673901e-22 -2.14845436027499e-23 -8.76696656143277e-24 -5.73465962937543e-24 -4.49934088100542e-24 1.00000000002044 -52.6552269307492
-3.0384911069983e-19 -7.16782323466679e-19 1.86937409386862e-20 -1.83392411283904e-20 -1.08339812211447e-20 -1.09323819205685e-20 2.17866072270313e-21 8.87199524300197e-22 5.79144156485156e-22 4.53454389592518e-22 0.999999999816871 -20.0150497669817
1.11624550432113e-18 2.63755145072746e-18 -6.89006193646379e-20 6.7705332791789e-20 4.00631938622203e-20 4.04939020561776e-20 -8.08319682871392e-21 -3.29712147685558e-21 -2.15586623459107e-21 -1.69079758186264e-21 1.00000000008189 -21.1008913482381
4.65687144912861e-20 1.09990028236408e-19 -2.87206017076685e-21 2.82105471584539e-21 1.66860144286925e-21 1.68583582375775e-21 -3.36378011689759e-22 -1.37150810832928e-22 -8.9640530903568e-23 -7.02738258810235e-23 0.999999999848995 -22.2338025942422
2.54842772539499e-21 6.02237969133439e-21 -1.57342086856079e-22 1.54631951832894e-22 9.15116746571854e-23 9.25071134134234e-23 -1.84681424485044e-23 -7.53406847705417e-24 -4.92686851275395e-24 -3.86451786471167e-24 1.00000000001966 -52.6789043140006
2.97495630084258e-19 7.02907788202632e-19 -1.83610500409265e-20 1.80415840304561e-20 1.06751794564928e-20 1.07894051169947e-20 -2.15362315321015e-21 -8.78416775695878e-22 -5.74337310179724e-22 -4.50419117611699e-22 0.999999999669782 -19.5826044043348
2.22617606077907e-22 5.25701983355558e-22 -1.37246002041563e-23 1.34783385466007e-23 7.97067240643118e-24 8.05144671284581e-24 -1.60620636510396e-24 -6.54765842289091e-25 -4.27863003310203e-25 -3.35355454617096e-25 1.00000000001458 -52.4887284705731
3.57704810373649e-19 8.44646785707263e-19 -2.20498875335178e-20 2.16528522546201e-20 1.28040307969316e-20 1.29330095722998e-20 -2.57989409113401e-21 -1.05162850161364e-21 -6.87159902844583e-22 -5.38562536284896e-22 0.999999999902991 -22.1786457400723
5.74616133744382e-19 1.35763056998923e-18 -3.5462271294582e-20 3.48440983988768e-20 2.06165045554199e-20 2.08363855366222e-20 -4.15890864936407e-21 -1.69626939311867e-21 -1.10903568192979e-21 -8.69719762581748e-22 1.00000000005643 -22.0013732374717
1.29218245394943e-18 3.05318345397844e-18 -7.97559327245309e-20 7.83701596371956e-20 4.63726029558568e-20 4.68698597901688e-20 -9.3556802532309e-21 -3.81606202080676e-21 -2.49511528184225e-21 -1.95681073631676e-21 1.00000000003612 -22.2801509946776
5.57360313656932e-19 1.31689399894043e-18 -3.43990702584995e-20 3.38002799366824e-20 1.99994002125791e-20 2.0213203803626e-20 -4.03462287644021e-21 -1.64561845161181e-21 -1.07594620977896e-21 -8.43791330559146e-22 0.999999999962331 -22.2518321754846
9.60272582499722e-19 2.26898401739351e-18 -5.9271971011857e-20 5.8243159262316e-20 3.44638249772412e-20 3.48340084502824e-20 -6.95333179118308e-21 -2.83622563621073e-21 -1.85448672371598e-21 -1.4544194743186e-21 1.00000000005637 -22.2890716153648
-1.1913914046137e-18 -2.8148601888116e-18 7.35258716243868e-20 -7.2243889254479e-20 -4.27449696673528e-20 -4.3200651317235e-20 8.62273542218519e-21 3.51688455720876e-21 2.29935618337829e-21 1.80317282153749e-21 1.00000000009297 -22.2216212055923
-7.3516826224884e-22 -1.734510775273e-21 4.52426156502588e-23 -4.43910539721006e-23 -2.62280275473436e-23 -2.64701655238861e-23 5.27590094413509e-24 2.14879191257951e-24 1.40289975941221e-24 1.09860444056319e-24 1.00000000001684 -52.4951843599592
-3.06936085645817e-21 -7.25062558658316e-21 1.89358209480145e-22 -1.86024662494402e-22 -1.10047458026914e-22 -1.11201600210509e-22 2.21917570409267e-23 9.04962897310752e-24 5.91568570300462e-24 4.63833937097039e-24 1.00000000002051 -52.4592747639757
8.04530610899605e-22 1.89722058419623e-21 -4.94619310403661e-23 4.85063808352639e-23 2.86448531061293e-23 2.88943321113471e-23 -5.75605766035217e-24 -2.34311071546717e-24 -1.5289471228958e-24 -1.19666327429631e-24 1.00000000001985 -52.492468974901
-5.44323362900678e-20 -1.28584317505688e-19 3.3581508582138e-21 -3.299059638629e-21 -1.95165600761842e-21 -1.97214094098798e-21 3.93570278495239e-22 1.60496331479831e-22 1.0491635582991e-22 8.22629791599143e-23 0.999999999787673 -22.291214634808
-7.3971800576123e-19 -1.74772679799741e-18 4.56522250850289e-20 -4.48567702898805e-20 -2.65409872588697e-20 -2.68242504616513e-20 5.35411463574699e-21 2.18376592581476e-21 1.42777461066487e-21 1.11968600888643e-21 0.999999999969081 -22.3190863511595
1.04937149660283e-19 2.47867792131887e-19 -6.47279912250852e-21 6.35831374661223e-21 3.76110058331075e-21 3.80022700031904e-21 -7.58322299157408e-22 -3.09212194639539e-22 -2.02113209441439e-22 -1.58458653166273e-22 0.999999999912501 -22.0720781800708
5.07242626748275e-20 1.20255532714082e-19 -3.15188716894505e-21 3.10748584634452e-21 1.84487082931997e-21 1.87085244412634e-21 -3.74677836537447e-22 -1.53331082210973e-22 -1.0058493914026e-22 -7.91433046902228e-23 0.999999999911935 -22.1392257371806
2.31170014709384e-21 5.46245365020231e-21 -1.42700366109578e-22 1.40229719443313e-22 8.29808870976174e-23 8.38759669322244e-23 -1.67435122149635e-23 -6.82989371729766e-24 -4.46597704718027e-24 -3.50269291548821e-24 1.00000000001737 -52.6203255193933
-1.48247424742127e-18 -3.50269292421005e-18 9.1495132060346e-20 -8.99024495122619e-20 -5.3194661464808e-20 -5.37633088950274e-20 1.07313273936107e-20 4.37702689743003e-21 2.86180542327018e-21 2.24431587993776e-21 1.00000000010713 -22.1429778498056
-5.00155976754522e-21 -1.18161286550525e-20 3.08621388214178e-22 -3.0321765772068e-22 -1.79393205596322e-22 -1.8129213095506e-22 3.61827421671563e-23 1.47564660528633e-23 9.64713621976693e-24 7.56480082765002e-24 1.00000000001659 -52.6885793172582
4.93629005734888e-19 1.16656707667925e-18 -3.04789357970219e-20 2.99548755161802e-20 1.77279390641713e-20 1.79213375689975e-20 -3.57793237449257e-21 -1.45966157055605e-21 -9.54569073136395e-22 -7.48765043653028e-22 0.999999999944053 -22.204862642773
-1.62931876781658e-18 -3.84984025029907e-18 1.00568131743603e-19 -9.88224639203278e-20 -5.84755035326809e-20 -5.91035663370613e-20 1.17978515526686e-20 4.81227560653512e-21 3.14653945405682e-21 2.46773700149126e-21 1.00000000010473 -22.144569447319
-5.00362037916304e-19 -1.18183586742219e-18 3.0861071909388e-20 -3.03139458741883e-20 -1.7930687187741e-20 -1.81164385062599e-20 3.61491624734583e-21 1.4739473898923e-21 9.63387156888621e-22 7.55270855993129e-22 0.999999999986283 -22.0026311747723
2.04732722155604e-21 4.84212001738144e-21 -1.26609044354157e-22 1.24529258232957e-22 7.3756608036072e-23 7.46194017408597e-23 -1.49091189712536e-23 -6.08709935054671e-24 -3.98385747087153e-24 -3.12737574899479e-24 1.00000000001612 -52.5763296957364
2.36306351435247e-19 5.58206414459795e-19 -1.45779105586785e-20 1.43210007587722e-20 8.47177585721475e-21 8.56045752302871e-21 -1.70831921433163e-21 -6.96625560519002e-22 -4.55370525083469e-22 -3.57037173356094e-22 0.999999999919224 -22.2539293145738
2.86243790400286e-18 6.76183053336639e-18 -1.76592981967686e-19 1.73484286868655e-19 1.02628923148297e-19 1.03705251348614e-19 -2.06957501563642e-20 -8.43956080980657e-21 -5.51688041597677e-21 -4.32563848306462e-21 1.00000000009153 -20.6768902347649
-1.80691486613445e-19 -4.26428344420683e-19 1.11258878756287e-20 -1.09194340484088e-20 -6.45338816875693e-21 -6.51472489720841e-21 1.29883236851112e-21 5.29136419065112e-22 3.4555448226498e-22 2.70674664972288e-22 0.999999999883608 -22.2202043875684
2.91003299996887e-22 6.88596104707197e-22 -1.8014076581581e-23 1.77270651634553e-23 1.05047191702115e-23 1.06329372235334e-23 -2.12555012057733e-24 -8.68255513575903e-25 -5.68536890635665e-25 -4.46531939310446e-25 1.00000000001514 -52.597873922049
-2.28279568432985e-18 -5.39273628777685e-18 1.40842041502944e-19 -1.38367159326125e-19 -8.18571647891959e-20 -8.2718330296918e-20 1.6508070191211e-20 6.73207804300245e-21 4.40085505598351e-21 3.4507059538097e-21 0.999999999898873 -20.7413583618228
-3.31923104449066e-21 -7.84141600250204e-21 2.04801216480687e-22 -2.01209366235364e-22 -1.19038337626579e-22 -1.20294823886279e-22 2.40080315983833e-23 9.79094239065176e-24 6.40070136154857e-24 5.01895890640358e-24 1.0000000000143 -52.6360040534525
-6.55863116885559e-21 -1.54975076291148e-20 4.04847481383417e-22 -3.97830938773666e-22 -2.35411986340789e-22 -2.3794682878461e-22 4.74985881663108e-23 1.93749108418412e-23 1.26687497143578e-23 9.93597999611414e-24 1.00000000001956 -52.4397540934222
-4.11490469092091e-19 -9.71940109584583e-19 2.53804985508619e-20 -2.49309202460169e-20 -1.47468533490468e-20 -1.48998443767417e-20 2.97312740902407e-21 1.21228163922152e-21 7.92370964610896e-22 6.21207190117505e-22 0.999999999976783 -22.2988440738262
5.80236572417559e-19 1.37072692525269e-18 -3.57995594800927e-20 3.51707729300678e-20 2.08069780319169e-20 2.10260357373875e-20 -4.19619034190085e-21 -1.71124091277658e-21 -1.11867033988678e-21 -8.77154230613249e-22 0.999999999763496 -21.1021646603635
-1.35031444433567e-21 -3.19348381987191e-21 8.34979059824169e-23 -8.21228669378476e-23 -4.86379934035979e-23 -4.92049339667736e-23 9.83085322596633e-24 4.01358188105131e-24 2.6266862409989e-24 2.06189860223505e-24 1.00000000002018 -52.7902429796484
-1.75381859350422e-18 -4.14323558508342e-18 1.08212042045975e-19 -1.06313682316824e-19 -6.28963882592719e-20 -6.35599665908122e-20 1.26850188774019e-20 5.17317156464042e-21 3.38187656286813e-21 2.65180512461064e-21 0.999999999991065 -21.2769999249101
-2.08014318700727e-21 -4.90901666708913e-21 1.28078234439189e-22 -1.2569913783234e-22 -7.42866502819978e-23 -7.49910068599889e-23 1.49504965969143e-23 6.09058309547715e-24 3.9773676935269e-24 3.11540201625279e-24 1.00000000002229 -52.7221238246524
1.46924132345418e-19 3.46699937689386e-19 -9.04470553303634e-21 8.87588638566874e-21 5.24506702415443e-21 5.29432722497444e-21 -1.05540474783058e-21 -4.29917012272554e-22 -2.8072709999915e-22 -2.19870033380433e-22 0.999999999909789 -22.182868828971
-2.77230567100789e-18 -6.5496822838979e-18 1.7107254108676e-19 -1.6808073137018e-19 -9.94439751776957e-20 -1.00498684312898e-19 2.00581893458156e-20 8.18052788502005e-21 5.34817961562356e-21 4.19385652222463e-21 1.00000000023427 -20.2046069009401
