2.87969475333709e-21 7.03782557096544e-21 -1.90157070334057e-22 1.93270241772655e-22 1.18288196671714e-22 1.23663111467763e-22 -2.55322662750484e-23 -1.07720360923371e-23 -7.28521335550631e-24 -5.909771216656e-24 0.999999999859678 -20.3940368180251
6.61589142007926e-23 1.61837388446388e-22 -4.37674705862506e-24 4.45248769257023e-24 2.72758362591447e-24 2.85414424601524e-24 -5.89826604372106e-25 -2.49076179448623e-25 -1.68607245190948e-25 -1.36900283350323e-25 1.00000000001538 -50.5030210739417
2.67306900096229e-22 6.5344975948974e-22 -1.76602205259427e-23 1.79538886442489e-23 1.09911919521012e-23 1.1493527703019e-23 -2.37362599602507e-24 -1.00168327677523e-24 -6.77617398439737e-25 -5.49822543905417e-25 1.00000000001412 -50.2892705992748
-2.78348750341349e-22 -6.81045624063966e-22 1.84223404676894e-23 -1.87452685395899e-23 -1.14858242968586e-23 -1.20213914455746e-23 2.48483455286031e-24 1.04954046159556e-24 7.10618755228183e-25 5.77108928993468e-25 0.999999999763137 -20.5230759194396
-7.67032308125596e-20 -1.87477869034913e-19 5.06603536453087e-21 -5.14949784995387e-21 -3.15199395555391e-21 -3.29555170849606e-21 6.80489209885022e-22 2.87126658759014e-22 1.94205601857856e-22 1.57555594347856e-22 1.00000000014326 -17.4191626574566
-3.85978496142452e-23 -9.43960529800612e-23 2.5522687294993e-24 -2.59583688957686e-24 -1.58983557929985e-24 -1.66321833533331e-24 3.43634417607209e-25 1.45078543792048e-25 9.81851170741504e-26 7.97025022888149e-26 1.00000000001263 -50.5922735178379
1.60272266577876e-19 3.91655043339932e-19 -1.05811020841274e-20 1.07531702007533e-20 6.58060685039159e-21 6.87887803177453e-21 -1.42010223432737e-21 -5.99074387419877e-22 -4.05114543813049e-22 -3.285933242106e-22 0.999999999747857 -18.0822319201454
5.56758447606657e-21 1.3614287541001e-20 -3.68048528563686e-22 3.74277667262225e-22 2.29195865619756e-22 2.39740888450464e-22 -4.95254017126368e-23 -2.09061119254578e-23 -1.41466856843234e-23 -1.14820698454018e-23 0.999999999824354 -19.4097364045739
-3.51041840015561e-21 -8.58111878578417e-21 2.31905357113355e-22 -2.35752378008359e-22 -1.44319558690051e-22 -1.50909486012493e-22 3.11643608605586e-23 1.31510081888982e-23 8.89602125339055e-24 7.21799194399591e-24 0.999999999928202 -20.4834404881192
-1.7782428676474e-23 -4.34615850304857e-23 1.17436250183232e-24 -1.19365141677471e-24 -7.30595451519922e-25 -7.63833925287844e-25 1.57714475399872e-25 6.65431880485195e-26 4.50061527006029e-26 3.65110472940791e-26 1.00000000001517 -50.5567786359441
1.67814648898163e-20 4.10134648534726e-20 -1.10816638789632e-21 1.1263205432676e-21 6.8935500381291e-22 7.20686161579328e-22 -1.48798946552288e-22 -6.27787632340483e-23 -4.24582100604132e-23 -3.44424876612075e-23 1.00000000004011 -20.524119503279
-3.68661936120397e-22 -9.05023617989426e-22 2.45621321379466e-23 -2.50751425070315e-23 -1.54147820289779e-23 -1.61862590205841e-23 3.35659436796962e-24 1.422339841109e-24 9.66132930407654e-25 7.87131560032911e-25 0.999999999993572 -20.4413568858617
-1.191648578592e-20 -2.91197149036879e-20 7.86697942000854e-22 -7.99479778515127e-22 -4.89250077031711e-22 -5.11418813825829e-22 1.05577889593447e-22 4.45377766716738e-23 3.01175868675598e-23 2.44284420214418e-23 0.999999999777842 -19.0006802242136
-4.11777603201566e-23 -1.006734302027e-22 2.72113151169195e-24 -2.766707939322e-24 -1.69395393969079e-24 -1.77158830342033e-24 3.65910639790786e-25 1.54435486908339e-25 1.04485445266981e-25 8.4790853183308e-26 1.00000000001816 -50.5191797314843
1.40842140872586e-23 3.43655878770261e-23 -9.27031199984037e-25 9.4067785935438e-25 5.74789535941028e-25 5.99924445376944e-25 -1.2366082055074e-25 -5.20863994451151e-26 -3.51681874143723e-26 -2.84811113185607e-26 1.00000000001814 -50.4368922113113
3.58956235715809e-23 8.77920449901602e-23 -2.37383694152142e-24 2.41448913902102e-24 1.47884840613709e-24 1.54719309009248e-24 -3.19680344279289e-25 -1.34972941122562e-25 -9.13510723686568e-26 -7.41591302121846e-26 1.00000000001624 -50.5012429138573
-1.7234582983047e-20 -4.21458694436451e-20 1.13943913710582e-21 -1.15879262383293e-21 -7.09649926539296e-22 -7.42343450544746e-22 1.53361369699206e-22 6.47420216585329e-23 4.38119432450382e-23 3.55617099524379e-23 1.00000000003494 -20.6663666407719
4.01323177689436e-20 9.80983418263041e-20 -2.65100760482887e-21 2.69487584354442e-21 1.64964466034796e-21 1.72490163807707e-21 -3.5619567972715e-22 -1.50304556648227e-22 -1.01669721354784e-22 -8.24887997476758e-23 1.0000000001166 -20.4607418610118
5.02176865050812e-23 1.2267457054959e-22 -3.31309593202828e-24 3.36582625023298e-24 2.05907879908578e-24 2.15167295236865e-24 -4.44047748670405e-25 -1.87258700136465e-25 -1.26587276556583e-25 -1.02641196393627e-25 1.0000000000151 -50.4042715252908
5.38916060263982e-20 1.31719347912796e-19 -3.55926133112517e-21 3.61783400860722e-21 2.21442629279865e-21 2.31524034729505e-21 -4.78058775431678e-22 -2.01709182395868e-22 -1.36428783335593e-22 -1.10680263314262e-22 1.00000000005194 -19.5101983467649
1.93925196519134e-20 4.74211753409286e-20 -1.28201309169725e-21 1.30374086177665e-21 7.98388258425328e-22 8.35140376380991e-22 -1.72526334649475e-22 -7.28300634579773e-23 -4.92835700327762e-23 -4.00016300142687e-23 1.0000000000171 -20.561873000394
-5.89724040638902e-22 -1.44215187763784e-21 3.89901811317095e-23 -3.96531953363038e-23 -2.42842774012991e-23 -2.54035650738832e-23 5.24825271489009e-24 2.21561449954961e-24 1.49937355966523e-24 1.21705320747879e-24 0.999999999842732 -20.5933051092505
6.12134779896066e-23 1.49538839139572e-22 -4.03871081072569e-24 4.10307929613213e-24 2.51015674236748e-24 2.62309475367379e-24 -5.41349105340442e-25 -2.28296880771038e-25 -1.5433287393996e-25 -1.25141310665846e-25 1.00000000001538 -50.382000658184
9.99874579878424e-24 2.4527992817654e-23 -6.65204627827356e-25 6.78612593703162e-25 4.1687646717668e-25 4.37431565534181e-25 -9.06480082238676e-26 -3.83849214728946e-26 -2.60551828166484e-26 -2.12132192857292e-26 1.00000000001723 -50.4788071803315
3.04965152281182e-23 7.456742897099e-23 -2.01571825959319e-24 2.04969289702272e-24 1.25508009825444e-24 1.31273238408785e-24 -2.71163457764323e-25 -1.14457732384859e-25 -7.74452743482867e-26 -6.28533450760255e-26 1.00000000001855 -50.5654750520299
3.80484192607327e-21 9.30328208535114e-21 -2.51488322753486e-22 2.55727905596645e-22 1.5658943504141e-22 1.63783165133907e-22 -3.38319187088976e-23 -1.42804984582728e-23 -9.66265058282837e-24 -7.84211545107571e-24 1.00000000006103 -20.4817503619005
8.73611019013699e-21 2.13604754031424e-20 -5.77411742160147e-22 5.87136112107752e-22 3.59514022051729e-22 3.76023652137223e-22 -7.76720701544836e-23 -3.27848942784512e-23 -2.21829186091868e-23 -1.80031065879219e-23 0.999999999685756 -19.4210852757473
2.79738242941353e-20 6.83734127746803e-20 -1.84758546324625e-21 1.87802027800564e-21 1.14952879727329e-21 1.20188163666679e-21 -2.48172645059952e-22 -1.04714129597079e-22 -7.08259867187981e-23 -5.74597625307842e-23 0.999999999761276 -19.3817082140409
6.17295881406319e-21 1.51062814857846e-20 -4.08698867740277e-22 4.15937007379452e-22 2.54903227231659e-22 2.66836464245726e-22 -5.51651994798799e-23 -2.33047357991073e-23 -1.57818878012428e-23 -1.28190952512296e-23 1.00000000008233 -19.4484375934554
-3.40596013884199e-23 -8.32222734981652e-23 2.24812954112894e-24 -2.2844487974212e-24 -1.39786502618344e-24 -1.4610705709783e-24 3.01597258553932e-25 1.27216261952979e-25 8.601886669068e-26 6.97635424567841e-26 1.00000000001902 -50.615107624204
8.38645521772527e-20 2.04914641941433e-19 -5.53540469462446e-21 5.6247624902285e-21 3.44177757087568e-21 3.5973578378039e-21 -7.42565569678337e-22 -3.13216842484702e-22 -2.11783117517962e-22 -1.71759740653441e-22 0.999999999924141 -18.6771341115015
1.1676324724598e-21 2.85116757098855e-21 -7.69697106353549e-23 7.81617167823662e-23 4.77959194472163e-23 4.99238958575302e-23 -1.02985273659756e-23 -4.34109803185999e-24 -2.933314718064e-24 -2.37738874963312e-24 0.999999999958046 -20.4279624207148
4.72153799609301e-21 1.15393434099636e-20 -3.11788990967973e-22 3.16897725866315e-22 1.93955237844397e-22 2.02771248437579e-22 -4.18660328954371e-23 -1.7663494240788e-23 -1.19461402365186e-23 -9.69086740399856e-24 0.999999999843224 -19.3713623369837
1.30100737629417e-21 3.17864981160468e-21 -8.58593646183457e-23 8.72391275699999e-23 5.33775936912063e-23 5.57865022740167e-23 -1.15146260180082e-23 -4.85657285150442e-24 -3.2835689949588e-24 -2.66284832981979e-24 0.999999999992165 -20.590029737376
4.86866290393325e-21 1.19086468021021e-20 -3.22030478133288e-22 3.27574427246142e-22 2.00653542211881e-22 2.0994518914259e-22 -4.33825802627814e-23 -1.83182502740994e-23 -1.23990541422389e-23 -1.00664643810188e-23 0.999999999981939 -20.4666620532664
-4.89550480121664e-23 -1.19785583157637e-22 3.24036532595801e-24 -3.29732954255235e-24 -2.02048234453194e-24 -2.11480595161708e-24 4.37156405074371e-25 1.84655746988927e-25 1.25033179069872e-25 1.01548160133485e-25 1.00000000001648 -50.304599323643
6.32452905680521e-20 1.54582092549512e-19 -4.17707283109944e-21 4.24583768206621e-21 2.59883421484333e-21 2.71716519122432e-21 -5.61052996051461e-22 -2.3672869753258e-22 -1.60115697487429e-22 -1.29897493860503e-22 1.00000000013925 -20.4206396630848
-2.79545444077446e-23 -6.84147666319413e-23 1.85109596404117e-24 -1.88402329974693e-24 -1.15469486005415e-24 -1.20884398231062e-24 2.49932901030573e-25 1.05593106670038e-25 7.15127479417728e-26 5.80918230271672e-26 1.00000000001162 -50.3740535685963
-1.80159425103162e-22 -4.40503458314282e-22 1.19075836159785e-23 -1.21081150205631e-23 -7.41401383340275e-24 -7.75447912206164e-24 1.6017781098687e-24 6.76100666457351e-25 4.57463513755256e-25 3.71266295179563e-25 1.00000000001316 -50.4238975012952
-2.60720728935709e-20 -6.37403764747247e-20 1.72280306002505e-21 -1.75160102361107e-21 -1.07240459786139e-21 -1.12151347027757e-21 2.31633180363209e-22 9.77588980715843e-23 6.61375156773226e-23 5.36689857004772e-23 0.999999999909617 -19.6355595325411
-9.51431583471406e-20 -2.32531646254973e-19 6.28302023248725e-21 -6.38606504588234e-21 -3.90860767506417e-21 -4.08632697924521e-21 8.43712611095793e-22 3.55971443451093e-22 2.40753036290469e-22 1.95304503817212e-22 0.999999999904073 -18.1466057490772
1.07563171234386e-21 2.62933560915879e-21 -7.10576052754349e-23 7.22360230697048e-23 4.42202487579603e-23 4.62392792433567e-23 -9.54886054965327e-24 -4.02950286735131e-24 -2.7257599830286e-24 -2.21160648872268e-24 0.999999999921238 -20.6414776002206
6.31256058926805e-21 1.54243075742232e-20 -4.166653599146e-22 4.23396550452393e-22 2.59078163226484e-22 2.70792297305327e-22 -5.58974384095325e-23 -2.35779699394187e-23 -1.59425070594018e-23 -1.29297583549601e-23 0.999999999633237 -19.4254691412658
1.7077757751264e-22 4.17503655450025e-22 -1.12842229958307e-23 1.14725928098637e-23 7.02385305076063e-24 7.34533487695694e-24 -1.51704418068562e-24 -6.40241918204169e-25 -4.33137743506977e-25 -3.5147292885004e-25 1.00000000001487 -50.3216393415055
-5.8074772011662e-20 -1.41950809906469e-19 3.83592496695702e-21 -3.89924745787187e-21 -2.38679617258975e-21 -2.49558368241225e-21 5.153227438324e-22 2.17443111868057e-22 1.47078086392228e-22 1.19325739965319e-22 1.00000000011037 -18.4261993664597
-8.34341029130074e-20 -2.03911069686226e-19 5.50959717600139e-21 -5.59986209643049e-21 -3.42735138761606e-21 -3.58312680057284e-21 7.39802961873929e-22 3.12125391384159e-22 2.1109506521439e-22 1.71242234528816e-22 1.00000000025718 -17.6150895629832
6.82512254381403e-23 1.6690799456824e-22 -4.51258833351435e-24 4.58936694121594e-24 2.81063023909798e-24 2.94020044711683e-24 -6.074360413345e-25 -2.56438583025536e-25 -1.73541032019503e-25 -1.40865569729272e-25 1.00000000001153 -50.4530778934598
9.33599206879161e-20 2.28143174237426e-19 -6.16362664534652e-21 6.2638825303197e-21 3.83331666462158e-21 4.00708015889025e-21 -8.27240337574945e-22 -3.4897516245575e-22 -2.35989823782182e-22 -1.91414950092072e-22 0.999999999455403 -18.2470179290642
-6.5900613216607e-21 -1.6104851950993e-20 4.35116871907263e-22 -4.42215147103263e-22 -2.70635762169776e-22 -2.82917011768015e-22 5.84094810389158e-23 2.46414830586444e-23 1.66642720847299e-23 1.35172934350481e-23 0.999999999799245 -20.3909484853299
-2.54817344115976e-22 -6.24182061534074e-22 1.69034224669225e-23 -1.72193071193427e-23 -1.05628165814283e-23 -1.10679012391752e-23 2.29034223950282e-24 9.68487153401477e-25 6.56481546350294e-25 5.33745512124932e-25 0.999999999778703 -20.4870852448759
-5.40445307828019e-20 -1.32080633429995e-19 3.56868684588571e-21 -3.62707252579904e-21 -2.21987191914644e-21 -2.32071549651038e-21 4.79144263788692e-22 2.02148206644115e-22 1.36712901979482e-22 1.10900370933393e-22 0.99999999966711 -18.4819442990211
5.68878114072278e-20 1.3902449127663e-19 -3.75616996047055e-21 3.81748716375309e-21 2.33632760706095e-21 2.44237378513306e-21 -5.04244130600243e-22 -2.12729984562981e-22 -1.43864122558299e-22 -1.16697111736347e-22 1.00000000001909 -18.5550162370735
-4.90625244929304e-23 -1.19997532801164e-22 3.24471787108661e-24 -3.30035275069369e-24 -2.02147303832387e-24 -2.11494046557167e-24 4.36997589119761e-25 1.84509800292071e-25 1.24880934907877e-25 1.01381106485039e-25 1.00000000001411 -50.3947608860265
-9.89073166553138e-24 -2.41349524784102e-23 6.51093569753479e-25 -6.60717600939945e-25 -4.03746915277444e-25 -4.214265004437e-25 8.68724025466938e-26 3.65929966068262e-26 2.47085383131009e-26 2.00113750199888e-26 1.00000000001117 -50.4843176103189
-7.07210907413269e-21 -1.728380538741e-20 4.66994435620178e-22 -4.74638063035372e-22 -2.90494098979582e-22 -3.03692725764342e-22 6.27020712155225e-23 2.64538331051858e-23 1.78908657782661e-23 1.45130272094771e-23 0.999999999990606 -20.3331475865552
-3.30720034638211e-21 -8.083387991234e-21 2.18427993875391e-22 -2.22024918501378e-22 -1.35899878045569e-22 -1.42088447372545e-22 2.93392443031075e-23 1.23793640148912e-23 8.37305222055586e-24 6.79286838201906e-24 0.999999999814655 -20.5000916398231
2.70152667131192e-20 6.6044529171413e-20 -1.78503351124749e-21 1.81482366240921e-21 1.11108274235303e-21 1.16193199067289e-21 -2.39974697583784e-22 -1.01276675403153e-22 -6.85155991337794e-23 -5.55972615371264e-23 1.00000000029818 -17.0322654586097
-4.23951291458452e-23 -1.03633912508932e-22 2.80072271913725e-24 -2.84719506090103e-24 -1.74296470690764e-24 -1.82256346112661e-24 3.76380851493943e-25 1.5882979688767e-25 1.07441692715893e-25 8.71762099449673e-26 1.00000000001445 -50.3479935971686
-1.84101174686882e-20 -4.50015710953534e-20 1.21613192453939e-21 -1.23626677306055e-21 -7.5677639076813e-22 -7.91307444995997e-22 1.63408004699764e-22 6.89541807703277e-23 4.66427213160746e-23 3.78434775660977e-23 1.00000000003614 -19.3334311268581
6.19781446050975e-23 1.51440115251835e-22 -4.09095714812991e-24 4.15706834791355e-24 2.54374170350252e-24 2.65877075921298e-24 -5.48831354805996e-25 -2.31502600807394e-25 -1.56533960413375e-25 -1.26953561358866e-25 1.00000000002063 -50.4670409312834
7.16803241183242e-20 1.75171901359023e-19 -4.73272046739807e-21 4.80989714023938e-21 2.94363951680577e-21 3.07720046297643e-21 -6.35297845348479e-22 -2.68014448260416e-22 -1.81248768105598e-22 -1.47019800888916e-22 0.999999999687623 -18.5022452447027
4.64352082437223e-20 1.13505969244147e-19 -3.06741090675603e-21 3.11819853564114e-21 1.90879590461006e-21 1.99589449356208e-21 -4.1216026347338e-22 -1.73921756880627e-22 -1.17646162512768e-22 -9.54521141474141e-23 1.00000000012646 -19.1761181713181
-3.2622305978626e-22 -7.96959873724669e-22 2.15248992917615e-23 -2.18688161709499e-23 -1.33793270376087e-23 -1.39819113742289e-23 2.88569349687754e-24 1.21700970187799e-24 8.22763214202071e-25 6.67176217589228e-25 0.999999999823296 -20.6385169976332
-9.70772515875321e-24 -2.37535540252915e-23 6.42574066665997e-25 -6.5387970453075e-25 -4.00680276535729e-25 -4.19393740480133e-25 8.66957674363274e-26 3.66213728153127e-26 2.47975583512536e-26 2.01404270138305e-26 1.00000000001932 -50.4554924817677
2.08173719585628e-20 5.08967651517375e-20 -1.37574028579896e-21 1.39881835676626e-21 8.56466066550218e-22 8.95738822242763e-22 -1.85013377934128e-22 -7.80879764359474e-23 -5.2832517726606e-23 -4.28748315470395e-23 0.999999999654079 -18.1219102214227
-9.40823784856358e-23 -2.29980558079417e-22 6.21520955137643e-24 -6.31827963475436e-24 -3.86781506315775e-24 -4.04440628460492e-24 8.35207086549776e-25 3.52446080015208e-25 2.38411455708947e-25 1.93439585447296e-25 1.0000000000189 -50.2887964079144
-3.94622474713696e-21 -9.6439831581238e-21 2.60563212134746e-22 -2.64818537262675e-22 -1.62071879282315e-22 -1.69429638810898e-22 3.49801472306038e-23 1.47575143680362e-23 9.98023875946278e-24 8.09566745316905e-24 0.999999999917108 -20.5249515977797
1.98050454602918e-20 4.84263523439216e-20 -1.30909080273951e-21 1.33117908059322e-21 8.15130738624462e-22 8.52590639953499e-22 -1.76118287126227e-22 -7.43408890955449e-23 -5.03022319241709e-23 -4.08254372004112e-23 1.00000000005449 -20.461205158364
1.76908306433523e-20 4.32676868352566e-20 -1.16993320682087e-21 1.18997268831914e-21 7.28847772536169e-22 7.62533640179739e-22 -1.57554794774957e-22 -6.65217219424927e-23 -4.50226842126553e-23 -3.6549648569374e-23 1.00000000002486 -20.6164226071573
8.24992883503543e-21 2.01813166774977e-20 -5.45796318708809e-22 5.55251978974133e-22 3.40152300096269e-22 3.55941742114306e-22 -7.35588182945925e-23 -3.10634494753644e-23 -2.10281242223745e-23 -1.70739962298308e-23 0.999999999966883 -20.641642742656
1.66293202587214e-20 4.06662426992332e-20 -1.09945021438684e-21 1.11813863930228e-21 6.8476205351505e-22 7.16318367563798e-22 -1.47986793386736e-22 -6.2473970155985e-23 -4.22776974047878e-23 -3.43168564852945e-23 1.00000000006437 -20.468193995633
-1.90977819111722e-20 -4.66904520805919e-20 1.26198791070845e-21 -1.2831010911465e-21 -7.85580136681449e-22 -8.21566045306069e-22 1.69685580258151e-22 7.16154399492546e-23 4.84511915417153e-23 3.93175283766721e-23 1.00000000006114 -20.5225652468085
-9.72505186459171e-23 -2.37756091499447e-22 6.42618730144573e-24 -6.53361748487714e-24 -4.00016590629899e-24 -4.18335486027011e-24 8.64016248745902e-25 3.64651847672169e-25 2.46701069664725e-25 2.00192420235321e-25 1.00000000001555 -50.29822681651
1.63011406524261e-22 3.98579080161435e-22 -1.07743957536701e-23 1.09559454578387e-23 6.70858134246395e-24 7.0167150099147e-24 -1.44939715187505e-24 -6.11786923673733e-25 -4.13951059243051e-25 -3.35955461411562e-25 1.00000000001525 -50.2540562942632
-2.08919521530109e-23 -5.10973201642758e-23 1.38165209765712e-24 -1.40532687200324e-24 -8.60754791662246e-25 -9.00540862449648e-25 1.8607043557369e-25 7.85615606136245e-26 5.31714382493147e-26 4.31648433285997e-26 1.00000000001541 -50.3813050849541
-3.25376598197246e-22 -7.96435505954028e-22 2.15524576657709e-23 -2.19392347142091e-23 -1.34483811467044e-23 -1.40812378041052e-23 2.9118033703253e-24 1.23038901548814e-24 8.33410246776894e-25 6.77109790177139e-25 0.99999999981608 -20.7753447999233
-1.33692450989119e-20 -3.26920865700102e-20 8.83813242883118e-22 -8.98787609191448e-22 -5.50399121015667e-22 -5.75732702620175e-22 1.18936369462547e-22 5.02074159823553e-23 3.39748288765224e-23 2.75759687843922e-23 0.999999999970884 -20.6002563904004
-3.1366090795746e-21 -7.66343563122527e-21 2.06999089612741e-22 -2.10325416414102e-22 -1.28688238177704e-22 -1.34495624848398e-22 2.77605305348084e-23 1.17086404942228e-23 7.9162789066301e-24 6.41977024164464e-24 0.999999999936359 -20.5638901581232
4.94765345192593e-21 1.20982791202233e-20 -3.27061916734236e-22 3.32594454583494e-22 2.03668588919901e-22 2.13037255347054e-22 -4.4008606244855e-23 -1.85771473631961e-23 -1.25706169804824e-23 -1.0202772331901e-23 0.999999999919965 -20.572961046409
-5.14989247139889e-23 -1.25884119856892e-22 3.40193311910993e-24 -3.45827265197713e-24 -2.11697973701699e-24 -2.21358708968052e-24 4.57116677601758e-25 1.92893176156987e-25 1.3047965745758e-25 1.05865091240142e-25 1.00000000001499 -50.4029788530256
-3.8953167907037e-20 -9.52231684838339e-20 2.57350129716804e-21 -2.61628270723282e-21 -1.60165451142236e-21 -1.67484774258839e-21 3.45885409547203e-22 1.45964880082024e-22 9.87416840471864e-23 8.01191965651665e-23 1.00000000011056 -20.4610687170116
-7.02164214674289e-23 -1.71652007189258e-22 4.63917893025113e-24 -4.71641489183919e-24 -2.88739964034666e-24 -3.01942495859457e-24 6.2357993057219e-25 2.63159690461517e-25 1.78025721552339e-25 1.44454199117261e-25 1.00000000001746 -50.5030950244371
6.84696643454429e-21 1.67363260264264e-20 -4.52276597189848e-22 4.59755319441838e-22 2.81431978334245e-22 2.94267694855166e-22 -6.07662300151762e-23 -2.56413781824929e-23 -1.73442929808874e-23 -1.40720018008079e-23 0.99999999994292 -20.4463452541365
-2.44044273001573e-20 -5.96605384036697e-20 1.61245531116372e-21 -1.63933146554918e-21 -1.00362115532643e-21 -1.04953085996604e-21 2.16755981677187e-22 9.14758059762946e-23 6.18838712831881e-23 5.02149063969927e-23 1.00000000006539 -20.5539568209447
-8.26532210994862e-21 -2.02049204959542e-20 5.46055083122547e-22 -5.55129499347111e-22 -3.39841238075727e-22 -3.55369536696264e-22 7.33896407736903e-23 3.09705256898189e-23 2.09506953866541e-23 1.6999346872666e-23 0.999999999990131 -20.4393743621598
4.27539413944954e-23 1.04351296160963e-22 -2.815786372759e-24 2.85810587737746e-24 1.74694425442424e-24 1.82389706793488e-24 -3.76071342271291e-25 -1.58451949402153e-25 -1.07018573513068e-25 -8.66967513198919e-26 1.00000000001426 -50.3743801071598
5.53897688212281e-21 1.35366868385023e-20 -3.65743898679572e-22 3.71723719974055e-22 2.27503096175836e-22 2.37835472694693e-22 -4.91039385115857e-23 -2.07164438787094e-23 -1.40103850716807e-23 -1.13649831811824e-23 0.999999999896643 -20.5209285383816
3.61905296001371e-20 8.84883135633756e-20 -2.39198748933354e-21 2.43226277581049e-21 1.48931328018115e-21 1.55770078643314e-21 -3.21760348577259e-22 -1.35812679692236e-22 -9.18933795457764e-23 -7.45782379456807e-23 1.00000000021232 -18.9351074940413
1.70427957453655e-21 4.17256484417766e-21 -1.12939688068458e-22 1.14992074275615e-22 7.05037870840065e-23 7.38377795776995e-23 -1.52719522821041e-23 -6.45459565638549e-24 -4.37299399671656e-24 -3.55362796163451e-24 0.999999999923226 -20.6644265684896
-9.57608072904894e-23 -2.34110795684808e-22 6.32757308780728e-24 -6.43326712397894e-24 -3.93867421813957e-24 -4.11899273566261e-24 8.50712044610045e-25 3.59032307277288e-25 2.42896173062057e-25 1.97102388371829e-25 1.00000000001085 -50.4388279822309
-5.19757081463911e-20 -1.27052345012738e-19 3.43357763456421e-21 -3.49051550549873e-21 -2.13676204760525e-21 -2.23431843762365e-21 4.61407229561821e-22 1.94707616589095e-22 1.31709623179805e-22 1.06865118736454e-22 0.999999999871099 -19.1612872315822
1.44240818820689e-22 3.52609854429653e-22 -9.52977322279492e-24 9.68833480510298e-24 5.93115861584932e-24 6.20229179190258e-24 -1.28089993800914e-24 -5.40551867514514e-25 -3.65675191293588e-25 -2.96713603257517e-25 1.00000000001181 -50.4923235523624
-6.31201747726917e-23 -1.54318098496189e-22 4.17106959721531e-24 -4.2408851376618e-24 -2.59650677109702e-24 -2.7154681519502e-24 5.60854710200809e-25 2.36709253410001e-25 1.60146004116221e-25 1.29957354752648e-25 1.00000000002033 -50.2457677282126
3.36610893960146e-22 8.30305469438418e-22 -2.26410769988206e-23 2.32221737416939e-23 1.43417180792626e-23 1.51283293960896e-23 -3.15138059849018e-24 -1.34134390598789e-24 -9.1513699765139e-25 -7.48836719307132e-25 0.999999999984019 -20.4504578291079
-1.0452074138015e-20 -2.553689484578e-20 6.89787843164079e-22 -7.00876378296695e-22 -4.2883588984845e-22 -4.48190936552767e-22 9.2509292014145e-23 3.90181603645503e-23 2.63805695120696e-23 2.13936737147416e-23 0.999999999759369 -19.2956886152327
-7.82732508022776e-23 -1.91416720830838e-22 5.17521910392539e-24 -5.26328124667003e-24 -3.2233595868466e-24 -3.37197004665305e-24 6.96641803763581e-25 2.94100004245002e-25 1.99029295831927e-25 1.61556091310502e-25 1.00000000001919 -50.6364002792754
-2.04941882179105e-20 -5.01048816730916e-20 1.35428893617399e-21 -1.37695956573707e-21 -8.43053211594947e-22 -8.81680343147071e-22 1.82103293495182e-22 7.68570508373513e-23 5.19978880972934e-23 4.2196035239228e-23 0.999999999998143 -19.4354770990752
-5.4520567442879e-23 -1.33278462525304e-22 3.60198208263685e-24 -3.66185958806502e-24 -2.24174271935578e-24 -2.34418681227913e-24 4.84115667913346e-25 2.04298571724811e-25 1.38203039887789e-25 1.12138259841572e-25 1.00000000001476 -50.5516559422837
2.73404648471182e-21 6.67240202051643e-21 -1.80027475241345e-22 1.82714175322745e-22 1.11667791577486e-22 1.16574689681482e-22 -2.40341825983018e-23 -1.01253953025223e-23 -6.8379977681867e-24 -5.53895872359183e-24 0.999999999921955 -20.3857643286229
-9.54920464349587e-20 -2.33373209595552e-19 6.30545819492823e-21 -6.40856440219216e-21 -3.92219048542067e-21 -4.10033051757588e-21 8.46563234337409e-22 3.57156943590109e-22 2.41543163230398e-22 1.9593599931249e-22 1.00000000014856 -18.5769794811659
