1.722824491881e-21 6.72955114198835e-21 -2.90619294070413e-22 4.72120301771396e-22 4.61866193886199e-22 7.71815284072774e-22 -2.54725472857596e-22 -1.71791625802132e-22 -1.85728699560337e-22 -2.40852602605384e-22 0.999999999903463 0.277067307589456
1.12766117526574e-22 4.41831129521711e-22 -1.91393550697527e-23 3.1188048699492e-23 3.06044382249816e-23 5.12996457029853e-23 -1.69826780585324e-23 -1.14886410386254e-23 -1.24588692937946e-23 -1.62063037964175e-23 0.99999999994411 -14.0804656151401
-3.07547094628842e-22 -1.20143655745011e-21 5.18900021779875e-23 -8.4305667651652e-23 -8.24831948287019e-23 -1.37850463388223e-22 4.55001833230515e-23 3.06894447838422e-23 3.31827742947255e-23 4.3036011562917e-23 0.99999999994845 -14.1905565232709
1.21073733776147e-20 4.73369072768912e-20 -2.04618181263136e-21 3.32720501939425e-21 3.25800159014052e-21 5.4495149219834e-21 -1.80022725881484e-21 -1.2152582147543e-21 -1.31509871158118e-21 -1.70704347143169e-21 0.999999999661362 0.200375726022761
-3.43867708419994e-19 -1.34437967444758e-18 5.8109466562642e-20 -9.44849971156485e-20 -9.25156530590431e-20 -1.54739938708906e-19 5.11154946266805e-20 3.45043993694795e-20 3.73374748778355e-20 4.84631757066599e-20 0.999999997977046 2.77663385280269
1.18199995698947e-21 4.62291739033968e-21 -1.9989838772188e-22 3.25157325901996e-22 3.18503547060281e-22 5.32929694181718e-22 -1.76111854245629e-22 -1.18926625523985e-22 -1.28741406364451e-22 -1.67168303594618e-22 0.999999999941352 -14.2325600376684
3.87553601854108e-19 1.51524675428412e-18 -6.54982014227391e-20 1.06504123018578e-19 1.04289331981716e-19 1.74440855237439e-19 -5.76261352172731e-20 -3.89011604958749e-20 -4.20972966426468e-20 -5.46439810505122e-20 1.0000000008363 2.96952331513839
-4.60055669275742e-22 -1.79975867615833e-21 7.78415591061734e-23 -1.26648119126812e-22 -1.24085580332986e-22 -2.07671872783696e-22 6.86429505108058e-23 4.6364429255684e-23 5.02020458156009e-23 6.52008598558696e-23 0.999999999973306 1.07982916631444
1.1608446653569e-21 4.52503174563979e-21 -1.95010880107411e-22 3.16142091545353e-22 3.08629491780724e-22 5.14662533358501e-22 -1.69498472343773e-22 -1.14071173193942e-22 -1.23063621420781e-22 -1.5924836842186e-22 1.00000000001034 0.286480844891946
-2.52351483315581e-22 -9.8716195922029e-22 4.2693858581249e-23 -6.94597884971834e-23 -6.80515378368346e-23 -1.13887827068174e-22 3.76426035589069e-23 2.54245805259603e-23 2.75281194684649e-23 3.57516248914365e-23 0.999999999944467 -14.2137511224656
3.92440594428159e-20 1.53471657304218e-19 -6.63555036271085e-21 1.07923701545692e-20 1.05704436490418e-20 1.76849785300421e-20 -5.84357880997123e-21 -3.94570973220563e-21 -4.27090616424495e-21 -5.54512681458547e-21 1.0000000001438 0.339563045662069
-1.92106983453086e-20 -7.5105969349816e-20 3.24638585463477e-21 -5.27857631193576e-21 -5.16856332559534e-21 -8.64485446785682e-21 2.85567281665297e-21 1.92766222099806e-21 2.08594072036533e-21 2.70750590868603e-21 0.99999999978993 0.085139519961901
-6.1768408842862e-20 -2.41440587568657e-19 1.04339452530103e-20 -1.69620306647965e-20 -1.66051779893156e-20 -2.77679657388037e-20 9.17080674223392e-21 6.18931771853116e-21 6.69617170633835e-21 8.68974119325151e-21 0.999999999318261 1.76998069444623
3.82354249375159e-22 1.49700161055352e-21 -6.47997044950705e-23 1.05515145498756e-22 1.03464885899193e-22 1.73302970501493e-22 -5.7330005333531e-23 -3.87551767084925e-23 -4.19977511065062e-23 -5.45907186898204e-23 0.999999999941413 -14.1756616202058
4.18207981305658e-22 1.63587444393034e-21 -7.07460140533463e-23 1.15091949980398e-22 1.12752003857299e-22 1.88685434270605e-22 -6.23613311081947e-23 -4.21176453340711e-23 -4.55996285690228e-23 -5.92181627847326e-23 0.99999999994105 -14.2156835010155
-1.04651663970305e-22 -4.0991330708097e-22 1.77513692825996e-23 -2.89176017129455e-23 -2.83679950777178e-23 -4.75367418126012e-23 1.57323169949199e-23 1.06396486576392e-23 1.15347986770219e-23 1.49999141546519e-23 0.999999999939722 -14.1894915212211
-1.06367719571633e-19 -4.16015265058766e-19 1.79888417299117e-20 -2.92609389324034e-20 -2.866221981738e-20 -4.79585818667564e-20 1.58484172571653e-20 1.070230507886e-20 1.15855707270863e-20 1.50436805298247e-20 1.00000000003472 0.0436953047548991
1.65227431593654e-19 6.46064778597078e-19 -2.79295821550838e-20 4.54196599342668e-20 4.44794869797072e-20 7.44064441066455e-20 -2.45824026717816e-20 -1.65962480043863e-20 -1.79615628956429e-20 -2.33171162273881e-20 1.00000000027661 0.239317889685691
-8.36891294434379e-23 -3.26436205120134e-22 1.40772236610846e-23 -2.28360872300666e-23 -2.23078500811037e-23 -3.72240381483738e-23 1.22672458162284e-23 8.26108788277163e-24 8.9180680310985e-24 1.15477010972799e-23 0.999999999959269 -14.1862709326556
1.55719160367714e-19 6.08916429104172e-19 -2.63249655313591e-20 4.28123451930929e-20 4.19282463398364e-20 7.01421847001127e-20 -2.31747414654276e-20 -1.564668494287e-20 -1.69347355300912e-20 -2.19852307163815e-20 1.00000000048793 1.44175654850947
3.3442268064355e-20 1.30831364133881e-19 -5.65877692802812e-21 9.20713358745996e-21 9.02116996568389e-21 1.50985859255298e-20 -4.99083005445678e-21 -3.37117422373052e-21 -3.65038215787085e-21 -4.74124147978174e-21 0.999999999841279 -0.00849434327182502
3.28057470321258e-21 1.2836737614787e-20 -5.55333261918089e-22 9.03740209841195e-22 8.85665660868553e-22 1.48262297932152e-21 -4.90178745313749e-22 -3.31169143401495e-22 -3.58668886132974e-22 -4.65944168917142e-22 0.999999999676816 0.134201587213294
7.42627091513435e-22 2.90536466972239e-21 -1.25668117141346e-22 2.04475259129312e-22 2.00351691402556e-22 3.35336080674564e-22 -1.10848721593328e-22 -7.48777936817918e-23 -8.10819427085743e-23 -1.05315403483426e-22 0.999999999945219 -14.0222879241429
-4.45497643589776e-22 -1.74230230474922e-21 7.5334857204804e-23 -1.225347848747e-22 -1.20021531745171e-22 -2.00813878392907e-22 6.63576774767489e-23 4.48084928238421e-23 4.8504050858069e-23 6.29784672831684e-23 0.9999999999442 -14.0601985188539
-9.7892701599237e-22 -3.8292465763058e-21 1.65604000149823e-22 -2.69413523470626e-22 -2.63939520864905e-22 -4.41696906319992e-22 1.45984686200086e-22 9.85966286716511e-23 1.06749404661368e-22 1.38632602721583e-22 0.999999999955286 -14.2618198406325
-1.01499679899646e-20 -3.96257834060808e-20 1.71034693843682e-21 -2.77702848516225e-21 -2.71526112038807e-21 -4.53499118390917e-21 1.49590142680482e-21 1.00832374758025e-21 1.0895428375482e-21 1.41215966239051e-21 0.999999999781009 0.0172750470366663
1.23746134757372e-20 4.8352446104837e-20 -2.088812157271e-21 3.39446284860273e-21 3.32184109493838e-21 5.55291729030762e-21 -1.83326911294667e-21 -1.23680922124654e-21 -1.33760379913899e-21 -1.7351956294113e-21 0.999999999766605 1.18410668456252
7.45531655152464e-20 2.91556344619581e-19 -1.26058867696792e-20 2.05029055420149e-20 2.00813963746107e-20 3.35975286205039e-20 -1.1101554404527e-20 -7.4960434837687e-21 -8.11388895349525e-21 -1.0534709547121e-20 0.999999999510467 1.1766068174101
6.05519772807199e-20 2.36875554545184e-19 -1.0244873681911e-20 1.66680205875909e-20 1.6330440119807e-20 2.73304403935492e-20 -9.03354802455015e-21 -6.1015740297473e-21 -6.60653928325577e-21 -8.58030360847987e-21 0.999999999940203 1.26421449183377
-8.0779624430618e-22 -3.15785199743469e-21 1.36482215980484e-22 -2.2189694225424e-22 -2.17251564936078e-22 -3.63336719342729e-22 1.2001030989339e-22 8.10027055915461e-23 8.76453751868035e-23 1.13750910710619e-22 0.999999999940793 -14.1762201401143
1.67238503679241e-19 6.53805440454384e-19 -2.82588973191649e-20 4.59465517981598e-20 4.49870020416002e-20 7.524125569159e-20 -2.48535241711141e-20 -1.67761267111644e-20 -1.81528157713886e-20 -2.356094869844e-20 1.00000000018864 2.62892214545189
-9.69677756105229e-21 -3.79067158297158e-20 1.6383227542231e-21 -2.66363032868688e-21 -2.60786441883762e-21 -4.36145177193886e-21 1.44058953863188e-21 9.72347198850897e-22 1.05208594147855e-21 1.36545594919638e-21 0.999999999852766 0.140950238432698
2.27243447858111e-20 8.88723477823039e-20 -3.84269982989188e-21 6.25025017280549e-21 6.12202159260083e-21 1.0243002245137e-20 -3.38471995660237e-21 -2.28554665626719e-21 -2.47403663279916e-21 -3.21231949443678e-21 0.999999999814387 1.21503893063259
1.86389804354386e-20 7.28876859361863e-20 -3.15123375620825e-21 5.12505030417806e-21 5.01940321332961e-21 8.39732406059786e-21 -2.77455110018168e-21 -1.87333884807332e-21 -2.02762929862543e-21 -2.63243266335137e-21 0.999999999935174 0.0978702283280329
-1.78775600793136e-21 -6.98620175952263e-21 3.01833758239272e-22 -4.90551845392652e-22 -4.80106752277708e-22 -8.02647666904097e-22 2.65017419735196e-22 1.78811334523905e-22 1.93403186595691e-22 2.50915823013259e-22 0.999999999971951 0.0998281625015995
-3.98407786733498e-22 -1.5586159538388e-21 6.74132351502295e-23 -1.09683823552909e-22 -1.07467399177112e-22 -1.79864758563902e-22 5.94536759415285e-23 4.01590516320669e-23 4.34847622141308e-23 5.64790721013954e-23 0.999999999946891 -13.9817448745782
1.4428972767102e-19 5.64223227064466e-19 -2.43927619286943e-20 3.96699881287717e-20 3.88507695264472e-20 6.49938224447711e-20 -2.14737326461932e-20 -1.44982245974512e-20 -1.56917266678911e-20 -2.03715072484234e-20 1.00000000000494 0.10364435381382
-2.72017524460025e-22 -1.06547438116091e-21 4.61405880785339e-23 -7.51646836112341e-23 -7.373616103857e-23 -1.23561062092256e-22 4.08926516662831e-23 2.76554199380411e-23 2.99821931576309e-23 3.89890436552427e-23 0.999999999941558 -14.2081613776684
8.43245559865773e-23 3.29736399800213e-22 -1.42552460611952e-23 2.31832410267026e-23 2.27044285140822e-23 3.79824024224659e-23 -1.25492516447849e-23 -8.47277317167499e-24 -9.17027791914214e-24 -1.19051938276226e-23 0.999999999946902 -14.107814455254
-1.72409198218187e-19 -6.74113672469585e-19 2.91407223695396e-20 -4.73869298571539e-20 -4.64037733658476e-20 -7.76216599157147e-20 2.56433976421027e-20 1.73117125364397e-20 1.87349755824825e-20 2.43199541782413e-20 0.999999999578722 1.32376717068682
-1.54742540402981e-19 -6.05166431494801e-19 2.61658241072497e-20 -4.25583804964124e-20 -4.16842738954024e-20 -6.97419841494796e-20 2.30451413124686e-20 1.55609562861884e-20 1.68438680479926e-20 2.18697544234245e-20 0.999999999349281 2.60033752447724
2.06097112351059e-20 8.05838744289257e-20 -3.48352473129523e-21 5.66475036246916e-21 5.54726818004404e-21 9.27924186661127e-21 -3.0655533793815e-21 -2.06955578521713e-21 -2.23972175876897e-21 -2.90741860570913e-21 0.999999999707302 0.0345516948260118
2.20009858106306e-20 8.60246522140937e-20 -3.71876013172206e-21 6.04734116586056e-21 5.92198390151009e-21 9.90614910003217e-21 -3.27269469627009e-21 -2.20941821912937e-21 -2.39110686034594e-21 -3.10396305541324e-21 0.999999999573064 1.24327080750691
-7.2217803062835e-22 -2.82429945554571e-21 1.22115800321447e-22 -1.98620574341401e-22 -1.94541942195606e-22 -3.25489767508435e-22 1.07553518066702e-22 7.2624624694439e-23 7.86125695489496e-23 1.0206968649705e-22 0.999999999938974 -14.1313077473397
-1.48351889830121e-19 -5.80095468170632e-19 2.5078429576844e-20 -4.07842315639278e-20 -3.99411621719983e-20 -6.68165450770618e-20 2.20754897292482e-20 1.49041942783882e-20 1.61307772583981e-20 2.0941057429972e-20 1.00000000034686 2.39795707988617
-2.63481592958998e-19 -1.03030025247569e-18 4.45422115637395e-20 -7.24387250288635e-20 -7.09424618479329e-20 -1.18679740114464e-19 3.92111789501739e-20 2.64737222363838e-20 2.86529089502491e-20 3.71979428535885e-20 0.999999997774791 2.84718055108882
7.73557340286311e-22 3.02558039467105e-21 -1.30833653299058e-22 2.12824407032975e-22 2.08477875590292e-22 3.48845824429462e-22 -1.15284311164629e-22 -7.78536224330818e-23 -8.42822626488969e-23 -1.09443552366151e-22 0.999999999954615 -14.0049669576608
7.29041332251633e-20 2.8513612452322e-19 -1.23295379969535e-20 2.00554513580425e-20 1.96451133291191e-20 3.28708954812897e-20 -1.0862543778675e-20 -7.33539260490734e-21 -7.9407919169442e-21 -1.03109999538971e-20 1.00000000003517 2.74072573675849
-7.83871822391108e-22 -3.06490961423373e-21 1.3249059182504e-22 -2.15448645221139e-22 -2.10979005087878e-22 -3.52914820567941e-22 1.16590683409143e-22 7.87099989352482e-23 8.51814216880398e-23 1.10574929126783e-22 0.999999999576699 0.15751314134431
-3.03329879921368e-21 -1.1843931387754e-20 5.11293078226438e-22 -8.3029780125551e-22 -8.11957292895995e-22 -1.35633273789081e-21 4.47467157247396e-22 3.01666271637467e-22 3.26016682129427e-22 4.2261825302563e-22 0.999999999916025 0.380530158133419
-1.01768632317303e-19 -3.97948650805243e-19 1.72042043155014e-20 -2.79790658148137e-20 -2.74011175780698e-20 -4.58393265546427e-20 1.51450661793709e-20 1.02252969319695e-20 1.10669843965399e-20 1.43674326664275e-20 0.999999999655926 2.23055997555967
1.25099720659203e-19 4.89147044262938e-19 -2.11454523481899e-20 3.43863109807495e-20 3.36736844163199e-20 5.63288092632206e-20 -1.86094481628098e-20 -1.25634299187893e-20 -1.35966388096369e-20 -1.76502718940168e-20 1.00000000041343 2.04223929688045
6.26455849166015e-23 2.45956954092121e-22 -1.06762117692035e-23 1.74325665074233e-23 1.71410324939041e-23 2.87900615694977e-23 -9.55006481447951e-24 -6.47346790588428e-24 -7.03414760119783e-24 -9.16806476031673e-24 0.999999999939347 -14.0336502160946
-3.83778349900868e-22 -1.50068997832794e-21 6.48777675496767e-23 -1.05509562763445e-22 -1.0332945644495e-22 -1.72858722764446e-22 5.71112145859728e-23 3.85587766372722e-23 4.17324287106274e-23 5.41776950706908e-23 0.999999999940973 -14.1773342777216
-3.97603390806462e-22 -1.55047975037912e-21 6.68452758780212e-23 -1.08407793973962e-22 -1.05871922598599e-22 -1.76615978513039e-22 5.81883639064326e-23 3.91749119446223e-23 4.22787758402211e-23 5.47302096632034e-23 1.00000000002585 0.0536754189440593
-6.97763939628294e-21 -2.72791318133263e-20 1.17908979235399e-21 -1.91714134784487e-21 -1.87714444104241e-21 -3.13961207246726e-21 1.0370916514545e-21 7.00051429111659e-22 7.57514979518729e-22 9.83215827691086e-22 0.999999999852799 0.214441157056466
2.64465268767851e-19 1.03389414568838e-18 -4.46866588144944e-20 7.26558647772845e-20 7.11377029314782e-20 1.18977216822991e-19 -3.92998315177251e-20 -2.65270709009743e-20 -2.87036049755525e-20 -3.72546094311649e-20 1.00000000077756 3.54123697404728
-1.21287828629185e-21 -4.74408191779258e-21 2.05154788363301e-22 -3.3373539072458e-22 -3.26933467813239e-22 -5.47080768890815e-22 1.80803392363684e-22 1.22105034667376e-22 1.32193240440119e-22 1.71664895644265e-22 0.999999999944636 -14.0964243206108
-1.67284600855573e-20 -6.54275820896674e-20 2.82917897285938e-21 -4.60204884035206e-21 -4.50794554353929e-21 -7.54294902124862e-21 2.49268193578575e-21 1.68331174758517e-21 1.82226295567413e-21 2.36621514889221e-21 0.999999999690722 1.17989463304153
5.84970175912786e-22 2.28822466546926e-21 -9.89596640801791e-23 1.60993736839761e-22 1.57723480869716e-22 2.63948237883813e-22 -8.72377249413757e-23 -5.89198805054963e-23 -6.37922846355959e-23 -8.2845917990068e-23 0.999999999936044 -14.1533222488492
-2.66945306043045e-20 -1.04259167908072e-19 4.50193905540389e-21 -7.31265294864755e-21 -7.15295823059697e-21 -1.19517148851027e-20 3.94399788171714e-21 2.65958480436903e-21 2.87500457609872e-21 3.72785188112942e-21 1.00000000083943 2.67721688768462
9.10763561219058e-20 3.56230952495242e-19 -1.54046616823868e-20 2.50590032027651e-20 2.45477627604013e-20 4.10766464545761e-20 -1.35750390659094e-20 -9.16767171159722e-21 -9.92488962086671e-21 -1.2888099264496e-20 1.00000000011298 1.4060749140757
4.37256833620778e-21 1.71096710408117e-20 -7.40186376185767e-22 1.20456848209164e-21 1.18047901030492e-21 1.97614972849404e-21 -6.53347655526858e-22 -4.41408357014123e-22 -4.78063184582318e-22 -6.21049864220026e-22 0.999999999837628 0.196624460915914
5.95132024275423e-22 2.32789220337441e-21 -1.00671605501149e-22 1.63773003804516e-22 1.60440575165204e-22 2.68485675408241e-22 -8.87342231492033e-23 -5.99284600010512e-23 -6.48819402315409e-23 -8.42580049047823e-23 0.999999999954075 -14.0077417974136
8.07987075982819e-21 3.16799875712977e-20 -1.37327804188927e-21 2.23934727243103e-21 2.19897003053904e-21 3.68850611237295e-21 -1.22192107208289e-21 -8.27191511492961e-22 -8.97668671735365e-22 -1.16847936381861e-21 0.999999998948113 2.19105172369842
7.15078317215727e-23 2.80819119937315e-22 -1.21923637835938e-23 1.99128754868549e-23 1.95844014436316e-23 3.29014751239597e-23 -1.09163470202675e-23 -7.40124957054061e-24 -8.04406130919498e-24 -1.04866369591673e-23 0.999999999942698 -14.0847208044757
4.00522735680975e-21 1.56701805413464e-20 -6.77821429684165e-22 1.10292927882666e-21 1.08072823199551e-21 1.80892360343533e-21 -5.97980415825636e-22 -4.03948048101735e-22 -4.37434160209487e-22 -5.68193670079885e-22 0.99999999981255 0.327450195533249
2.07668046964289e-20 8.13034300376553e-20 -3.51918637125889e-21 5.73015649994246e-21 5.61858431506024e-21 9.41070073368837e-21 -3.11300468009719e-21 -2.10430722943943e-21 -2.28027326103008e-21 -2.96388196228729e-21 0.99999999981888 0.102463128822315
1.3284447735823e-19 5.19508915887841e-19 -2.2461408763045e-20 3.6531883977463e-20 3.5780270948171e-20 5.98618445915307e-20 -1.97796949161516e-20 -1.33555235478129e-20 -1.44560916023407e-20 -1.87688385362156e-20 1.00000000023272 0.253863123573057
3.58211139758834e-20 1.40139883293646e-19 -6.0614839956182e-21 9.86250709518327e-21 9.66345066486865e-21 1.61738017748643e-20 -5.34632165814077e-21 -3.61135306904323e-21 -3.91051110416948e-21 -5.07918102978437e-21 0.999999999953162 0.186072511284195
8.72521686970049e-20 3.41251981365033e-19 -1.4755999397262e-20 2.40023176510951e-20 2.35111686560688e-20 3.93396218009692e-20 -1.30001743900778e-20 -8.7788983774552e-21 -9.50341121154527e-21 -1.23400115075167e-20 0.99999999996934 0.190347805453965
-4.73970729818579e-20 -1.85420522521978e-19 8.01970774281473e-21 -1.30481924438279e-20 -1.27843490561722e-20 -2.13964527594964e-20 7.07241831212509e-21 4.77711739311888e-21 5.17264306209056e-21 6.71824161396416e-21 1.00000000007627 0.145681098343133
3.50953891902691e-22 1.37239308825497e-21 -5.9333691895468e-23 9.6497312813142e-23 9.45073203071568e-23 1.58106781719398e-22 -5.22394356189247e-23 -3.52710341664271e-23 -3.81756517952106e-23 -4.95622671969243e-23 0.999999999952879 -14.0871356651209
-1.60120515107446e-21 -6.26100017858514e-21 2.7066674622547e-22 -4.40166659307014e-22 -4.31058114549799e-22 -7.21089852864098e-22 2.3823519974002e-22 1.60840077322526e-22 1.74072924111731e-22 2.25977225132914e-22 0.999999999938827 -14.1255577154352
-5.67131060782902e-22 -2.2192687035237e-21 9.60131773509345e-23 -1.56258229911156e-22 -1.53140989337462e-22 -2.56374557725119e-22 8.47659504574394e-23 5.72716632159006e-23 6.20307187140513e-23 8.05879996301163e-23 0.999999999939025 -14.1538101462996
-2.39853217135386e-21 -9.36353284141518e-21 4.04135416731732e-22 -6.56150811936679e-22 -6.4152767023351e-22 -1.071421880119e-21 3.53400473772922e-22 2.38201256208719e-22 2.57376016990486e-22 3.33570083001676e-22 0.999999999744296 0.00317555764410242
-5.79988705739651e-20 -2.26874431363157e-19 9.81174198302225e-21 -1.5962387134648e-20 -1.56381761144572e-20 -2.61703383694244e-20 8.64959279937425e-21 5.84189686182788e-21 6.32500417729548e-21 8.21418242953896e-21 0.999999999983824 0.273082038339669
1.2311870930003e-20 4.81301888626103e-20 -2.08020191202372e-21 3.38208436839671e-21 3.31130960162053e-21 5.53796214616248e-21 -1.82920815571854e-21 -1.23466187737791e-21 -1.33592329220491e-21 -1.73384977392611e-21 0.99999999991468 0.25275218476065
2.30512326772396e-20 9.01727245645024e-20 -3.89987569190096e-21 6.34479329546814e-21 6.21613901497067e-21 1.04030077758184e-20 -3.43843010887191e-21 -2.32238043445646e-21 -2.5145207409983e-21 -3.2656802750861e-21 1.00000000002723 0.199916367301917
-7.03316289841581e-22 -2.75116624739158e-21 1.18980954270116e-22 -1.93566021003766e-22 -1.89634453309253e-22 -3.17351276504331e-22 1.04888107094111e-22 7.08408967859225e-23 7.66991352360666e-23 9.96078087057524e-23 0.999999999938997 -14.062166052217
-1.10882441747591e-19 -4.33689809280369e-19 1.87538383072099e-20 -3.05064897307639e-20 -2.98834554466197e-20 -5.00039524068556e-20 1.65249785454682e-20 1.11596182643569e-20 1.20810991204007e-20 1.56877303973869e-20 1.00000000017484 0.294789905589796
-2.38963421597004e-22 -9.34868012521698e-22 4.04356182204803e-23 -6.579144083415e-23 -6.44631637287684e-23 -1.07891984538551e-22 3.56640124808362e-23 2.40903712781677e-23 2.60859022893286e-23 3.38817006082542e-23 0.999999999945672 -14.2276499060935
5.16706365821144e-20 2.02083359654239e-19 -8.73799470174797e-21 1.42129454718802e-20 1.39217194175853e-20 2.32935979448216e-20 -7.69738650141373e-21 -5.1978272854269e-21 -5.62663880898426e-21 -7.30588378217125e-21 1.00000000002433 0.220589137261011
-1.44039053763712e-19 -5.63293437991005e-19 2.43547470042034e-20 -3.96117161418221e-20 -3.87971821578552e-20 -6.49100042237419e-20 2.14479667261909e-20 1.44821307800905e-20 1.56757186871539e-20 2.03525580743461e-20 0.999999999757793 0.0651813043166527
-1.18072965832743e-20 -4.61926840609256e-20 1.99797651648931e-21 -3.2508626707175e-21 -3.18524846707754e-21 -5.33117443461398e-21 1.76224166174702e-21 1.19036415822186e-21 1.28897007746926e-21 1.67418070740728e-21 1.00000000021186 0.183086673250437
4.24672922364144e-22 1.66110296821262e-21 -7.18344968954362e-23 1.16858599785865e-22 1.14478731941549e-22 1.91568407082355e-22 -6.33119981415522e-23 -4.27582594425414e-23 -4.62916533161419e-23 -6.01148722887733e-23 0.999999999949503 -14.240302427745
2.10620064438779e-21 8.24376359819068e-21 -3.56735083949603e-22 5.80707226019271e-22 5.69252747386016e-22 9.53208654049621e-22 -3.15234587887949e-22 -2.1303531638041e-22 -2.30790546450801e-22 -2.99903117242354e-22 0.999999999960729 0.197049485564073
1.80663896734461e-19 7.06486556967534e-19 -3.05443506023195e-20 4.96762679741359e-20 4.86523119204337e-20 8.13940948201738e-20 -2.68933754964509e-20 -1.81580642269911e-20 -1.9653613208481e-20 -2.55159518079106e-20 0.999999999948027 1.88408863246188
-1.4536447789925e-20 -5.68220606782595e-20 2.45566907344822e-21 -3.99221096127615e-21 -3.90834856649876e-21 -6.53593459832735e-21 2.15866284118466e-21 1.45691244826052e-21 1.57626931856797e-21 2.04561362064114e-21 1.00000000000124 0.318093040354778
7.00512925820076e-22 2.74129939909491e-21 -1.18601810266646e-22 1.93026662399582e-22 1.89181997289411e-22 3.16721299219159e-22 -1.047219696807e-22 -7.07571307242089e-23 -7.6639262127542e-23 -9.95701114220324e-23 0.999999999946281 -14.0203066872868
-1.72525343406435e-19 -6.74570631662832e-19 2.91605994854137e-20 -4.74194554739046e-20 -4.64358241882777e-20 -7.76756100566482e-20 2.56613331520897e-20 1.73238971369857e-20 1.87482453086156e-20 2.43372887644174e-20 0.999999998722057 1.83667160057697
-2.92355698944811e-22 -1.14376627835306e-21 4.9471772143485e-23 -8.04949638640688e-23 -7.88708278287392e-23 -1.32007611732542e-22 4.36359607516349e-23 2.94755499274277e-23 3.19174294000673e-23 4.14562867251975e-23 0.999999999940402 -14.2789597369739
1.03315377782494e-22 4.04633159535962e-22 -1.75206842988658e-23 2.85384485801908e-23 2.79926971259356e-23 4.69021401563882e-23 -1.55203752036666e-23 -1.04949947909791e-23 -1.13765218936604e-23 -1.47921718815404e-23 0.999999999942196 -13.9761807824627
2.36885584410047e-20 9.26208337258267e-20 -4.00380775700897e-21 6.51071720124132e-21 6.37559786013209e-21 1.06646819411499e-20 -3.52320501186697e-21 -2.37848134694677e-21 -2.57400995612263e-21 -3.34131345796032e-21 0.999999999849986 0.0652178414075808
-2.54237411175784e-20 -9.93490944016839e-20 4.29222692476708e-21 -6.97577316321068e-21 -6.82713236877091e-21 -1.14135049789519e-20 3.76844851380088e-21 2.5425985521501e-21 2.75005557497316e-21 3.56780819222205e-21 0.999999999739478 1.20101401959548
-2.90231067394836e-22 -1.1353561295879e-21 4.91037699501161e-23 -7.98893133971597e-23 -7.82706698465577e-23 -1.30991875473933e-22 4.32964936143046e-23 2.92437431335642e-23 3.16637154199171e-23 4.11232426908438e-23 0.999999999935559 -14.1532586367508
-1.43249780822136e-19 -5.60142609182167e-19 2.42157392641665e-20 -3.93811086905901e-20 -3.85668896351947e-20 -6.45173022025237e-20 2.13157588864645e-20 1.43912072242851e-20 1.55755105928368e-20 2.02201272013151e-20 1.00000000027618 1.37733140151923
5.64656439463594e-22 2.20998099650791e-21 -9.56284295675117e-23 1.55659756239179e-22 1.52581503794977e-22 2.55483052372482e-22 -8.44860626240533e-23 -5.70925743670876e-23 -6.18475603531466e-23 -8.03640469005237e-23 0.999999999948377 -14.2030253164133
-8.30512352773753e-21 -3.25057044525537e-20 1.40659007717896e-21 -2.28963684221441e-21 -2.24440968032677e-21 -3.7581366984333e-21 1.24281370305439e-21 8.39868561989935e-22 9.09840488856224e-22 1.18226742545478e-21 0.999999999564184 0.0958049674530545
-2.49871773408318e-19 -9.769850926146e-19 4.22331156923369e-20 -6.86766909373733e-20 -6.72515098921981e-20 -1.12494060755411e-19 3.71638016824824e-20 2.50889491074081e-20 2.71514741700071e-20 3.52452708372108e-20 0.999999999430088 2.33328601631327
