1.07176357661861e-24 3.18816833329651e-24 -1.04850519921773e-25 1.29713037520092e-25 9.66330632607943e-26 1.2296892418997e-25 -3.09044211204121e-26 -1.58712185542352e-26 -1.30659549334436e-26 -1.29021220701137e-26 0.99999999977454 -11.0684361930707
9.60335146482471e-26 2.85748942112303e-25 -9.40012444863806e-27 1.16323200231215e-26 8.66818609640315e-27 1.10336115614085e-26 -2.77372140015497e-27 -1.42486091413266e-27 -1.17333872416098e-27 -1.15894682917387e-27 0.999999999992908 -36.9529431198035
-3.11089001990411e-27 -9.19527195872754e-27 3.00476116648135e-28 -3.69332128407537e-28 -2.73357526132887e-28 -3.4558104063138e-28 8.62782803635242e-29 4.40143428813594e-29 3.599188517604e-29 3.53004406981692e-29 0.999999999991171 -36.8729673629601
-9.08287309194054e-25 -2.70008651448036e-24 8.87398422227107e-26 -1.09709128240538e-25 -8.16761755219304e-26 -1.03866374468167e-25 2.60861268855657e-26 1.33877652488524e-26 1.10140548404389e-26 1.08686329217751e-26 0.999999999856377 -11.0733242091297
-6.90656918741371e-23 -2.05486702193336e-22 6.75915182901625e-24 -8.36342964536925e-24 -6.23168826152781e-24 -7.93148615373509e-24 1.99369657761613e-24 1.02406613629743e-24 8.43214762059935e-25 8.32793895525358e-25 0.999999999229344 -7.8868647759781
8.8266317502942e-26 2.62721053071591e-25 -8.64533777928689e-27 1.07017026511865e-26 7.97724622529459e-27 1.01573577980562e-26 -2.55425495617472e-27 -1.31253920693517e-27 -1.08118914627099e-27 -1.06826820682693e-27 0.999999999993964 -37.0225262271934
5.46610994677317e-23 1.62618567254441e-22 -5.34870898266804e-24 6.61776713007438e-24 4.93063717165042e-24 6.27512087181659e-24 -1.57723619439635e-24 -8.10094659508099e-25 -6.66984903175574e-25 -6.58696447644238e-25 1.00000000012393 -8.12609274948287
-1.91142477735705e-24 -5.68462606776878e-24 1.8691033397724e-25 -2.31178821964762e-25 -1.72183479430138e-25 -2.19059476504575e-25 5.50411940047213e-26 2.82603598955284e-26 2.32599284978909e-26 2.29629557449149e-26 1.00000000009915 -10.0654589212189
3.82840277256067e-24 1.13885969745091e-23 -3.74550136013173e-25 4.63375885542791e-25 3.4521210310543e-25 4.39304999651888e-25 -1.10408352490189e-25 -5.67024952276611e-26 -4.66813788046729e-26 -4.60971764429039e-26 0.999999999757438 -11.1159005007
1.39816295183555e-27 4.16422470587204e-27 -1.37117904279626e-28 1.69837826649021e-28 1.26677740066144e-28 1.6139506443659e-28 -4.06099406830976e-29 -2.08802373037825e-29 -1.72098180807389e-29 -1.7013857274956e-29 0.9999999999955 -37.0892710948643
2.27044131665811e-24 6.75623063258372e-24 -2.22272626022764e-25 2.75075192846017e-25 2.04996375900374e-25 2.60956840311394e-25 -6.56065251231049e-26 -3.37046670849393e-26 -2.77571267662894e-26 -2.7418792141945e-26 1.00000000000468 -11.0081315355587
3.46827511104374e-24 1.03184113840286e-23 -3.39390038339746e-25 4.19922260542634e-25 3.12872677305905e-25 3.98193114552316e-25 -1.00086458780147e-25 -5.14068718076492e-26 -4.23260861900724e-26 -4.1800743809721e-26 0.999999999958653 -11.1400755637081
-2.49488804152863e-24 -7.42214872222426e-24 2.44115724559377e-25 -3.02027141556338e-25 -2.25022364849202e-25 -2.8637382807327e-25 7.19775396892235e-26 3.69679620691234e-26 3.04365671052045e-26 3.00576728247758e-26 1.0000000000406 -9.44279501699384
6.16310737635634e-26 1.83358208510837e-25 -6.03098048840099e-27 7.4620651253344e-27 5.55979874513608e-27 7.07597784214348e-27 -1.77856326249744e-27 -9.13516585577978e-28 -7.52150289402807e-28 -7.42816889422368e-28 0.999999999994355 -37.0899485120564
9.34914650683045e-27 2.78650286306766e-26 -9.18191233088404e-28 1.13812382614303e-27 8.49520760674538e-28 1.08314106648086e-27 -2.72741169267697e-28 -1.40339470655913e-28 -1.1575752657193e-28 -1.14526712994507e-28 0.999999999999396 -36.8874044409266
-9.12399685971095e-26 -2.7155689593026e-25 8.93559993731567e-27 -1.10603882258055e-26 -8.24415559883179e-27 -1.0496622430225e-26 2.63942096363915e-27 1.35622655917568e-27 1.11711306373126e-27 1.10370040174485e-27 0.999999999989698 -36.9583264993225
-1.88656596845009e-23 -5.6149023968442e-23 1.84756450840834e-24 -2.28686641576281e-24 -1.70455550771414e-24 -2.17024667150689e-24 5.45711054815329e-25 2.80401875020827e-25 2.30961924283235e-25 2.28186034603148e-25 1.00000000006086 -10.9944181262358
2.60014222611302e-23 7.73753035716577e-23 -2.54562683773112e-24 3.15043723205788e-24 2.34788065069447e-24 2.98888172704677e-24 -7.514447841222e-25 -3.86055599816806e-25 -3.17939056606719e-25 -3.1407041682741e-25 1.00000000020386 -11.0274424992846
4.9525776096801e-27 1.46577833317657e-26 -4.79598281534968e-28 5.90276750617328e-28 4.37469396895919e-28 5.53798618065317e-28 -1.38451022296101e-28 -7.07276441919783e-29 -5.79172001028269e-29 -5.6885155624873e-29 0.99999999999204 -36.8218463755285
8.0771599592118e-24 2.40535340141807e-23 -7.91928510501851e-25 9.8079115785252e-25 7.31469064633116e-25 9.31842849188928e-25 -2.3444705699567e-25 -1.20534423838662e-25 -9.93386868868461e-26 -9.8200709110914e-26 0.999999999705752 -10.061057768617
4.48519181659245e-24 1.33500394349708e-23 -4.39310233455183e-25 5.43805928055947e-25 4.05364563985111e-25 5.16149229489412e-25 -1.29795772676675e-25 -6.6697626903062e-26 -5.49416363814196e-26 -5.42852766070362e-26 1.00000000000871 -11.1365177551342
-1.48984468544473e-24 -4.43543634718735e-24 1.45988537298209e-25 -1.80752709730159e-25 -1.34765866805934e-25 -1.71633661318851e-25 4.3169855422758e-26 2.21882523751157e-26 1.82812875856668e-26 1.80667288699856e-26 0.999999999715376 -11.1287205928655
-1.75699843644223e-26 -5.22747918664534e-26 1.71949342946455e-27 -2.12761284072152e-27 -1.58530905097783e-27 -2.01772959219651e-27 5.07186610555286e-28 2.6051767630863e-28 2.14510234286661e-28 2.11859589693065e-28 0.999999999997664 -36.8008604631468
-2.95866644871866e-26 -8.81457072388887e-26 2.90330776841114e-27 -3.59723108776571e-27 -2.68393709381346e-27 -3.42060946839826e-27 8.60973778440575e-28 4.42833465843635e-28 3.65116808537939e-28 3.61087110111478e-28 0.999999999994746 -36.8780748333659
1.42573392427771e-26 4.24119282789181e-26 -1.39484075804697e-27 1.72561901712086e-27 1.2855656661321e-27 1.63595405553834e-27 -4.11153067214255e-28 -2.11154512494773e-28 -1.73835473747656e-28 -1.71658586472395e-28 0.999999999991608 -36.956677880016
4.73302865458289e-24 1.40837574481713e-23 -4.633243677609e-25 5.73370771541979e-25 4.27282535942014e-25 5.43904123467414e-25 -1.36736758526914e-25 -7.02445664312858e-26 -5.78470910414365e-26 -5.71399067198377e-26 0.99999999993939 -11.1556532943909
-1.20001168735759e-25 -3.5317375304654e-25 1.14900525914596e-26 -1.40598779725297e-26 -1.03588380617214e-26 -1.30348944003078e-26 3.23890055804655e-27 1.64432866631586e-27 1.33799901527684e-27 1.3057058947281e-27 0.999999999596333 -10.1651577597293
1.9088676619625e-23 5.67948458942196e-23 -1.86822498896159e-24 2.31170906879738e-24 1.72252805873313e-24 2.19243635227087e-24 -5.51116417260593e-25 -2.8308976880951e-25 -2.33102147981736e-25 -2.30227679197693e-25 0.999999999740714 -10.1737358824885
8.6106138388106e-25 2.57560160743258e-24 -8.51725387348206e-26 1.05948188996055e-25 7.9360794828173e-26 1.01539622275195e-25 -2.56572643191859e-26 -1.32476648133142e-26 -1.09647667550455e-26 -1.08852530186855e-26 0.999999999736133 -10.2068693562784
4.68856633256284e-26 1.39476168838909e-25 -4.58719329772384e-27 5.67515544417305e-27 4.22802504114902e-27 5.38052733617638e-27 -1.35228347008158e-27 -6.94504476209132e-28 -5.71772912671775e-28 -5.64626432584357e-28 0.999999999994875 -37.0347050089883
2.63743338971669e-23 7.84756805639868e-23 -2.58152191649168e-24 3.1944807783177e-24 2.38042147058469e-24 3.02994669299632e-24 -7.61678628014934e-25 -3.91266811605738e-25 -3.22192567299152e-25 -3.18234434081952e-25 1.00000000063255 -8.84450674370553
-3.66839366093586e-24 -1.09141926441907e-23 3.59000052335095e-25 -4.442027335245e-25 -3.30976485237371e-25 -4.21250746754274e-25 1.05886346229594e-25 5.43880869156477e-26 4.47825634778222e-26 4.42286156858587e-26 0.999999999927912 -11.1097472028246
5.29083494272465e-24 1.57413958754298e-23 -5.17784990860084e-25 6.40677488341206e-25 4.77373868540024e-25 6.07582733488907e-25 -1.52724218749038e-25 -7.84467426652937e-26 -6.45926701106644e-26 -6.37941362949413e-26 0.999999999699533 -10.2379159783792
1.87212400434117e-24 5.57265109040225e-24 -1.83390263009736e-25 2.27025414327237e-25 1.69239542461789e-25 2.15504728056968e-25 -5.4196028304784e-26 -2.78511173575135e-26 -2.29434696359293e-26 -2.26706909975031e-26 0.999999999993556 -11.2056112808153
-2.06542436535981e-24 -6.14539486143706e-24 2.02151677727414e-25 -2.50143123999011e-25 -1.86392670505427e-25 -2.37244725965683e-25 5.96375619848936e-26 3.063427312131e-26 2.52253074995133e-26 2.49146293162996e-26 1.00000000004917 -10.9637567025287
-9.03011027553032e-27 -2.69360550211914e-26 8.88301744488348e-28 -1.10196864365845e-27 -8.23200344123145e-28 -1.05043183273087e-27 2.64718528918198e-28 1.36321311699339e-28 1.12533786828623e-28 1.11426826364334e-28 0.999999999996898 -36.9168495418312
2.80472065039642e-23 8.34605724943661e-23 -2.74574523381605e-24 3.39799590468065e-24 2.53229663097367e-24 3.22354583271587e-24 -8.10417426720072e-25 -4.16340010821277e-25 -3.4286944804082e-25 -3.38687033854774e-25 1.00000000006102 -11.067760244279
-5.46999494520487e-26 -1.6279628491122e-25 5.35659859290365e-27 -6.63005858507867e-27 -4.94168044930404e-27 -6.29157551164904e-27 1.58197542822243e-27 8.12838799214858e-28 6.69499557581537e-28 6.61432029649313e-28 0.999999999992794 -36.9810819442682
-1.25255507486208e-26 -3.72558558952352e-26 1.22512180630989e-27 -1.51547092281316e-27 -1.12887261761373e-27 -1.43638114359951e-27 3.60952439170565e-28 1.85350858816341e-28 1.52573941488615e-28 1.50645149243595e-28 0.999999999997977 -36.8707607539886
-2.9340890843612e-23 -8.7297474385786e-23 2.87155547061795e-24 -3.55317412017735e-24 -2.64755444250703e-24 -3.36977473982944e-24 8.47056748483148e-25 4.35099530915636e-25 3.58266334516336e-25 3.5384457764527e-25 0.999999999708408 -10.0693810686075
-5.63458930128827e-23 -1.67640982814047e-22 5.51423448866507e-24 -6.82297789343628e-24 -5.08383889886593e-24 -6.47048909959792e-24 1.62644004239869e-24 8.35417234432537e-25 6.87875802427478e-25 6.79369031515919e-25 0.99999999992245 -9.35295552133793
-2.20641675808826e-24 -6.55657281723014e-24 2.15403389972296e-25 -2.66201857784206e-25 -1.98106128405369e-25 -2.51832310490029e-25 6.32236844262456e-26 3.24348406217745e-26 2.66737547528969e-26 2.63114533387269e-26 0.999999999747995 -11.2202762168811
-7.83300298786476e-24 -2.32929364842973e-23 7.65785310125554e-25 -9.47050766283479e-25 -7.05290944326832e-25 -8.97202772847298e-25 2.25407447454691e-25 1.15720439778732e-25 9.5234181835133e-26 9.40079281685446e-26 0.999999999398972 -9.86265658284403
1.18825914446628e-26 3.53263272187655e-26 -1.16110702169291e-27 1.43558548283555e-27 1.06884390529462e-27 1.35933457838986e-27 -3.41423490468491e-28 -1.75236346733272e-28 -1.44176854442389e-28 -1.42283763860707e-28 0.999999999996173 -37.0251190587442
-2.6791854594411e-23 -7.97268740941889e-23 2.62297306755735e-24 -3.2461356428883e-24 -2.41918238919062e-24 -3.07962694815475e-24 7.74253653783615e-25 3.97770778805778e-25 3.27584808004217e-25 3.235964711987e-25 1.00000000055365 -8.83510324961288
-3.83989761471748e-23 -1.14239727335733e-22 3.75752391968669e-24 -4.64911227896251e-24 -3.46391622608544e-24 -4.40851398484304e-24 1.1080839543659e-24 5.69137912404246e-25 4.68601397289508e-25 4.6278442692572e-25 0.999999999120394 -8.35571868511451
-3.78335387900936e-26 -1.12625274716574e-25 3.7066530728168e-27 -4.58893384575199e-27 -3.42113974709366e-27 -4.3566976957938e-27 1.09572036776141e-27 5.63127254731033e-28 4.63932363169693e-28 4.58450006166232e-28 0.999999999990482 -36.8814442644853
2.13359347741473e-23 6.34898254919287e-23 -2.0887368748855e-24 2.58491983288953e-24 1.92636929581897e-24 2.45222080686487e-24 -6.16503091823593e-25 -3.16719943857306e-25 -2.60829576752234e-25 -2.57648379721256e-25 0.999999999536284 -8.61036454389192
1.34241162641635e-24 3.99237331958857e-24 -1.31269475664535e-25 1.62360404723329e-25 1.20927659943968e-25 1.5385044442971e-25 -3.86569466302912e-26 -1.98481865821249e-26 -1.63363646634065e-26 -1.61279506732873e-26 0.999999999771284 -10.9895360520434
9.01226639787588e-25 2.68351935635923e-24 -8.83410168193303e-26 1.09396545343568e-25 8.1578131421306e-26 1.03913330457997e-25 -2.61411232001572e-26 -1.34382123264363e-26 -1.10738805400099e-26 -1.09457905220191e-26 0.999999999871164 -10.8973491236388
-1.70605627836559e-23 -5.07610718040633e-23 1.66976477794744e-24 -2.06615782419806e-24 -1.53957465271462e-24 -1.95959132870995e-24 4.92590311451704e-25 2.53029192022192e-25 2.08351486510099e-25 2.05784031639046e-25 1.00000000021586 -8.60407274270052
3.30950573975687e-23 9.84531704546994e-23 -3.23804852397585e-24 4.00608979869485e-24 2.98460641389703e-24 3.79822728398798e-24 -9.54619775861497e-25 -4.90280147210159e-25 -4.03644832386295e-25 -3.98605765328488e-25 0.999999999389746 -9.28836203878935
-4.68902982710601e-26 -1.39592401326395e-25 4.59439111865291e-27 -5.68824317528077e-27 -4.24089705609222e-27 -5.40088742784051e-27 1.35840240784541e-27 6.98162454688007e-28 5.75209529697069e-28 5.68440578984884e-28 1.00000000000297 -36.8138968625504
8.78216766760153e-27 2.61754419529341e-26 -8.62527536697995e-28 1.06914144746308e-27 7.98042455517357e-28 1.01752220187238e-27 -2.56222323549102e-28 -1.31842071580803e-28 -1.08750649751403e-28 -1.0759655727843e-28 0.999999999999588 -37.0363674143692
-1.88650295368597e-24 -5.61012326689529e-24 1.84448235481047e-25 -2.28118441273567e-25 -1.69892988297411e-25 -2.16131525091079e-25 5.43020827483951e-26 2.78791398203857e-26 2.29447627724282e-26 2.26504573360943e-26 0.999999999862305 -11.0940724910716
4.18487293589357e-25 1.2434508056804e-24 -4.08471245091943e-26 5.04751387252725e-26 3.75596973043891e-26 4.77412305376277e-26 -1.19845077344443e-26 -6.14767164811342e-27 -5.05524029344036e-27 -4.98610595792843e-27 0.999999999853193 -11.0308012951238
4.55288286990167e-23 1.35467308057937e-22 -4.45625086415221e-24 5.51427564242833e-24 4.10900245240247e-24 5.23012238332105e-24 -1.31474923711506e-24 -6.7536482164036e-25 -5.56128536098475e-25 -5.49289179458445e-25 1.00000000047707 -7.46958344782246
-8.0045776744075e-27 -2.38403449931765e-26 7.85008176157421e-28 -9.72344044629845e-28 -7.25262547694046e-28 -9.24056425137566e-28 2.32518644222377e-28 1.19558905517984e-28 9.85479836371739e-29 9.74323326761897e-29 0.999999999995265 -36.9017780700113
-3.43190595566013e-24 -1.02131887828541e-23 3.36027254679189e-25 -4.15883234774704e-25 -3.09954158809964e-25 -3.94594566256569e-25 9.92111342604774e-26 5.09722984818761e-26 4.1980665018052e-26 4.14718669214345e-26 0.999999999780072 -10.0080966710038
3.45368362606152e-26 1.02768246405266e-25 -3.38082314986382e-27 4.18378806017378e-27 3.11778378195542e-27 3.9687143228335e-27 -9.97721461629081e-28 -5.12546447019387e-28 -4.2208350742591e-28 -4.16919936097035e-28 1.00000000000052 -37.0334139696412
6.11511582820951e-24 1.82093705494638e-23 -5.99476483221798e-25 7.42391416060563e-25 5.53633914131335e-25 7.05244676959519e-25 -1.77424029401159e-25 -9.12114492973332e-26 -7.51670276995138e-26 -7.43009528549053e-26 0.999999998863425 -9.28904803831369
4.63716433907379e-24 1.38034516959108e-23 -4.54265898930641e-25 5.6236255922934e-25 4.19229530796999e-25 5.33844747669714e-25 -1.34256037079267e-25 -6.89949369588952e-26 -5.68384171232474e-26 -5.6163732723898e-26 0.999999999945373 -10.0378915362648
-2.53525938814773e-24 -7.5423956509371e-24 2.48075162664738e-25 -3.06931120380693e-25 -2.28679697821108e-25 -2.91032689322297e-25 7.31495260281485e-26 3.75703852235148e-26 3.09329238459629e-26 3.0548182134436e-26 0.999999999881816 -10.9500816981573
-1.619472837764e-26 -4.83018216676513e-26 1.59271872413093e-27 -1.97559083488616e-27 -1.47564756891429e-27 -1.88275780251791e-27 4.74417324586028e-28 2.44281012137185e-28 2.01631684788438e-28 1.99625323234559e-28 0.999999999992858 -36.8868071069797
2.85140109489958e-23 8.48311046212759e-23 -2.79022381286355e-24 3.45228522916499e-24 2.5721920387581e-24 3.27361522958216e-24 -8.22825044397851e-25 -4.22621711547116e-25 -3.47966428446025e-25 -3.43646564871952e-25 0.999999998896002 -9.11091832407311
1.10574874024589e-25 3.29117237175156e-25 -1.08300877273523e-26 1.3405934501219e-26 9.99289592147774e-27 1.27236941271725e-26 -3.19956373018802e-27 -1.64411732193929e-27 -1.3543039502571e-27 -1.33810029922649e-27 0.999999999994142 -36.8779794600985
4.23339303675176e-24 1.25931906150271e-23 -4.14161712944686e-25 5.12374734640436e-25 3.8171078528733e-25 4.85745241817717e-25 -1.22078218076314e-25 -6.26948859285105e-26 -5.16139581477287e-26 -5.09672509714006e-26 0.999999999828907 -11.0605013301477
1.10012521658101e-23 3.27338066150981e-23 -1.07680758642812e-24 1.3324886071039e-24 9.9292874977319e-25 1.2638638243261e-24 -3.17715352091317e-25 -1.6320769996954e-25 -1.34395404938111e-25 -1.32744767078744e-25 1.00000000011209 -11.0447756463166
1.85682568912192e-23 5.52604037994551e-23 -1.81821039227097e-24 2.25039100332797e-24 1.67726226138655e-24 2.13536217726377e-24 -5.36905432341677e-25 -2.7585987708432e-25 -2.27206405951401e-25 -2.24461458585969e-25 0.999999999973654 -11.0569721764552
-7.85463787993924e-25 -2.32874528676241e-24 7.63304492024851e-26 -9.41131257850653e-26 -6.987542257427e-26 -8.86173865786017e-26 2.21953353766326e-26 1.13595600582929e-26 9.31955296099482e-27 9.17086362576322e-27 0.999999999895186 -11.0809146252356
1.64169609357962e-23 4.88615065027354e-23 -1.60778544164743e-24 1.99009167626546e-24 1.48336219685515e-24 1.88863874871946e-24 -4.74904465430889e-25 -2.44021496279212e-25 -2.00997751317803e-25 -1.985836432398e-25 1.00000000011008 -11.1031578576122
-1.02706123048618e-23 -3.05626764734321e-23 1.00548054557753e-24 -1.24434211979785e-24 -9.27331800533324e-25 -1.18047870961987e-24 2.96781566332488e-25 1.52468543305865e-25 1.25563944261068e-25 1.24033471747613e-25 1.00000000000485 -11.0487221007956
2.50671572892671e-26 7.46221795433501e-26 -2.4559440524956e-27 3.04055810871317e-27 2.26682412479481e-27 2.88675853026813e-27 -7.26037926167723e-28 -3.73141182001394e-28 -3.07417714805124e-28 -3.03790585957123e-28 0.99999999999463 -36.7562142212976
-4.86797283611924e-26 -1.44851746201713e-25 4.76525779349543e-27 -5.89702194182952e-27 -4.39448660116717e-27 -5.5938528217656e-27 1.40627261522055e-27 7.22424395447007e-28 5.94917152959561e-28 5.87637719346773e-28 0.9999999999969 -36.7754107342856
-4.77624947673959e-26 -1.4215706495943e-25 4.67775238616203e-27 -5.79015177392476e-27 -4.31590607500652e-27 -5.49517810744703e-27 1.38180709036712e-27 7.10031673966114e-28 5.84856736244951e-28 5.77844016095948e-28 0.999999999994254 -37.0509728017719
-7.08561060514187e-25 -2.10755118837131e-24 6.93052660214383e-26 -8.57310600413405e-26 -6.38615401154826e-26 -8.1258397013683e-26 2.04198658952453e-26 1.04858127793591e-26 8.63162764178423e-27 8.52260894119197e-27 0.99999999974325 -11.2077850263754
-1.08419459953238e-23 -3.22644942497838e-23 1.06152370256114e-24 -1.31376698521128e-24 -9.79120595079356e-25 -1.2464694945936e-24 3.13388353834395e-25 1.6100842026703e-25 1.32603707564372e-25 1.3099417057985e-25 0.999999999913457 -11.0989422837543
2.55303618119406e-24 7.59731419762473e-24 -2.49948354537183e-25 3.09331505248376e-25 2.30529806624086e-25 2.93465807757239e-25 -7.3780827993008e-26 -3.79047766948341e-26 -3.1216597629702e-26 -3.08365852049746e-26 0.999999999938485 -11.1211725288008
2.18184707640411e-24 6.49077715402018e-24 -2.13479639315173e-25 2.64119335030964e-25 1.96776523564392e-25 2.50422968436782e-25 -6.29406068650734e-26 -3.23260314525433e-26 -2.66143191500423e-26 -2.62825631537999e-26 0.999999999850478 -10.9647768591662
-9.813077579848e-26 -2.92058723928968e-25 9.60997798952453e-27 -1.18948361308226e-26 -8.86591930860017e-27 -1.12879937132699e-26 2.83834720804053e-27 1.45840742275699e-27 1.20125055325123e-27 1.1868001884773e-27 0.999999999995545 -36.8335917093313
-2.07719722911126e-23 -6.18155676229149e-23 2.03378545892634e-24 -2.51707505591953e-24 -1.87592868817321e-24 -2.38816345530184e-24 6.00436989953343e-25 3.08485889776714e-25 2.54064770441192e-25 2.50982102983357e-25 1.00000000005634 -11.0453715558093
-2.65207365960038e-26 -7.89419083058585e-26 2.59786724057976e-27 -3.21595662727284e-27 -2.39735687595221e-27 -3.05269140906777e-27 7.67695391171197e-28 3.94511422631674e-28 3.24991241227754e-28 3.21124202359299e-28 0.999999999990449 -36.9372132094635
5.28358821352737e-24 1.57263244159513e-23 -5.17502799848604e-25 6.40592699504846e-25 4.77507781783813e-25 6.08004148366036e-25 -1.52893265045731e-25 -7.85660100523283e-26 -6.47175960355098e-26 -6.3943922419345e-26 0.999999999735171 -11.13139111752
-1.31299663039429e-23 -3.90834324320316e-23 1.28620133397854e-24 -1.59224167570785e-24 -1.18696570671254e-24 -1.51145402824934e-24 3.80108343503636e-25 1.95336930454991e-25 1.60917255302448e-25 1.59004734902827e-25 1.00000000005694 -11.0732382664818
-1.35103449698228e-24 -4.01654901531763e-24 1.32015789671369e-25 -1.6322303835689e-25 -1.21524876506332e-25 -1.54552309694873e-25 3.88186557996482e-26 1.99236530941757e-26 1.63922186415797e-26 1.61768765962766e-26 0.999999999933095 -10.9514238244619
8.78324804632626e-26 2.61345434692177e-25 -8.59729270221146e-27 1.06387874983847e-26 7.9277794863523e-27 1.00910980855451e-26 -2.53676849453695e-27 -1.30312954478461e-27 -1.07308840060851e-27 -1.05991843191788e-27 0.999999999994588 -36.9529327014942
8.89985312104409e-25 2.6496580970712e-24 -8.72135663767389e-26 1.07984660472958e-25 8.05136063779741e-26 1.02542551137006e-25 -2.57925739467111e-26 -1.32571382639008e-26 -1.09231079935526e-26 -1.0795229793807e-26 0.999999999890237 -11.0769902122454
4.86960640316078e-23 1.44868060020363e-22 -4.76473244907321e-24 5.89505804579905e-24 4.39204442439983e-24 5.589498800579e-24 -1.40486508232069e-24 -7.21540617640177e-25 -5.94057070115165e-25 -5.86657538492131e-25 0.999999999939542 -9.44218004005017
6.27278505243564e-24 1.86640194761418e-23 -6.13955836316779e-25 7.59718789480087e-25 5.66106009178644e-25 7.2056017800362e-25 -1.8113336168734e-25 -9.30445934123985e-26 -7.66170008209814e-26 -7.56742881749898e-26 0.99999999982902 -11.1644330509995
5.92149789083198e-26 1.76164880963777e-25 -5.79420937371437e-27 7.16890342677067e-27 5.34121858147647e-27 6.79759805201105e-27 -1.70854421467488e-27 -8.77528806597022e-28 -7.22499856465962e-28 -7.13515240234067e-28 0.999999999994235 -36.9240516721058
-4.94723243298669e-23 -1.47189350595763e-22 4.84147376953673e-24 -5.99049209351396e-24 -4.4635100508679e-24 -5.6809120968183e-24 1.42795742669398e-24 7.33460777070848e-25 6.03920509344716e-25 5.9644691238968e-25 0.999999999832377 -9.30796330650895
-2.32545539292517e-27 -6.91484535297407e-27 2.27325100186891e-28 -2.81124951050202e-28 -2.09355259476052e-28 -2.66317246758009e-28 6.69073401575274e-29 3.43491599543544e-29 2.826852721296e-29 2.79050530575109e-29 0.999999999996854 -37.00768184599
-8.86811285637352e-29 -2.47291079019769e-28 7.58743237132582e-30 -8.7089593915682e-30 -5.98090520059794e-30 -6.96280255664706e-30 1.58628247898523e-30 7.30258382304247e-31 5.31403860616106e-31 4.55532150707656e-31 0.999999999995554 -36.7413495383992
-1.41769843054418e-24 -4.21133829445258e-24 1.38306401681281e-25 -1.70862562592037e-25 -1.27109908106014e-25 -1.61524415695285e-25 4.05369749773157e-26 2.07887167446236e-26 1.70900768135657e-26 1.68518743950328e-26 0.9999999999626 -11.0477381613413
-4.97189772382418e-24 -1.48005888420854e-23 4.87105330857668e-25 -6.03046016843847e-25 -4.49580106773842e-25 -5.725207267004e-25 1.43989538536824e-25 7.40005709712207e-26 6.09649765890276e-26 6.02441448325935e-26 0.999999999510228 -9.8453485551874
-1.00811580795281e-26 -3.00447761611794e-26 9.89952242162737e-28 -1.22699513161304e-27 -9.1579894840762e-28 -1.16757444103461e-27 2.93984382657661e-28 1.5126135583465e-28 1.24759197197435e-28 1.23425782699811e-28 0.999999999992886 -37.1260915445397
-1.71116051188359e-23 -5.09279180428592e-23 1.67574634697808e-24 -2.07417038189531e-24 -1.54600090375599e-24 -1.96835151640669e-24 4.94938546902605e-25 2.54310568894443e-25 2.09468564120434e-25 2.06948603351097e-25 1.00000000023057 -9.93874269701721
1.4546905793851e-25 4.32840154365292e-25 -1.42387410105472e-26 1.76197349335488e-26 1.31297441408234e-26 1.67124723063844e-26 -4.20127187554695e-27 -2.15816839466142e-27 -1.7771788251893e-27 -1.7553595012837e-27 1.00000000000172 -36.9652380136293
-1.16961710198863e-24 -3.48900130973243e-24 1.15065099141517e-25 -1.42747257062157e-25 -1.06639718300005e-25 -1.36080441611023e-25 3.42946241032355e-26 1.76611433641655e-26 1.45797753086183e-26 1.44367682002015e-26 0.999999999865804 -10.9258662288379
-2.82346944009422e-23 -8.40236906247717e-23 2.76444198458707e-24 -3.42134503250723e-24 -2.54985399729624e-24 -3.24609505546185e-24 8.16136375940906e-25 4.19303634109285e-25 3.45331115945868e-25 3.41139394282172e-25 0.999999999538395 -9.0760997978393
