-2.47960239782539e-27 -7.17242282127267e-27 2.29368575772991e-28 -2.75919734853102e-28 -1.99874694713904e-28 -2.47319016338304e-28 6.04379841227882e-29 3.01803318357176e-29 2.41588606073983e-29 2.31961108659117e-29 -37.0077784034756 1.00000000004602
1.45002878559088e-25 4.18042027697408e-25 -1.33244549801319e-26 1.59757681499556e-26 1.15345912762962e-26 1.42255566034768e-26 -3.46490255445531e-27 -1.72455197087404e-27 -1.37594747798652e-27 -1.31678725744934e-27 1.41420643186177 0.999999999903787
-6.05529015768986e-26 -1.74628027279382e-25 5.56774870765696e-27 -6.67772598550267e-27 -4.82287752061801e-27 -5.94991792380595e-27 1.44967591500901e-27 7.21763449887289e-28 5.76049317221315e-28 5.5145889648797e-28 1.32708129517792 1.00000000002088
1.44951359224518e-25 4.18096995030308e-25 -1.33327059600508e-26 1.59934684826547e-26 1.15530192753481e-26 1.42552635437954e-26 -3.47384166716457e-27 -1.72985066048554e-27 -1.38085421626205e-27 -1.32213425426048e-27 1.17421750794153 1.00000000015758
-1.43031809472169e-27 -4.15347176121277e-27 1.33339859194967e-28 -1.61018444414338e-28 -1.17085669348732e-28 -1.45426304579389e-28 3.56715184837684e-29 1.78792222365664e-29 1.43648479860174e-29 1.38428940607504e-29 -36.8951439410408 1.00000000004595
2.39959802456264e-24 6.91980782253363e-24 -2.20615491253066e-25 2.6458243613386e-25 1.91079647411817e-25 2.35719058513219e-25 -5.74288227177978e-26 -2.85909696089784e-26 -2.28175186291481e-26 -2.18422002488523e-26 2.45332386016598 1.00000000058981
-8.58985010494309e-27 -2.47795616705752e-26 7.90293284264612e-28 -9.48126318737436e-28 -6.84971862477584e-28 -8.45291132188162e-28 2.06013200438855e-28 1.02600091130601e-28 8.19108081170948e-29 7.84374241550103e-29 -37.1035547032179 1.00000000004894
8.00859931164196e-27 2.30806471966873e-26 -7.35402300349377e-28 8.81422572370547e-28 6.36166668759503e-28 7.84302576210855e-28 -1.90963541172827e-28 -9.50123735659671e-29 -7.57791216782756e-29 -7.24947466700641e-29 -37.0731197043439 1.00000000004739
-1.16498150145124e-24 -3.36077507533905e-24 1.07188045946013e-25 -1.28598632141334e-25 -9.29083640971021e-26 -1.14656895445559e-25 2.7944770499924e-26 1.39176120466994e-26 1.11114188873202e-26 1.06405189757815e-26 2.50591371358651 1.00000000031492
4.86014502442249e-27 1.40161840073689e-26 -4.46885603793605e-28 5.35976255534614e-28 3.87099602982751e-28 4.77558216691368e-28 -1.16354836224254e-28 -5.79303140052253e-29 -4.62346372748924e-29 -4.42605733792396e-29 -37.1066804690492 1.00000000004831
-1.59263301523061e-25 -4.58629132416236e-25 1.46013807283613e-26 -1.74867532256982e-26 -1.2611094748039e-26 -1.55354265815259e-26 3.7796228906957e-27 1.8790462125714e-27 1.49750045385267e-27 1.43147860128984e-27 2.51258260109525 1.00000000027813
-3.3472742006011e-24 -9.6555796706521e-24 3.07929914443719e-25 -3.69409857887933e-25 -2.66866173644188e-25 -3.29310408646564e-25 8.0255050235266e-26 3.99671401960946e-26 3.19061477098404e-26 3.05516130523813e-26 1.24166414389696 1.00000000004532
1.65390690972419e-24 4.77109465366628e-24 -1.52163805243401e-25 1.82552441706858e-25 1.31884048056556e-25 1.62750998118936e-25 -3.96652251771878e-26 -1.97542190340965e-26 -1.57706752013157e-26 -1.51018124711438e-26 1.22521879783729 1.00000000033106
3.36915331633504e-27 9.71691883752913e-27 -3.09829477595633e-28 3.71620663325995e-28 2.68414091602273e-28 3.31159746237727e-28 -8.06909155441542e-29 -4.01768074820901e-29 -3.20676170036613e-29 -3.07005613322258e-29 -36.9141915969892 1.00000000004833
9.64141998742499e-24 2.77992346101214e-23 -8.86157744074696e-25 1.06260583886785e-24 7.6729382023427e-25 9.46407071523981e-25 -2.30541507967286e-25 -1.14758262709803e-25 -9.15712805536739e-26 -8.76441590883992e-26 4.26009606592289 0.999999999309863
-5.21059705703901e-24 -1.5028371113463e-23 4.79206538664162e-25 -5.74799741148707e-25 -4.15182247945693e-25 -5.12256884475876e-25 1.2482217625417e-25 6.21526171705195e-26 4.96098165161793e-26 4.74967868829912e-26 2.4925592034634 1.00000000032933
4.87942055407157e-27 1.40680317331807e-26 -4.48419338394763e-28 5.37672511730983e-28 3.88221173236e-28 4.78814082980616e-28 -1.16629665032763e-28 -5.80516222271208e-29 -4.63190575892091e-29 -4.43295140581654e-29 -36.9370080722573 1.00000000004617
-4.3621523371566e-28 -1.27434645813036e-27 4.11529214205819e-29 -4.99848378811753e-29 -3.65550256010537e-29 -4.56590443438849e-29 1.12617743845633e-29 5.67540853831689e-30 4.58432836223659e-30 4.44111077075761e-30 -37.034468514334 1.00000000004803
-1.08558681749308e-26 -3.13255723841554e-26 9.993556051222e-28 -1.19929017329687e-27 -8.66676582963788e-28 -1.06983511084268e-27 2.60814499783369e-28 1.29930324814557e-28 1.03760015592759e-28 9.9388955473515e-29 -36.7703693169447 1.00000000004995
-9.0845011207421e-27 -2.62303411481595e-26 8.37323584272558e-28 -1.00546241112472e-27 -7.27054329502431e-28 -8.98038247200072e-28 2.19067447697253e-28 1.09200522405181e-28 8.72594038026872e-29 8.36350472061173e-29 -36.9029750464105 1.00000000004836
3.19313880176685e-25 9.2229657615241e-25 -2.94517004771132e-26 3.53780371658964e-26 2.55909289492808e-26 3.16202834055875e-26 -7.71615524937368e-27 -3.84769335366421e-27 -3.07567930228886e-27 -2.94897186057282e-27 2.78570111634225 0.99999999897941
-1.23140586674774e-26 -3.55353763926752e-26 1.13372349699904e-27 -1.36061891346102e-27 -9.83318855679843e-28 -1.21388954400166e-27 2.95950458625257e-28 1.47442509330736e-28 1.17751667014181e-28 1.12797623798399e-28 -37.0601738037158 1.00000000004781
9.90801422294409e-24 2.8568847197281e-23 -9.10720741739263e-25 1.09209585193934e-24 7.88614366601844e-25 9.72737012648623e-25 -2.36963322174802e-25 -1.17958857368236e-25 -9.41283675594878e-26 -9.00946330945056e-26 3.9262842219466 1.00000000028406
-1.30941128007307e-26 -3.77741593145125e-26 1.20475874668372e-27 -1.4454015653279e-27 -1.04425240730556e-27 -1.28869283448238e-27 3.14085877749052e-28 1.56426842505246e-28 1.2488630804219e-28 1.19593323421045e-28 -36.9505287378897 1.00000000004865
2.72336065497759e-24 7.85484346131179e-24 -2.50470355392364e-25 3.00440276422185e-25 2.17014311898139e-25 2.67759836312264e-25 -6.52465313926012e-26 -3.24887623224975e-26 -2.59328025094692e-26 -2.48287106513785e-26 1.28849448320756 0.999999999909869
-2.33104151552321e-25 -6.71840830317575e-25 2.14076435099501e-26 -2.56598444398307e-26 -1.85211196650135e-26 -2.28353120754831e-26 5.56033889115985e-27 2.76668027963727e-27 2.20676909615099e-27 2.11126573358398e-27 1.43198684203402 0.999999999582069
3.86304009865309e-27 1.113157124223e-26 -3.54624882726594e-28 4.24975622972302e-28 3.06680588313118e-28 3.78037114258279e-28 -9.20315154149762e-29 -4.57827095533951e-29 -3.65095093124768e-29 -3.49219079701499e-29 -37.0620217287268 1.00000000004886
-6.25105749639309e-27 -1.8044888104408e-26 5.75892326513416e-28 -6.91371369232334e-28 -4.99815672307121e-28 -6.1721313767761e-28 1.50527333904198e-28 7.5016932246418e-29 5.99299283008223e-29 5.74270656331693e-29 -36.7872843896845 1.00000000004918
8.63219445683701e-26 2.49665520537748e-25 -7.98325286559643e-27 9.60244389701985e-27 6.95520027561794e-27 8.60521876311975e-27 -2.10264870691674e-27 -1.04986358795095e-27 -8.40305472491823e-28 -8.06728815090086e-28 2.68217418503449 0.999999999389425
-9.01520033788644e-28 -2.60603202466872e-27 8.32856540988954e-29 -1.00125188090503e-28 -7.24844024595801e-29 -8.96338995641774e-29 2.18904472657762e-29 1.09244707187564e-29 8.73949641284618e-30 8.38610953234685e-30 -36.8666196021852 1.0000000000493
-5.20910290501856e-27 -1.50507168114848e-26 4.80770107353661e-28 -5.77697326571478e-28 -4.18014423816849e-28 -5.16664497700498e-28 1.26119000483436e-28 6.29094335867411e-29 5.03026877494081e-29 4.82452599038724e-29 -37.0476173836302 1.00000000004671
7.87968860937032e-25 2.27254383103334e-24 -7.24606196104111e-26 8.69110470538829e-26 6.27735173192905e-26 7.74470572385446e-26 -1.88707193389681e-26 -9.39584567019143e-27 -7.49935621664377e-27 -7.17960682169874e-27 3.2698186248111 0.999999999570418
4.04031984641487e-24 1.16512672016239e-23 -3.71464234875937e-25 4.45496071485321e-25 3.21735631364974e-25 3.96900168718117e-25 -9.66981912390503e-26 -4.81414500935238e-26 -3.84202812441533e-26 -3.67781896378263e-26 3.67011010093939 0.999999999370301
5.93060408903515e-26 1.72443810695069e-25 -5.54319412879165e-27 6.70244556828993e-27 4.87992262820357e-27 6.06872920470497e-27 -1.49044576424639e-27 -7.47958152101601e-28 -6.01669822544549e-28 -5.80506568538967e-28 1.34344960734991 1.00000000007456
-5.11068475350384e-27 -1.47617762189515e-26 4.71394561376837e-28 -5.66256950532962e-28 -4.09610359300229e-28 -5.06121933132052e-28 1.2350778376446e-28 6.1588162945273e-29 4.92312346601856e-29 4.72033306012006e-29 -36.8256735341621 1.00000000004747
2.52714128221565e-25 7.28732713337728e-25 -2.32323738942311e-26 2.78613458990941e-26 2.01205179311452e-26 2.48200820230075e-26 -6.04675489158163e-27 -3.01026977987788e-27 -2.40231072163038e-27 -2.29954296662503e-27 1.21031344514962 1.00000000008583
-6.30495137446528e-27 -1.66076091300041e-26 4.79295216598192e-28 -5.14634633094969e-28 -3.28207528180384e-28 -3.51276270912256e-28 7.25232750636145e-29 2.96048681155771e-29 1.84389909145255e-29 1.26853241162787e-29 3.08937778574293 1.00000000024064
3.3643267383946e-27 9.69404218178342e-27 -3.08814174229769e-28 3.70059644524683e-28 2.67038442094858e-28 3.29156040763153e-28 -8.01279366101346e-29 -3.98592366116889e-29 -3.17843755552754e-29 -3.04008661824368e-29 -36.9856496674938 1.00000000004965
-1.35763760068247e-24 -3.91624341962652e-24 1.2489411158525e-25 -1.49829494331823e-25 -1.08238336618161e-25 -1.33564727510943e-25 3.25504828771869e-26 1.62101440751608e-26 1.29406742460428e-26 1.23912582163864e-26 2.53137311898462 0.999999999466604
-1.52351001182712e-26 -4.39568569468981e-26 1.40215011431313e-27 -1.68246312748202e-27 -1.21569642864243e-27 -1.50048514951518e-27 3.65757584085845e-28 1.8218762013526e-28 1.45473897478579e-28 1.39328466323919e-28 -36.9268634634707 1.00000000004696
-7.61266211156038e-27 -2.19575782490172e-26 7.00194511591134e-28 -8.39916175043727e-28 -6.06710549035999e-28 -7.4860709383354e-28 1.82423684743332e-28 9.08389715567241e-29 7.25109671121836e-29 6.9426228238272e-29 -37.1343463988582 1.00000000004876
9.91679891473257e-28 2.85108589380916e-27 -9.06210457682175e-29 1.08348863142266e-28 7.80084220021893e-29 9.59353905975246e-29 -2.33004587098882e-29 -1.15639740943371e-29 -9.1999085890143e-30 -8.77892825832206e-30 -37.0227602441239 1.0000000000466
-3.55071940324668e-27 -1.02462336814957e-26 3.26887991961477e-28 -3.92298897849278e-28 -2.83507138113917e-28 -3.499758926886e-28 8.5323288835603e-29 4.25070705825246e-29 3.39465545651161e-29 3.25176420330401e-29 -36.9502875482727 1.00000000004682
2.54560130431666e-25 7.33735791886977e-25 -2.33816630922591e-26 2.80281264272568e-26 2.02321060082753e-26 2.49468033106484e-26 -6.07496253413178e-27 -3.02298505910701e-27 -2.41139800945801e-27 -2.30722621411516e-27 1.35903127568611 0.999999999871023
2.2912494338824e-25 6.62904923236849e-25 -2.12037498209835e-26 2.55125151836814e-26 1.84849576831768e-26 2.28774007461449e-26 -5.59172827263579e-27 -2.79283594983092e-27 -2.23605050277674e-27 -2.14734837666974e-27 2.53891287310017 0.999999999755746
-6.20714611600966e-24 -1.78975642543407e-23 5.70534985931533e-25 -6.84153609568987e-25 -4.94030013353967e-25 -6.09368285192917e-25 1.48443527394433e-25 7.38935267443886e-26 5.89646926511719e-26 5.64372807101545e-26 4.36886089868563 0.999999999099738
5.43591764466642e-25 1.56773656758031e-24 -4.99872809998066e-26 5.99554611659951e-26 4.33038158741875e-26 5.34256980679289e-26 -1.30175413031923e-26 -6.48143619238374e-27 -5.17313564907123e-27 -4.95250240902201e-27 2.28837702372921 1.00000000049457
-7.10345690757819e-24 -2.04850920255656e-23 6.53119279227411e-25 -7.83303568528564e-25 -5.65712926371863e-25 -6.97893137404705e-25 1.70034357326032e-25 8.46541352419635e-26 6.75616445824107e-26 6.4675630387109e-26 4.33795140297401 0.999999999583156
4.58806614378904e-24 1.32337920701353e-23 -4.22012645069983e-25 5.0623217511807e-25 3.65681110524392e-25 4.5121366572531e-25 -1.09955510600927e-25 -5.47539681295184e-26 -4.37073873577323e-26 -4.18487630410359e-26 3.98685639985793 0.999999999188923
-6.67666844807832e-25 -1.92434077888077e-24 6.13183197878988e-26 -7.34989609983075e-26 -5.30518120984701e-26 -6.54102405425456e-26 1.59274361323698e-26 7.92518494742922e-27 6.32139823911178e-27 6.04790538331783e-27 1.42999725375956 0.999999999556205
4.08153977461322e-27 1.1758921885758e-26 -3.74538524332532e-28 4.487532440357e-28 3.23777153161415e-28 3.99034753724375e-28 -9.71246052999918e-29 -4.83070635068938e-29 -3.8515153976393e-29 -3.68332589238152e-29 -36.8661924496272 1.00000000004966
-1.65908502615397e-24 -4.78754021718539e-24 1.5273646090293e-25 -1.83297317498551e-25 -1.32464032701291e-25 -1.63518443772964e-25 3.98648863684854e-26 1.98599492486044e-26 1.58601160726324e-26 1.51922847968242e-26 1.27670921816295 0.999999999976747
-3.19289457330496e-25 -9.20434438842278e-25 2.9335087831793e-26 -3.51693854172627e-26 -2.53904499596603e-26 -3.13114139278126e-26 7.6258758047813e-27 3.79524964884439e-27 3.02782901087859e-27 2.89741430743316e-27 1.41464690157887 0.999999999598157
6.20412143417218e-27 1.79029401473994e-26 -5.71156256647394e-28 6.85438710107031e-28 4.9534844684933e-28 6.1147668839919e-28 -1.49074728842875e-28 -7.426633306642e-29 -5.93089954219769e-29 -5.68116850066154e-29 -37.0202242979245 1.00000000004849
3.23263628716898e-27 9.32448623160258e-27 -2.97357589386201e-28 3.56710414985473e-28 2.57679919894712e-28 3.17959510170918e-28 -7.74849966347215e-29 -3.85857351492507e-29 -3.0801800510442e-29 -2.94926279896853e-29 -37.0506546076483 1.00000000004921
-1.09265262181487e-26 -3.15305728861707e-26 1.00593095998655e-27 -1.20722342400484e-27 -8.72440217124048e-28 -1.0769875383145e-27 2.62567373376792e-28 1.30808127220411e-28 1.04464658225841e-28 1.00067401132974e-28 -37.017942462979 1.00000000004686
3.62603730732671e-27 1.04545798356515e-26 -3.33247474068275e-28 3.99585496113998e-28 2.88523047082002e-28 3.55858774250588e-28 -8.66820796292884e-29 -4.31463681630232e-29 -3.44270055444291e-29 -3.29489982399105e-29 -36.9390614256839 1.00000000004768
-1.90057433704036e-24 -5.48195069936235e-24 1.74812261144993e-25 -2.09696777667769e-25 -1.51474701176677e-25 -1.86902609642293e-25 4.55455176578519e-26 2.26798272445589e-26 1.81039969977173e-26 1.73339565800141e-26 1.43566526345801 1.0000000001113
1.63459166618758e-24 4.71445289359749e-24 -1.50327972009222e-25 1.80314800573725e-25 1.30242106383522e-25 1.60693510108642e-25 -3.91561746289677e-26 -1.94969184576519e-26 -1.55622467762057e-26 -1.48993425629882e-26 1.2214267505144 1.00000000009687
-7.65382668011087e-27 -2.20795477088766e-26 7.0418752084076e-28 -8.44830687255053e-28 -6.10350944040948e-28 -7.53210867308236e-28 1.83572936105375e-28 9.14249344157522e-29 7.29896686918975e-29 6.98951016305501e-29 -36.820065719329 1.00000000005036
-1.0662499543984e-26 -3.07660151403061e-26 9.81454496435902e-28 -1.17774803007543e-27 -8.51066079745447e-28 -1.05051265131276e-27 2.56091112210286e-28 1.27570937183397e-28 1.01870822202223e-28 9.75745561294994e-29 -36.8685004129054 1.00000000004602
-1.25851091875504e-24 -3.62899287306155e-24 1.15691530823574e-25 -1.3873944288164e-25 -1.0019051982321e-25 -1.23589066151826e-25 3.01084439651699e-26 1.49885705870782e-26 1.19611400015605e-26 1.14491504157483e-26 2.94862722410897 1.00000000094781
-3.54033343209079e-24 -1.02122354140902e-23 3.25674621915499e-25 -3.90687996010596e-25 -2.82230955952047e-25 -3.48261998079899e-25 8.48716200712078e-26 4.22651746093679e-26 3.37398709896512e-26 3.23067018824284e-26 2.98872436450511 1.00000000044826
-1.93520273445579e-25 -5.58111043463541e-25 1.7795130367028e-26 -2.13434560600193e-26 -1.5415467726794e-26 -1.90184663466815e-26 4.63392718738587e-27 2.3072074830091e-27 1.8414699469781e-27 1.7629136428981e-27 1.22459822738248 1.00000000001877
1.55203581219242e-25 4.48266587447466e-25 -1.43138800773682e-26 1.71933837497806e-26 1.24363717511781e-26 1.53657167975924e-26 -3.74944378851276e-27 -1.86958222342543e-27 -1.4943860292465e-27 -1.43274669594094e-27 1.22037496697757 1.00000000020195
-6.51287579491833e-24 -1.87800322284835e-23 5.98695889483862e-25 -7.17958310404578e-25 -5.18466336909525e-25 -6.3954148209756e-25 1.55801557818054e-25 7.75601427439148e-26 6.1893627294378e-26 5.92436331722955e-26 4.10681703427179 0.999999999834352
-7.63940981893216e-24 -2.20275219437889e-23 7.02195232895581e-25 -8.42040756236758e-25 -6.08046410649796e-25 -7.50010180622812e-25 1.82705871245295e-25 9.09497626994901e-26 7.25756882509961e-26 6.94654995550108e-26 3.96508565419216 1.00000000172367
-5.84226213784889e-27 -1.68566676189511e-26 5.37711035400916e-28 -6.45222227257545e-28 -4.66227852183431e-28 -5.75458574908146e-28 1.40276518192122e-28 6.98746678641077e-29 5.57949904606648e-29 5.34391095657169e-29 -37.0069800697417 1.00000000004775
1.78083732952576e-29 4.02686842066152e-29 -9.29858711927939e-31 6.90004942861437e-31 1.90796442084039e-31 -1.44570882277652e-31 1.27929258552019e-31 1.09914412801477e-31 1.24665974887478e-31 1.5475895177737e-31 -36.9046587558599 1.00000000004847
-2.42410155081087e-24 -6.99101077393498e-24 2.22902780028064e-25 -2.67346160660973e-25 -1.93090430289682e-25 -2.38217857008226e-25 5.8042050103944e-26 2.88984698103162e-26 2.3064679728236e-26 2.20804728142273e-26 3.01405920957837 0.999999999223245
7.61931500192543e-28 2.18998851245954e-27 -6.95897132142977e-29 8.3180604642184e-29 5.9871233531642e-29 7.36091475926128e-29 -1.78727274371446e-29 -8.86755827140461e-30 -7.05258218217146e-30 -6.72776684681037e-30 -36.8877842254495 1.00000000004678
-7.9068139030529e-25 -2.28016706635208e-24 7.26972773602422e-26 -8.71871639091676e-26 -6.29673276029229e-26 -7.76791940584075e-26 1.89255714236415e-26 9.42230021854755e-27 7.51978330058248e-27 7.19850060588357e-27 1.28364498536374 0.999999999643447
-8.62879716852445e-27 -2.48972405676362e-26 7.94216373736133e-28 -9.53036918010594e-28 -6.88666978632714e-28 -8.5003317100528e-28 2.07213320816677e-28 1.03219905524093e-28 8.24233074699912e-29 7.89451209552388e-29 -36.8746403803244 1.00000000004915
-7.60128433139543e-27 -2.19439792817737e-26 7.00374611275894e-28 -8.40869518093869e-28 -6.0793256660853e-28 -7.50774002500208e-28 1.83112571997066e-28 9.12622195068233e-29 7.29129420155495e-29 6.98725883207277e-29 -37.0236707003896 1.00000000004796
-1.47796327701913e-24 -4.26304372756453e-24 1.35944753410858e-25 -1.63075318957071e-25 -1.17799249262434e-25 -1.45352913687048e-25 3.54209330638196e-26 1.76384368655322e-26 1.40799411519226e-26 1.34812484648751e-26 1.26888415759829 1.00000000003756
-1.31710351215753e-26 -3.80071654649984e-26 1.21254440834447e-27 -1.45516762699602e-27 -1.05161549031314e-27 -1.29815914253404e-27 3.16485642233853e-28 1.57668163643328e-28 1.25914206216479e-28 1.20612983872511e-28 -36.9908539765736 1.00000000004852
1.61483886631703e-24 4.65739455589314e-24 -1.48505737959252e-25 1.7812562615367e-25 1.28658332823971e-25 1.58736285210622e-25 -3.86784788875949e-26 -1.9258667980766e-26 -1.53717600428913e-26 -1.47166621066739e-26 2.54488289067365 1.00000000033476
2.76074088740069e-27 7.95940963001378e-27 -2.53701127625224e-28 3.0419135851792e-28 2.19634044765337e-28 2.7088140340625e-28 -6.59801910178443e-29 -3.28406389568784e-29 -2.62029437310673e-29 -2.50770766454282e-29 -36.9860162315748 1.00000000004811
2.80194657628542e-24 8.07986075547678e-24 -2.57593189919731e-25 3.08921371655772e-25 2.23095077220458e-25 2.75206639944952e-25 -6.70475355676334e-26 -3.33787852506962e-26 -2.66378296221744e-26 -2.54985584774516e-26 2.75080535040848 1.00000000082656
3.46225073237393e-25 9.99080185373295e-25 -3.18734176114017e-26 3.82507521066841e-26 2.76426555778781e-26 3.41229379267837e-26 -8.31894096536502e-27 -4.14432157944882e-27 -3.30962992827074e-27 -3.17025274661528e-27 1.38466921222842 0.999999999665003
7.08700602259815e-27 2.04212601326988e-26 -6.50560692666497e-28 7.79606130587267e-28 5.62587647456495e-28 6.93475445786636e-28 -1.68820830996974e-28 -8.39815393592231e-29 -6.69701514891548e-29 -6.40569510086106e-29 -36.9698759107971 1.00000000004779
-4.39477019157656e-25 -1.26872914767732e-24 4.04937452323334e-26 -4.86171904765154e-26 -3.51495712516192e-26 -4.34087120652621e-26 1.05873816013506e-26 5.27671740773526e-27 4.21579528995508e-27 4.04001969219556e-27 2.42345698652357 0.999999999609265
3.33998135302583e-24 9.63312536945259e-24 -3.07168567542065e-25 3.68442163283677e-25 2.66127800645166e-25 3.28350716555294e-25 -8.00093232341293e-26 -3.98388630999887e-26 -3.17990240316353e-26 -3.0444513758292e-26 3.05111961797498 1.00000000030781
-8.73893080877356e-27 -2.52216996777833e-26 8.04779519270805e-28 -9.659676870226e-28 -6.98195072691564e-28 -8.62021087730633e-28 2.10190960027748e-28 1.04730702526282e-28 8.36516754761469e-29 8.01426681508566e-29 -36.9146964961979 1.00000000004721
-1.74661602451948e-26 -5.03801449087187e-26 1.60660049755059e-27 -1.92725639949304e-27 -1.39219346099801e-27 -1.71785541845752e-27 4.18628371286516e-28 2.08465668424373e-28 1.66410631074892e-28 1.59336808724128e-28 -36.844358486754 1.00000000004943
-4.29817449551675e-25 -1.23840814726534e-24 3.94483987578077e-26 -4.72691051058314e-26 -3.41077586313972e-26 -4.20392745023899e-26 1.02332027015427e-26 5.09015583753031e-27 4.05873336447386e-27 3.88184138565632e-27 3.16804015840171 1.00000000143263
-1.47343347425648e-25 -4.24335155911891e-25 1.35105457041668e-26 -1.61814993654726e-26 -1.16705681509256e-26 -1.43777535673247e-26 3.49819463913069e-27 1.73924035959352e-27 1.3861644023207e-27 1.32512625474307e-27 2.75737479426727 0.999999999623637
9.16196442884935e-24 2.64131773183709e-23 -8.41858371322342e-25 1.00934669743095e-24 7.28735657682011e-25 8.98724185675024e-25 -2.18895934332788e-25 -1.0894633486561e-25 -8.69216618834881e-26 -8.31824612921953e-26 4.9558827982838 0.999999998123889
1.08588317897976e-24 3.13227258029408e-24 -9.9890111169154e-26 1.19830825290809e-25 8.6565150719321e-26 1.06818025551421e-25 -2.60316096305382e-26 -1.29634717623894e-26 -1.03486157061728e-26 -9.90904283259263e-27 1.14150559220001 1.00000000034571
-1.98616112063421e-24 -5.72954976265852e-24 1.8273130820647e-25 -2.19224193320099e-25 -1.58377114600689e-25 -1.95444400778163e-25 4.76331171370847e-26 2.37223954942251e-26 1.8938634167741e-26 1.8135403504384e-26 1.3443705808436 1.00000000016358
7.46025953023334e-27 2.15053322558079e-26 -6.85369125207621e-28 8.21647759336572e-28 5.93164227840408e-28 7.31460364192601e-28 -1.78139945418342e-28 -8.86533820410688e-29 -7.0724450421242e-29 -6.76755844481148e-29 -36.9662396545136 1.00000000004596
1.23700106928673e-24 3.56672943487816e-24 -1.13698997692895e-25 1.36340878314999e-25 9.84518538810957e-26 1.21436293019495e-25 -2.9582031761251e-26 -1.47255388911485e-26 -1.17504608527559e-26 -1.12467486407979e-26 2.38210479740503 1.00000000039023
9.75863912724017e-26 2.83282773705334e-25 -9.09123647860877e-27 1.09747439457257e-26 7.97774294440326e-27 9.90554735429047e-27 -2.42894668131978e-27 -1.21704745720631e-27 -9.77516361643309e-28 -9.417065331226e-28 1.25432394949203 1.00000000020378
-4.58328702185619e-24 -1.32184692494157e-23 4.21474840519477e-25 -5.05527896706899e-25 -3.65129530145481e-25 -4.50480071042233e-25 1.09763792159872e-25 5.46520332711064e-26 4.3620842677205e-26 4.17609303494214e-26 3.26016399012182 1.0000000003661
4.67967547038798e-24 1.34972114750638e-23 -4.30386647723998e-25 5.16245820143989e-25 3.72891692951735e-25 4.6008248684604e-25 -1.12109813918418e-25 -5.58232739257312e-26 -4.45581880131854e-26 -4.26607187101953e-26 1.2904323538933 0.999999999818766
5.7083362581111e-28 1.63553793637357e-27 -5.18052541190091e-29 6.17227595640529e-29 4.42812832315388e-29 5.42620801943354e-29 -1.3131119702203e-29 -6.49298737504605e-30 -5.14637250623334e-30 -4.89236884227898e-30 -37.0720959636045 1.00000000004735
1.916039745018e-25 5.52750550376072e-25 -1.76295156485061e-26 2.11511851133152e-26 1.52812027963661e-26 1.88585072178667e-26 -4.5963398041887e-27 -2.28918448173402e-27 -1.82763771556854e-27 -1.75020115156337e-27 1.13545300816912 0.999999999909238
5.87776711264975e-25 1.69739165812338e-24 -5.41923955271699e-26 6.50845390141462e-26 4.70701839299216e-26 5.81488283304524e-26 -1.41870191653301e-26 -7.07302613817713e-27 -5.65275413191655e-27 -5.41880517122703e-27 2.60412993910699 0.999999999916837
-1.37506263588561e-25 -3.94851886090994e-25 1.25349228154379e-26 -1.49686044917478e-26 -1.07636218326551e-26 -1.32206051410268e-26 3.20691914407749e-27 1.58956080757501e-27 1.2629769569171e-27 1.20362337051376e-27 1.33382584321265 1.00000000008919
3.34496941779916e-24 9.64437209356631e-24 -3.07427095447872e-25 3.68632231553855e-25 2.66178410227921e-25 3.28306241031801e-25 -7.99724393667139e-26 -3.98075314291761e-26 -3.17636683672375e-26 -3.04007602032627e-26 3.41725722723994 1.00000000085557
