-4.66970411161843e-23 -1.14205569759453e-22 3.08792642798716e-24 -3.14068904522387e-24 -1.92356402429768e-24 -2.01238231428482e-24 4.15780939647842e-25 1.75540649817051e-25 1.18802797853013e-25 9.64404780749571e-26 -47.150871850577 1.00000000006495
6.20567101150178e-21 1.51646085550121e-20 -4.09690099467014e-22 4.16349588608074e-22 2.54791298740766e-22 2.66338074399181e-22 -5.49834805535146e-23 -2.3194782917331e-23 -1.5684992275551e-23 -1.27221964174317e-23 -1.87224335630738 1.00000000041554
3.97999384628691e-21 9.72412717954951e-21 -2.62663973355561e-22 2.66887747572959e-22 1.63297819621354e-22 1.70668820403369e-22 -3.5227201042274e-23 -1.48580235180866e-23 -1.00456882875122e-23 -8.14670490749869e-24 -1.89208599527426 1.00000000006273
-2.40787168804699e-21 -5.88400527198682e-21 1.58962455439241e-22 -1.61545351672744e-22 -9.88594384157142e-23 -1.03338941767037e-22 2.13334049661956e-23 8.99943913502405e-24 6.08564493837371e-24 4.93607276742731e-24 -1.91222620840362 0.999999999604826
-8.22909310803558e-23 -2.0120084781388e-22 5.43863207449248e-24 -5.53003899857549e-24 -3.38602940572863e-24 -3.5414058686463e-24 7.31494769867222e-25 3.08749381265144e-25 2.08899363040733e-25 1.69532186307926e-25 -46.9684481219548 1.00000000006577
3.60010900454607e-20 8.79904283095573e-20 -2.37759055764605e-21 2.41666891176493e-21 1.47918015350227e-21 1.54649045362033e-21 -3.19318272777244e-22 -1.34728494668225e-22 -9.11236489289367e-23 -7.39241915140818e-23 -0.71338518438002 0.999999999300968
2.97547765296834e-23 7.27807689030477e-23 -1.96815293845588e-24 2.00207296741837e-24 1.22638037339494e-24 1.28319642688851e-24 -2.65162345202651e-25 -1.11967021049147e-25 -7.57887527011427e-26 -6.15323692481109e-26 -47.2528485245969 1.00000000006442
4.65294793551808e-23 1.13741081999834e-22 -3.07389084944739e-24 3.12491386917025e-24 1.91298497675007e-24 2.00035646667218e-24 -4.13098536519584e-25 -1.74324788756868e-25 -1.17923583795819e-25 -9.56810867484435e-26 -47.2528219192362 1.00000000006548
-8.1049409807052e-21 -1.98152586035558e-20 5.35588928373811e-22 -5.44555305168939e-22 -3.3340823940185e-22 -3.48684806550292e-22 7.20178547051181e-23 3.03953115727693e-23 2.05640704443818e-23 1.66876625203078e-23 -0.65108398121608 1.00000000070009
-4.76180783985711e-23 -1.16495434595754e-22 3.15085145627291e-24 -3.20571961156284e-24 -1.96402538229531e-24 -2.05537487961341e-24 4.24800949013011e-25 1.79406924178138e-25 1.21458807360451e-25 9.86285825565532e-26 -47.2576039882092 1.00000000006362
2.2895853621985e-21 5.60498916982841e-21 -1.51695819947905e-22 1.54436498973834e-22 9.46780178835255e-23 9.9144738782866e-23 -2.05040473364746e-23 -8.66498330555805e-24 -5.86990238702601e-24 -4.76954468810178e-24 -0.757525827674118 1.00000000044058
-3.53075033938523e-20 -8.63224085076388e-20 2.33325414808923e-21 -2.37235184329745e-21 -1.45251318722761e-21 -1.51908973257853e-21 3.13759751331854e-22 1.32425096364966e-22 8.95941030399365e-23 7.2706375458304e-23 -1.89489118385336 0.999999999898332
1.2850900990624e-20 3.14205182918994e-20 -8.49327302231587e-22 8.63605494452934e-22 5.28785643191154e-22 5.53052410207888e-22 -1.14236107907163e-22 -4.82169553715622e-23 -3.26236273158225e-23 -2.6475774063663e-23 -2.04671761290528 1.00000000019332
8.57425901264239e-23 2.09575111318986e-22 -5.66323351041126e-24 5.75661899945898e-24 3.52366110934925e-24 3.68419693087066e-24 -7.60749534168689e-25 -3.20995918858335e-25 -2.17116627218288e-25 -1.76144988363395e-25 -47.0553960868545 1.00000000006423
4.8431446913988e-20 1.18369636008347e-19 -3.19841738034196e-21 3.25093671914595e-21 1.98978349919979e-21 2.08029771981652e-21 -4.29532093977425e-22 -1.81227878233559e-22 -1.22571769018964e-22 -9.94351290418243e-23 1.23421730857274 0.99999999870217
-5.79212324726145e-20 -1.41579914753957e-19 3.82602129186039e-21 -3.8893014046772e-21 -2.38078224891663e-21 -2.48937335719021e-21 5.14056415782696e-22 2.16915565863424e-22 1.46725852313419e-22 1.19043703663997e-22 -0.761413031354126 1.00000000116636
-2.28606647640847e-23 -5.58948349869131e-23 1.51090167828819e-24 -1.53631060465556e-24 -9.40687835087433e-25 -9.83861871296655e-25 2.03223035689732e-25 8.57769781823707e-26 5.80369197914148e-26 4.71000804720714e-26 -47.1026362265774 1.00000000006415
-1.21887617822224e-22 -2.98018333949577e-22 8.05579308594717e-24 -8.19128710142759e-24 -5.01556535527013e-24 -5.24577874203319e-24 1.08355378189392e-24 4.57351603928104e-25 3.09446783202124e-25 2.51134077354917e-25 -47.2476273345087 1.00000000006637
-4.45802288854325e-23 -1.0906308338306e-22 2.94981855990064e-24 -3.00117616478575e-24 -1.838703497425e-24 -1.9242184453784e-24 3.97692684436775e-25 1.67957805351769e-25 1.13707455683036e-25 9.23340174969607e-26 -46.8421858024044 1.00000000006599
-1.47331595716193e-23 -3.60870795728775e-23 9.77211428361547e-25 -9.95412051405698e-25 -6.10576644033698e-25 -6.39733139675033e-25 1.3237530718881e-25 5.59723304942407e-26 3.7938039097428e-26 3.08431930377978e-26 -47.1068103475694 1.00000000006627
1.73975890460957e-20 4.25248920060164e-20 -1.14915703672373e-21 1.16813799586486e-21 7.15044226177508e-22 7.47642654919292e-22 -1.54385230497888e-22 -6.51443485339502e-23 -4.40639937228298e-23 -3.5749910812435e-23 -0.522845513530373 0.999999999380931
-7.52742323688745e-23 -1.84081838615845e-22 4.97688482169478e-24 -5.06154233383575e-24 -3.09978926142302e-24 -3.24267860778616e-24 6.69924998925594e-25 2.82818493846071e-25 1.9139278861494e-25 1.5535575912675e-25 -47.2088509158802 1.0000000000655
5.45213960994941e-20 1.33286787424078e-19 -3.6023772386961e-21 3.66243423152316e-21 2.24220031844596e-21 2.34477591617852e-21 -4.84260156684886e-22 -2.04369175497179e-22 -1.3825731214808e-22 -1.12187576426938e-22 0.847842072194008 0.999999996160246
-2.65041972486392e-23 -6.47748641444928e-23 1.75016857271528e-24 -1.77881737339392e-24 -1.08869525295854e-24 -1.13815971256577e-24 2.34990388419013e-25 9.91415720752475e-26 6.70497425527016e-26 5.43903578259188e-26 -47.1109607968768 1.00000000006614
1.23032897588386e-20 3.0082754957915e-20 -8.13197194944398e-22 8.26899344242893e-22 5.06329590063485e-22 5.29585740926869e-22 -1.0939303487596e-22 -4.61745077432355e-23 -3.12428679690467e-23 -2.53561555085454e-23 -1.90250181186214 0.999999999931115
1.78090698939364e-21 4.35133034739775e-21 -1.17539703358474e-22 1.19433302160674e-22 7.30785598469117e-23 7.63794697199911e-23 -1.57657093261207e-23 -6.6498126699612e-24 -4.49615347395001e-24 -3.64633478956332e-24 -1.92268846935166 0.999999999906522
-3.09446952308193e-23 -7.56971943219711e-23 2.04717728070606e-24 -2.08261896401062e-24 -1.27581661949884e-24 -1.33502436397686e-24 2.75893028968177e-25 1.16506904813087e-25 7.88676326887815e-26 6.40368597002777e-26 -47.2122080815876 1.00000000006405
5.19981859572165e-23 1.27167391287968e-22 -3.43831501161013e-24 3.49699083982074e-24 2.14174436237378e-24 2.24059573906758e-24 -4.62924551627525e-25 -1.9544139863779e-25 -1.32269389569408e-25 -1.07370865762268e-25 -47.0187260987151 1.00000000006471
2.374244156617e-21 5.81567298738802e-21 -1.57490612095245e-22 1.60430176346673e-22 9.84100678583396e-23 1.03113022699417e-22 -2.1337136134411e-23 -9.02227729496205e-24 -6.11547865116957e-24 -4.97195127533863e-24 -0.807735569627352 1.0000000009305
4.9234075228175e-23 1.20383001278268e-22 -3.25421656319376e-24 3.30907215248795e-24 2.02623540182623e-24 2.11931672919754e-24 -4.37776291756465e-25 -1.84785469154007e-25 -1.25031489072814e-25 -1.01474022309117e-25 -46.9827664752389 1.00000000006649
1.29373300114641e-22 3.16245864849599e-22 -8.54647116691984e-24 8.68814744937482e-24 5.31852596493321e-24 5.56131587145753e-24 -1.14845535930822e-24 -4.84629395995668e-25 -3.27824394272367e-25 -2.65984627822683e-25 -47.2116341555488 1.00000000006386
9.95965342123045e-21 2.43471191190661e-20 -6.58010703954076e-22 6.68955082291591e-22 4.09529276129373e-22 4.28248031781029e-22 -8.84415453897136e-23 -3.73230045045084e-23 -2.52483499131014e-23 -2.04867661447542e-23 -0.31278594012131 0.999999999915923
3.64287556132039e-20 8.9016935602595e-20 -2.40482158267016e-21 2.44383341150611e-21 1.49549245647169e-21 1.56321666250724e-21 -3.22704145222873e-22 -1.36128523669805e-22 -9.20512622476307e-23 -7.46610790869755e-23 0.372841583523981 1.00000000275661
6.6737851122562e-21 1.63183483689267e-20 -4.41125698215783e-22 4.48566971312021e-22 2.74673257527363e-22 2.87294984626715e-22 -5.93458550657098e-23 -2.50502591145672e-23 -1.69500248261182e-23 -1.37566477973685e-23 -1.99185909160773 1.00000000006419
-9.05378852015458e-24 -2.21102557465709e-23 5.96949630986748e-25 -6.06259705915592e-25 -3.7076794971183e-25 -3.8731699509562e-25 7.99060943092661e-26 3.36861230862455e-26 2.27644274680514e-26 1.84520608643708e-26 -46.884165846223 1.00000000006631
5.51130731163333e-21 1.34676822485103e-20 -3.63842048320162e-22 3.69752659167588e-22 2.26273393873579e-22 2.36525446574488e-22 -4.88284058798297e-23 -2.05980599368993e-23 -1.3928873262319e-23 -1.12976842120241e-23 -2.00517886306632 0.999999999876595
-1.07560895147195e-20 -2.62846770276213e-20 7.10121666961335e-22 -7.21674504142814e-22 -4.41645506860822e-22 -4.61666704702842e-22 9.53089479879088e-23 4.02066586714725e-23 2.71893156759397e-23 2.20537494139183e-23 0.0375525385471577 0.999999998412952
-2.664041783935e-23 -6.51739560309584e-23 1.76274459454625e-24 -1.79342638732139e-24 -1.09875774812023e-24 -1.14985480988572e-24 2.37648360140096e-25 1.00365903885728e-25 6.79475719923003e-26 5.51754554579534e-26 -47.1369582660103 1.00000000006456
-7.61084890636878e-21 -1.86046782308365e-20 5.02797761421026e-22 -5.11143938246568e-22 -3.1290836763396e-22 -3.27200268070113e-22 6.75710605930134e-23 2.85145967319747e-23 1.92890103788721e-23 1.5650807578656e-23 -0.804795201422882 1.00000000072236
-4.28355901847516e-23 -1.0474971179015e-22 2.8319324191795e-24 -2.87999344081917e-24 -1.76369731171507e-24 -1.84492610941398e-24 3.81139860374824e-25 1.60897403650227e-25 1.08880416861722e-25 8.83760252716576e-26 -47.1197451940536 1.00000000006583
1.08304755083821e-23 2.65731589702308e-23 -7.20802511451881e-25 7.3546746964421e-25 4.51887284893084e-25 4.74258046279847e-25 -9.82981524689415e-26 -4.16323469340614e-26 -2.82649455275906e-26 -2.30168049300802e-26 -47.2151888515123 1.00000000006436
3.15864918054473e-24 7.76369287102372e-24 -2.10962502612201e-25 2.15629850000873e-25 1.32716426419845e-25 1.39524736750658e-25 -2.89678788318799e-26 -1.22893820980349e-26 -8.35734215880107e-27 -6.81677707756198e-27 -47.1225566822699 1.00000000006603
-2.57477952381108e-24 -6.28384205423884e-24 1.69547698881048e-25 -1.72082444555835e-25 -1.05173091761595e-25 -1.09798031733219e-25 2.26378100714666e-26 9.5374663458355e-27 6.44120586614952e-27 5.217768153476e-27 -47.1205241014664 1.00000000006512
8.25464037273458e-22 2.01590609457582e-21 -5.4428171726988e-23 5.52783535288169e-23 3.3807241013741e-23 3.53171837815643e-23 -7.28638648436539e-24 -3.07182835162939e-24 -2.07595094913185e-24 -1.68275352600524e-24 -2.02828382631966 0.999999999958938
5.26184110300899e-21 1.28780585085707e-20 -3.48453215918071e-22 3.54663567184828e-22 2.17376240426155e-22 2.27577537171629e-22 -4.70540097680892e-23 -1.98802852809824e-23 -1.34643104643221e-23 -1.09377761834167e-23 -0.688939878789509 0.999999998698205
-1.22229042290577e-19 -2.98650715999337e-19 8.06741789768458e-21 -8.19754838669487e-21 -5.01599666902456e-21 -5.24267256956429e-21 1.08217768430124e-21 4.5646087627538e-22 3.08634515203706e-22 2.50304841612471e-22 0.611566750111607 1.00000000572365
3.87174489499948e-21 9.46080800520415e-21 -2.55582614918434e-22 2.59724292630989e-22 1.58934212050235e-22 1.66128521720181e-22 -3.42942329257193e-23 -1.44662802140305e-23 -9.78201537239951e-24 -7.93383883220774e-24 -0.679040061499332 1.00000000244866
-1.46190708454247e-19 -3.57215971249563e-19 9.64992153054395e-21 -9.80607272546498e-21 -6.00053851282919e-21 -6.27202186208304e-21 1.29471809264209e-21 5.46137490233812e-22 3.69287565132263e-22 2.9950989595091e-22 0.975916439808122 1.00000000337559
6.10744301158102e-20 1.49286453526734e-19 -4.03425514834242e-21 4.10095405905673e-21 2.51032761396243e-21 2.62481251813959e-21 -5.42021681464105e-22 -2.28714825862787e-22 -1.54706323319729e-22 -1.25517933176306e-22 0.468608950366503 0.999999999208905
4.06823823423009e-21 9.947788820218e-21 -2.68923453339891e-22 2.73469780621584e-22 1.67461092732896e-22 1.75162382550468e-22 -3.61841362951092e-23 -1.52740716482833e-23 -1.03354046183011e-23 -8.38849534888936e-24 -2.00255644036219 1.00000000051194
2.12733164981013e-24 5.16295580007771e-24 -1.38521761866029e-25 1.39794535896655e-25 8.49493267130057e-26 8.81708947326122e-26 -1.80723148955441e-26 -7.56891998073325e-27 -5.08114961073004e-27 -4.09115002609549e-27 -46.8704140927644 1.00000000006603
-1.22276019667974e-20 -2.9905879896139e-20 8.08637586109617e-22 -8.22488639710371e-22 -5.03767230258714e-22 -5.27050668661129e-22 1.0889937142759e-22 4.59788102219386e-23 3.1119043357019e-23 2.52626425425033e-23 -1.91652029449152 1.00000000049301
-5.56691024335517e-22 -1.3619739272591e-21 3.68387817441405e-23 -3.74817806492216e-23 -2.29646079037191e-23 -2.40336730188528e-23 4.96742884375904e-24 2.09798489299406e-24 1.42039473865048e-24 1.15345226849772e-24 -2.01180692601276 1.00000000010159
3.04358058114253e-23 7.44348859498077e-23 -2.01256870230384e-24 2.04693459035553e-24 1.25366544207653e-24 1.31154202833778e-24 -2.7097781567527e-25 -1.14405007498309e-25 -7.7427083785902e-26 -6.28528855897006e-26 -47.0759476567165 1.00000000006311
-1.33042566951314e-23 -3.25962808042857e-23 8.82929624461702e-25 -8.99624622914292e-25 -5.51974692213334e-25 -5.78492881871025e-25 1.19736345436074e-25 5.06421238098639e-26 3.43346450283389e-26 2.79213128407325e-26 -47.1754169169461 1.00000000006448
-1.21453582807578e-23 -2.96864283154674e-23 8.02209759229551e-25 -8.15449190375996e-25 -4.99149017509924e-25 -5.21898820597525e-25 1.07768860548995e-25 4.54736642905895e-26 3.07583545395567e-26 2.49545999557917e-26 -47.2567046134571 1.00000000006634
-1.05126432166066e-23 -2.57461023492102e-23 6.97094824283856e-25 -7.09985741652875e-25 -4.35441860106461e-25 -4.56175480788671e-25 9.43806611347012e-26 3.99017747217586e-26 2.70418459134e-26 2.19818004218317e-26 -47.016703175659 1.00000000006371
-1.64106490362893e-20 -4.01140412983367e-20 1.08404932052219e-21 -1.1019965338461e-21 -6.74582940032263e-22 -7.05363278421865e-22 1.45660167617877e-22 6.14650208789826e-23 4.15768259766329e-23 3.37332805285074e-23 -1.87295684774815 0.999999999978596
2.17550320593429e-20 5.31768716094246e-20 -1.43703631424496e-21 1.46080148552202e-21 8.94207969861338e-22 9.34992603085024e-22 -1.93075966475227e-22 -8.14718289287744e-23 -5.51090241619872e-23 -4.4711769798057e-23 -2.09588000656568 1.00000000020476
-2.96637299286529e-23 -7.26144463641834e-23 1.96517768923023e-24 -2.0005929785078e-24 -1.22641979759872e-24 -1.28422609715072e-24 2.65579076093812e-25 1.12228988658591e-25 7.60242025618133e-26 6.17706549660989e-26 -46.9379079801415 1.00000000006484
-3.69790494975603e-24 -9.02320357169133e-24 2.43415201516337e-25 -2.47009225443155e-25 -1.509393829464e-25 -1.57548518214849e-25 3.24770474147847e-26 1.36803758866343e-26 9.23752454364168e-27 7.48164591473411e-27 -47.0302073304764 1.00000000006551
1.90165911278651e-20 4.64608056083542e-20 -1.25493877517597e-21 1.27507776875263e-21 7.80143541806019e-22 8.15332020051988e-22 -1.68284731921118e-22 -7.09764004126988e-23 -4.798649881119e-23 -3.8914179202709e-23 -0.197749894281803 1.00000000006719
-4.05285815739333e-20 -9.90650989873081e-20 2.67708341971273e-21 -2.72133296134575e-21 -1.66580969915974e-21 -1.74177256844813e-21 3.5967310277028e-22 1.51769231049428e-22 1.02658653692249e-22 8.32897064351846e-23 -0.214374114159355 1.00000000168274
3.71200224062609e-21 9.06675668561892e-21 -2.44837168025316e-22 2.48702978269469e-22 1.52127683511314e-22 1.58948917364132e-22 -3.27987317539685e-23 -1.38297867800399e-23 -9.34780566947192e-24 -7.5785740931598e-24 -1.96442027108712 0.999999999936378
2.2166853546811e-21 5.41590825637377e-21 -1.46291978332631e-22 1.4864431119246e-22 9.09494369710841e-23 9.50548122823944e-23 -1.96199851284554e-23 -8.27527650675357e-24 -5.5950301454006e-24 -4.53739201809692e-24 -2.03207866101759 0.999999999909465
-9.58969675200156e-20 -2.34372083852861e-19 6.33269735214729e-21 -6.43650374959409e-21 -3.9394458715214e-21 -4.11853247343507e-21 8.50354857395325e-22 3.58770764856342e-22 2.42644160721848e-22 1.96836878054126e-22 1.15426384622828 0.999999995262989
-8.00383972199758e-20 -1.95636298416422e-19 5.28667178720558e-21 -5.3739511794875e-21 -3.28949261645607e-21 -3.43942920942964e-21 7.10222118984507e-22 2.99682355661619e-22 2.02704839004674e-22 1.64456445388423e-22 0.538966536557766 0.999999998640592
7.11696602991134e-23 1.73948842915575e-22 -4.70034844493702e-24 4.77767958606228e-24 2.92433969214412e-24 3.05746066292475e-24 -6.31312367425633e-25 -2.6637096167931e-25 -1.8016292463947e-25 -1.4615975583462e-25 -47.1065446215825 1.00000000006424
7.1986473522315e-23 1.75920832247449e-22 -4.75297314949878e-24 4.83049643928227e-24 2.95625479429798e-24 3.09039560454693e-24 -6.38023257865445e-25 -2.69164613227715e-25 -1.82026758893257e-25 -1.47650936951297e-25 -47.1010585157829 1.00000000006347
-1.39617510310747e-20 -3.41348690467787e-20 9.2265312914167e-22 -9.38117291254453e-22 -5.74380466980567e-22 -6.00709433445103e-22 1.24073664504472e-22 5.23665468004544e-23 3.54294355956745e-23 2.87513591718403e-23 -0.0460115775694387 0.999999998596364
-2.3275397703792e-23 -5.68871364232668e-23 1.53713831700777e-24 -1.56239318513496e-24 -9.56294396665351e-25 -9.99804766699928e-25 2.06437794897045e-25 8.71008592245369e-26 5.89103614994204e-26 4.77908588470953e-26 -47.0733319729421 1.000000000064
1.28849907037279e-21 3.15121389871251e-21 -8.52026802536827e-23 8.66576341275672e-23 5.30742630823959e-23 5.5524303581503e-23 -1.1471821191749e-23 -4.84329054241578e-24 -3.27781457081278e-24 -2.66079749961614e-24 -1.941870704824 1.00000000011955
3.64905265877086e-23 8.91782306878088e-23 -2.40945768373202e-24 2.44882687690436e-24 1.49872021749317e-24 1.56676975588472e-24 -3.23474479500589e-25 -1.36468964760306e-25 -9.22919033954938e-26 -7.48646876692281e-26 -47.0818013658014 1.00000000006546
-2.41744589675986e-23 -5.91101450415289e-23 1.59789857084979e-24 -1.62485612207749e-24 -9.9495745111843e-25 -1.04067813499233e-24 2.14970454167194e-25 9.07403276425335e-26 6.1398525011346e-26 4.98309809817689e-26 -47.2070720399893 1.00000000006515
-1.9250257637699e-20 -4.70521859671649e-20 1.27146677463377e-21 -1.29243519950021e-21 -7.91109255405291e-22 -8.27154255722985e-22 1.7079966169492e-22 7.20687120462501e-23 4.87464028791065e-23 3.95477993729853e-23 -1.90370938547677 0.99999999975951
-5.97941816087834e-23 -1.46214741334487e-22 3.95280418013158e-24 -4.0197398151721e-24 -2.4615828967863e-24 -2.57485807166093e-24 5.31915359898691e-25 2.24538582252548e-25 1.51941157403411e-25 1.23322912092708e-25 -47.1828168470102 1.00000000006417
5.50927015222814e-21 1.34778149895544e-20 -3.64524447224223e-22 3.70861863013556e-22 2.27206845949593e-22 2.37767669297435e-22 -4.91399192201517e-23 -2.07527248511901e-23 -1.40492024635906e-23 -1.1408063909167e-23 -0.778130487417776 1.00000000019726
-3.89361731028304e-23 -9.51974737531387e-23 2.57323545292912e-24 -2.61644837565829e-24 -1.60202294345491e-24 -1.67551237369819e-24 3.46080391731587e-25 1.46071536334265e-25 9.88303312658905e-26 8.0204518133076e-26 -47.203237041197 1.00000000006481
4.71479087859783e-20 1.15227160711408e-19 -3.11335873620781e-21 3.16433129089547e-21 1.93668316999954e-21 2.0246851228449e-21 -4.18029359573084e-22 -1.76366160326603e-22 -1.19277826922762e-22 -9.67582572260239e-23 -0.238004001228615 1.00000000081546
-1.10928131016849e-22 -2.7020890935132e-22 7.27674100241507e-24 -7.37140117433015e-24 -4.49660174288137e-24 -4.68531151998756e-24 9.64140404790744e-25 4.05413920148564e-25 2.73269011751295e-25 2.20934401817047e-25 -1.94667394622811 1.00000000091372
2.97673211170101e-23 7.28003649305546e-23 -1.96838181853494e-24 2.00199835618158e-24 1.22614560904798e-24 1.28275219360355e-24 -2.65029350697211e-25 -1.1189339978114e-25 -7.57270534568442e-26 -6.14726050587008e-26 -47.0999559260166 1.00000000006458
5.04895948937897e-21 1.23223329006852e-20 -3.32479257830621e-22 3.37453032911469e-22 2.06245578135893e-22 2.15316301406127e-22 -4.43933812850098e-23 -1.87032631735014e-23 -1.2631391230624e-23 -1.02321642525344e-23 -0.803113555007076 1.00000000008852
4.45438182011991e-20 1.08876562793315e-19 -2.94213952899454e-21 2.99068469713677e-21 1.83063544884296e-21 1.91405940197464e-21 -3.95238606526496e-22 -1.66771760450936e-22 -1.12803266004561e-22 -9.15176204573374e-23 -0.0989373867958612 1.00000000037161
5.88654885092681e-23 1.43841660013311e-22 -3.88588713222718e-24 3.94887909233076e-24 2.41646786745017e-24 2.52586522470844e-24 -5.21422037649828e-25 -2.19951765459342e-25 -1.48730892153489e-25 -1.20630867704236e-25 -47.1146456275706 1.0000000000655
-2.04180840550363e-23 -4.99215274155519e-23 1.34940503763286e-24 -1.37206590254176e-24 -8.40100364520697e-25 -8.78636739833411e-25 1.81483701361203e-25 7.65992965841865e-26 5.18259914829441e-26 4.20585231243543e-26 -47.0614561166047 1.00000000006669
9.26264881481878e-21 2.26346179724791e-20 -6.11495098034265e-22 6.2142858909601e-22 3.80288587333204e-22 3.97518730684798e-22 -8.206391703264e-23 -3.46183234347599e-23 -2.34096954201946e-23 -1.89875668610633e-23 0.382305248329059 1.00000000060313
-1.04877800167453e-20 -2.56292315632085e-20 6.92419775583448e-22 -7.03690682876843e-22 -4.30643577234775e-22 -4.50169857448001e-22 9.29362646554243e-23 3.92060581490543e-23 2.65128926137745e-23 2.15052695274493e-23 -0.645649669108965 0.999999999266259
1.1674866757547e-19 2.85302246046452e-19 -7.70797490615447e-21 7.8334636943797e-21 4.79392455102555e-21 5.01130458403302e-21 -1.03457206904008e-21 -4.36445324841726e-22 -2.95144632651711e-22 -2.39399786672896e-22 1.28893907330752 0.999999996645409
2.61637427372464e-20 6.39543788832837e-20 -1.72831384405043e-21 1.75692587053203e-21 1.07549438742514e-21 1.12456656947291e-21 -2.32226939552504e-22 -9.79939447001149e-23 -6.6286012517742e-23 -5.37809462343095e-23 -2.04067545883527 0.999999999466973
-1.77857274380548e-20 -4.34881460922763e-20 1.1755795878201e-21 -1.195395614595e-21 -7.31973122750312e-22 -7.65598183030932e-22 1.58145571904117e-22 6.67532420159856e-23 4.51672527271778e-23 3.66571630940613e-23 -1.9433854949225 1.00000000020185
2.27641672042506e-23 5.56621177867234e-23 -1.50470001492236e-24 1.53009699766263e-24 9.36940937732198e-25 9.80004591055441e-25 -2.02439263384808e-25 -8.54517442493294e-26 -5.78207156186641e-26 -4.69278024770213e-26 -47.0114688488064 1.00000000006471
1.05626642816143e-20 2.58137354178864e-20 -6.97445196817192e-22 7.08839277996965e-22 4.33819720698498e-22 4.53516470331428e-22 -9.36326239888029e-23 -3.95021272786059e-23 -2.67146650760966e-23 -2.16701951020992e-23 -0.793560758046029 0.999999999557917
8.50058164046246e-21 2.0788716945471e-20 -5.62067939603634e-22 5.71647915792639e-22 3.50100308754478e-22 3.6625102682331e-22 -7.56686168621151e-23 -3.19456795212646e-23 -2.16194507805297e-23 -1.75493587930031e-23 -1.86221475333397 1.00000000021673
-6.83117940070812e-20 -1.66965651830828e-19 4.5117025214492e-21 -4.58598095970347e-21 -2.80703536565273e-21 -2.93484923723062e-21 6.06002035730028e-22 2.55694594136655e-22 1.72943795966243e-22 1.4030472058276e-22 -0.0870832637147944 1.0000000002499
2.9366056850449e-20 7.1787338334491e-20 -1.94013526422757e-21 1.97239870201777e-21 1.2074838265627e-21 1.26267121843944e-21 -2.60765230586807e-22 -1.10044497737971e-22 -7.44428563391256e-23 -6.04034367602927e-23 -1.92462165066383 1.00000000004609
-6.5570988578708e-24 -1.60856583761106e-23 4.36260317722751e-25 -4.4507064404182e-25 -2.73422306472529e-25 -2.86918880121438e-25 5.94610552927954e-26 2.51804339982136e-26 1.70933715600942e-26 1.39179113364477e-26 -47.1458205484922 1.00000000006465
5.33924689670402e-22 1.30608778484769e-21 -3.53220632195563e-23 3.59333485879037e-23 2.20126650696414e-23 2.30339966395179e-23 -4.7600970957704e-24 -2.01011528720411e-24 -1.36069743581893e-24 -1.10480464211562e-24 -1.99012192676702 1.0000000002559
2.46355951674302e-20 6.02164311528645e-20 -1.6272301024614e-21 1.65409911190302e-21 1.01250707042973e-21 1.05866122609862e-21 -2.18608203700759e-22 -9.22433810019912e-23 -6.23936050898394e-23 -5.06207918830495e-23 -0.966289391242343 1.00000000065836
7.11088690378621e-21 1.73896734173249e-20 -4.70155264987064e-22 4.78156433840707e-22 2.92834945353672e-22 3.06336275124797e-22 -6.32884821265668e-23 -2.67184009474467e-23 -1.80814217945051e-23 -1.46770543319288e-23 -1.89524978107143 1.00000000002579
3.42500481848543e-20 8.36912022033831e-20 -2.26089415488801e-21 2.29751871920491e-21 1.40592341584396e-21 1.46955713844483e-21 -3.03362290762522e-22 -1.27966361490735e-22 -8.65298512621357e-23 -7.01810528670508e-23 0.180589288348604 1.00000000069056
