2.59641861984841e-26 8.23298217864223e-26 -2.88621032505081e-27 3.8061308914851e-27 3.0225241935574e-27 4.10000709644622e-27 -1.09838929384642e-27 -6.01303374291064e-28 -5.27683438039315e-28 -5.55448299334225e-28 -30.5118140288251 1.00000000003766
2.17604508761503e-24 6.8967159864139e-24 -2.41660244641631e-25 3.18532023102647e-25 2.52831621353721e-25 3.4279818493127e-25 -9.17915231337442e-26 -5.02264386205181e-26 -4.40559677593915e-26 -4.63519000407035e-26 2.87848119399328 0.999999999993711
-2.68929207779464e-25 -8.52056201893495e-25 2.98460455486918e-26 -3.93269478210848e-26 -3.12049834091366e-26 -4.22947413346722e-26 1.13215424160916e-26 6.19284824190222e-27 5.43022341549475e-27 5.71130380439784e-27 2.85806838704491 1.00000000006844
4.49535174039828e-25 1.42709354472565e-24 -5.00874498788224e-26 6.61286598708511e-26 5.25751144397035e-26 7.1400108539523e-26 -1.91502198423784e-26 -1.04957556720379e-26 -9.22137163764013e-27 -9.71778055553257e-27 2.97624823160218 1.0000000000673
8.77964356904685e-26 2.78489823129846e-25 -9.76630890888795e-27 1.28835892653549e-26 1.02346725408406e-26 1.38880136292516e-26 -3.72188989917254e-27 -2.03822874705532e-27 -1.78930816159815e-27 -1.88411785748082e-27 -30.4857502372687 1.00000000003189
1.55726092097278e-23 4.93811501316498e-23 -1.73120956158816e-24 2.28309147350272e-24 1.81312435548135e-24 2.45957978478007e-24 -6.58948367185975e-25 -3.60751223896422e-25 -3.16597150850323e-25 -3.33270471873366e-25 4.06480811943069 1.00000000064474
-1.14156006046963e-26 -3.62551892702232e-26 1.27300454807663e-27 -1.68141418051651e-27 -1.33736455999392e-27 -1.81699488088219e-27 4.87544758720624e-28 2.67325866853568e-28 2.3496868512927e-28 2.47724741981204e-28 -30.6245155668906 1.00000000003632
-3.6643366446522e-26 -1.16185337893441e-25 4.07282735980141e-27 -5.37063944757734e-27 -4.26468240371431e-27 -5.78464252704996e-27 1.54961423657957e-27 8.48275095893778e-28 7.4437656244398e-28 7.83500722742032e-28 -30.6266069598836 1.00000000003259
-9.31237692158193e-24 -2.95316239619042e-23 1.03538728622035e-24 -1.36553753891734e-24 -1.08451398692894e-24 -1.47128160042308e-24 3.94197337955415e-25 2.15822945402574e-25 1.89419372849391e-25 1.99407692447874e-25 4.05924848849959 0.999999999707776
-2.95092236550513e-26 -9.35671238431146e-26 3.28002743367143e-27 -4.32530737744218e-27 -3.43468695499093e-27 -4.65893299315323e-27 1.24808163208431e-27 6.83227834447574e-28 5.99557650012284e-28 6.31083852665587e-28 -30.6398456774811 1.00000000003624
5.68362172996888e-24 1.80078938817394e-23 -6.30795898855886e-25 8.31188609455438e-25 6.59538980149869e-25 8.93943250834569e-25 -2.39296381212255e-25 -1.3089643492536e-25 -1.14778836246462e-25 -1.20721885326418e-25 4.13867580858784 1.00000000011431
-2.00027996250897e-23 -6.34371582326168e-23 2.22425887932179e-24 -2.93367653461165e-24 -2.33007437173489e-24 -3.16123247745198e-24 8.47032916209021e-25 4.63778005396276e-25 4.07064120087216e-25 4.28554635901787e-25 3.04702424867495 1.00000000008403
1.25107076546075e-23 3.96608449455195e-23 -1.39005040276031e-24 1.83266985167628e-24 1.45501813326903e-24 1.9732471867427e-24 -5.28508041210719e-25 -2.89259435721336e-25 -2.53785090295344e-25 -2.67076201208347e-25 2.81169396139272 1.00000000018691
3.30385331038111e-26 1.04767545386616e-25 -3.67300242080917e-27 4.84396165257006e-27 3.84689732144856e-27 5.21854391762938e-27 -1.39812192031151e-27 -7.65431812322814e-28 -6.71754428859751e-28 -7.0713937183111e-28 -30.4271659732623 1.00000000003708
2.71433940980198e-23 8.60426662317417e-23 -3.01545032152286e-24 3.97535311067067e-24 3.1559480016822e-24 4.27969674433017e-24 -1.14618121779176e-24 -6.27277225773423e-25 -5.50311388626794e-25 -5.79092728983752e-25 5.88375075064771 1.00000000004244
-2.34141274865332e-23 -7.42688781733732e-23 2.60449989034811e-24 -3.4357932364278e-24 -2.72935656310147e-24 -3.70358693184386e-24 9.92526079962467e-25 5.43534650913137e-25 4.77150381837769e-25 5.0242810997129e-25 4.29204790076021 1.00000000007107
1.52928185820115e-26 4.85286185481231e-26 -1.70253740278545e-27 2.24688237968761e-27 1.78564178165321e-27 2.42402501638871e-27 -6.49885305339262e-28 -3.56042634096273e-28 -3.12686958375545e-28 -3.29388086609627e-28 -30.5210284609449 1.00000000003607
3.93448879032544e-26 1.24877818323052e-25 -4.38198610215414e-27 5.78418259945274e-27 4.59773228858567e-27 6.242729053428e-27 -1.67402722753587e-27 -9.1731095812652e-28 -8.05774436465533e-28 -8.48987138537369e-28 -30.5676271455627 1.00000000003689
3.9531800697658e-26 1.25419083205542e-25 -4.39915473118116e-27 5.80443627858251e-27 4.61191647396457e-27 6.25938734831894e-27 -1.67779670046548e-27 -9.18994189841808e-28 -8.06917107524978e-28 -8.49837109676955e-28 -30.3269506188652 1.0000000000336
-4.12656410729594e-26 -1.3090478633992e-25 4.59104178947656e-27 -6.05692727116957e-27 -4.81198479168628e-27 -6.53018284362004e-27 1.75018416484676e-27 9.58535671506414e-28 8.41541884950952e-28 8.86204607967319e-28 -30.5014341155275 1.00000000003524
-1.14080989300737e-24 -3.60368717595963e-24 1.2585260562252e-25 -1.65331346386378e-25 -1.30789047265329e-25 -1.76729522467428e-25 4.71624575260545e-26 2.57182899938704e-26 2.24813729905164e-26 2.35714593145363e-26 4.20493110838851 0.999999999919453
-3.59938067340697e-26 -1.14185593297602e-25 4.0048271704139e-27 -5.28374417091591e-27 -4.19788660439077e-27 -5.69703617164005e-27 1.5269496203471e-27 8.36308874601556e-28 7.34263220424408e-28 7.73264014716935e-28 -30.5661440609512 1.00000000003528
2.40998702990814e-23 7.64043470330992e-23 -2.67799702026911e-24 3.53091588194886e-24 2.80346601109553e-24 3.80217668818067e-24 -1.01841895753995e-24 -5.57425257910891e-25 -4.89090927273769e-25 -5.14734464467331e-25 5.83081371495823 0.999999999728466
3.03684381929924e-26 9.62844825575861e-26 -3.37503675145131e-27 4.45026298880974e-27 3.5336472329985e-27 4.79280196281252e-27 -1.28384519400146e-27 -7.02751083939348e-28 -6.16641690467766e-28 -6.49014829851767e-28 -30.4578724462846 1.00000000003774
9.76091831034047e-24 3.09607493575001e-23 -1.08572743439346e-24 1.43223844157789e-24 1.13773308461595e-24 1.54381206060974e-24 -4.13719086494316e-25 -2.26559656745951e-25 -1.98885123172338e-25 -2.09417322244597e-25 2.84383276594545 1.0000000000872
-1.84415581864347e-24 -5.84810572936173e-24 2.05031902345785e-25 -2.70403863747281e-25 -2.14750879676014e-25 -2.91330564994031e-25 7.80538440363983e-26 4.27335030014961e-26 3.75046790183919e-26 3.94814463345819e-26 2.96418186887239 0.999999999889368
-3.94464648296938e-27 -1.25718449387041e-26 4.42966493130728e-28 -5.87111163968264e-28 -4.68589817321483e-28 -6.38832347908785e-28 1.72000877227977e-28 9.46309075661016e-29 8.34585425953398e-29 8.82860281847559e-29 -30.5401698859516 1.00000000003356
-4.09971357750769e-26 -1.30113635920885e-25 4.56542331367284e-27 -6.02594046743523e-27 -4.7896033326704e-27 -6.50284822204822e-27 1.74367343865059e-27 9.55416985705903e-28 8.39196843871635e-28 8.84149460787157e-28 -30.4179928427862 1.00000000003773
7.4166422451792e-24 2.35180990558663e-23 -8.24490536097844e-25 1.08731232997828e-24 8.634824395687e-25 1.17133656263518e-24 -3.13810150536744e-25 -1.71798030155086e-25 -1.5076901033568e-25 -1.58707182941091e-25 4.10123095074187 0.999999999752838
-2.32769144462179e-26 -7.38413588409071e-26 2.58977864003427e-27 -3.41673193753581e-27 -2.71450001808817e-27 -3.68381577801602e-27 9.87331916508798e-28 5.40747442938327e-28 4.7475396955333e-28 4.99957917311023e-28 -30.338005298947 1.00000000003664
2.28086354684309e-26 7.24268324274227e-26 -2.54265917336296e-27 3.35785456200039e-27 2.67033697253277e-27 3.62743087906219e-27 -9.73171130878169e-28 -5.33513104446145e-28 -4.68860422900961e-28 -4.94233923781319e-28 -30.5339350596918 1.00000000003775
8.26564534477899e-24 2.62144497210163e-23 -9.19164619649861e-25 1.21235841346059e-24 9.62940207343191e-25 1.30646146324549e-24 -3.50066847792972e-25 -1.91677558480433e-25 -1.68241938964336e-25 -1.77128259480941e-25 4.8178045716931 0.999999999500161
9.27367252630734e-25 2.97492948456705e-24 -1.05495251906329e-25 1.40707863612332e-25 1.1300032115328e-25 1.54994570808836e-25 -4.19815114846364e-26 -2.32334858671988e-26 -2.06093029061477e-26 -2.19257168032288e-26 5.1089248919785 0.999999999248083
5.50836844865458e-24 1.74783998552552e-23 -6.13153266681317e-25 8.09136351648932e-25 6.42991232497036e-25 8.72805541851643e-25 -2.33984532616345e-25 -1.28180754168013e-25 -1.12564467234363e-25 -1.1856882771457e-25 2.86069361682578 1.00000000011221
-6.87135333063584e-27 -2.17857563452193e-26 7.63645697859847e-28 -1.00692398993286e-27 -7.99525575800031e-28 -1.08441961332727e-27 2.90482386359857e-28 1.59004161248475e-28 1.39521209306158e-28 1.46846268044282e-28 -30.4022630504634 1.00000000003797
1.48173389059656e-24 4.69650859700017e-24 -1.64576756636222e-25 2.1694365374454e-25 1.72209004059953e-25 2.3350363603662e-25 -6.2530000521781e-26 -3.42175583566177e-26 -3.00159578384393e-26 -3.15824549628257e-26 2.83018131097179 1.00000000002237
2.28143540927281e-24 7.23462470048518e-24 -2.5363694255673e-25 3.34498587941498e-25 2.65648107242853e-25 3.6036968885176e-25 -9.65488221954468e-26 -5.28581196652114e-26 -4.63894528469829e-26 -4.88334586469351e-26 4.93787612293937 0.999999999303274
-5.25279587441303e-27 -1.66457220932752e-26 5.83182150369082e-28 -7.68584963104131e-28 -6.09973557133575e-28 -8.26913415438792e-28 2.21394629885609e-28 1.21126998748e-28 1.06232761861732e-28 1.11755143336825e-28 -30.5687638238263 1.00000000003167
-9.85563332868797e-24 -3.12474593053707e-23 1.09530114223828e-24 -1.44423421347423e-24 -1.14675952890545e-24 -1.55537874566093e-24 4.16636333892805e-25 2.28057368374309e-25 2.00112339275062e-25 2.10617428048781e-25 3.997585561713 1.0000000000971
-9.52193105191641e-27 -3.02803145872414e-26 1.06459092501184e-27 -1.40795499789939e-27 -1.1213051401769e-27 -1.52540904988826e-27 4.09830619409284e-28 2.25002259464673e-28 1.98020686899757e-28 2.09037086064311e-28 -30.4192137253949 1.00000000003583
-5.71641188908272e-26 -1.81388376568904e-25 6.36332484750543e-27 -8.39738449912851e-27 -6.67320810513549e-27 -9.05846096475333e-27 2.4284624331187e-27 1.3303759757241e-27 1.16831576224126e-27 1.23065635820097e-27 -30.7128436039605 1.00000000003611
2.81135942771834e-26 8.91132972785608e-26 -3.12289143112798e-27 4.116765157841e-27 3.26802608643407e-27 4.43142682942624e-27 -1.18674770685353e-27 -6.49439614892569e-28 -5.69720062925333e-28 -5.99479718327371e-28 -30.5797202671626 1.00000000003574
-7.10534753399996e-26 -2.25326752096068e-25 7.90003197245489e-27 -1.04190999592356e-26 -8.274889528239e-27 -1.12259546315869e-26 3.00774867223419e-27 1.64674288345557e-27 1.44528283123636e-27 1.52149514897903e-27 -30.5211037524421 1.00000000003511
-1.02718310791231e-24 -3.25262013585667e-24 1.13869355977896e-25 -1.4995640665804e-25 -1.18919536492161e-25 -1.61090468751537e-25 4.30966031517596e-26 2.3560342548354e-26 2.06472553844675e-26 2.17036666226528e-26 2.90151883358618 0.999999999828514
1.38065205526402e-24 4.37978936892325e-24 -1.53606989540911e-25 2.02653498269833e-25 1.61000782988223e-25 2.18489746635086e-25 -5.85587002478715e-26 -3.20713985578757e-26 -2.8157058182721e-26 -2.96515533848676e-26 3.95476721771107 1.00000000015401
-2.07491642705491e-23 -6.58269269373399e-23 2.30884621359448e-24 -3.0462917151776e-24 -2.42035132410952e-24 -3.28483987030744e-24 8.80454613928627e-25 4.82242552110278e-25 4.23415425613553e-25 4.45921382496178e-25 5.75654610168561 1.00000000006498
1.52279967009668e-24 4.82383184015151e-24 -1.68938970837355e-25 2.22562724876219e-25 1.76565275769936e-25 2.39269245059248e-25 -6.40361599328629e-26 -3.5021061709021e-26 -3.07026433459958e-26 -3.22858735793151e-26 4.18245041290562 0.999999999564058
-3.24390264840552e-23 -1.02861451110044e-22 3.60600300151841e-24 -4.75537452271368e-24 -3.77636493211201e-24 -5.12262076891121e-24 1.37235851394951e-24 7.51292215297321e-25 6.5931496868844e-25 6.94012999304817e-25 5.61752514717138 1.00000000096182
-1.23668104780739e-23 -3.91129602824911e-23 1.36763261458553e-24 -1.79887331614466e-24 -1.42481816853236e-24 -1.92772225801314e-24 5.15090714917442e-25 2.81245780061276e-25 2.46166036436104e-25 2.58438935409138e-25 5.12817359753269 1.00000000070618
3.79800539219883e-24 1.20433057138015e-23 -4.22205959114853e-25 5.56785765463072e-25 4.4216298824651e-25 5.99798784470116e-25 -1.6068887574072e-25 -8.79694520958281e-26 -7.72005886855953e-26 -8.12643133751549e-26 2.94504669734969 0.999999999813116
6.85519630308377e-26 2.17363968918205e-25 -7.61980376991e-27 1.00481288194962e-26 7.97915969058292e-27 1.08232604444392e-26 -2.89945354895843e-27 -1.58723087681798e-27 -1.39285773061264e-27 -1.46610138936791e-27 -30.5199566394977 1.00000000003485
-1.20112027107601e-23 -3.80950602529989e-23 1.33579426446349e-24 -1.76195912253318e-24 -1.39953192030289e-24 -1.89888624014361e-24 5.08829580718773e-25 2.78619704059269e-25 2.44564930147779e-25 2.57494108358403e-25 2.90491681709355 1.00000000008859
1.35923770334047e-24 4.30871931336087e-24 -1.51004382512767e-25 1.99074695838002e-25 1.58042216284805e-25 2.1431824138998e-25 -5.73987245623673e-26 -3.14131316583988e-26 -2.75589660704787e-26 -2.9000479719123e-26 2.98051210425037 0.999999999727991
-4.93350946574622e-26 -1.56366034187011e-25 5.47920034196721e-27 -7.22232195565763e-27 -5.7328000423593e-27 -7.77294262941328e-27 2.08142589348202e-27 1.13894321865861e-27 9.99046328751517e-28 1.05113742878301e-27 -30.5953453471497 1.00000000003501
-2.14232851033696e-26 -6.79786069929376e-26 2.38477401067867e-27 -3.14707851983207e-27 -2.50091359769498e-27 -3.39483750724774e-27 9.10115677110141e-28 4.9858626057826e-28 4.37851591043092e-28 4.61215990005455e-28 -30.4833129499317 1.00000000003282
-3.09934995183505e-26 -9.8289167266759e-26 3.44611121718771e-27 -4.54504429968165e-27 -3.60975336574615e-27 -4.89717869995299e-27 1.31211376310822e-27 7.1839442775479e-28 6.30517508422325e-28 6.63776635157271e-28 -30.5055688797767 1.00000000003574
3.28612050771736e-26 1.04311448013917e-25 -3.66074095883088e-27 4.83271475175534e-27 3.84188044123183e-27 5.2170558201926e-27 -1.39914968982513e-27 -7.66776412148113e-28 -6.73621564804875e-28 -7.09829061474153e-28 -30.5057315438916 1.00000000003561
-5.44707022052232e-24 -1.72848431325419e-23 6.06396270695095e-25 -8.00263142226801e-25 -6.35974500998701e-25 -8.63327590402507e-25 2.31456121409979e-25 1.26802455449462e-25 1.11360046481936e-25 1.17306418287714e-25 2.9033989972698 0.9999999999575
7.67108377683908e-24 2.4330482561484e-23 -8.53165652273061e-25 1.12538532943129e-24 8.93922282996571e-25 1.21290654093848e-24 -3.25021491400518e-25 -1.77976553670755e-25 -1.5622706959756e-25 -1.6449035703232e-25 2.92606792175761 1.00000000016382
3.29867891224695e-26 1.04533299479253e-25 -3.66232575620186e-27 4.82662526590554e-27 3.83053882289872e-27 5.19283186420808e-27 -1.39028827923919e-27 -7.60624787131138e-28 -6.67079971829738e-28 -7.0173804800215e-28 -30.3773267271493 1.00000000003461
-3.49700388783979e-26 -1.10902102327958e-25 3.88841210005429e-27 -5.12849857992987e-27 -4.07323082157509e-27 -5.5260786996532e-27 1.48065022686643e-27 8.10688598530203e-28 7.11538879359907e-28 7.49090125091671e-28 -30.2844897203782 1.00000000003633
-1.01028693198174e-24 -3.20797558652111e-24 1.12617249479631e-25 -1.48717791250045e-25 -1.1826342995179e-25 -1.60644545789315e-25 4.30960610635225e-26 2.36251220283702e-26 2.0761189958808e-26 2.1883662564867e-26 4.92977140500028 1.0000000003946
-3.43344812513383e-23 -1.08858288872986e-22 3.8157610961999e-24 -5.03136831633258e-24 -3.99504512012045e-24 -5.41859065793964e-24 1.45147039160807e-24 7.94503853638752e-25 6.97150641003805e-25 7.33749694272305e-25 4.72746883312063 0.999999999961794
1.42637447409187e-24 4.5255483891423e-24 -1.58743938768422e-25 2.09463318040837e-25 1.66436691849827e-25 2.2590137539584e-25 -6.05543691683941e-26 -3.31694072386943e-26 -2.91254309962241e-26 -3.06759003852124e-26 2.98016424200225 0.999999999973068
-1.04818804343101e-24 -3.31909051696741e-24 1.16194637152462e-25 -1.53015970479127e-25 -1.21343495637888e-25 -1.64370446144247e-25 4.39730465412259e-26 2.40388544309102e-26 2.10660043747373e-26 2.21431621051467e-26 3.14309165483917 1.00000000011127
-4.76114417235583e-23 -1.50931171291157e-22 5.28974965747137e-24 -6.97391204776894e-24 -5.53666648623483e-24 -7.50843189729189e-24 2.01097752892716e-24 1.1006039988855e-24 9.65600892207567e-25 1.01614296947429e-24 5.67187652003997 0.999999999344452
-2.37195772525149e-23 -7.52270266771339e-23 2.6377245075057e-24 -3.47912602492608e-24 -2.76338538215274e-24 -3.74922716042654e-24 1.00461384933979e-24 5.50075728843337e-25 4.82823640870573e-25 5.08329337869339e-25 5.6901497852433 0.99999999958226
2.13465017766723e-26 6.76227650083704e-26 -2.36835423656613e-27 3.12021500660886e-27 2.47543702804208e-27 3.35464968852029e-27 -8.9783906788235e-28 -4.91037496936502e-28 -4.30499302519208e-28 -4.52709660919624e-28 -30.5563214324604 1.00000000003254
-2.02764167071633e-26 -6.42801126803696e-26 2.25294353687421e-27 -2.97035833953774e-27 -2.35829224068853e-27 -3.1982696127102e-27 8.56622146555548e-28 4.68844805064049e-28 4.11349816314527e-28 4.32896205433239e-28 -30.4042713786668 1.00000000003481
-3.36094284504778e-25 -1.06597286498783e-24 3.73782992519267e-26 -4.93035158033598e-26 -3.91621554928878e-26 -5.3135413195552e-26 1.4238309085464e-26 7.79647796862101e-27 6.84354276349935e-27 7.2053301619503e-27 4.62997427486835 1.00000000022786
2.30584106001058e-26 7.3111458817095e-26 -2.56288854401189e-27 3.37954925703922e-27 2.68360141107372e-27 3.64003739196046e-27 -9.75102755882824e-28 -5.33777710528775e-28 -4.68395594744972e-28 -4.93009590225461e-28 -30.4518296320801 1.00000000003608
-5.98379097693255e-25 -1.89462085650614e-24 6.63217260913941e-26 -8.73320258444947e-26 -6.92501682616739e-26 -9.37985545860407e-26 2.50915548922366e-26 1.37158877861257e-26 1.20188245192011e-26 1.26325104783013e-26 2.98578123047693 0.999999999950606
-1.61019070729309e-26 -5.10914518553946e-26 1.79228898207905e-27 -2.36512060870677e-27 -1.87944403286575e-27 -2.55114289565652e-27 6.83907805364507e-28 3.74650685259477e-28 3.29001974972848e-28 3.46546378865646e-28 -30.3873623064293 1.00000000003756
2.19121559228141e-26 6.94767824074597e-26 -2.43546986897561e-27 3.21152201226311e-27 2.55017218054137e-27 3.45905124724371e-27 -9.26619604955915e-28 -5.0723799298006e-28 -4.4510725665612e-28 -4.68498348920164e-28 -30.6007721506816 1.00000000003634
-2.83435517938551e-24 -9.00104649154123e-24 3.16023759944633e-25 -4.17379456749133e-25 -3.31949782265192e-25 -4.50964263190851e-25 1.20995270165488e-25 6.63376367577801e-26 5.83033813045334e-26 6.14635326143006e-26 2.80872735561022 0.999999999962879
2.5954841210671e-26 8.23053038526459e-26 -2.88553154098735e-27 3.8054760137568e-27 3.02219645810954e-27 4.09982547427986e-27 -1.09841163661491e-27 -6.01354778589001e-28 -5.27763193770707e-28 -5.55569002356534e-28 -30.6480931094338 1.00000000003488
8.14120431045592e-24 2.58124224270612e-23 -9.04810135166308e-25 1.1930848621929e-24 9.47361607953552e-25 1.28495887054193e-24 -3.4420706312785e-25 -1.88415332640154e-25 -1.6533143066124e-25 -1.74014407924215e-25 4.09154243894395 1.00000000015992
1.01254925162697e-25 3.210956598764e-25 -1.12574818964236e-26 1.48468125519585e-26 1.17911379521822e-26 1.59958445980688e-26 -4.28564010020279e-27 -2.34633538518217e-27 -2.05924093137414e-27 -2.16777795461996e-27 -30.5068891812415 1.00000000003701
1.09859407925284e-23 3.48492702615987e-23 -1.22219042540521e-24 1.61238750291817e-24 1.28094566472948e-24 1.73828573222043e-24 -4.65874457525033e-25 -2.55142448886381e-25 -2.23995570676499e-25 -2.3587771731736e-25 5.34090226884366 0.999999999111468
1.68576231802384e-24 5.34591441486262e-24 -1.87428807217402e-25 2.47192883817253e-25 1.96320770920636e-25 2.66333401238351e-25 -7.13579265676022e-26 -3.9068327494423e-26 -3.4288637905601e-26 -3.60966041590887e-26 2.9544596251507 0.999999999778499
-3.67734573554807e-26 -1.16688598558246e-25 4.093653853644e-27 -5.40230558328908e-27 -4.29316808950222e-27 -5.82781543943296e-27 1.5623953667368e-27 8.55937706283259e-28 7.51685624623314e-28 7.91810185953649e-28 -30.5303192479305 1.00000000003676
-1.59165677285962e-24 -5.05271376024828e-24 1.77332520177122e-25 -2.34119234942646e-25 -1.86129927280886e-25 -2.52769200607042e-25 6.77936541323514e-26 3.71552066546738e-26 3.26432112329622e-26 3.43998468951535e-26 4.25667954856075 0.999999999563782
2.74624843763935e-23 8.70615693107958e-23 -3.05141804548759e-24 4.02311162906231e-24 3.19413296125068e-24 4.331844577083e-24 -1.16024529141486e-24 -6.35027661694913e-25 -5.57157728318969e-25 -5.8634637442506e-25 4.60727664858285 1.0000000000775
-4.1953608020301e-26 -1.33041476181165e-25 4.66437395711219e-27 -6.15155398729347e-27 -4.88547583639105e-27 -6.62762435298696e-27 1.77568526453956e-27 9.72165028335278e-28 8.53211502239423e-28 8.98181273545494e-28 -30.4687810944459 1.0000000000341
-3.37904173764344e-26 -1.07235357836014e-25 3.76245560194732e-27 -4.96581224613538e-27 -3.94675456925393e-27 -5.35820461274265e-27 1.43666635253226e-27 7.87152371362891e-28 6.91360819110022e-28 7.28352591937913e-28 -30.5006643076747 1.00000000003767
1.71402865276145e-23 5.43149035977097e-23 -1.90286668355978e-24 2.50774127559912e-24 1.99015769933707e-24 2.6978704088451e-24 -7.22290018210347e-25 -3.95155365937403e-25 -3.46550637835108e-25 -3.64549034394322e-25 5.20157551445168 0.999999999812132
-1.22599813102565e-24 -3.88298589424981e-24 1.35965781727337e-25 -1.79092682849137e-25 -1.42054778242448e-25 -1.92469566506247e-25 5.15020610858604e-26 2.81612725828251e-26 2.46843600335357e-26 2.59526242031636e-26 3.97410031473605 0.999999999844172
4.59180455553913e-23 1.45549143955674e-22 -5.10063785453153e-24 6.72395038721456e-24 5.33771114831565e-24 7.23793413920993e-24 -1.93834590641767e-24 -1.06075195055991e-24 -9.3054869871931e-25 -9.79162935819873e-25 6.16115156975601 1.00000000013269
7.6864208994239e-24 2.43782710349133e-23 -8.54811353804038e-25 1.12751650425636e-24 8.9558365580545e-25 1.2151180453191e-24 -3.25602661410668e-25 -1.78288525667255e-25 -1.56495415518441e-25 -1.64767103410714e-25 2.85532718595698 1.0000000002485
-8.64513819380065e-24 -2.7424628265564e-23 9.61829597373544e-25 -1.26893888401797e-24 -1.00812372672899e-24 -1.36809407714778e-24 3.66669840623434e-25 2.00816930750638e-25 1.76306439544401e-25 1.85663538319337e-25 2.93384846190859 1.00000000019493
-3.35648598028257e-26 -1.06460115461187e-25 3.73316945665417e-27 -4.9244048939082e-27 -3.91165428785622e-27 -5.30757659131241e-27 1.42229366135778e-27 7.7884006882982e-28 6.83675650308821e-28 7.19851038880258e-28 -30.5254619564508 1.00000000003434
-6.16442056298393e-25 -1.95044925067378e-24 6.82280787878213e-26 -8.97789070825697e-26 -7.11399473291896e-26 -9.62895682165209e-26 2.57394644416509e-26 1.40599292701296e-26 1.23113852589035e-26 1.29306017098503e-26 4.122314491441 0.999999999643603
2.32801352194023e-24 7.39253530619e-24 -2.59531198286303e-25 3.42744580535609e-25 2.72572390394237e-25 3.70272796458056e-25 -9.93387136126081e-26 -5.44604027500942e-26 -4.78614183199923e-26 -5.04522527406252e-26 2.93692527255189 1.00000000011812
-2.57365154464447e-23 -8.16013141669119e-23 2.86044192823158e-24 -3.77184898077248e-24 -2.99506336956321e-24 -4.06243783536777e-24 1.08823963291312e-24 5.95700896801376e-25 5.22726696356999e-25 5.50188744960219e-25 4.57038250425208 1.00000000031422
1.46237710668994e-23 4.63863152281137e-23 -1.62670578445545e-24 2.14591932494734e-24 1.70470170395351e-24 2.31319613701614e-24 -6.1991719779469e-25 -3.39485228411508e-25 -2.98023737480091e-25 -3.13813405675582e-25 2.99071800185011 1.00000000024137
4.57422304330013e-26 1.4509095385142e-25 -5.08805912632116e-27 6.71196033846045e-27 5.33184374116272e-27 7.23493574641139e-27 -1.93887264016437e-27 -1.06176897821789e-27 -9.32081172039243e-28 -9.81450215102099e-28 -30.6235781538557 1.00000000003418
1.5142536719646e-24 4.80144260428002e-24 -1.68319101992761e-25 2.21962817880485e-25 1.76261554137592e-25 2.39091389248248e-25 -6.40512125012058e-26 -3.50636128455077e-26 -3.07700826410152e-26 -3.23885301355668e-26 2.96109067941769 0.999999999862842
-4.9101182048207e-25 -1.53049735782985e-24 5.27264228278732e-26 -6.83078960255486e-26 -5.32722069014233e-26 -7.09431909670745e-26 1.86519152886993e-26 1.00170915598071e-26 8.62056629954029e-27 8.89502217532214e-27 3.98233810155982 1.00000000010545
3.79262721676033e-24 1.20379954967743e-23 -4.2243195146513e-25 5.57627919075708e-25 4.43264354345021e-25 6.01880245979942e-25 -1.61404061493098e-25 -8.84473292955553e-26 -7.7695826513813e-26 -8.18655613596674e-26 2.87679179780905 1.00000000010996
2.16906027555202e-23 6.87613962757901e-23 -2.40994061253531e-24 3.17726314099771e-24 2.52249666056322e-24 3.42087354555489e-24 -9.16221652380953e-25 -5.01452728492925e-25 -4.39948833249447e-25 -4.62982897660718e-25 5.1380385405878 0.999999999976804
