-1.7459796473536e-26 -5.19685272289807e-26 1.71012996354292e-27 -2.11690759503366e-27 -1.57798962505712e-27 -2.00925138820563e-27 5.0526638488841e-28 2.59639842421653e-28 2.13876897711083e-28 2.11322580751961e-28 -34.8640741824251 1.00000000004348
1.24605510143153e-24 3.70996246095068e-24 -1.22120624469277e-25 1.51214122288715e-25 1.12752168842153e-25 1.43610139368474e-25 -3.61244342130653e-26 -1.85687026361918e-26 -1.53004227804551e-26 -1.5122184962795e-26 1.82737343263316 0.999999999905799
-2.25276836442219e-26 -6.4321612915839e-26 2.02678726787547e-27 -2.39771070079789e-27 -1.70446514091045e-27 -2.06485084962408e-27 4.92742734495804e-28 2.39589417675577e-28 1.86149592746599e-28 1.72853755637973e-28 2.01934943104552 1.00000000004688
-1.09849160174854e-24 -3.26845484523347e-24 1.07516567477051e-25 -1.3304300548502e-25 -9.91374714814143e-26 -1.26186006421036e-25 3.17205145991069e-26 1.62942257663476e-26 1.34174046140015e-26 1.32523368811905e-26 2.00191832452909 0.999999999635833
-2.95147459595822e-26 -8.78503948611391e-26 2.89091636172102e-27 -3.57858287568134e-27 -2.66756956984133e-27 -3.39662800163282e-27 8.5415340398487e-28 4.38922892408918e-28 3.61561234261918e-28 3.5724375170175e-28 -34.7937270010427 1.00000000004211
1.57034662108087e-23 4.67376243322585e-23 -1.53788870626785e-24 1.90356165973695e-24 1.41885539917285e-24 1.80649558748143e-24 -4.54246255857169e-25 -2.33405076355254e-25 -1.92251852563818e-25 -1.89941536384168e-25 3.19562635173618 1.00000000005411
3.16803439686755e-26 9.42383750233647e-26 -3.09921992764417e-27 3.83407240492147e-27 2.85625455533604e-27 3.63463351838983e-27 -9.13439029136588e-28 -4.69096859682266e-28 -3.86176921279519e-28 -3.8132810534761e-28 -34.9831317494782 1.00000000004528
-1.72592292916214e-27 -5.19889499068529e-27 1.73113900771147e-28 -2.16811312321093e-28 -1.63496182922559e-28 -2.10575858670327e-28 5.3556730588051e-29 2.78313291462328e-29 2.31817444313388e-29 2.31579153406787e-29 -34.9947644914394 1.00000000004367
-6.61771314256774e-24 -1.96945839357748e-23 6.47996760312691e-25 -8.02015224626793e-25 -5.97752669098152e-25 -7.61005861448146e-25 1.9134192966722e-25 9.83097911621961e-26 8.09701006700443e-26 7.9991114651012e-26 3.13266158000937 0.999999999812768
3.53065830219931e-26 1.05095691121546e-25 -3.45860749124111e-27 4.28155366984807e-27 3.19176298303463e-27 4.06431569542236e-27 -1.0221153203205e-27 -5.25263025193579e-28 -4.32708112529975e-28 -4.27565249506091e-28 -34.9673091653815 1.00000000004484
1.04286823900399e-23 3.10329131984553e-23 -1.0209459060674e-24 1.26347484221569e-24 9.41584990148193e-25 1.19861566253407e-24 -3.01339433147629e-25 -1.54809065434911e-25 -1.27490557144874e-25 -1.25935664855318e-25 3.1916378982918 0.99999999974883
-1.30660366296898e-23 -3.88903042223827e-23 1.27975248114726e-24 -1.58414303683109e-24 -1.1808424513792e-24 -1.50354734448186e-24 3.78092399340237e-25 1.94286793767324e-25 1.60040506167625e-25 1.58126891572576e-25 1.78034481973366 1.00000000039773
1.37381998027956e-23 4.08844569704964e-23 -1.3451594503989e-24 1.66484202538344e-24 1.24079890812883e-24 1.57963707101201e-24 -3.97163086715598e-25 -2.04053895174294e-25 -1.68059148415998e-25 -1.66023118322583e-25 1.79399657927004 1.00000000020393
3.99148486103656e-26 1.18763304333433e-25 -3.90676257733627e-27 4.83431925878625e-27 3.60232239771292e-27 4.58518858923885e-27 -1.15262306173401e-27 -5.92081770464932e-28 -4.87547757424871e-28 -4.81550242904825e-28 -34.7829268240535 1.00000000004249
1.19483295498123e-23 3.5546840114722e-23 -1.16918146276752e-24 1.44659365273658e-24 1.07780522047494e-24 1.37170757400873e-24 -3.44777106039669e-25 -1.77084169627204e-25 -1.45801603302594e-25 -1.4399054749349e-25 4.45286273095507 1.00000000169116
-2.56509161146092e-23 -7.6326884571655e-23 2.51095700651999e-24 -3.10731086592656e-24 -2.31557683913676e-24 -2.94755005666541e-24 7.41000982245392e-25 3.80663105905368e-25 3.13475788607825e-25 3.09639470433496e-25 3.05867496579838 1.00000000042177
-7.08391001983006e-26 -2.108202161165e-25 6.9364742475649e-27 -8.58517615513094e-27 -6.39865848908145e-27 -8.14622448857046e-27 2.04823433361528e-27 1.05236777727275e-27 8.66756046026228e-28 8.56279482271862e-28 -34.8605100180042 1.00000000004394
1.3446499175299e-26 4.00610069516917e-26 -1.31953513926697e-27 1.63494492724128e-27 1.21987054736939e-27 1.55471663790465e-27 -3.91330531914636e-28 -2.01279717268143e-28 -1.65957503568168e-28 -1.64127840098931e-28 -34.8918222942794 1.00000000004229
-8.24147824948368e-26 -2.45182387470048e-25 8.06418324599534e-27 -9.97734691774473e-27 -7.43359172788886e-27 -9.46040470708094e-27 2.37780484849576e-27 1.22125678448618e-27 1.00549256522539e-27 9.92978197437825e-28 -34.6473367625248 1.00000000004474
-9.48422232959116e-26 -2.82234192422043e-25 9.28548599657256e-27 -1.14916758014272e-26 -8.56428644748602e-27 -1.09025109099273e-26 2.74105345320941e-27 1.40822780698954e-27 1.15976385048802e-27 1.14565892591096e-27 -34.7833936682977 1.00000000004419
7.88192193212179e-24 2.34549567339966e-23 -7.71657013757689e-25 9.54987630368399e-25 7.11705514820805e-25 9.06004792365448e-25 -2.27780394758902e-25 -1.17021773772678e-25 -9.63736497363567e-26 -9.52004743064594e-26 3.11650181898941 1.00000000004839
-5.79677131435871e-26 -1.7247298560394e-25 5.67339561444121e-27 -7.02018782082931e-27 -5.23098470043197e-27 -6.65802859680432e-27 1.67364542257878e-27 8.59697472745897e-28 7.07895333244535e-28 6.99167985114537e-28 -34.9129871142802 1.0000000000438
6.3973853593283e-23 1.90325776031986e-22 -6.26007905802376e-24 7.74543368842838e-24 5.77086288450129e-24 7.34451795978457e-24 -1.84604153514257e-24 -9.48165339264765e-25 -7.80670779044124e-25 -7.7097606472451e-25 4.32797645673352 1.00000000203379
-4.04409608121871e-27 -1.20527072575952e-26 3.97133013316453e-28 -4.92234685231532e-28 -3.6739957616763e-28 -4.68418172548326e-28 1.17946638292158e-28 6.06880174349482e-29 5.00567543620601e-29 4.95236512813026e-29 -34.8437959933066 1.00000000004233
4.27410767666196e-24 1.27266753070546e-23 -4.18959038076418e-25 5.18814206747371e-25 3.86884412481783e-25 4.92808413994909e-25 -1.23973998533582e-25 -6.37305289005087e-26 -5.25176955693043e-26 -5.19102244623302e-26 1.98427911189732 1.00000000003134
1.49713685353761e-24 4.45707869742092e-24 -1.46698641560767e-25 1.81629117532995e-25 1.3541719820008e-25 1.72460475165984e-25 -4.33771325523739e-26 -2.22944321026133e-26 -1.8368475253297e-26 -1.81525984773594e-26 1.96581116247965 0.999999999714758
-6.70704228073725e-28 -2.02178129792772e-27 6.73707764693871e-29 -8.44385814789116e-29 -6.37219114276336e-29 -8.21324275901407e-29 2.09048795430201e-29 1.08717045380831e-29 9.06238186366409e-30 9.06005119842541e-30 -34.9414163294365 1.00000000004532
-6.30321449786972e-26 -1.87579355481603e-25 6.17156191641666e-27 -7.63816158816193e-27 -5.69261316841469e-27 -7.24706267265753e-27 1.82208224952337e-27 9.36134735602909e-28 7.7099217609832e-28 7.61641661024496e-28 -34.6777638134758 1.00000000004643
-5.73275448091425e-24 -1.70495673001766e-23 5.60596332415825e-25 -6.93378890716084e-25 -5.16439951547377e-25 -6.57046841725448e-25 1.65092832905718e-25 8.47665096573967e-26 6.97688203879753e-26 6.88790801876636e-26 2.69420553745073 1.00000000024296
2.16228477330172e-26 6.43669688584739e-26 -2.11836113546686e-27 2.62252911020575e-27 1.95510186348487e-27 2.48969214119062e-27 -6.26148286909787e-28 -3.21790219787015e-28 -2.65099790156786e-28 -2.61959835331874e-28 -34.7112654445057 1.0000000000447
3.24413098903111e-28 9.01682345166725e-28 -2.75674705958224e-29 3.15191639821629e-29 2.15521630579247e-29 2.49676054590431e-29 -5.65608093875321e-30 -2.58647749704875e-30 -1.86691606410501e-30 -1.58400508633511e-30 -34.9125399511509 1.00000000004477
3.68210683210654e-24 1.09513061660967e-23 -3.60099549741893e-25 4.4541307332207e-25 3.31766434178176e-25 4.22113718395102e-25 -1.06067450066054e-25 -5.44627086027728e-26 -4.48288498214837e-26 -4.42593559536683e-26 3.62797643139503 0.999999999545942
1.17666176974184e-23 3.50073964359245e-23 -1.15147662767362e-24 1.42473531380954e-24 1.06155470049995e-24 1.35107085733341e-24 -3.39601451952436e-25 -1.74431702837164e-25 -1.43622531669622e-25 -1.41843321560398e-25 4.43530349107089 0.999999998248154
9.38975943435092e-24 2.79386691343255e-23 -9.19060517865674e-25 1.13727699141268e-24 8.47456713156173e-25 1.07868926494249e-24 -2.7116326436447e-25 -1.39293169743916e-25 -1.14701755633552e-25 -1.13292058408802e-25 2.02623165432549 0.999999999986404
-7.62797252354452e-27 -2.27129385581128e-26 7.47696110474992e-28 -9.25893657753984e-28 -6.90441154747088e-28 -8.79468397469765e-28 2.21243193144039e-28 1.13732481943908e-28 9.37218474704081e-29 9.26374887786316e-29 -34.7281055410379 1.00000000004436
2.10827895019396e-24 6.27154715650105e-24 -2.06256849443676e-25 2.55167722494323e-25 1.90095635127232e-25 2.4190566305694e-25 -6.07960708182614e-26 -3.12226227746998e-26 -2.57042212106512e-26 -2.53821612323088e-26 1.89049853437275 0.99999999958716
-1.30317956149125e-24 -3.87584540336006e-24 1.27443077297046e-25 -1.57634137347391e-25 -1.1741238270076e-25 -1.4938450930979e-25 3.75364649099462e-26 1.92737456329251e-26 1.58642897073716e-26 1.56626333010164e-26 3.56379480562862 0.999999999663553
-5.40325522330192e-26 -1.60835167055694e-25 5.29290137941154e-27 -6.55224980910662e-27 -4.88445742961732e-27 -6.21970635339724e-27 1.56415291117093e-27 8.03809462002787e-28 6.62168332263398e-28 6.54294046006782e-28 -34.900737497647 1.00000000004483
-5.99035716147772e-24 -1.78278676775285e-23 5.86588228581664e-25 -7.26024277951771e-25 -5.41125726642369e-25 -6.8892650188219e-25 1.73222130618529e-25 8.90017286413058e-26 7.33052187674451e-26 7.24203492897389e-26 2.99018906716883 1.00000000000785
4.32792994537858e-26 1.28744720293184e-25 -4.23414308465625e-27 5.23823683369877e-27 3.90241639245352e-27 4.9660306314822e-27 -1.24807473962302e-27 -6.40967502999406e-28 -5.27682209875729e-28 -5.21072074624294e-28 -34.8252984166661 1.00000000004394
-7.10708423069669e-26 -2.11544215029099e-25 6.96142483669858e-27 -8.61745490946526e-27 -6.42375808367521e-27 -8.17950541196223e-27 2.05693573864045e-27 1.05700982381184e-27 8.70720457903551e-28 8.6033537558086e-28 -35.0514104793114 1.0000000000438
-6.5083234352928e-26 -1.93688526365047e-25 6.37273586146065e-27 -7.88736246359618e-27 -5.87850535882994e-27 -7.48392986242368e-27 1.88169085387173e-27 9.66788378074676e-28 7.96261935870376e-28 7.86628649143559e-28 -34.9142449692741 1.00000000004299
-6.76143246789079e-26 -2.01218813393546e-25 6.62042133799606e-27 -8.19382068417475e-27 -6.10683858179042e-27 -7.77452775715167e-27 1.9547323137341e-27 1.00430371505445e-27 8.27149772050366e-28 8.17132398385398e-28 -34.85329517621 1.00000000004304
-1.24602024116013e-24 -3.70839917987867e-24 1.22021133117679e-25 -1.51031463663829e-25 -1.12571638860687e-25 -1.43323748784178e-25 3.60381962197608e-26 1.85170779511437e-26 1.52518734076969e-26 1.50682611659634e-26 1.7770585616655 0.999999999803954
8.87894943874005e-25 2.64550270383809e-24 -8.71449216214941e-26 1.07984098443145e-25 8.05761956800609e-26 1.02702584503354e-25 -2.58530479741819e-26 -1.32986238887392e-26 -1.09658684640137e-26 -1.08459755305893e-26 3.08220355913791 0.999999999397077
-4.09823794891621e-23 -1.21914202929964e-22 4.00957647734363e-24 -4.96051041848585e-24 -3.69558569311664e-24 -4.70292082484798e-24 1.18197322879059e-24 6.07032581622839e-25 4.99755471694676e-25 4.93505718975815e-25 5.09736335273358 1.00000000002436
-3.81136532386194e-24 -1.13347568859631e-23 3.72675632370402e-25 -4.60928479941949e-25 -3.43293221437042e-25 -4.36741523471363e-25 1.09733546858915e-25 5.63402580089054e-26 4.63702603177537e-26 4.57772191306814e-26 2.99273777849721 0.999999999988367
-6.9727517770874e-23 -2.07434180806747e-22 6.82249970434187e-24 -8.44093239434146e-24 -6.28877981630965e-24 -8.00331408533135e-24 2.01154123496652e-24 1.03312395688451e-24 8.50583872939395e-25 8.39983890547736e-25 4.81296903365702 0.999999999304052
3.35906909444035e-23 9.99376343726301e-23 -3.28720148343379e-24 4.06731039710618e-24 3.03052187146028e-24 3.85704827451792e-24 -9.69501255428431e-25 -4.979733865437e-25 -4.10020104297763e-25 -4.0494245705422e-25 4.44661447393614 0.999999999280108
4.51507882495144e-25 1.34700410795793e-24 -4.44281167838658e-26 5.51224993094936e-26 4.11838834078757e-26 5.25595369944351e-26 -1.32473715558764e-26 -6.82292614020902e-27 -5.63314851989195e-27 -5.57852267235724e-27 1.78760503983639 0.999999999890655
1.80802030311537e-26 5.38006870030755e-26 -1.76994304263051e-27 2.19035401354565e-27 1.63229355773588e-27 2.07782795112115e-27 -5.22367764232104e-28 -2.68353599699546e-28 -2.20993530142665e-28 -2.1829342350995e-28 -34.8165624392987 1.00000000004508
-7.28294883821164e-24 -2.16784567547894e-23 7.13405876624258e-25 -8.83138506832981e-25 -6.58339872356043e-25 -8.38299347241376e-25 2.1081612778999e-25 1.08336070184751e-25 8.92449540840874e-26 8.81827203041104e-26 1.75362956736833 1.00000000021494
-6.60095453425705e-26 -1.92486187724515e-25 6.20291890026667e-27 -7.51597200553412e-27 -5.48155545232546e-27 -6.82561310405991e-27 1.67771188442148e-27 8.42227967192845e-28 6.77398899224126e-28 6.53127753818319e-28 1.87447025536438 0.999999999813718
1.94015984228579e-27 5.76108934628472e-27 -1.89127563980775e-28 2.33552620865676e-28 1.73675963420531e-28 2.20606423059135e-28 -5.5341144213105e-29 -2.83686352530188e-29 -2.33112661101816e-29 -2.29762023965752e-29 -34.9018298596146 1.00000000004427
-5.74482049730477e-26 -1.70981273219411e-25 5.62610334338733e-27 -6.9638681641421e-27 -5.19065820845355e-27 -6.6087878955074e-27 1.66179247184808e-27 8.53878659387954e-28 7.03326102652712e-28 6.94874536933473e-28 -34.8697863266157 1.00000000004211
3.38437894410416e-26 1.00662174956401e-25 -3.31009359946126e-27 4.0944679808181e-27 3.04988386362142e-27 3.88057583268373e-27 -9.75133774079795e-28 -5.00721430315238e-28 -4.12162921545176e-28 -4.06939925360858e-28 -34.8925480457247 1.00000000004478
-1.4937851196206e-26 -4.44777326376639e-26 1.46414611748395e-27 -1.81305121245729e-27 -1.35196352102584e-27 -1.72205714324914e-27 4.33197488416078e-28 2.22683938606685e-28 1.83498811478773e-28 1.81370602876606e-28 -34.8784880815171 1.00000000004548
-5.11686815400436e-24 -1.52272734767283e-23 5.00987940469556e-25 -6.20034994696428e-25 -4.62098242675085e-25 -5.88274536696815e-25 1.4790454028765e-25 7.59884332040348e-26 6.25827737643504e-26 6.18231802291277e-26 2.03482066752378 0.999999999814104
8.94469759360769e-24 2.66223365352462e-23 -8.76019650848369e-25 1.08433955952296e-24 8.08250367073612e-25 1.02909177245679e-24 -2.58772423006541e-25 -1.32967767163337e-25 -1.09525706243523e-25 -1.08211877748103e-25 1.8365661151802 1.00000000005397
-6.50918594406756e-26 -1.93751199919412e-25 6.37601436756387e-27 -7.89292431923333e-27 -5.88377064694717e-27 -7.49205763943369e-27 1.88409226184096e-27 9.68205866446672e-28 7.97580535416644e-28 7.88080458402951e-28 -34.6962803728487 1.00000000004246
-2.73522000590973e-26 -8.14037467138178e-26 2.67845046127862e-27 -3.31517561002386e-27 -2.47091914715438e-27 -3.14585020924797e-27 7.90993941238682e-28 4.06417774271954e-28 3.34744502581862e-28 3.30706948478918e-28 -34.7022428960519 1.00000000004604
-4.43319789684355e-25 -1.32595172164713e-24 4.38445449073452e-26 -5.45352591099027e-26 -4.08468554077074e-26 -5.22586075101002e-26 1.32039293331028e-26 6.81716175208216e-27 5.6420372517016e-27 5.60077611424229e-27 3.70255809133188 1.00000000021287
-1.96109068655456e-23 -5.83600837955011e-23 1.92008869591358e-24 -2.37635013878957e-24 -1.77104137804034e-24 -2.25462622260647e-24 5.66860338902944e-25 2.91233996222254e-25 2.3985531760382e-25 2.36944045572277e-25 3.66239300038197 0.999999999976929
1.03701128036214e-24 3.0846315453877e-24 -1.01440275599973e-25 1.25487786253489e-25 9.34806640020884e-26 1.18951478944995e-25 -2.98932913362742e-26 -1.53511975998574e-26 -1.26372400083184e-26 -1.24781882429737e-26 1.8147404280109 0.999999999805983
-1.26904618040851e-25 -3.73455695384598e-25 1.21487475313807e-26 -1.48644887446566e-26 -1.09506151906141e-26 -1.37782530915042e-26 3.42328883323103e-27 1.73777670342871e-27 1.41390646260582e-27 1.37965318316438e-27 1.88897026564436 0.999999999983595
-5.69669692413303e-23 -1.69460513421161e-22 5.57315365328444e-24 -6.89472920456389e-24 -5.13644317564728e-24 -6.53634959715584e-24 1.64272047639703e-24 8.43638690710725e-25 6.945292372099e-25 6.85825586688175e-25 4.66851139586826 1.00000000184141
-4.77282621881252e-23 -1.42013470770574e-22 4.67165314771444e-24 -5.78089885536369e-24 -4.30773780966488e-24 -5.4831572005673e-24 1.37837624388579e-24 7.08058785293069e-25 5.83058473063571e-25 5.75895980372186e-25 4.43918659622369 0.999999999410333
1.87879541149136e-26 5.58743728056149e-26 -1.83709689453805e-27 2.27213585681138e-27 1.6922508264272e-27 2.15288985451848e-27 -5.40920728913332e-28 -2.77721165125624e-28 -2.28572866714026e-28 -2.25646495616449e-28 -34.9076217297162 1.00000000004089
-4.97135763023517e-27 -1.47443174536001e-26 4.83453882768943e-28 -5.96297098666048e-28 -4.42886999204013e-28 -5.6188073240236e-28 1.40781105240489e-28 7.20779417474355e-29 5.91554699333058e-29 5.82330844707343e-29 -34.7640391060921 1.00000000004367
4.00509051659935e-24 1.1913542956048e-23 -3.91793260234914e-25 4.84682139011702e-25 3.61065905093523e-25 4.59455853258331e-25 -1.15466777135825e-25 -5.92973184958037e-26 -4.88151496976894e-26 -4.82018425736685e-26 3.60060528583443 0.999999999887323
-4.22120972213972e-26 -1.25628856834371e-25 4.133605170133e-27 -5.11625619136788e-27 -3.81333238715522e-27 -4.85494775584028e-27 1.22073130829549e-27 6.27220198286145e-28 5.16608113728466e-28 5.10377508236009e-28 -34.7741917344641 1.0000000000438
-5.94774684380361e-24 -1.76971787457242e-23 5.82160489294726e-25 -7.20385803758073e-25 -5.36805150029704e-25 -6.83275334462306e-25 1.71763332784211e-25 8.82327112897864e-26 7.2655759688851e-26 7.17628387890847e-26 1.99369288763206 0.999999999861304
-3.96064568869865e-26 -1.17828824659275e-25 3.87546786125421e-27 -4.79490908937834e-27 -3.5724457189354e-27 -4.54651215369225e-27 1.14273790708415e-27 5.86920499592497e-28 4.83229117183003e-28 4.77217065253709e-28 -34.7255750923834 1.00000000004468
4.68036742521718e-27 1.39237997915831e-26 -4.57954528243731e-28 5.66591834960531e-28 4.22130770392998e-28 5.37218407360106e-28 -1.35023710277491e-28 -6.93478934801146e-29 -5.70949104332903e-29 -5.63832734183848e-29 -34.9486956819622 1.00000000004272
-1.37394420405733e-24 -4.09222391580418e-24 1.34752436536522e-25 -1.6691578575322e-25 -1.2450509465873e-25 -1.58636892696585e-25 3.99187313035989e-26 2.05264353788609e-26 1.69196517028157e-26 1.6728548485373e-26 1.87089898725782 1.00000000037571
-2.57548842190363e-26 -7.66709823241682e-26 2.52342175935839e-27 -3.1241555788716e-27 -2.32918956813982e-27 -2.96623002927829e-27 7.46037623793688e-28 3.83425817700958e-28 3.15895544276242e-28 3.12172797545645e-28 -34.9118770830321 1.00000000004255
1.72392111471903e-23 5.13021069919602e-23 -1.68787437064434e-24 2.08895334711301e-24 1.5568488431493e-24 1.98194534303489e-24 -4.98301873692544e-25 -2.56010509886279e-25 -2.1084548320397e-25 -2.08285925309415e-25 3.18388086600898 0.999999999982262
4.99960000031844e-26 1.48763065879909e-25 -4.8937526616586e-27 6.05581427662549e-27 4.51265461701501e-27 5.7440616436616e-27 -1.44398153784709e-27 -7.41768774810287e-28 -6.10824738617602e-28 -6.03328350496153e-28 -34.8303761942193 1.00000000004335
8.41585051279982e-24 2.50554346565272e-23 -8.24694394645571e-25 1.02109916144687e-24 7.61328261280318e-25 9.69624480527119e-25 -2.43888253616213e-25 -1.25355298295052e-25 -1.03284656494222e-25 -1.02074699603433e-25 3.66696426892394 0.999999999479992
-1.93587339617044e-24 -5.75936057304343e-24 1.89434311513704e-25 -2.34383307291859e-25 -1.74631969202183e-25 -2.22253339887646e-25 5.58635352070448e-26 2.86927990408704e-26 2.36242812301162e-26 2.33310003129759e-26 1.94106229775408 0.999999999803475
2.31735457584265e-26 6.89517650341555e-26 -2.26822057868389e-27 2.80678267517341e-27 2.09151637831859e-27 2.66220298920438e-27 -6.69231818333236e-28 -3.43776605692454e-28 -2.8308521393083e-28 -2.79606371093867e-28 -34.8625313093416 1.0000000000461
-9.88452392276875e-24 -2.94184525230006e-23 9.67990464689423e-25 -1.19813601889947e-24 -8.93038822313963e-25 -1.13700442841169e-24 2.85897053385442e-25 1.46899972646171e-25 1.20997129744626e-25 1.19541202792193e-25 3.04269783260641 0.999999999791789
3.18715598328197e-23 9.48285253084404e-23 -3.11933332113048e-24 3.85983094582918e-24 2.87609928629836e-24 3.660724021356e-24 -9.20207421023083e-25 -4.72681829326082e-25 -3.89218364237289e-25 -3.84420783695494e-25 3.76049762484919 0.999999999706256
-3.44766004569261e-26 -1.02651096074386e-25 3.37901440771985e-27 -4.18408400875728e-27 -3.11989535438053e-27 -3.97381249831521e-27 9.99609859609625e-28 5.13828646876559e-28 4.23396753045966e-28 4.18471651329855e-28 -34.7920133332987 1.00000000004313
-4.41516703365775e-26 -1.31399474245114e-25 4.32341924045468e-27 -5.35112271909094e-27 -3.98833552859681e-27 -5.07768918174973e-27 1.27672185283332e-27 6.55980652887134e-28 5.40290255362763e-28 5.33767941389168e-28 -34.721840377277 1.00000000004235
1.5707880733552e-24 4.68952482005722e-24 -1.54782850125294e-25 1.92174706340014e-25 1.43679366865096e-25 1.83491451967656e-25 -4.62794992294616e-26 -2.38518285806454e-26 -1.97056948728288e-26 -1.95275060759202e-26 4.36156796107148 0.999999999373687
4.94599284040372e-24 1.47160321460934e-23 -4.8407774950966e-25 5.98995093058153e-25 4.46334583861965e-25 5.68100768904282e-25 -1.42805811760139e-25 -7.3355192535114e-26 -6.04028067584729e-26 -5.96585287931192e-26 3.01752877259974 0.999999999374932
6.57207377875197e-23 1.95495767137837e-22 -6.42923525607353e-24 7.95362130853431e-24 5.92515223576257e-24 7.53983013818603e-24 -1.89486886014197e-24 -9.73108150275447e-25 -8.01095368204539e-25 -7.91036225950705e-25 5.48394877912582 0.999999999200303
1.18355558632493e-23 3.52211929449842e-23 -1.15879505170072e-24 1.43414470344546e-24 1.06882958176004e-24 1.36066602363534e-24 -3.42097816766966e-25 -1.75757375245159e-25 -1.44749846748366e-25 -1.42992035280316e-25 1.83692265303756 1.00000000001934
-1.29065396459069e-23 -3.84192678562764e-23 1.26437384645969e-24 -1.565257092624e-24 -1.16687676866889e-24 -1.48590784745237e-24 3.73692543434342e-25 1.92044320349445e-25 1.5820849085416e-25 1.56331780775389e-25 1.82366286727117 1.00000000024992
5.11291812834171e-27 1.52104282924068e-26 -5.00263935692323e-28 6.18925947638819e-28 4.61110805396777e-28 5.86809920879401e-28 -1.47483430441766e-28 -7.57445599978834e-29 -6.23589643805974e-29 -6.15791153530824e-29 -34.8539690253578 1.00000000004446
1.20252196088778e-24 3.57889638806405e-24 -1.17758477658156e-25 1.45753432186767e-25 1.08636140539006e-25 1.38311161863997e-25 -3.47772788716498e-26 -1.78689173427292e-26 -1.47177682801587e-26 -1.45403427308868e-26 2.84445884231264 0.999999999921525
3.76801669777151e-24 1.12149695120652e-23 -3.69037575134619e-25 4.56800838842082e-25 3.40496295586806e-25 4.33536349804938e-25 -1.09017036528722e-25 -5.60180213002899e-26 -4.61426463629261e-26 -4.55896708287721e-26 1.82700907247849 1.00000000025559
-3.13510362045612e-23 -9.32819769552848e-23 3.06853240185815e-24 -3.79705962835598e-24 -2.82939272552237e-24 -3.60136046256436e-24 9.05306419689383e-25 4.65038663906829e-25 3.82933872808616e-25 3.78222749595382e-25 3.63622196028871 1.00000000118451
1.73141941394547e-23 5.15266677566748e-23 -1.69530941406152e-24 2.09821329043731e-24 1.56379354786253e-24 1.99084182649374e-24 -5.00552639304808e-25 -2.57174095499061e-25 -2.11809754988818e-25 -2.09244402022887e-25 1.87481575362745 1.00000000027908
1.62622881348841e-26 4.83610579867731e-26 -1.58999637914533e-27 1.96643355395763e-27 1.46450409959477e-27 1.86306716272473e-27 -4.68081131073972e-28 -2.40312999553438e-28 -1.97776051401788e-28 -1.95235291765764e-28 -34.9501695311713 1.00000000004302
-3.30115662225401e-24 -9.82022608184647e-24 3.22971308253424e-25 -3.99567449190722e-25 -2.9767704185258e-25 -3.78815809759458e-25 9.52064711777545e-26 4.88955420796684e-26 4.02543938857538e-26 3.97508509344148e-26 1.93949476807329 0.999999999998318
9.03225972957672e-24 2.68814907523141e-23 -8.84499121849253e-25 1.09477580157273e-24 8.15984819348828e-25 1.03888268568704e-24 -2.61220093215429e-25 -1.34218104523775e-25 -1.10549523999334e-25 -1.09217388819312e-25 3.03345526220756 0.999999999954001
7.25154920025302e-24 2.15786938523664e-23 -7.09915536854202e-25 8.78561125232371e-25 6.54736327387755e-25 8.33467136051842e-25 -2.09539649175257e-25 -1.07648613782471e-25 -8.86527012353845e-26 -8.7571883085456e-26 1.89074860609761 1.00000000018608
2.07658570788122e-23 6.1778237079484e-23 -2.03192773189304e-24 2.51399669618201e-24 1.87305368648133e-24 2.3837640136923e-24 -5.99144955308142e-25 -3.07726555335096e-25 -2.53360711274021e-25 -2.50208852674095e-25 4.14490102760807 1.00000000182179
