-3.38868386045714e-28 -9.53916287992169e-28 2.96863583284993e-29 -3.47510455375027e-29 -2.44956363859884e-29 -2.94929448815855e-29 7.0126867451091e-30 3.40719235941718e-30 2.65357764686582e-30 2.47877994159241e-30 -39.0967743178178 1.00000000005128
1.74381480707561e-25 4.87371826029492e-25 -1.50593479833982e-26 1.75038752286202e-26 1.22515184604285e-26 1.46477773558036e-26 -3.45865899821638e-27 -1.6688095262083e-27 -1.29076032736684e-27 -1.19749067807261e-27 0.793181512599973 1.00000000024339
-2.94725908249448e-25 -8.23348726796112e-25 2.54293299078047e-26 -2.95439261685282e-26 -2.06694574118781e-26 -2.47010803572533e-26 5.829843929366e-27 2.81164717372019e-27 2.17372415327841e-27 2.01574521945982e-27 0.581330616786559 0.999999999984285
-2.29061626391845e-25 -6.39735377821512e-25 1.97530398508891e-26 -2.29429709912373e-26 -1.60469646138914e-26 -1.91717646165849e-26 4.52361190327602e-27 2.18107926986736e-27 1.68576575652184e-27 1.56282572657931e-27 0.616802940255491 1.00000000006556
3.250718906518e-27 9.08949476648938e-27 -2.80986632322112e-28 3.26748621383767e-28 2.28807068147688e-28 2.73685070837015e-28 -6.46527319216999e-29 -3.120941013398e-29 -2.41503789927429e-29 -2.24155774756633e-29 -38.9814822705858 1.0000000000519
1.26664255325214e-24 3.54035329339503e-24 -1.09401909062961e-25 1.27170262843371e-25 8.90172116796278e-26 1.06436009928063e-25 -2.51337602296315e-26 -1.21280070054189e-26 -9.38126283773856e-27 -8.70404129757973e-27 1.90679540658438 0.999999999931386
-3.66556195864256e-27 -1.02504880552044e-26 3.16908837318108e-28 -3.68558629778192e-28 -2.581110671781e-28 -3.08768442815408e-28 7.29480237222156e-29 3.5217400925411e-29 2.72546760577204e-29 2.52995374331083e-29 -39.158984865545 1.00000000005303
5.14772793075179e-27 1.43946517222738e-26 -4.45012829991831e-28 5.17518998894112e-28 3.62416396576619e-28 4.33526434333924e-28 -1.02418317700744e-28 -4.94427713791213e-29 -3.82620197887701e-29 -3.55157325598238e-29 -39.1842229851467 1.00000000005311
-3.33428452394641e-25 -9.32134972045019e-25 2.88098358961567e-26 -3.34954027907079e-26 -2.34507880527572e-26 -2.80450311789167e-26 6.62382369018799e-27 3.19686839411609e-27 2.47332229983792e-27 2.29522101040537e-27 2.0521125219279 1.00000000010338
-4.84164489738032e-27 -1.35380671009584e-26 4.18510374768895e-28 -4.8667409876418e-28 -3.40798798889378e-28 -4.07646883884883e-28 9.62996148059978e-29 4.64866371487753e-29 3.59725870576302e-29 3.33889726777252e-29 -39.1726882166268 1.00000000005192
1.01282656289565e-24 2.83075041138279e-24 -8.74689007932271e-26 1.0166885976314e-25 7.11622726924311e-26 8.50819961431858e-26 -2.00899861701601e-26 -9.69358709362096e-27 -7.49771815563091e-27 -6.95602767827675e-27 1.81383006162687 0.99999999945029
-1.30149540261327e-24 -3.63852066265248e-24 1.12458639455741e-25 -1.30750445676616e-25 -9.15421868017921e-26 -1.09477676550724e-25 2.58573579309754e-26 1.24797479660173e-26 9.65533570684831e-27 8.96017969317744e-27 0.700721883926273 1.00000000003521
9.3721763581247e-25 2.61994365754766e-24 -8.09709357357207e-26 9.41344679500929e-26 6.59015869402982e-26 7.88077976922811e-26 -1.86121579732111e-26 -8.98229459465292e-27 -6.9489260359497e-27 -6.44815983761214e-27 0.603520257322574 1.00000000039065
-4.47463904560956e-27 -1.25114296732898e-26 3.86760157619805e-28 -4.4973737191976e-28 -3.14922772077764e-28 -3.76682482875917e-28 8.89817938469977e-29 4.29526604268947e-29 3.32367816780997e-29 3.08486189010561e-29 -39.0081647968115 1.00000000005038
2.4775824813917e-24 6.92379334837963e-24 -2.13917225947659e-25 2.48616360920141e-25 1.73996822523235e-25 2.08007515325634e-25 -4.91101131199549e-26 -2.36933160366532e-26 -1.8324012068391e-26 -1.69982017973248e-26 3.19840470997801 1.00000000111482
-2.9572124522927e-24 -8.2654920003492e-24 2.55411576747186e-25 -2.96889427333352e-25 -2.07814836632727e-25 -2.48476009831514e-25 5.86741189359449e-26 2.83120745563024e-26 2.18996219480444e-26 2.03183871412038e-26 1.86075467152252 1.00000000061946
1.49677432352003e-27 4.18615095963165e-27 -1.29437285541024e-28 1.50551975464164e-28 1.0544875334897e-28 1.26160325910895e-28 -2.98097695335307e-29 -1.43932113871969e-29 -1.11402993880317e-29 -1.03424629838743e-29 -39.0214464062421 1.00000000005148
-7.53808571882198e-28 -2.10819303118846e-27 6.51848095092293e-29 -7.58168533297369e-29 -5.31023594348669e-29 -6.3531487005665e-29 1.50113401674968e-29 7.24792953714969e-30 5.60982500402718e-30 5.20802910062237e-30 -39.1414974138657 1.0000000000513
-7.96379538640001e-28 -2.22257658085149e-27 6.85768395115846e-29 -7.95937348484432e-29 -5.56296541540609e-29 -6.64137983489113e-29 1.56589579337947e-29 7.54447065265834e-30 5.82683694053545e-30 5.39787726751154e-30 -38.8282298764188 1.000000000052
-1.74065784953302e-27 -4.86780927062148e-27 1.50501045886433e-28 -1.75036212732392e-28 -1.22586911143651e-28 -1.46651507906783e-28 3.46484094399837e-29 1.67279691091301e-29 1.29462229655397e-29 1.20179606506272e-29 -39.0105946949654 1.00000000004984
1.33632696807906e-24 3.73548785900819e-24 -1.15443008807309e-25 1.34205482657837e-25 9.39508191314036e-26 1.12345842938297e-25 -2.65318583110266e-26 -1.28038731602059e-26 -9.90500942063437e-27 -9.19085976261265e-27 1.87887692170636 0.999999999841915
-2.06916901666026e-27 -5.78182362366883e-27 1.78615613220788e-28 -2.07566043342378e-28 -1.45251585447719e-28 -1.73624726542456e-28 4.09879774792024e-29 1.97726295392571e-29 1.52901660034163e-29 1.418233314932e-29 -39.1864312202844 1.00000000005049
4.14031940124596e-24 1.15708513037844e-23 -3.57505286917398e-25 4.15510416040018e-25 2.90809795273329e-25 3.4766602083046e-25 -8.20861083321511e-26 -3.96040950938528e-26 -3.06302354841972e-26 -2.8415039916613e-26 3.23764712233796 1.00000000134394
-3.58559797443624e-27 -1.00310863029763e-26 3.10255977602692e-28 -3.60973040395479e-28 -2.52904860000429e-28 -3.0266751623051e-28 7.15366803980467e-29 3.45505441778208e-29 2.67498249033319e-29 2.48413285738381e-29 -39.0674320710826 1.00000000005087
5.21652302573108e-25 1.45866956229878e-24 -4.50939741202239e-26 5.24399780621274e-26 3.67226716656162e-26 4.39270712110202e-26 -1.03773039921264e-26 -5.00956421757311e-27 -3.8766382766647e-27 -3.59830866044983e-27 0.662422604482234 0.999999999784764
-6.0744575567075e-26 -1.69714815014242e-25 5.24225111004178e-27 -6.09113603488705e-27 -4.26193252218101e-27 -5.0937903225645e-27 1.20234716908291e-27 5.79938363386645e-28 4.4840838865142e-28 4.15866020181309e-28 0.73411505354832 0.999999999923858
-3.97936908613794e-27 -1.11236816913244e-26 3.43770604792668e-28 -3.99642235168806e-28 -2.79770458903764e-28 -3.34548123488809e-28 7.90077531148283e-29 3.81279978017949e-29 2.94956702376086e-29 2.73690926809695e-29 -39.1573118029204 1.00000000005225
2.96697844340181e-27 8.2923673073007e-27 -2.56229013831076e-28 2.97824426922119e-28 2.08458658358013e-28 2.49233035695478e-28 -5.88498586294089e-29 -2.83954132469465e-29 -2.19629523802084e-29 -2.03760915863802e-29 -38.8952132558005 1.00000000005044
-5.27033532435794e-27 -1.44705013218479e-26 4.39115680229783e-28 -5.01090342217351e-28 -3.44219145949325e-28 -4.03765177308165e-28 9.35017726832598e-29 4.42293580764423e-29 3.3525211566295e-29 3.0467967819893e-29 1.987329755975 0.99999999924152
-2.58438555496041e-27 -7.22777354323912e-27 2.23479512788872e-28 -2.59928226031744e-28 -1.82052688451639e-28 -2.17804631062389e-28 5.14625834604547e-29 2.48473070279087e-29 1.92312334710901e-29 1.7853481063341e-29 -38.9297952437754 1.00000000005062
-1.83359855049135e-28 -5.11284553323612e-28 1.57618365854436e-29 -1.82781955436001e-29 -1.27640225635606e-29 -1.52253751070489e-29 3.58676358628722e-30 1.7266353909538e-30 1.3324118348541e-30 1.23328707395367e-30 -39.1240930449661 1.0000000000496
-1.1372349517577e-24 -3.17645190354142e-24 9.80889019456058e-26 -1.1394087931135e-25 -7.97015456474659e-26 -9.52313268723670e-26 2.24722699924192e-26 1.0836196572495e-26 8.37618828771564e-27 7.76610922655504e-27 2.46412923717624 0.999999999830006
1.41506873469078e-24 3.95403946900261e-24 -1.2214907513642e-25 1.41945518458603e-25 9.9330103059081e-26 1.18731571724923e-25 -2.80288823305677e-26 -1.35209865904012e-26 -1.04556449294202e-26 -9.69797352315121e-27 2.84050392271592 0.999999998760782
8.10802139211731e-25 2.26635259662639e-24 -7.00367246721869e-26 8.1415395470188e-26 5.69921425226609e-26 6.8147448628542e-26 -1.60930548187964e-26 -7.76587612434851e-27 -6.00734133974066e-27 -5.57393530916726e-27 0.83131820382667 1.00000000012543
1.96742386570287e-27 5.49801143398083e-27 -1.69863010465284e-28 1.97412237109989e-28 1.38158235078209e-28 1.65160187733456e-28 -3.89931163472685e-29 -1.88119283004238e-29 -1.45485020355139e-29 -1.34955540537909e-29 -38.9069123606165 1.0000000000532
3.58493208673e-26 1.00153330434821e-25 -3.09339796708886e-27 3.59408823786271e-27 2.51460395001626e-27 3.00522368626309e-27 -7.09313895407604e-28 -3.42108128804097e-28 -2.645016500457e-28 -2.45290837418574e-28 0.572615156389891 1.00000000023761
-2.85737621335068e-25 -7.98469060838927e-25 2.46680393511115e-26 -2.86677524804882e-26 -2.00622903972119e-26 -2.39824564155403e-26 5.66188707595791e-27 2.73144170809168e-27 2.11233438450812e-27 1.95939177365668e-27 2.47031057359707 1.00000000013883
-1.61381184426283e-28 -4.4756140975382e-28 1.37217991832332e-29 -1.58242943219606e-29 -1.09884757475683e-29 -1.3033118698223e-29 3.05270393600868e-30 1.46101541774545e-30 1.12081777897223e-30 1.03127077929006e-30 -39.0721352227136 1.00000000005186
-2.53699216710211e-25 -7.09507907369931e-25 2.19372059992008e-26 -2.55145520550857e-26 -1.78699164769833e-26 -2.13788071250265e-26 5.05125031242036e-27 2.43880789194528e-27 1.88754092988032e-27 1.75227848875691e-27 1.85530015319991 0.999999999769977
-1.19141397041477e-28 -3.32160898784029e-28 1.02381368263088e-29 -1.18707068901571e-29 -8.28821231813218e-30 -9.88489921051205e-30 2.32829948904994e-30 1.12064869972488e-30 8.64651346388967e-31 8.00205149636937e-31 -39.026462078004 1.00000000005246
-2.0241387422799e-27 -5.65840265305596e-27 1.74877231886458e-28 -2.03308316163405e-28 -1.42332752278635e-28 -1.70208331344238e-28 4.01986202032423e-29 1.94001304493286e-29 1.50085290424652e-29 1.3927060652485e-29 -39.1726175336515 1.0000000000521
3.61922925798848e-27 1.01233960728929e-26 -3.13056069528803e-28 3.64166836782068e-28 2.5509761829172e-28 3.05237993641726e-28 -7.21315152320959e-29 -3.48316946522908e-29 -2.69627411260158e-29 -2.50346341214461e-29 -39.0846187544457 1.00000000005305
-1.19575669943264e-27 -3.34348036687093e-27 1.03357182453811e-28 -1.20189098506883e-28 -8.41622629261634e-29 -1.00669073894656e-28 2.37809493653419e-29 1.1479568257599e-29 8.88304735745764e-30 8.24491794425114e-30 -39.0530754186075 1.00000000005266
1.93182339960985e-25 5.39705193142139e-25 -1.66698371172418e-26 1.93681571926835e-26 1.35510457057401e-26 1.61950880903283e-26 -3.82250372238322e-27 -1.84363703039134e-27 -1.42541930151876e-27 -1.32189644866075e-27 0.691694661487812 0.999999999687761
1.09794028692652e-24 3.06836324907891e-24 -9.48026677433199e-26 1.10183529650904e-25 7.71152937524767e-26 9.21914191846029e-26 -2.17668073153386e-26 -1.05017583257571e-26 -8.12211558487843e-27 -7.53466679565696e-27 1.76174826608924 1.00000000053411
-4.85009290808738e-24 -1.35531463345358e-23 4.18712416985189e-25 -4.86601896193817e-25 -3.40533134855409e-25 -4.0707179305915e-25 9.61029680114765e-26 4.63623619033161e-26 3.58537074822758e-26 3.32575487071235e-26 4.04926938629445 0.999999997742765
4.96876762664953e-26 1.38638818840856e-25 -4.27665073620407e-27 4.96251776544444e-27 3.46756877936e-27 4.13876938804561e-27 -9.75592814646307e-28 -4.69922205596292e-28 -3.62844161580467e-28 -3.36046187538697e-28 2.0264160558387 0.999999999835538
-1.0031704467376e-23 -2.80278800034855e-23 8.6574779260795e-25 -1.00594621452373e-24 -7.03859102464638e-25 -8.41245466295219e-25 1.98570111188994e-25 9.57784850990732e-26 7.40562632842399e-26 6.868205058571e-26 3.35363389280322 1.00000000170704
3.54281751819666e-24 9.90101907156e-24 -3.05912154951159e-25 3.55546078921288e-25 2.48841468797415e-25 2.97492316330864e-25 -7.02397548572606e-26 -3.38885715905166e-26 -2.62097806752735e-26 -2.43142701420455e-26 2.93090675543215 1.00000000242452
1.25879256944146e-25 3.51876442252229e-25 -1.08745624547702e-26 1.26419937220584e-26 8.85007408454889e-27 1.05828887615429e-26 -2.49928422250895e-27 -1.20611844942409e-27 -9.33047974867472e-28 -8.65776054629139e-28 0.712956510471313 0.999999999752548
-6.67782043194706e-28 -1.86957837078269e-27 5.78679303928418e-29 -6.73773870447918e-29 -4.72408493672925e-29 -5.65779205469809e-29 1.33822802353451e-29 6.46808799797963e-30 5.01142442895052e-30 4.65729555659425e-30 -38.932458574059 1.00000000005424
-8.45215587608514e-25 -2.36306946586745e-24 7.30417743270308e-26 -8.49275463236984e-26 -5.94639362868514e-26 -7.11188915544688e-26 1.67985057977081e-26 8.10810722459257e-27 6.27347645913295e-27 5.82217027543301e-27 0.64814298242447 0.999999999948514
-4.84668294196503e-26 -1.35284134823422e-25 4.17478233890749e-27 -4.84620872011482e-27 -3.38763861989667e-27 -4.04498716168963e-27 9.53872724274896e-28 4.59648371646099e-28 3.55058435089819e-28 3.28973286756975e-28 0.75764334510311 0.999999999793052
-1.90138708070831e-27 -5.31875669753339e-27 1.64488577631538e-28 -1.91356845316612e-28 -1.3405415382653e-28 -1.6041426889592e-28 3.79105658953617e-29 1.83079996013158e-29 1.41729965654062e-29 1.31604430815816e-29 -39.0507777124031 1.00000000005255
-1.12605842923178e-28 -3.17134844954541e-28 9.87403127305955e-30 -1.15640343760364e-29 -8.15519223264164e-30 -9.82353159063187e-30 2.33688872215059e-30 1.13593737570425e-30 8.85102846864377e-31 8.27187897618112e-31 -39.1437747943807 1.00000000004864
-4.85061649030741e-27 -1.35580065557083e-26 4.18967643312435e-28 -4.87020758761856e-28 -3.40911919172024e-28 -4.07627104095942e-28 9.6258298241941e-29 4.64490000422882e-29 3.59297690837782e-29 3.33365177066406e-29 -39.1281628665635 1.00000000005216
3.54059555499857e-27 9.89391930212628e-27 -3.05665199343841e-28 3.55226876983728e-28 2.48595467948454e-28 2.97171116117156e-28 -7.01574968379207e-29 -3.38457764891814e-29 -2.61742706967271e-29 -2.42790834915605e-29 -39.0498552864431 1.00000000005056
-3.70171724208086e-25 -1.035090500884e-24 3.19992080767488e-26 -3.72119616899582e-26 -2.60587575980552e-26 -3.11710251057319e-26 7.36381390036403e-27 3.55482045136781e-27 2.75088532270524e-27 2.5533781268757e-27 0.773565534256439 0.999999999717908
5.3643548662423e-25 1.49953001629083e-24 -4.63424194265497e-26 5.38746821698578e-26 3.77153893144331e-26 4.51002300726474e-26 -1.06510717591496e-26 -5.14009399147031e-27 -3.97638852065502e-27 -3.68972878401875e-27 0.79075717008809 1.00000000025815
-3.91421642412082e-27 -1.09373145605285e-26 3.37879880782469e-28 -3.92641612895107e-28 -2.74762880194732e-28 -3.28432381953597e-28 7.75332800901076e-29 3.74018796466326e-29 2.89226836595272e-29 2.682696337073e-29 -38.9311617165829 1.00000000005099
-3.30741291669789e-27 -9.24466481936153e-27 2.85680039583231e-28 -3.32086486261807e-28 -2.32461195138097e-28 -2.77956042633788e-28 6.5638140170263e-29 3.16737667498696e-29 2.45009693178195e-29 2.27328981215304e-29 -38.9558790341281 1.00000000005095
-8.85533505879571e-25 -2.47446894080273e-24 7.64442062025479e-26 -8.88360631139592e-26 -6.216723781481e-26 -7.43121470417255e-26 1.75433335025709e-26 8.46305781041619e-27 6.54458597269105e-27 6.07050203670404e-27 2.34968515373426 1.00000000164878
-2.20845592678954e-24 -6.17280576659319e-24 1.90748981497484e-25 -2.21729861581621e-25 -1.55207915029059e-25 -1.85579370242464e-25 4.38227657688461e-26 2.114622900978e-26 1.63570862562525e-26 1.5176327938677e-26 2.47308180561839 0.999999999541629
-1.9976438726575e-25 -5.58357832659322e-25 1.72541214054624e-26 -2.00565106618562e-26 -1.40393040282036e-26 -1.67865667662209e-26 3.96398854256728e-27 1.91278390890521e-27 1.47958269638971e-27 1.37277788225303e-27 0.74335067830382 1.00000000013137
1.4129221709281e-25 3.94992648124983e-25 -1.22080371124796e-26 1.41933635554993e-26 9.93694418137495e-27 1.18835676426667e-26 -2.80669620196905e-27 -1.35458839125162e-27 -1.04799563690351e-27 -9.72522513517728e-28 0.720501772390629 0.999999999999638
-4.17194663491497e-24 -1.16565175076164e-23 3.60068010784912e-25 -4.18391162841372e-25 -2.92757540073101e-25 -3.49912720131906e-25 8.25972386555995e-26 3.9841372313621e-26 3.08065323633684e-26 2.85718913930911e-26 3.51305821732276 1.00000000099573
-4.11529206123334e-24 -1.1501142811837e-23 3.55358742385587e-25 -4.13023999210864e-25 -2.89075459573049e-25 -3.45599613126563e-25 8.15998684468539e-26 3.93702944679645e-26 3.04500258189415e-26 2.8248431978832e-26 3.40411588586696 0.999999999025968
9.94019384696909e-28 2.78168685133916e-27 -8.60610469176808e-29 1.00158224607185e-28 7.01929663156201e-29 8.40283802981153e-29 -1.98660676777779e-29 -9.59754500916295e-30 -7.43271598474257e-30 -6.90433625897479e-30 -39.103296748872 1.00000000005277
-9.9055782937281e-28 -2.77060738200685e-27 8.56753905436464e-29 -9.96597408841631e-29 -6.98089890261801e-29 -8.35274666567473e-29 1.97379361455532e-29 9.53097749975621e-30 7.37756811721627e-30 6.84978550485915e-30 -39.0176272862188 1.00000000005073
4.3723638738629e-25 1.22119815990652e-24 -3.77087020183892e-26 4.38005159151927e-26 3.0636873755463e-26 3.66046011235967e-26 -8.63736005583238e-27 -4.16475336932422e-27 -3.21912081319606e-27 -2.98450883236248e-27 2.68834141864226 0.999999999180573
9.88470051681267e-28 2.75887354508931e-27 -8.51303046813305e-29 9.88137291297552e-29 6.90679350844798e-29 8.24631957473882e-29 -1.94444853457344e-29 -9.36901956125196e-30 -7.23652451412413e-30 -6.70427782283893e-30 -38.9770693593397 1.00000000005272
-7.15643789782017e-26 -2.00122889024857e-25 6.18703070810726e-27 -7.19531863979714e-27 -5.03901233267619e-27 -6.02791158710976e-27 1.42410657362894e-27 6.8751326010862e-28 5.32058567813378e-28 4.93884570838487e-28 0.596750137761169 0.999999999843067
-4.51555466478019e-27 -1.26182281906524e-26 3.89826379735656e-28 -4.53029255002324e-28 -3.1703617946364e-28 -3.78980958072252e-28 8.94705364165205e-29 4.31624001315498e-29 3.33788084608239e-29 3.09616181853292e-29 -38.9326772625159 1.00000000005362
-5.19554449013183e-27 -1.45223732978614e-26 4.48776290766707e-28 -5.21680489943148e-28 -3.65180051920649e-28 -4.36652237114146e-28 1.03114235958396e-28 4.97582007037033e-29 3.84902393697274e-29 3.57128362580478e-29 -39.0937789082497 1.00000000005053
-1.0534404086735e-25 -2.951098762884e-25 9.13990149690765e-27 -1.06482906096968e-26 -7.47040711001733e-27 -8.95226806727082e-27 2.11872421298608e-27 1.02465375772291e-27 7.9436117833928e-28 7.3866061036146e-28 0.584092492247036 1.00000000043102
-4.18849133594537e-27 -1.17117405177142e-26 3.62052119226827e-28 -4.21020438535771e-28 -2.94824164622577e-28 -3.52654327894624e-28 8.33085750210512e-29 4.02154882964224e-29 3.11198104583511e-29 2.88847343549757e-29 -39.1124325262449 1.00000000005078
1.40586963274723e-24 3.92934001997277e-24 -1.21417096632327e-25 1.41130976841108e-25 9.87853406160498e-26 1.18110562474356e-25 -2.78893991616961e-26 -1.34571337265115e-26 -1.04089224236532e-26 -9.65709825310243e-27 2.00546277672751 0.999999999667002
2.28619522453663e-27 6.39263992899155e-27 -1.9762095905635e-28 2.29809613774587e-28 1.60927843886554e-28 1.92495434601261e-28 -4.54740902072671e-29 -2.19518311546408e-29 -1.69870295392169e-29 -1.57671051949439e-29 -39.0664819467559 1.00000000005199
5.15152537046553e-26 1.45715565171822e-25 -4.55621129727921e-27 5.35830580011324e-27 3.79422876699623e-27 4.58872012342122e-27 -1.09587484874893e-27 -5.34738727151451e-28 -4.18226476191245e-28 -3.92301142653899e-28 2.64468495305422 0.999999999566072
5.55106179679261e-26 1.55103508528203e-25 -4.7912952394147e-27 5.56758167256922e-27 3.89590171471485e-27 4.65667095734083e-27 -1.09925228746589e-27 -5.30251953785155e-28 -4.10021900479904e-28 -3.80294102096444e-28 0.69770739846734 0.999999999896425
-1.60200760675047e-27 -4.48175781047527e-27 1.38617420610718e-28 -1.61275895695886e-28 -1.12992263990413e-28 -1.35224065533869e-28 3.19604878650659e-29 1.54360348103504e-29 1.19508237294071e-29 1.10980724406509e-29 -39.0667538878238 1.00000000005268
-6.0097705661564e-25 -1.68011422140851e-24 5.19284700453388e-26 -6.03746535351955e-26 -4.22699330044121e-26 -5.05515740628912e-26 1.19396645390815e-26 5.76252324775037e-27 4.45833998732755e-27 4.13734261968598e-27 1.99538317474259 0.999999999711885
2.8252270133383e-24 7.89634963242925e-24 -2.4399733137728e-25 2.8361295927658e-25 1.98515642260163e-25 2.37350140655851e-25 -5.60452040296457e-26 -2.70427231395779e-26 -2.09171350135251e-26 -1.94062520881133e-26 2.4926142731043 1.00000000029673
-3.57747589855068e-27 -1.00039897379107e-26 3.09282682927624e-28 -3.59683418703304e-28 -2.51891235522837e-28 -3.01322771756328e-28 7.11877409439347e-29 3.43670009870287e-29 2.65961044693502e-29 2.46877935518529e-29 -39.0249993382656 1.00000000005155
-4.27481536664984e-27 -1.19483506590922e-26 3.69219179833288e-28 -4.29183328418128e-28 -3.00420185063232e-28 -3.59204263346967e-28 8.48219135822404e-29 4.09296155038496e-29 3.16597210270074e-29 2.93740752779432e-29 -38.9278537723198 1.00000000004985
1.36247221798568e-24 3.80686174327747e-24 -1.17595896875543e-25 1.36646794690023e-25 9.56168261099765e-26 1.14286576805262e-25 -2.69780312833844e-26 -1.30133232281754e-26 -1.00625005676539e-26 -9.33278448792753e-27 2.63690891480855 1.00000000016545
1.51345074947545e-25 4.22543384229e-25 -1.30424543576476e-26 1.51435937224252e-26 1.05882833690574e-26 1.26458368131448e-26 -2.98279291693081e-27 -1.43767575556726e-27 -1.11080522310107e-27 -1.02944198034308e-27 1.82281049243365 0.999999999305404
4.14994684694531e-24 1.15962824265202e-23 -3.58245456251932e-25 4.16317680805165e-25 2.91337679563775e-25 3.48252727442956e-25 -8.22141491528875e-26 -3.96608102831762e-26 -3.06701838235469e-26 -2.84484648725013e-26 4.27105070823451 0.999999997624677
1.54860157986448e-25 4.33602187106062e-25 -1.34223437253608e-26 1.56295680970999e-26 1.09595496093738e-26 1.3126954480389e-26 -3.10519514388822e-27 -1.50098472012475e-27 -1.16306209956906e-27 -1.08097755983413e-27 0.646219359399359 1.00000000008737
-9.09021257733907e-25 -2.54123041737747e-24 7.85416103461502e-26 -9.13141140226875e-26 -6.39298593012192e-26 -7.64532144579778e-26 1.80568510716312e-26 8.71467815469904e-27 6.74218342662703e-27 6.25658760863978e-27 0.640925799584091 1.00000000056096
-3.82775482296964e-27 -1.0704089331496e-26 3.30933795101211e-28 -3.84870743045238e-28 -2.69535789235146e-28 -3.22436482732656e-28 7.61774108950043e-29 3.67765802977885e-29 2.84614083534003e-29 2.64197812675956e-29 -39.0287287873923 1.00000000005328
-1.24125297460851e-26 -3.46997518019422e-26 1.07245296492895e-27 -1.24684526158891e-27 -8.7292043486292e-28 -1.04390983196094e-27 2.4655036105045e-28 1.18990264228788e-28 9.20570701416873e-29 8.54261200126804e-29 1.9074879981345 0.999999999359461
3.36193831066759e-25 9.40370639522205e-25 -2.90799832940944e-26 3.38276334850417e-26 2.36960976687262e-26 2.83536013564459e-26 -6.70029481908712e-27 -3.23550955985246e-27 -2.50455952583556e-27 -2.32545428127507e-27 0.668680625188399 1.00000000037732
-2.65292332809462e-24 -7.41458063205217e-24 2.29104784683212e-25 -2.66295605755765e-25 -1.86389521560085e-25 -2.2284611720379e-25 5.26190298001734e-26 2.53888829400612e-26 1.96374072373074e-26 1.82184899392439e-26 2.69449710200574 1.00000000040988
1.8207499887336e-24 5.08966419817747e-24 -1.57294547851991e-25 1.82860766471702e-25 1.28013304287336e-25 1.530790706736e-25 -3.61518699438984e-26 -1.74465178894766e-26 -1.34966692003859e-26 -1.25236862041117e-26 0.668067975437869 1.00000000008693
-4.58760751630719e-27 -1.28260250161199e-26 3.96445741822576e-28 -4.6095431151546e-28 -3.22745230836778e-28 -3.86000658446313e-28 9.11739184508197e-29 4.40064528253198e-29 3.40488210722388e-29 3.15991680869195e-29 -39.1066278936573 1.00000000005097
1.69501967737902e-25 4.73406417954535e-25 -1.46176959765182e-26 1.69787492982752e-26 1.18757167737682e-26 1.41886071207832e-26 -3.34790860148462e-27 -1.61424751207178e-27 -1.24768847798186e-27 -1.15672358265959e-27 0.713064559069676 0.999999999867654
1.55830414184907e-24 4.35528217037862e-24 -1.34575527626164e-25 1.56422134433521e-25 1.09485857854569e-25 1.30901305144653e-25 -3.09089437086146e-26 -1.49137683106309e-26 -1.15353417568863e-26 -1.07019093125559e-26 1.8492726063124 1.00000000053802
6.56154018578876e-25 1.83417789571369e-24 -5.66843119899156e-26 6.58971553655186e-26 4.61315659834203e-26 5.51640192857538e-26 -1.30277040064809e-26 -6.28699255925219e-27 -4.86360052821908e-27 -4.5129509743186e-27 0.655560661545185 1.00000000024399
2.10216055269011e-24 5.87405764144911e-24 -1.81466393308193e-25 2.10880534834029e-25 1.47572162989451e-25 1.76399961011129e-25 -4.16434519810331e-26 -2.00889834865562e-26 -1.55349194719114e-26 -1.44094610456878e-26 2.79208447579467 1.0000000013931
