4.6363655849818e-20 1.86003869148442e-19 -8.25015574889429e-21 1.37655886429685e-20 1.38313726558093e-20 2.37395274803693e-20 -8.04717153164433e-21 -5.57426561235417e-21 -6.18987787543492e-21 -8.24469151203149e-21 -10.7323493544677 0.999999999971635
1.78045095544626e-17 7.13668480853355e-17 -3.16270054869577e-18 5.27243572862601e-18 5.29299596404171e-18 9.07668612093459e-18 -3.07409062854031e-18 -2.12754337641393e-18 -2.36042060362595e-18 -3.14121364380977e-18 4.4050478935525 1.00000000001693
-2.14467222159947e-17 -8.60082187951322e-17 3.81341629273494e-18 -6.36033992023277e-18 -6.38827591436015e-18 -1.09603058270309e-17 3.71385939052874e-18 2.57158468718271e-18 2.85447080457067e-18 3.80056065290142e-18 4.38301960662441 0.99999999992883
1.1886535598792e-17 4.76856151088077e-17 -2.11502107519077e-18 3.52885516092747e-18 3.54560357651873e-18 6.08530244086111e-18 -2.0627087694391e-18 -1.42878285733223e-18 -1.58651406324131e-18 -2.11309434798082e-18 4.37843957894157 0.999999999854199
5.38259206509947e-20 2.11808218649472e-19 -9.21131811044837e-21 1.5063233520748e-20 1.48275798642359e-20 2.49211883202649e-20 -8.26863052982706e-21 -5.60357136631414e-21 -6.08457483856752e-21 -7.92077248524449e-21 -10.6720781126231 0.999999999976779
1.7136077413779e-16 6.87289563075732e-16 -3.04763768061875e-17 5.08368672271461e-17 5.10659563681952e-17 8.76233480114263e-17 -2.96942259449735e-17 -2.05634878458423e-17 -2.28281629547338e-17 -3.03978209172474e-17 5.63910874021221 1.0000000001544
1.22321411813465e-18 4.90775711536861e-18 -2.17700266799732e-19 3.63267706752702e-19 3.65032841973044e-19 6.26574681116002e-19 -2.12411295469715e-19 -1.47148232389236e-19 -1.63411259821702e-19 -2.17673861361366e-19 -10.6118445238358 0.999999999970658
-4.19143414572812e-19 -1.68209365175184e-18 7.46333523146431e-20 -1.24568314301407e-19 -1.25204365523736e-19 -2.14964646473475e-19 7.2891754528276e-20 5.05082560678387e-20 5.61042499613748e-20 7.47526259730357e-20 -10.7206547128472 0.999999999977288
-4.80090080633693e-17 -1.92597871149963e-16 8.54231187781967e-18 -1.42525037338832e-17 -1.43200352817604e-17 -2.45772131208199e-17 8.33076560004351e-18 5.77045075312416e-18 6.4074307064333e-18 8.53405309339849e-18 5.55029562579064 0.999999999741808
3.28021480218995e-20 1.32920125973877e-19 -5.95431963001273e-21 1.00328405752902e-20 1.01791667203966e-20 1.76399075647406e-20 -6.03677521111321e-21 -4.22131604768172e-21 -4.73153894365541e-21 -6.36088045379524e-21 -10.7221453554213 0.999999999979223
1.75683504043316e-16 7.04553288803769e-16 -3.12386238103007e-17 5.21028803263103e-17 5.23321707048896e-17 8.9786570249447e-17 -3.04241000173512e-17 -2.10667060231163e-17 -2.33843271025719e-17 -3.11351064583435e-17 5.64548878215051 1.00000000012731
-1.90660841909345e-16 -7.64796657366374e-16 3.39176472649181e-17 -5.65844799217922e-17 -5.68468224617194e-17 -9.755527433635e-17 3.30642837110057e-17 2.29002434401473e-17 2.54255587886313e-17 3.38608790356687e-17 4.30507184365668 1.00000000011986
1.96753946290242e-16 7.89213424492442e-16 -3.49994074444502e-17 5.83873469870586e-17 5.86562103570955e-17 1.00657214002068e-16 -3.41145436546358e-17 -2.36269027643291e-17 -2.62315165714667e-17 -3.49331116394202e-17 4.37052824264 1.00000000021537
3.13212867574746e-19 1.2547801710662e-18 -5.55762623204098e-20 9.25979266266939e-20 9.29070788671624e-20 1.59232016929563e-19 -5.38981844949523e-20 -3.72811097908356e-20 -4.13381737180322e-20 -5.49805878604121e-20 -10.6877880641981 0.999999999977606
4.58302609444152e-16 1.8377102719945e-15 -8.1469850573124e-17 1.35865305043478e-16 1.36444920724562e-16 2.34067854031863e-16 -7.93030476193952e-17 -5.49048232457988e-17 -6.09369123263959e-17 -8.11236730595915e-17 7.40237671158565 1.00000000035484
-1.90654957201278e-16 -7.64767649185055e-16 3.39161187056519e-17 -5.6581521828934e-17 -5.68434365834848e-17 -9.75487460507557e-17 3.30618253879357e-17 2.28983689528615e-17 2.54232849055576e-17 3.38575916379862e-17 5.56085961838442 1.00000000005403
1.46858923865969e-19 5.87967058142155e-19 -2.60254051122218e-20 4.3334165715452e-20 4.34507405725958e-20 7.44211103345258e-20 -2.51741847121447e-20 -1.74013836183974e-20 -1.92822644540885e-20 -2.5628668348047e-20 -10.8501158391792 0.999999999978181
-9.43357954047045e-19 -3.7837305336519e-18 1.67787315577378e-19 -2.79891623948712e-19 -2.8116283472871e-19 -4.82460317633056e-19 1.63504257776515e-19 1.13231987375633e-19 1.25706750296851e-19 1.67396110554559e-19 -10.8343548563409 0.999999999976191
9.46611237443401e-19 3.79775784723043e-18 -1.68452687229038e-19 2.81073747407804e-19 2.82422749141461e-19 4.84746361855596e-19 -1.64320988515755e-19 -1.13826643546525e-19 -1.26399117445687e-19 -1.68360908856882e-19 -10.7273230747892 0.999999999971215
-1.16325917081261e-18 -4.66646845519352e-18 2.06964302613962e-19 -3.45298286146905e-19 -3.46921052062578e-19 -5.95391429458057e-19 2.01807965406312e-19 1.39780517007372e-19 1.55204534375782e-19 2.06709044720259e-19 -10.7137819772447 0.999999999966998
5.637531656702e-18 2.26272686635604e-17 -1.00408811887787e-18 1.67611837052835e-18 1.68490761372606e-18 2.89324017750305e-18 -9.81200993931224e-19 -6.79994471429495e-19 -7.55446138590517e-19 -1.00670039589382e-18 5.56971166612188 0.999999999794751
-3.22578691290612e-19 -1.2923282670454e-18 5.72406248122783e-20 -9.53733080322229e-20 -9.56942115872938e-20 -1.64013376046836e-19 5.55182478578261e-20 3.84028917327875e-20 4.25834266549456e-20 5.66387513312699e-20 -10.6735377620771 0.999999999970039
2.88554869692402e-16 1.15721116241655e-15 -5.13088206263813e-17 8.55782240108022e-17 8.59551121085988e-17 1.47474113965786e-16 -4.99716433656173e-17 -3.46022255019145e-17 -3.84090713550764e-17 -5.11400142038601e-17 7.06438457660288 0.999999999766523
-2.16716366903561e-18 -8.69252867508985e-18 3.85474645083864e-19 -6.43039090743532e-19 -6.4597571281908e-19 -1.10848724692476e-18 3.75672164546376e-19 2.60171637722208e-19 2.888419794298e-19 3.84643139087968e-19 -10.7618742306633 0.999999999973408
1.18277849898495e-16 4.74425674484691e-16 -2.10391496862217e-17 3.50978107620104e-17 3.52589278822739e-17 6.05053594649419e-17 -2.05060666994048e-17 -1.4201802715242e-17 -1.57671785362444e-17 -2.09972192521001e-17 4.35794954003798 0.99999999999787
1.53152614905546e-18 6.16094952831382e-18 -2.74007294723794e-19 4.58420963283498e-19 4.61849091003673e-19 7.94817568269007e-19 -2.70143607981388e-19 -1.87624972693547e-19 -2.08896964807311e-19 -2.78976145569935e-19 4.26141443584534 0.999999999929939
7.81641482625779e-19 3.13679090625578e-18 -1.39174269747408e-19 2.32286703325144e-19 2.3346788717832e-19 4.00835149140607e-19 -1.35915314189666e-19 -9.41767615660359e-20 -1.04608912087422e-19 -1.39376989804876e-19 -10.6440234250868 0.999999999975315
1.67147514374227e-18 6.7041355776837e-18 -2.97290382186231e-19 4.9591899446833e-19 4.98170290594705e-19 8.54831546992561e-19 -2.89699004844652e-19 -2.00625449433857e-19 -2.22727790992807e-19 -2.9659242322891e-19 -10.7201744729356 0.999999999974875
7.41289554319624e-19 3.00437093382234e-18 -1.3460792809303e-19 2.26848868871022e-19 2.30195968540053e-19 3.98981887581719e-19 -1.36562645566139e-19 -9.55088286517149e-20 -1.07069440101031e-19 -1.43961570345628e-19 5.85453457154038 1.00000000008209
8.30413823874441e-19 3.33179800205821e-18 -1.47794401881566e-19 2.46620481003178e-19 2.47820664583077e-19 4.25384394292055e-19 -1.44208001263896e-19 -9.99009785654918e-20 -1.10942901171745e-19 -1.47783713061383e-19 -10.6105160311625 0.999999999973764
5.24354521516617e-19 2.10274330313727e-18 -9.32271562978491e-20 1.55485594937971e-19 1.56161801466724e-19 2.67913640779947e-19 -9.0777520300082e-20 -6.28541689509421e-20 -6.97652180259034e-20 -9.28839772567389e-20 -10.6977719673836 0.999999999976309
-2.52512544877513e-17 -1.01209623215153e-16 4.48492840993349e-18 -7.47619613865269e-18 -7.50486193596294e-18 -1.28688581600196e-17 4.35813536972316e-18 3.01601587944535e-18 3.34591996039372e-18 4.45240205636503e-18 5.94405282120401 0.999999999221461
2.04614021280244e-16 8.20599314942085e-16 -3.63849803363784e-17 6.06883013195129e-17 6.0957205141928e-17 1.04587739806222e-16 -3.54405362219587e-17 -2.45410069306879e-17 -2.72416789405065e-17 -3.6272095666724e-17 6.57281699344907 0.999999999616201
-1.70050122906205e-18 -6.76960211127198e-18 2.97929775261384e-19 -4.93202564390946e-19 -4.91634371096014e-19 -8.37071442768478e-19 2.8145808541892e-19 1.93376668186484e-19 2.12965751575817e-19 2.8130540771631e-19 4.34053326516062 1.00000000006631
-2.99720066712691e-18 -1.20231307291965e-17 5.33230024445707e-19 -8.89617885739537e-19 -8.93778053720131e-19 -1.53388067493229e-18 5.19896965844599e-19 3.60093779990034e-19 3.99818971255643e-19 5.32486379641857e-19 -10.6726530848271 0.999999999972725
1.41597065849449e-17 5.67635969336387e-17 -2.51582611944942e-18 4.19452709102235e-18 4.21136068562947e-18 7.22266320872995e-18 -2.44644743946973e-18 -1.69335036790907e-18 -1.87891435843748e-18 -2.50071531245609e-18 4.30962199287275 0.999999999790391
-2.90550672044387e-17 -1.16455382905602e-16 5.16050563312386e-18 -8.60233909497751e-18 -8.63530849496859e-18 -1.4807256261011e-17 5.01458356099179e-18 3.47030390909846e-18 3.84989880041847e-18 5.1230450243144e-18 6.22262853383346 0.999999999490088
1.06999899446886e-18 4.29108205066469e-18 -1.90259159645632e-19 3.17333735141378e-19 3.18730932010021e-19 5.4684962711851e-19 -1.85300024177894e-19 -1.28308578121888e-19 -1.42424722011364e-19 -1.89632350703381e-19 -10.7898728832943 0.999999999980448
-1.3922793746459e-16 -5.58277966998428e-16 2.47496923592915e-17 -4.12744169536994e-17 -4.14504547843057e-17 -7.11071548232095e-17 2.40913458221676e-17 1.66794371860582e-17 1.85119046075912e-17 2.46443906310508e-17 5.45786977105263 0.999999999756137
1.33693035181097e-18 5.36341822943291e-18 -2.3788652466073e-19 3.9690806564956e-19 3.98792789498942e-19 6.84447905682579e-19 -2.32004996731634e-19 -1.60704089347742e-19 -1.78445655510276e-19 -2.37674384926723e-19 -10.7286562643256 0.999999999970137
-2.99400064134252e-19 -1.20049859844517e-18 5.32189517174731e-20 -8.87487961844568e-20 -8.91241717620735e-20 -1.5288464228866e-19 5.17959308574756e-20 3.58591227758231e-20 3.9797219231267e-20 5.29788745364647e-20 -10.7841562451024 0.999999999973163
-8.04120456159664e-19 -3.22646216641776e-18 1.43128871633561e-19 -2.38846966384433e-19 -2.40021092715488e-19 -4.12016608281066e-19 1.39683073044613e-19 9.67710371556053e-20 1.07472258993128e-19 1.43167556999517e-19 -10.8614625353125 0.999999999977157
-3.05334800339748e-19 -1.22619452334919e-18 5.44424975237981e-20 -9.09303613612984e-20 -9.14570919644852e-20 -1.57131006280853e-19 5.33175932213246e-20 3.6970228582027e-20 4.10944809138011e-20 5.47914147464359e-20 -10.7799482399033 0.999999999978413
7.57677873600525e-18 3.04138627610139e-17 -1.34975083555105e-18 2.25334288299903e-18 2.26536401567899e-18 3.89030983591845e-18 -1.31945314211687e-18 -9.1448408427391e-19 -1.0160323627587e-18 -1.35405414014813e-18 4.3062130234157 0.999999999911369
9.45327630315743e-17 3.79164845660589e-16 -1.68139229285135e-17 2.8048001499429e-17 2.81755277121089e-17 4.83479318833463e-17 -1.63850420043061e-17 -1.13472296292264e-17 -1.25974187511836e-17 -1.67753122982701e-17 5.65442587705898 0.999999999810632
-2.09616728941117e-16 -8.40604235858272e-16 3.72694017024474e-17 -6.21591529456837e-17 -6.24302335167466e-17 -1.07107646024392e-16 3.62919030822387e-17 2.51287898802776e-17 2.78922007889672e-17 3.71356691707496e-17 7.47924423244234 1.00000000043702
-5.77367000693458e-17 -2.31529098407143e-16 1.02648914330575e-17 -1.71196509301215e-17 -1.71938288761746e-17 -2.94975457513808e-17 9.99454123690716e-18 6.92009974842073e-18 7.68088327431541e-18 1.02260328574265e-17 5.59652199632785 0.999999999713232
-7.5573630939066e-16 -3.03027776079304e-15 1.34335181693551e-16 -2.24021077332125e-16 -2.24970289358701e-16 -3.85919800642601e-16 1.30747283685169e-16 9.05192232898361e-17 1.00461186663883e-16 1.33737443705271e-16 7.40727627191812 1.00000000045685
2.46895933555641e-16 9.90088237411475e-16 -4.38964210836801e-17 7.32109734605778e-17 7.35293101131827e-17 1.26148032349237e-16 -4.27429270441443e-17 -2.95951563971795e-17 -3.28493236115191e-17 -4.37350395776798e-17 6.61906850773196 0.999999998853294
1.01513147604464e-17 4.06991956386521e-17 -1.80403277080761e-18 3.00811676587325e-18 3.02052207927723e-18 5.1808955152763e-18 -1.75505712383672e-18 -1.21492675073026e-18 -1.34821190823417e-18 -1.79458211974247e-18 4.33545853044388 1.00000000004577
-5.01122163612572e-19 -2.01014706938994e-18 8.9147127114487e-20 -1.48723218529699e-19 -1.49412691326266e-19 -2.56408211798914e-19 8.69040883960642e-20 6.0189555477305e-20 6.68269320469219e-20 8.89977975030072e-20 -10.9023946916827 0.999999999971934
-9.0262204892636e-17 -3.62107215763668e-16 1.60606748497919e-17 -2.67967656326228e-17 -2.69239223051598e-17 -4.62093735176917e-17 1.56633893341337e-17 1.08496100204778e-17 1.20473644043212e-17 1.60460221430548e-17 4.41619666804085 0.999999999949717
-7.97260570607347e-18 -3.19484501423947e-17 1.41544840947414e-18 -2.35900924125272e-18 -2.36756532832579e-18 -4.05891044664772e-18 1.37429587929245e-18 9.50874294497838e-19 1.05466580986471e-18 1.40314777383003e-18 4.33174882472137 0.999999999807483
1.48442565121295e-19 5.93837802230604e-19 -2.62643870935433e-20 4.36971699658413e-20 4.37795515071097e-20 7.49237768823143e-20 -2.53236581253011e-20 -1.74904273330894e-20 -1.93650386684727e-20 -2.57174635600891e-20 -10.8555028771151 0.99999999997058
4.13216588391926e-19 1.65663691835505e-18 -7.34296843268451e-20 1.22435491980053e-19 1.22936183721583e-19 2.10856642783294e-19 -7.14262942223897e-20 -4.94425692286182e-20 -5.48646776705657e-20 -7.30266552164344e-20 -10.76469417074 0.999999999973416
-1.24623932582149e-18 -4.99972517338391e-18 2.21761446160656e-19 -3.70013693396613e-19 -3.7178064145872e-19 -6.38103917121421e-19 2.16301643993955e-19 1.49830701707102e-19 1.66376200007032e-19 2.21604650537197e-19 -10.579213490774 0.999999999969894
8.1759666630606e-19 3.27816345784548e-18 -1.45317212012973e-19 2.42323244798255e-19 2.43338062230475e-19 4.17407649375919e-19 -1.41408090918455e-19 -9.78949802839816e-20 -1.08641488251189e-19 -1.44619879444405e-19 -10.7714518223766 0.9999999999732
-7.9551860250066e-17 -3.19104837982828e-16 1.41517999309816e-17 -2.36092299373498e-17 -2.37186080884137e-17 -4.07035464351226e-17 1.379555205734e-17 9.55473207781996e-18 1.06083380055839e-17 1.41277655078085e-17 4.2037991291328 1.00000000001052
5.41475838161845e-17 2.17306219662256e-16 -9.64185290512421e-18 1.60931375992745e-17 1.61755185027091e-17 2.77722712668131e-17 -9.41734318296951e-18 -6.52556347448697e-18 -7.24864904914132e-18 -9.65813896264954e-18 4.31289995890532 1.00000000019057
2.66690566484473e-19 1.07159232657911e-18 -4.76042839445254e-20 7.95524553919215e-20 8.00566913335213e-20 1.37618437389052e-19 -4.67217019548893e-20 -3.24139940489726e-20 -3.60491571268561e-20 -4.80899409997736e-20 -10.7208967834497 0.999999999972002
2.96389964744864e-19 1.18840856433331e-18 -5.26820675816074e-20 8.78519116822786e-20 8.8221893080349e-20 1.51334071923063e-19 -5.12696507956966e-20 -3.54940951285259e-20 -3.93913419385858e-20 -5.24375325300815e-20 -10.5627126001098 0.999999999977376
-3.28394271181504e-17 -1.31650509428552e-16 5.83504726797388e-18 -9.72876431494248e-18 -9.76804924199874e-18 -1.67530270358491e-17 5.67468995031305e-18 3.92792509246702e-18 4.35846212847681e-18 5.80096524698569e-18 6.2920348514294 1.00000000024371
-2.46274202494486e-16 -9.87790125684749e-16 4.38031857035131e-17 -7.30699109676091e-17 -7.34021379591847e-17 -1.25954744048967e-16 4.26858709893739e-17 2.95614937365501e-17 3.2818446809871e-17 4.3702570318745e-17 6.19031645762028 0.999999999787638
-1.14187979678194e-17 -4.58339964979094e-17 2.03399575119095e-18 -3.39550160085502e-18 -3.41345991638414e-18 -5.86166620421893e-18 1.98797481376263e-18 1.37775819407428e-18 1.53067951153866e-18 2.03982338087468e-18 4.48237053625148 0.999999999894891
3.08539142243127e-17 1.23772567578536e-16 -5.48951314402106e-18 9.15872802962228e-18 9.20182110562695e-18 1.5792400049153e-17 -5.35286542584451e-18 -3.70763661662522e-18 -4.11677811601333e-18 -5.48296035565145e-18 4.11816882797531 0.999999999937383
-6.90195269217367e-16 -2.76758340314441e-15 1.22694371247521e-16 -2.04616358471713e-16 -2.05491204816487e-16 -3.52518358506713e-16 1.19435645869308e-16 8.26910906969275e-17 9.17767815393376e-17 1.22181136346467e-16 7.58301215867524 1.00000000017611
-9.80201237417142e-16 -3.93030391297408e-15 1.74233707832501e-16 -2.90556094456345e-16 -2.91786335698621e-16 -5.00536208635335e-16 1.69578092952987e-16 1.17402272653518e-16 1.30296449477812e-16 1.73454618125342e-16 7.10009332671438 0.999999999893083
-1.91170016741214e-18 -7.6698415003421e-18 3.40210973080469e-19 -5.67678138476901e-19 -5.70418145415936e-19 -9.79084653855426e-19 3.31902873616848e-19 2.29918782877845e-19 2.55321491148255e-19 3.40092975309366e-19 -10.7584543762923 0.999999999974063
-5.82865866027735e-19 -2.34111525445285e-18 1.03961387228414e-19 -1.7366529734833e-19 -1.74699280101093e-19 -3.00195873430792e-19 1.01878363871854e-19 7.06531711285921e-20 7.85471842757658e-20 1.04743416704916e-19 -10.6796386160461 0.999999999975919
5.1454308094933e-18 2.05458421366814e-17 -9.07012675194269e-19 1.50621340720574e-18 1.50622107741019e-18 2.57287305329113e-18 -8.67967491717886e-19 -5.983465120749e-19 -6.61215472688816e-19 -8.76439625052818e-19 6.22745860226381 0.999999999879535
1.81332877284012e-18 7.27280628366854e-18 -3.22494740154438e-19 5.37941447705162e-19 5.40361651119495e-19 9.27191863462719e-19 -3.14208834428063e-19 -2.17590370442245e-19 -2.41551791096806e-19 -3.21645922948305e-19 -10.6943820771108 0.999999999968984
7.19157066890088e-18 2.88733489157302e-17 -1.28163898858404e-18 2.14006032226534e-18 2.15190680181471e-18 3.69620865087662e-18 -1.25387195052792e-18 -8.69205358684454e-19 -9.65919456601033e-19 -1.28752785229779e-18 4.20203874024503 0.999999999891453
1.14637986731983e-19 4.58036743411113e-19 -2.02329734320354e-20 3.3620430668249e-20 3.36415750873153e-20 5.75012425680138e-20 -1.94103800870255e-20 -1.33892267114954e-20 -1.48053383966754e-20 -1.96367850570551e-20 -10.6658028806751 0.999999999971209
-2.98239365430676e-19 -1.19741440828639e-18 5.31519328489037e-20 -8.87534660154964e-20 -8.92459765022257e-20 -1.53294817236213e-19 5.20031810493994e-20 3.60499588861975e-20 4.00616538019245e-20 5.34010871110836e-20 -10.7659919285013 0.999999999973207
-9.2067164802252e-17 -3.69289696378258e-16 1.63766418883035e-17 -2.73196016383623e-17 -2.7444865447039e-17 -4.70959456221096e-17 1.59613535594612e-17 1.10542302741307e-17 1.22726034259453e-17 1.63433915640955e-17 4.30343632054251 1.00000000003618
-8.54945608506167e-19 -3.42939217311911e-18 1.52086615333174e-19 -2.53721120736012e-19 -2.54893884862264e-19 -4.37419177377403e-19 1.48251787818507e-19 1.02677335093414e-19 1.13998353166822e-19 1.51816786527478e-19 -10.7683226330892 0.999999999976824
1.53596884620108e-16 6.16077371096955e-16 -2.73201653655644e-17 4.55746365882429e-17 4.57825853761719e-17 7.85620958940979e-17 -2.66249968312272e-17 -1.84390540340924e-17 -2.04709071547921e-17 -2.72604365970221e-17 5.53338605345736 0.999999999859425
-5.93065438731329e-20 -2.39802610747004e-19 1.07195203897522e-20 -1.80245299301576e-20 -1.82501081506214e-20 -3.15630266599391e-20 1.07803289082675e-20 7.523756133511e-21 8.41712720167616e-21 1.12945198287101e-20 -10.733132040991 0.999999999974681
1.28276691531794e-16 5.14499263675693e-16 -2.28148189441973e-17 3.80575796516141e-17 3.82298468300226e-17 6.55993663007088e-17 -2.22310785014964e-17 -1.53955083916079e-17 -1.70913734042856e-17 -2.27592110557679e-17 6.28575453007343 0.999999999771365
1.41239509497684e-17 5.66566808018363e-17 -2.51270379193904e-18 4.19201964789877e-18 4.21155577224746e-18 7.22765599448549e-18 -2.44971843884947e-18 -1.69670937794869e-18 -1.88385794906397e-18 -2.50891607473775e-18 4.33923382345 0.999999999872776
-4.58373221324355e-19 -1.83831105274799e-18 8.15105185227196e-20 -1.35956450282982e-19 -1.36559798114179e-19 -2.34304829675822e-19 7.93968091600939e-20 5.49790337170844e-20 6.1029556116543e-20 8.12606443548513e-20 -10.7240737276418 0.999999999974839
-1.55730360903885e-16 -6.24546848331258e-16 2.76918505386306e-17 -4.61881716490037e-17 -4.63923938709979e-17 -7.95973213212631e-17 2.69720458712332e-17 1.86767758121328e-17 2.07319098616154e-17 2.76041256707197e-17 5.59244649052013 0.999999999636798
2.54102061983184e-16 1.01917284129565e-15 -4.51941975037112e-17 7.53892300448545e-17 7.57308991612433e-17 1.29948877903798e-16 -4.40388204574428e-17 -3.04979999096007e-17 -3.38576168629708e-17 -4.50856824511528e-17 6.25344354924562 1.0000000003305
1.39315928386241e-18 5.58543234436084e-18 -2.47575563800042e-19 4.12810108753657e-19 4.14505045006979e-19 7.10959245033906e-19 -2.40836932789425e-19 -1.66714654595898e-19 -1.85000790605031e-19 -2.46246687289823e-19 -10.8428997596347 0.999999999972058
-8.28252564245744e-19 -3.32457107874865e-18 1.4753797359567e-19 -2.4629975041227e-19 -2.47606180175437e-19 -4.25201490650876e-19 1.44208870367975e-19 9.9945186344174e-20 1.11040474934334e-19 1.47978339043097e-19 -10.6653544088481 0.999999999976315
8.01963141418e-17 3.21592154576874e-16 -1.42577709986411e-17 2.37787808717858e-17 2.38816692707378e-17 4.0970886205588e-17 -1.38819261082609e-17 -9.61162023539695e-18 -1.06682403759096e-17 -1.42031994105787e-17 6.75807271592315 1.00000000006463
1.74595977503133e-17 7.0045647580961e-17 -3.10687072155474e-18 5.18390369125908e-18 5.20868106824315e-18 8.93993056417231e-18 -3.0304294118351e-18 -2.09916539511835e-18 -2.330979287469e-18 -3.10475495196946e-18 5.58984441867977 0.999999999696126
7.14420915110788e-16 2.86435066879629e-15 -1.26967728622389e-16 2.11715308851586e-16 2.12592679924921e-16 3.64653109561346e-16 -1.23530789024986e-16 -8.55151379802588e-17 -9.48986617859208e-17 -1.2632065394533e-16 7.62980041850802 1.00000000000534
3.98369490516715e-17 1.59861975487603e-16 -7.09250452960575e-18 1.18371190881798e-17 1.18967886368867e-17 2.04243971621031e-17 -6.92520492634519e-18 -4.79831444592372e-18 -5.32959594404767e-18 -7.10063610565566e-18 4.41783885419569 0.999999999994979
-8.03240856797435e-17 -3.22251821031056e-16 1.42935536470255e-17 -2.38493696892532e-17 -2.39635322686766e-17 -4.11301639010795e-17 1.39422810272419e-17 9.65783592292918e-18 1.07244547858459e-17 1.42845945826967e-17 4.30706080168516 1.00000000008976
3.95324459773506e-20 1.56334495579007e-19 -6.83372901098874e-21 1.12345658697051e-20 1.11196954178023e-20 1.87958906162492e-20 -6.2732304084879e-21 -4.27743405141938e-21 -4.67425535936247e-21 -6.12523496580458e-21 -10.6739505717556 0.999999999977536
7.21208054856735e-18 2.88878601291229e-17 -1.27927751057911e-18 2.13110747400213e-18 2.13787602790021e-18 3.66348736566667e-18 -1.23985244130138e-18 -8.57466651238577e-19 -9.50633726509138e-19 -1.26417100998207e-18 5.69052033515484 0.999999999656721
4.18200634067545e-17 1.67725794264027e-16 -7.43721695373865e-18 1.24054657895271e-17 1.24610063463059e-17 2.13810492958537e-17 -7.24550862513067e-18 -5.0174322700354e-18 -5.56985319814834e-18 -7.41657608409444e-18 4.38591760501216 1.00000000000269
-3.71591259761662e-16 -1.49032960308693e-15 6.60837033764831e-17 -1.10229600384355e-16 -1.10723369270524e-16 -1.89983546596219e-16 6.43808099559889e-17 4.45830155964929e-17 4.94916366348314e-17 6.59009155676352e-17 6.08852432746053 1.00000000030442
1.75117613112659e-16 7.02486542081942e-16 -3.11559803617233e-17 5.19800478487748e-17 5.22238823522415e-17 8.96266776711921e-17 -3.03787020908389e-17 -2.10413556598888e-17 -2.3362946563473e-17 -3.11156442694947e-17 4.47751248189137 1.00000000020754
-3.3350717423212e-19 -1.33575821064485e-18 5.91486076068139e-20 -9.85262160057074e-20 -9.88314273833432e-20 -1.69345145772194e-19 5.73076977877594e-20 3.96300394779433e-20 4.39323250120665e-20 5.84170866350778e-20 -10.7574373495996 0.999999999973694
-7.63041048843107e-18 -3.05874777308676e-17 1.35560901423311e-18 -2.26004379530966e-18 -2.26900927987055e-18 -3.89126795297935e-18 1.31798224489542e-18 9.12221599167938e-19 1.01213937850847e-18 1.34703028448673e-18 4.24283140432288 0.999999999914205
5.24245485121988e-17 2.10256256690276e-16 -9.32306203444064e-18 1.55510688576803e-17 1.56206580347492e-17 2.68024351970005e-17 -9.08266179188203e-18 -6.2896257145039e-18 -6.98209966208225e-18 -9.29704120112318e-18 5.67251998621148 0.999999999894499
-3.27690702666142e-18 -1.30861707966183e-17 5.77757141060073e-19 -9.59530591985883e-19 -9.59617950741076e-19 -1.63931440521379e-18 5.53067947053682e-19 3.81290299884482e-19 4.21376918752947e-19 5.58561772880737e-19 4.33131941053139 1.0000000001202
2.7511415440035e-16 1.10315706157509e-15 -4.89054118316853e-17 8.15583170882935e-17 8.19061930066276e-17 1.40507922560034e-16 -4.76045628560801e-17 -3.29586078264311e-17 -3.65795581573928e-17 -4.86973421692478e-17 6.76365744987999 1.00000000048923
