4.8528160891506e-27 1.74394587192854e-26 -6.92889824933915e-28 1.03558078881324e-27 9.32046946735953e-28 1.43292687549897e-27 -4.35081695158327e-28 -2.69952248226005e-28 -2.6850306443212e-28 -3.20335883802583e-28 -21.2229745590032 1.00000000001535
2.13389150791336e-25 7.6661225040921e-25 -3.0448883611314e-26 4.54941754313004e-26 4.09330786125049e-26 6.29108633209117e-26 -1.90957891746849e-26 -1.18445650700448e-26 -1.17773335313749e-26 -1.40465304589347e-26 4.46883780873365 0.999999999942705
-4.55779331125556e-25 -1.63595520375769e-24 6.49202096979187e-26 -9.69118202419425e-26 -8.71178803696575e-26 -1.33773471631965e-25 4.05688736072205e-26 2.5141139919352e-26 2.49759980469442e-26 2.97614779583281e-26 4.32253449153581 0.999999999901876
7.17468589602314e-25 2.57611920695148e-24 -1.02263601999568e-25 1.52709089671784e-25 1.37322830469914e-25 2.10937160975577e-25 -6.39917585820381e-26 -3.96702011854753e-26 -3.94231187388711e-26 -4.69928360860622e-26 4.50646946020352 0.999999999817014
-1.23059589149328e-26 -4.42167513840305e-26 1.75650898247751e-27 -2.62483915781245e-27 -2.36205050067919e-27 -3.63084958815178e-27 1.10227013792443e-27 6.83812979390801e-28 6.80037654243559e-28 8.11190376365406e-28 -21.2422099390565 1.00000000001291
2.41833932852233e-24 8.68718023945413e-24 -3.45010661243394e-25 5.15436172995802e-25 4.63715219627051e-25 7.12623796601432e-25 -2.16286748615951e-25 -1.34143284018837e-25 -1.33368785350313e-25 -1.59049966581168e-25 5.56524117767872 1.00000000013149
-6.50901608206238e-27 -2.33725143552499e-26 9.27871346045294e-28 -1.38566719530084e-27 -1.24613282421959e-27 -1.91426651174929e-27 5.80766077615847e-28 3.60055679365484e-28 3.57836374009269e-28 4.26573217098028e-28 -21.1887475950949 1.00000000001416
2.26142960847049e-27 8.14536437182093e-27 -3.24359965432184e-28 4.8588095790333e-28 4.38292272250506e-28 6.75347813239253e-28 -2.05517615426422e-28 -1.27801896669594e-28 -1.27399891978788e-28 -1.5233238169892e-28 -21.4243731277851 1.00000000001336
-8.1850135339916e-25 -2.94214362578031e-24 1.16923115546346e-25 -1.74793603390655e-25 -1.57356512639615e-25 -2.41978274382845e-25 7.34900600266053e-26 4.56089645418636e-26 4.53751439170696e-26 5.41476853350983e-26 5.59403169026133 0.999999999817759
2.62638431415961e-27 9.41032420774038e-27 -3.72768128203738e-28 5.55465913419501e-28 4.98431936476948e-28 7.63980941576124e-28 -2.31267965852475e-28 -1.43058448016007e-28 -1.41857855304231e-28 -1.68726375344332e-28 -21.3251265900214 1.00000000001561
2.27373410255532e-24 8.16484150616072e-24 -3.24151274212896e-25 4.84101249640773e-25 4.3537005344428e-25 6.68826107305999e-25 -2.02921611393897e-25 -1.25809262965999e-25 -1.2503827471322e-25 -1.49062105363461e-25 5.97574614560993 1.00000000009753
-3.56310487602453e-24 -1.28019176080719e-23 5.08526502982572e-25 -7.59872808266567e-25 -6.83757882288971e-25 -1.05098460550329e-24 3.19044334513455e-25 1.97913401379152e-25 1.96809319900033e-25 2.34752537823259e-25 4.51120848482288 1.00000000004861
3.7143174929502e-24 1.33414569262229e-23 -5.29809241456864e-25 7.91451746861892e-25 7.11972761837417e-25 1.09404396940813e-24 -3.32021908266498e-25 -2.05905564362804e-25 -2.04698947828225e-25 -2.44094058516073e-25 4.28909455100569 1.00000000014369
-6.86353993830313e-27 -2.46754428753196e-26 9.80785049809704e-28 -1.46646402713064e-27 -1.32039256394648e-27 -2.0308004035676e-27 6.16867705766064e-28 3.82900788709934e-28 3.81001537820132e-28 4.54738079584834e-28 -21.2180019564274 1.00000000001323
5.15635407988025e-24 1.85161540095115e-23 -7.35107636329697e-25 1.09784186239143e-24 9.87330892870191e-25 1.51676461106526e-24 -4.60186927612766e-25 -2.85311848323242e-25 -2.83564320416894e-25 -3.38047318586038e-25 7.22143493672963 1.00000000015755
-3.33994809602681e-24 -1.20002213636874e-23 4.76684325441801e-25 -7.1229708226286e-25 -6.40952022143017e-25 -9.85195404956034e-25 2.99074812260488e-25 1.85526826345405e-25 1.84492967473685e-25 2.20062998668101e-25 5.59304277466033 1.00000000013047
-1.63058862181805e-27 -5.87011863645786e-27 2.33636759364477e-28 -3.49803298366361e-28 -3.15384570410242e-28 -4.85723637093866e-28 1.47740102580955e-28 9.18283387503754e-29 9.14957755589183e-29 1.09350111095362e-28 -21.213616047123 1.00000000001708
1.95958750911417e-26 7.03850537851234e-26 -2.79504086617466e-27 4.17526854102698e-27 3.75590486298093e-27 5.77134594193326e-27 -1.7514594717196e-27 -1.08615635556995e-27 -1.07976857011344e-27 -1.28754666902768e-27 -21.3338479580759 1.00000000001153
-6.30455940747602e-27 -2.26562686772691e-26 9.00149576510086e-28 -1.34533435676451e-27 -1.21082234004808e-27 -1.8615028027187e-27 5.65207802407494e-28 3.50689366796158e-28 3.48805923949564e-28 4.16140320594482e-28 -21.1077922340765 1.00000000001498
2.26714431116425e-26 8.14473654526367e-26 -3.23494537500753e-27 4.83331947797307e-27 4.34868626363235e-27 6.6834870312474e-27 -2.02865739517777e-27 -1.25829851104089e-27 -1.25113692232558e-27 -1.49217605942798e-27 -21.1703834228674 1.0000000000155
-5.40462819378752e-25 -1.93832979315144e-24 7.68564093403235e-26 -1.14635645450718e-25 -1.02965520092392e-25 -1.57977388954467e-25 4.78693051272177e-26 2.96406140489522e-26 2.94213064297578e-26 3.50291237003748e-26 5.72908908454744 0.999999999879778
-2.14960797820149e-26 -7.72102506519914e-26 3.06607486667643e-27 -4.58014523247381e-27 -4.12011964817136e-27 -6.33100895628571e-27 1.92130651637086e-27 1.19148840875924e-27 1.18448409832509e-27 1.41241649316781e-27 -21.2668148228904 1.00000000001797
1.06462400069357e-23 3.82302822361309e-23 -1.51778686412891e-24 2.26674525259671e-24 2.03858423868954e-24 3.13174986897864e-24 -9.50180337132368e-25 -5.89107273891906e-25 -5.85502717355173e-25 -6.9800336115772e-25 6.75830495123734 0.999999999944957
-7.81829320068115e-27 -2.81108921388945e-26 1.11745382726381e-27 -1.67098839663572e-27 -1.50470565208027e-27 -2.31452767396887e-27 7.03127392525963e-28 4.36490987824719e-28 4.34373155337273e-28 5.18495500359707e-28 -21.2091056364886 1.00000000001592
2.14832394096112e-24 7.71819576879648e-24 -3.06565909697448e-25 4.58058115063869e-25 4.12146237633186e-25 6.33453251429591e-25 -1.92281888287797e-25 -1.19270097928969e-25 -1.1859625369432e-25 -1.41450487179368e-25 4.4078183342569 1.00000000005353
3.6928869922773e-25 1.3261287771716e-24 -5.26498854483797e-26 7.86317274518801e-26 7.07183697938658e-26 1.08642346894465e-25 -3.29629914142524e-26 -2.04372984261974e-26 -2.0312648571177e-26 -2.42160724661097e-26 4.30951692227586 0.999999999818037
-3.34132503330631e-27 -1.20413519144806e-26 4.79756298978705e-28 -7.19037692090099e-28 -6.48953476284693e-28 -1.00047181459577e-27 3.04616669565613e-28 1.89526006796646e-28 1.89028428534733e-28 2.2613953887609e-28 -21.1947370505052 1.00000000001603
-2.54216721647932e-27 -9.12607192579687e-27 3.62206521771083e-28 -5.40776559252984e-28 -4.86198988467067e-28 -7.46695069568249e-28 2.26481987054929e-28 1.40376371806342e-28 1.39476530535181e-28 1.66227518995637e-28 -21.1388740458781 1.00000000001276
4.31552483653254e-25 1.55094840821187e-24 -6.16244593596527e-26 9.21080393859479e-26 8.29040948053327e-26 1.27463808191322e-25 -3.87042243259016e-26 -2.40159199475611e-26 -2.38883567059958e-26 -2.85014790567083e-26 5.51123732098729 0.999999999869159
-1.00073209048267e-26 -3.59505711807435e-26 1.42786154014999e-27 -2.13331671258586e-27 -1.91937086266437e-27 -2.94981798020781e-27 8.95349108485408e-28 5.55340400546057e-28 5.52169760095676e-28 6.58537240627923e-28 -21.09008254415 1.00000000001569
1.23760793420603e-26 4.44635596188385e-26 -1.76610834035261e-27 2.63887628475425e-27 2.37440433743253e-27 3.64941050266433e-27 -1.10777423149211e-27 -6.87146137388757e-28 -6.83271142213013e-28 -8.14950163731134e-28 -21.3775960430298 1.00000000001057
2.02588178837801e-24 7.27752236796051e-24 -2.89031436692167e-25 4.31812593252911e-25 3.88489780128684e-25 5.97030339902369e-25 -1.81206520125738e-25 -1.12388186683064e-25 -1.11741305728361e-25 -1.33260346701477e-25 6.60610304278971 0.99999999948415
-2.28800057130331e-24 -8.21360723130931e-24 3.25989489093627e-25 -4.8670043151574e-25 -4.37576223663623e-25 -6.72013483547018e-25 2.03827440423829e-25 1.26332914938338e-25 1.25521000845956e-25 1.49592618892742e-25 6.71866630628424 0.999999999517033
-3.31154132280609e-25 -1.18830100955846e-24 4.71426308508104e-26 -7.03540054081031e-26 -6.32261712673514e-26 -9.70591345605176e-26 2.9426290931906e-26 1.82306863517584e-26 1.81057160130347e-26 2.1568575388138e-26 4.42241819747228 1.00000000004739
5.73307716542718e-27 2.05699503627044e-26 -8.15961065678564e-28 1.21756727167633e-27 1.09408032722758e-27 1.67933212978152e-27 -5.09076713410271e-28 -3.153536898315e-28 -3.13153634075248e-28 -3.73000770397536e-28 -21.1364664967305 1.00000000001338
-1.08254179406215e-26 -3.93641020420438e-26 1.58228607593654e-27 -2.39219592442701e-27 -2.17762149727329e-27 -3.3856478444242e-27 1.03945181796971e-27 6.52049017419709e-28 6.55612904755551e-28 7.90597085995581e-28 4.39092752459482 0.999999999860694
2.11965715768837e-25 7.60332671656593e-25 -3.015311986928e-26 4.49829596799361e-26 4.04106976139766e-26 6.2011987121793e-26 -1.87937752630747e-26 -1.16391240092699e-26 -1.15550345869666e-26 -1.37598839833873e-26 6.18824177159881 0.999999999731048
-9.84627908027706e-27 -3.53998380994924e-26 1.40709241535287e-27 -2.1039372633182e-27 -1.89442383655951e-27 -2.91376250568774e-27 8.85099092340652e-28 5.49413332836124e-28 5.46704761536652e-28 6.52530426570539e-28 -21.258088518287 1.00000000001369
-1.32807204819133e-24 -4.77064104059295e-24 1.89462857212309e-25 -2.83048116320829e-25 -2.54642378835354e-25 -3.91321545315552e-25 1.18767497903881e-25 7.36598847010296e-26 7.32336788186935e-26 8.73343196869205e-26 5.57306972586687 0.999999999959211
-4.34261280476842e-27 -1.55876357751541e-26 6.18587857375065e-28 -9.23445222669525e-28 -8.30146761007785e-28 -1.27476768137124e-27 3.86605249465692e-28 2.39592817929725e-28 2.38026877831767e-28 2.8364311550113e-28 -21.1384385860463 1.00000000001219
-1.24202667527976e-27 -4.46871998605736e-27 1.77757226856105e-28 -2.65986688661269e-28 -2.39677042245732e-28 -3.68914143464914e-28 1.12146214450285e-28 6.96647666371219e-29 6.93725759137488e-29 8.28621901602324e-29 -21.4472820814816 1.00000000001052
3.22920438362217e-26 1.16000422825017e-25 -4.60697252613831e-27 6.88272295712853e-27 6.19211415444895e-27 9.51590405529336e-27 -2.88816297702312e-27 -1.79127675270974e-27 -1.78094227160549e-27 -2.1238852042477e-27 -21.3913781289986 1.0000000000144
-1.15082198945413e-26 -4.13351314639748e-26 1.64143065539219e-27 -2.45196579633951e-27 -2.20566884771141e-27 -3.38921157852619e-27 1.02853158008813e-27 6.37831506193878e-28 6.34074811034463e-28 7.56082377863315e-28 -21.2678604800564 1.00000000001581
-8.97519713237985e-26 -3.21809176990076e-25 1.27568477473309e-26 -1.90228436616677e-26 -1.70820504899009e-26 -2.62020632167784e-26 7.93761456210283e-27 4.91374205034977e-27 4.87617559030232e-27 5.80415272574643e-27 4.5890124249643 0.999999999802724
1.2704297823139e-24 4.56596007940372e-24 -1.81428539515733e-25 2.71186305802451e-25 2.44097844583126e-25 3.7531213729822e-25 -1.13967719038475e-25 -7.07197139606415e-26 -7.03469601312366e-26 -8.3935225433997e-26 5.75236886662996 0.99999999965186
-5.70622230566467e-24 -2.04972056299944e-23 8.1401558180733e-25 -1.21607251516873e-24 -1.0940075151543e-24 -1.68117781931286e-24 5.10231912612417e-25 3.16439737374364e-25 3.14601400515348e-25 3.75166811549114e-25 7.36065025131904 1.00000000002953
1.99496734491689e-24 7.16200179609983e-24 -2.84266003464477e-25 4.24427866743687e-25 3.81607330957877e-25 5.86086631173178e-25 -1.77773619496474e-25 -1.1018995810663e-25 -1.09487044554357e-25 -1.30490034017424e-25 5.63142576261458 0.999999999815084
-2.29611020499168e-23 -8.24451759651988e-23 3.27287757636958e-24 -4.88745608371501e-24 -4.39511208032917e-24 -6.7513318597606e-24 2.0481864067161e-24 1.26975179225528e-24 1.26186916938889e-24 1.50419399319287e-24 7.20872337351723 1.00000000021847
-1.11223046616194e-23 -3.99240187356451e-23 1.58440245640394e-24 -2.36529416754098e-24 -2.1263688168249e-24 -3.26530869053035e-24 9.90307836137873e-25 6.13741256655745e-25 6.0974234996412e-25 7.26609758788408e-25 6.83355729722714 0.999999999684197
2.07827445018012e-25 7.46013707897948e-25 -2.96062058780814e-26 4.4198481187232e-26 3.97343363372048e-26 6.10178702189612e-26 -1.85058354657789e-26 -1.14691102858049e-26 -1.13945440236718e-26 -1.35787016942834e-26 4.24004289397211 0.999999999932621
-1.82809532638776e-27 -6.57940318385188e-27 2.61798556537634e-28 -3.91866090452272e-28 -3.53218296854197e-28 -5.43853849914052e-28 1.65379942063763e-28 1.02767049046501e-28 1.02369873478373e-28 1.22316645405875e-28 -21.3055451673561 1.00000000001597
-3.28558567086662e-24 -1.18048528001339e-23 4.68921865028793e-25 -7.00695170258209e-25 -6.30509856770436e-25 -9.69141494831018e-25 2.94200330504863e-25 1.82502405406018e-25 1.81484820922468e-25 2.16474220693308e-25 4.51031677638248 0.99999999996835
-2.94139315524256e-26 -1.05247466765187e-25 4.16347555991847e-27 -6.19559100272291e-27 -5.55184265524526e-27 -8.49801776002382e-27 2.56892990224218e-27 1.58690076212241e-27 1.57140068294663e-27 1.86642952348372e-27 4.45781052013415 0.999999999847787
2.49063184770866e-27 8.95140751154805e-27 -3.55684202238646e-28 5.31650080237669e-28 4.78542630404305e-28 7.35778777522918e-28 -2.23426078468607e-28 -1.38640226237544e-28 -1.37908250962596e-28 -1.64545012553816e-28 -21.3114379593302 1.00000000001003
-7.1463510603331e-27 -2.56781306132301e-26 1.02008115031317e-27 -1.52438585105507e-27 -1.37179541427505e-27 -2.1087081266642e-27 6.40183374229692e-28 3.97156719879885e-28 3.94971584816522e-28 4.71155308841733e-28 -21.274994493893 1.00000000001559
-1.05571233311419e-26 -3.79263258584315e-26 1.50635809888387e-27 -2.25063239160503e-27 -2.0249540403182e-27 -3.11213537654336e-27 9.44631887285016e-28 5.85917332146215e-28 5.82581272828741e-28 6.94817922611988e-28 -21.1367817110548 1.00000000001191
1.19966895923082e-26 4.31117039938392e-26 -1.71285669490405e-27 2.559973969989e-27 2.304008787768e-27 3.5421358290081e-27 -1.07549128395656e-27 -6.67295188700071e-28 -6.63705344083523e-28 -7.91820503724947e-28 -21.2409460195873 1.00000000001835
-9.76917204979929e-25 -3.51060328904072e-24 1.3947546510391e-25 -2.08450313447631e-25 -1.87603674790278e-25 -2.88411531278517e-25 8.7567811758401e-26 5.43307601879959e-26 5.40372553610826e-26 6.44666176673751e-26 4.34641075285039 1.00000000004138
1.98854020085989e-24 7.1440432003854e-24 -2.83756538309882e-25 4.2397123900684e-25 3.81470546985117e-25 5.86297659992505e-25 -1.77965553414564e-25 -1.10388336254545e-25 -1.09763180976326e-25 -1.30913467182264e-25 4.42255796935842 1.0000000000706
-9.95727828561981e-27 -3.57656526885387e-26 1.42031204063715e-27 -2.12172987730408e-27 -1.90866850642706e-27 -2.93294184523882e-27 8.90096373393631e-28 5.52001244383267e-28 5.48768704352326e-28 6.54384124919981e-28 -21.1305099903783 1.00000000001334
-5.5332512845558e-27 -1.98954438804802e-26 7.9089569778055e-28 -1.18269766520683e-27 -1.0650318488835e-27 -1.63826523978034e-27 4.97698934249706e-28 3.08971831821154e-28 3.07480484113755e-28 3.67037638294904e-28 -21.0364139956749 1.00000000001631
-4.41470603772028e-24 -1.58505015423946e-23 6.29181780323153e-25 -9.39502160623122e-25 -8.44798875788088e-25 -1.29760110285728e-24 3.93631210647827e-25 2.44009703227322e-25 2.42477098549861e-25 2.89020269001817e-25 6.19302620831468 1.00000000004968
-5.54369622005906e-24 -1.9912127315038e-23 7.90729628261656e-25 -1.18120991559016e-24 -1.06257662937794e-24 -1.63277362085337e-24 4.95509902072525e-25 3.07289808533525e-25 3.05485246998277e-25 3.64272575970341e-25 6.11168298853126 0.999999999961604
-3.72770811160746e-25 -1.33873072420753e-24 5.31540885311335e-26 -7.93905550626084e-26 -7.14060652650164e-26 -1.09706890102977e-25 3.32884328573827e-26 2.06405967966435e-26 2.05162231064612e-26 2.44605785277025e-26 4.54981659549978 0.999999999817756
1.92308335671898e-25 6.9029218337122e-25 -2.73942788573878e-26 4.08954946873934e-26 3.6764200064627e-26 5.64556320933556e-26 -1.71218242312772e-26 -1.06111441001167e-26 -1.05419418902781e-26 -1.25624150483666e-26 4.58491280620724 0.999999999911594
-9.08409791241288e-24 -3.26240527126001e-23 1.2953468977722e-24 -1.93474150996964e-24 -1.740178801227e-24 -2.67360532921344e-24 8.11262365727331e-25 5.03031032488696e-25 5.00005120292415e-25 5.96139963187393e-25 7.13653309977882 0.999999999962493
-1.37421894368404e-23 -4.93499859399442e-23 1.95934159167874e-24 -2.92632063018758e-24 -2.63188961738288e-24 -4.04339229306205e-24 1.22683071432308e-24 7.6066382767719e-25 7.56043980924854e-25 9.01354046530675e-25 6.86626163247453 0.999999999922271
-1.85074298302782e-26 -6.64901392703175e-26 2.6409525544926e-27 -3.94596098127502e-27 -3.550415562179e-27 -5.45680257641325e-27 1.65637265833764e-27 1.0274186222418e-27 1.02160542632823e-27 1.21846543141822e-27 -21.2853156018708 1.00000000001135
-1.90556852901408e-26 -6.84735506061617e-26 2.72027832103683e-27 -4.06530050622636e-27 -3.6585262237432e-27 -5.6240909034445e-27 1.70749420788319e-27 1.05934081398928e-27 1.05355821544047e-27 1.25682735285499e-27 -21.1109405787168 1.00000000001269
3.540574650121e-25 1.27067914588721e-24 -5.0418468406841e-26 7.52543482645731e-26 6.76405507747895e-26 1.03851958960914e-25 -3.14907046183446e-26 -1.9512773348542e-26 -1.9382123923784e-26 -2.30928407582586e-26 6.334621067146 0.999999999948618
7.75041732525577e-27 2.78464948243221e-26 -1.10613507991151e-27 1.65285433873619e-27 1.48728832395894e-27 2.2860638760809e-27 -6.93972509166669e-28 -4.30492605081816e-28 -4.28090367951462e-28 -5.10621896516862e-28 -21.1694610362512 1.00000000001418
-2.54573177283013e-25 -9.14876850944565e-25 3.63500076654432e-26 -5.43293929125769e-26 -4.88988964374393e-26 -7.51788296115289e-26 2.28271906475144e-26 1.41637608362653e-26 1.40880448452558e-26 1.68080283961161e-26 4.45270236000616 0.999999999938743
1.00694839576031e-27 3.63494467168271e-27 -1.45067252770014e-28 2.17780340824361e-28 1.96875264024986e-28 3.04008249497535e-28 -9.27106291807199e-29 -5.77740142600158e-29 -5.77126910084144e-29 -6.91502658925841e-29 -21.1407733683734 1.00000000001363
-1.61153933813656e-26 -5.7894333654114e-26 2.29944641361602e-27 -3.43557328687206e-27 -3.09107266746661e-27 -4.75063563984178e-27 1.44196542466272e-27 8.94390954719572e-28 8.89295685588675e-28 1.06061824430128e-27 -21.2428889368246 1.00000000001225
-2.16673038212204e-24 -7.78221548483224e-24 3.09025088705883e-25 -4.61607590802889e-25 -4.15227626984613e-25 -6.38016741307202e-25 1.93614798412169e-25 1.20064460199285e-25 1.19353911439506e-25 1.42315756076108e-25 4.51958864213618 1.00000000000647
-9.98453063381665e-27 -3.5847716133231e-26 1.42294180365381e-27 -2.1247175153269e-27 -1.91050884729417e-27 -2.93446638721438e-27 8.90163048632996e-28 5.51796741951897e-28 5.48320717729021e-28 6.53557824027348e-28 -21.3955876645223 1.00000000001059
3.34452071125646e-24 1.20125288539363e-23 -4.77009492948991e-25 7.12538326504815e-25 6.40948962775174e-25 9.84852330542213e-25 -2.98867946654366e-25 -1.8533478025113e-25 -1.84238626929249e-25 -2.19684040546239e-25 5.56668031353117 1.0000000000088
-9.34840690265906e-27 -3.35261281196223e-26 1.32928962225236e-27 -1.98263536298572e-27 -1.78073165390515e-27 -2.73202667653e-27 8.27809334664046e-28 5.12558491989001e-28 5.08746084041079e-28 6.05691022403072e-28 -21.2113393949346 1.00000000001171
2.87380020046211e-24 1.03243019567549e-23 -4.10068977082956e-25 6.1269145991144e-25 5.51265504113824e-25 8.47251451126908e-25 -2.57172452644774e-25 -1.59516643613062e-25 -1.58611181036815e-25 -1.89171505315778e-25 6.26558834321558 0.99999999974681
-8.85194996159681e-25 -3.17917142600374e-24 1.26235355357043e-25 -1.88554428639515e-25 -1.69600262639361e-25 -2.60584627855853e-25 7.90736271805936e-26 4.90324884406268e-26 4.87396518751272e-26 5.81132295047918e-26 4.39649302870189 0.999999999816889
1.37933340942857e-26 4.95165562003447e-26 -1.96527433010228e-27 2.93416212316727e-27 2.63802306938925e-27 4.05139944321891e-27 -1.22882952286604e-27 -7.61635390304544e-28 -7.56742818783906e-28 -9.01868250597338e-28 -21.2633663666519 1.00000000001197
2.70629929671678e-25 9.69879739522961e-25 -3.84281168476401e-26 5.72751269750973e-26 5.140603749061e-26 7.88118871318205e-26 -2.38631046426432e-26 -1.4764834363989e-26 -1.46444619447784e-26 -1.74224543874768e-26 5.66019442235308 0.999999999791983
8.04509505127348e-24 2.88921548870225e-23 -1.14715131824442e-24 1.71336585296855e-24 1.54103858729232e-24 2.36760562632867e-24 -7.18399073430673e-25 -4.45442369544423e-25 -4.42754978037933e-25 -5.27872983872987e-25 6.2932845588019 1.00000000024366
-3.4274324389276e-28 -1.21997029294739e-27 4.80046449660115e-29 -7.10504447187467e-29 -6.33205248146372e-29 -9.63860190896402e-29 2.89736178790169e-29 1.77958424900424e-29 1.75201365512763e-29 2.068743030863e-29 -21.3128262736214 1.00000000001469
-3.2428255910668e-28 -1.14271118320236e-27 4.45016693840811e-29 -6.51677977495746e-29 -5.74440499681364e-29 -8.6457621051693e-29 2.56878576481955e-29 1.55890337510411e-29 1.51581073805852e-29 1.76702808705656e-29 -21.2527010269505 1.00000000001105
3.36701462433637e-24 1.20922502385288e-23 -4.80132645596308e-25 7.17139985073999e-25 6.45031040737515e-25 9.91036619669524e-25 -3.00717919210839e-25 -1.86465392797677e-25 -1.85346038876216e-25 -2.20984797969855e-25 6.55315984876288 1.00000000017192
-4.63677712690709e-25 -1.66452684288306e-24 6.60628332964679e-26 -9.86306747181231e-26 -8.86748802810942e-26 -1.36182546754949e-25 4.13050006255573e-26 2.56007662647744e-26 2.54360256434029e-26 3.03137306190519e-26 5.68939414527021 0.999999999724679
1.45859860855504e-23 5.23758341216651e-23 -2.07930460663145e-24 3.1052308345508e-24 2.79256736396805e-24 4.28988703865665e-24 -1.30151324325972e-24 -8.06901779444012e-25 -8.0193452282103e-25 -9.55985240561822e-25 7.54426660066521 1.00000000010692
1.73897028941954e-24 6.24712663025997e-24 -2.48119305933811e-25 3.70705912372409e-25 3.33528198173116e-25 5.12587637542856e-25 -1.55583784386447e-25 -9.65005918232328e-26 -9.59493139707776e-26 -1.14432110473073e-25 4.31148617247735 1.00000000008514
-3.66751380490317e-24 -1.31740476948801e-23 5.23189214491397e-25 -7.81604436317003e-25 -7.03152158452678e-25 -1.0805481251767e-24 3.27943873661305e-25 2.03387542301845e-25 2.02206634658332e-25 2.41135174716195e-25 4.32064534558644 1.00000000009275
-1.99631022105572e-26 -7.17175520850498e-26 2.8484924709484e-27 -4.25592034496848e-27 -3.82918268052866e-27 -5.88506544751104e-27 1.78631165173213e-27 1.10798198255915e-27 1.10167756918882e-27 1.31392490048116e-27 -21.2691367076049 1.00000000001443
-4.97682923386723e-25 -1.78657553949819e-24 7.09058259306113e-26 -1.05859771954448e-25 -9.51730238938068e-26 -1.46160189836449e-25 4.43307165667042e-26 2.74757550959107e-26 2.72986118008164e-26 3.25330974924397e-26 5.50149057441544 0.999999999697711
-4.37281506939749e-25 -1.56882645227919e-24 6.22270907394269e-26 -9.28477732598229e-26 -8.34250100928524e-26 -1.28041942468806e-25 3.8812136747397e-26 2.40409136905548e-26 2.38714778695654e-26 2.8431544033152e-26 4.35790581794748 1.00000000005863
-9.27891268066302e-24 -3.33250883820559e-23 1.32323679394506e-24 -1.97648020255203e-24 -1.77779382534178e-24 -2.73150990156068e-24 8.28866776925802e-25 5.13967979442541e-25 5.10897267093451e-25 6.09151288772163e-25 6.20711815505698 1.00000000012224
4.77224504299913e-24 1.71424538516975e-23 -6.80793371861321e-25 1.01705942897415e-24 9.14979590340749e-25 1.40607661037664e-24 -4.26743749619783e-25 -2.64663938724679e-25 -2.63128930219744e-25 -3.13788151150671e-25 4.55019298516704 1.0000000000967
2.91142960629891e-27 1.04435597831415e-26 -4.14172429485724e-28 6.17875217842313e-28 5.55076326417813e-28 8.51795615195917e-28 -2.58152871091354e-28 -1.59877071764895e-28 -1.58723005333271e-28 -1.89010492941694e-28 -21.3194800791876 1.00000000001174
8.75904375073853e-26 3.14147292884293e-25 -1.24566373929217e-26 1.85804316666684e-26 1.66895117303669e-26 2.56072386737523e-26 -7.75963434599945e-27 -4.80493988531266e-27 -4.76957474696777e-27 -5.67890024227876e-27 4.37184934487336 0.999999999857541
-8.90959276292713e-25 -3.1971638614762e-24 1.26842002962877e-25 -1.89299315750828e-25 -1.70124998215187e-25 -2.61167296196794e-25 7.91824847212556e-26 4.9057785344015e-26 4.87227774300223e-26 5.8042926816206e-26 5.74489087674756 1.00000000004128
-1.72911016522126e-25 -6.19811562802829e-25 2.45632307423681e-26 -3.661817474164e-26 -3.28729479973318e-26 -5.04091976450929e-26 1.52664541257745e-26 9.44784195630799e-27 9.37281191820251e-27 1.11531589137447e-26 4.43885018103212 1.00000000002777
6.59783105307477e-24 2.36956199126138e-23 -9.40864271340318e-25 1.4053176521346e-24 1.26402607185131e-24 1.94209291550627e-24 -5.89310968957718e-25 -3.65416710681344e-25 -3.63227272923148e-25 -4.3307443598463e-25 6.76172176975527 1.00000000004045
