0.353174971307388 0.353174166191072 0.353173361042814 0.35317255586194 0.353171750647773 0.353170945399632 0.353170140116836 0.353169334798697 0.353168529444529 0.353167724053639 9.99999888382618e-11 0.172655146673565
0.70414178530615 0.704143020055139 0.704144254663786 0.704145489131584 0.704146723458027 0.704147957642603 0.704149191684803 0.704150425584113 0.704151659340018 0.704152892952 9.9999994456868e-11 0.920507589428906
0.706817078107888 0.706818726382108 0.706820374603895 0.706822022772732 0.7068236708881 0.706825318949477 0.706826966956338 0.706828614908158 0.706830262804409 0.706831910644562 9.9999994707654e-11 0.899826294533737
0.348950544096423 0.348952068287215 0.34895359297822 0.348955118169019 0.348956643859186 0.348958170048296 0.348959696735919 0.348961223921626 0.348962751604981 0.348964279785553 9.99999911200206e-11 0.155929918371758
0.283717740362974 0.283696202925938 0.283674658014427 0.283653105624093 0.28363154575058 0.28360997838953 0.283588403536575 0.283566821187344 0.283545231337459 0.283523633982534 9.99999910203623e-11 0.116599080408968
0.707418917739359 0.707420484315608 0.707422050734738 0.707423616996121 0.707425183099129 0.70742674904313 0.70742831482749 0.707429880451573 0.707431445914742 0.707433011216355 9.99999949029933e-11 0.897630534153504
0.28182617272191 0.28180683280876 0.281787486390707 0.281768133464212 0.281748774025735 0.281729408071733 0.281710035598657 0.281690656602959 0.281671271081085 0.281651879029479 9.99999899031194e-11 0.110355057351641
0.335048618547817 0.33504444728765 0.335040276424921 0.335036105959844 0.335031935892631 0.335027766223492 0.335023596952639 0.335019428080279 0.33501525960662 0.335011091531871 9.99999877606814e-11 0.156630300031408
0.370076968065044 0.37007692337461 0.370076878831889 0.370076834436286 0.370076790187203 0.370076746084038 0.370076702126187 0.370076658313045 0.370076614644001 0.370076571118442 9.99999899683793e-11 0.185923123936315
0.70398534398511 0.703986412040697 0.70398747986112 0.703988547445742 0.703989614793922 0.703990681905016 0.703991748778381 0.70399281541337 0.703993881809332 0.703994947965615 9.99999944955628e-11 0.920380791612645
0.347714939877274 0.347714604445526 0.347714268943084 0.34771393336917 0.347713597723007 0.347713262003814 0.347712926210806 0.347712590343196 0.347712254400192 0.347711918381002 9.999999093418e-11 0.16298482373655
0.37440090576314 0.374400935307678 0.37440096514045 0.37440099526112 0.374401025669351 0.374401056364804 0.374401087347139 0.374401118616012 0.374401150171079 0.37440118201199 9.99999906213715e-11 0.185758280158231
0.262921631894696 0.262915224938663 0.262908817250178 0.262902408828534 0.262895999673022 0.262889589782929 0.26288317915754 0.262876767796139 0.262870355698006 0.262863942862421 9.99999914458595e-11 0.0994848738779747
0.704416082622245 0.704417255597253 0.704418428429143 0.704419601117366 0.704420773661376 0.704421946060623 0.704423118314557 0.704424290422621 0.704425462384263 0.704426634198923 9.99999939600179e-11 0.946630876327366
0.702993527526883 0.702994567239209 0.702995606745435 0.702996646044994 0.702997685137313 0.702998724021818 0.702999762697933 0.703000801165083 0.703001839422687 0.703002877470163 9.9999993966655e-11 0.944253292776117
0.705552572200981 0.705554055291184 0.705555538318213 0.705557021281604 0.705558504180891 0.705559987015607 0.705561469785281 0.705562952489443 0.705564435127618 0.705565917699332 9.99999942522729e-11 0.927244382173996
0.348759212250298 0.348759815386845 0.348760418766565 0.348761022389071 0.348761626253976 0.34876223036089 0.34876283470942 0.348763439299173 0.348764044129752 0.348764649200761 9.99999893087464e-11 0.163929496229785
0.363271919878421 0.363271775578846 0.363271631201584 0.363271486745882 0.363271342210985 0.363271197596132 0.363271052900565 0.363270908123517 0.363270763264224 0.363270618321915 9.99999909325165e-11 0.176599545889269
0.707022959532187 0.707024907410483 0.707026855404183 0.707028803512962 0.70703075173649 0.707032700074437 0.707034648526471 0.707036597092257 0.707038545771459 0.707040494563742 9.99999944315431e-11 0.913688939643931
0.296910156695329 0.296906432678949 0.296902708468822 0.296898984064813 0.296895259466787 0.296891534674605 0.296887809688127 0.296884084507214 0.296880359131723 0.296876633561511 9.99999903610957e-11 0.129373227090626
0.387213927836959 0.387215900503975 0.38721787377922 0.387219847662251 0.387221822152623 0.387223797249889 0.387225772953598 0.387227749263298 0.387229726178531 0.387231703698841 9.99999910912945e-11 0.184477365555191
0.350153969427295 0.350153231505613 0.35015249309354 0.350151754190024 0.350151014794007 0.350150274904432 0.350149534520236 0.350148793640353 0.350148052263714 0.350147310389245 9.99999900025919e-11 0.170086213480675
0.704214067428414 0.704215488944228 0.70421691042348 0.704218331865712 0.704219753270465 0.704221174637275 0.704222595965679 0.704224017255211 0.704225438505404 0.704226859715785 9.99999944840967e-11 0.915161596246534
0.706664985314171 0.706666250788632 0.706667516079502 0.706668781186195 0.706670046108124 0.706671310844696 0.70667257539532 0.7066738397594 0.70667510393634 0.70667636792554 9.9999994147045e-11 0.933548884871304
0.707747322706263 0.707748664573793 0.707750006335219 0.707751347990046 0.707752689537774 0.707754030977907 0.707755372309943 0.70775671353338 0.707758054647711 0.707759395652433 9.9999993933458e-11 0.946347237337261
0.369995316923212 0.36999468161624 0.369994046049267 0.369993410221319 0.369992774131423 0.3699921377786 0.369991501161865 0.369990864280236 0.369990227132723 0.369989589718333 9.99999904409962e-11 0.186945309814644
0.313112231010422 0.313108734013746 0.313105237034082 0.313101740070957 0.313098243123896 0.313094746192421 0.31309124927605 0.313087752374299 0.313084255486684 0.313080758612713 9.99999904639923e-11 0.137253268684168
0.316705717030102 0.31670073570746 0.316695754283843 0.316690772759489 0.316685791134643 0.316680809409546 0.316675827584437 0.31667084565956 0.316665863635154 0.316660881511461 9.99999924509696e-11 0.135990757218846
0.327749339487673 0.327745538696142 0.327741738083261 0.327737937649102 0.327734137393732 0.327730337317223 0.327726537419641 0.327722737701054 0.327718938161526 0.327715138801123 9.99999914721966e-11 0.141828507953116
0.706545631376465 0.706546996905939 0.706548362266785 0.706549727458451 0.70655109248038 0.706552457332017 0.706553822012803 0.706555186522175 0.706556550859574 0.706557915024436 9.99999937465263e-11 0.954998416168012
0.25484777625882 0.254837032069314 0.254826286129917 0.254815538439553 0.254804788997143 0.254794037801606 0.254783284851857 0.254772530146809 0.254761773685373 0.254751015466458 9.9999991328386e-11 0.0928103586811375
0.35616145481253 0.356160642824162 0.356159830489304 0.356159017806954 0.356158204776109 0.35615739139576 0.356156577664893 0.356155763582495 0.356154949147545 0.356154134359021 9.99999915377122e-11 0.170494314354858
0.323945412673327 0.323941173508895 0.323936933816769 0.32393269359612 0.323928452846113 0.323924211565914 0.323919969754685 0.323915727411585 0.323911484535769 0.323907241126391 9.99999897915659e-11 0.147553909659249
0.337791440132371 0.337792760503288 0.33779408172012 0.337795403783048 0.337796726692249 0.3377980504479 0.337799375050175 0.33780070049925 0.337802026795298 0.337803353938491 9.99999906227697e-11 0.153370907966077
0.414099986611271 0.41409935396675 0.414098721111366 0.414098088044361 0.414097454764977 0.414096821272452 0.41409618756602 0.414095553644913 0.414094919508361 0.414094285155591 9.99999915151693e-11 0.224430312909843
0.703625292582084 0.703626606607055 0.703627920565009 0.703629234455519 0.70363054827816 0.703631862032502 0.703633175718113 0.703634489334562 0.703635802881416 0.703637116358237 9.99999942389815e-11 0.925547087497996
0.402521143354822 0.402521014448978 0.402520885843267 0.402520757537332 0.402520629530812 0.402520501823344 0.402520374414562 0.4025202473041 0.402520120491587 0.402519993976653 9.9999990785569e-11 0.208760091474666
0.706496004080758 0.706497358533622 0.706498712792234 0.70650006685597 0.7065014207242 0.706502774396296 0.706504127871624 0.706505481149549 0.706506834229436 0.706508187110646 9.9999995185109e-11 0.881817970917276
0.70568272717704 0.705684155547788 0.705685583707455 0.705687011655365 0.705688439390839 0.705689866913197 0.705691294221757 0.705692721315831 0.705694148194733 0.705695574857772 9.99999948317154e-11 0.897715495545242
0.298780530225268 0.298778692693925 0.298776855538769 0.29877501875978 0.298773182356936 0.298771346330217 0.298769510679595 0.298767675405045 0.29876584050654 0.298764005984048 9.99999937011859e-11 0.121988427455363
0.251712933842901 0.251699234473254 0.251685531952514 0.251671826278845 0.251658117450406 0.251644405465355 0.251630690321848 0.251616972018035 0.251603250552065 0.251589525922082 9.99999875496579e-11 0.0999635134232627
0.347438995950974 0.347439841738122 0.347440687937832 0.34744153454982 0.347442381573796 0.347443229009471 0.347444076856554 0.347444925114751 0.347445773783766 0.347446622863302 9.9999989286761e-11 0.164981092495568
0.313857812201804 0.313853397426585 0.313848982059614 0.313844566100112 0.313840149547294 0.313835732400376 0.31383131465857 0.313826896321084 0.313822477387126 0.313818057855901 9.99999892712797e-11 0.140233523096928
0.703737148633252 0.703738486168085 0.703739823628684 0.703741161014651 0.703742498325587 0.70374383556109 0.70374517272076 0.703746509804191 0.703747846810979 0.703749183740716 9.99999945432943e-11 0.911356308110619
0.287090415392329 0.287074106540437 0.28705779305639 0.287041474937101 0.287025152179477 0.287008824780422 0.286992492736834 0.286976156045607 0.28695981470363 0.286943468707787 9.99999913238339e-11 0.120850808605493
0.238478005532606 0.238453140659248 0.238428266124561 0.238403381920882 0.238378488040537 0.238353584475837 0.238328671219079 0.238303748262551 0.238278815598522 0.238253873219251 9.99999896572347e-11 0.0894291133952207
0.707974977699752 0.707976543076966 0.707978108264741 0.707979673262395 0.707981238069243 0.707982802684601 0.707984367107778 0.707985931338084 0.707987495374825 0.707989059217304 9.99999951829427e-11 0.882391712353206
0.249041970838519 0.249027689214276 0.249013405082433 0.24899911844162 0.248984829290458 0.248970537627566 0.248956243451565 0.248941946761067 0.248927647554685 0.248913345831029 9.99999924594014e-11 0.0941806429595111
0.380601150150719 0.380600601571686 0.380600053092566 0.3805995047126 0.380598956431027 0.380598408247081 0.380597860159992 0.38059731216899 0.380596764273298 0.380596216472137 9.99999893996583e-11 0.193996047312623
0.370719346714893 0.370719794642009 0.370720243265369 0.370720692584763 0.370721142599978 0.370721593310799 0.37072204471701 0.370722496818392 0.370722949614724 0.370723403105782 9.99999902784626e-11 0.180250162943772
0.289925647849369 0.289916545497222 0.289907441781696 0.28989833670185 0.289889230256735 0.289880122445401 0.289871013266898 0.289861902720271 0.289852790804561 0.28984367751881 9.99999908005362e-11 0.122485942986062
0.291649002748139 0.291638680780283 0.291628356901961 0.291618031111972 0.291607703409118 0.291597373792192 0.291587042259987 0.291576708811292 0.291566373444895 0.29155603615958 9.99999926480902e-11 0.116795276346364
0.704713648670239 0.704715055729527 0.704716462661705 0.704717869466214 0.704719276142487 0.704720682689962 0.704722089108069 0.70472349539624 0.704724901553904 0.704726307580486 9.99999947641638e-11 0.902757388134406
0.707570335980655 0.707571468772037 0.707572601268172 0.707573733468373 0.707574865371945 0.707575996978193 0.707577128286422 0.70757825929593 0.707579390006015 0.707580520415975 9.9999995327668e-11 0.879435620438963
0.36638879929206 0.366388320011313 0.366387840674862 0.36638736128198 0.366386881831937 0.366386402323999 0.366385922757431 0.366385443131495 0.366384963445446 0.366384483698542 9.99999913100223e-11 0.176231836368801
0.358387394275483 0.358386970111696 0.358386545982494 0.358386121887195 0.358385697825116 0.358385273795566 0.358384849797856 0.358384425831291 0.358384001895174 0.358383577988806 9.99999897151441e-11 0.175127039225569
0.256188531256267 0.256150227872496 0.256111901378592 0.256073551752028 0.256035178970246 0.255996783010649 0.25595836385061 0.255919921467469 0.255881455838527 0.255842966941054 9.99999913729949e-11 0.10153491464307
0.703316240347739 0.703317478933316 0.703318717290353 0.703319955418207 0.703321193316235 0.703322430983787 0.703323668420216 0.703324905624869 0.703326142597093 0.703327379336231 9.99999946481368e-11 0.907175964353522
0.311297495697527 0.311293537266327 0.311289578539889 0.311285619517627 0.311281660198949 0.311277700583261 0.311273740669968 0.311269780458471 0.311265819948168 0.311261859138456 9.9999992287761e-11 0.13551338973274
0.704100167554321 0.704101682344911 0.70410319718039 0.704104712060389 0.704106226984541 0.70410774195247 0.704109256963803 0.704110772018167 0.704112287115184 0.704113802254474 9.99999934407363e-11 0.96936709143387
0.252991412882892 0.25298113670172 0.252970858972911 0.252960579695413 0.252950298868168 0.252940016490117 0.252929732560196 0.252919447077342 0.252909160040484 0.252898871448555 9.99999891607953e-11 0.0975371191179466
0.374278496881135 0.374272656034155 0.374266814097177 0.374260971069043 0.374255126948591 0.374249281734656 0.374243435426069 0.374237588021658 0.374231739520248 0.374225889920658 9.99999916016124e-11 0.180457827621107
0.336673602793548 0.336673873182698 0.336674143623206 0.336674414114394 0.336674684655582 0.336674955246088 0.336675225885227 0.336675496572308 0.336675767306645 0.33667603808754 9.99999901699151e-11 0.155028628467648
0.704539008671734 0.704539888200571 0.704540767451312 0.704541646423322 0.704542525115962 0.704543403528591 0.704544281660569 0.70454515951125 0.704546037079988 0.704546914366135 9.99999937734279e-11 0.954934059223221
0.272158301837788 0.272138665363712 0.272119023276585 0.272099375571718 0.272079722244413 0.272060063289961 0.272040398703646 0.272020728480739 0.272001052616504 0.271981371106194 9.9999992966781e-11 0.110712141259621
0.702870690872346 0.702871792079994 0.70287289304946 0.702873993780126 0.702875094271374 0.702876194522578 0.702877294533119 0.702878394302368 0.702879493829698 0.702880593114481 9.99999937602931e-11 0.949310324022154
0.334736937402867 0.33473771510008 0.334738493347253 0.33473927214401 0.334740051489978 0.334740831384778 0.334741611828031 0.334742392819354 0.334743174358362 0.334743956444669 9.99999912575085e-11 0.151684743519697
0.373241965824985 0.373241660670799 0.373241355455353 0.373241050177763 0.373240744837143 0.373240439432602 0.373240133963249 0.373239828428185 0.373239522826511 0.373239217157321 9.99999902652896e-11 0.184945922074469
0.362295444745025 0.362296322002917 0.362297199696157 0.362298077824291 0.362298956386868 0.362299835383432 0.362300714813525 0.362301594676686 0.362302474972452 0.362303355700356 9.9999992065799e-11 0.169904206150246
0.357948472236101 0.357949430689042 0.357950389597859 0.357951348962329 0.357952308782222 0.357953269057312 0.357954229787366 0.357955190972155 0.357956152611444 0.357957114704999 9.99999902090687e-11 0.167891199086344
0.361798924577956 0.361798518531115 0.361798112123698 0.361797705354654 0.361797298222925 0.361796890727453 0.361796482867172 0.361796074641017 0.361795666047917 0.361795257086798 9.99999893706332e-11 0.176369548911258
0.343666832933487 0.343667464410068 0.34366809620347 0.343668728313141 0.343669360738529 0.343669993479077 0.343670626534223 0.343671259903407 0.343671893586062 0.343672527581621 9.99999908907048e-11 0.157118569443607
0.703999157829756 0.704000362937383 0.704001567844404 0.704002772550258 0.704003977054389 0.704005181356231 0.704006385455219 0.70400758935079 0.704008793042373 0.704009996529399 9.99999944114233e-11 0.915729294167167
0.705203918417188 0.705205229549566 0.705206540458756 0.705207851144117 0.705209161605005 0.705210471840775 0.70521178185078 0.705213091634369 0.705214401190891 0.705215710519691 9.99999944578134e-11 0.911164613032653
0.708198948136674 0.708200562306147 0.708202176398315 0.708203790412677 0.708205404348732 0.708207018205974 0.708208631983899 0.708210245682 0.708211859299765 0.708213472836684 9.99999944283735e-11 0.915459278731453
0.343872101334912 0.343872682639702 0.343873263815465 0.343873844861377 0.343874425776607 0.343875006560324 0.343875587211692 0.343876167729874 0.343876748114027 0.343877328363307 9.99999913307492e-11 0.158401690840569
0.356062801628791 0.356063079138288 0.356063356799472 0.356063634611749 0.356063912574519 0.356064190687178 0.356064468949124 0.356064747359748 0.356065025918441 0.35606530462459 9.99999909017872e-11 0.166343002501764
0.342550918644834 0.342550607647196 0.342550296611984 0.342549985538621 0.342549674426523 0.342549363275106 0.342549052083785 0.34254874085197 0.342548429579069 0.342548118264489 9.99999917784748e-11 0.160258247973933
0.36168652947714 0.361686984452068 0.361687439523488 0.361687894690724 0.361688349953101 0.361688805309938 0.361689260760553 0.361689716304259 0.361690171940368 0.361690627668189 9.99999894927112e-11 0.17714733642746
0.703500276972606 0.703501190373311 0.703502103459573 0.703503016230675 0.703503928685896 0.703504840824513 0.703505752645802 0.703506664149034 0.703507575333479 0.703508486198405 9.99999946250685e-11 0.911926013426046
0.359929525465133 0.359929386744741 0.359929247780487 0.359929108571507 0.359928969116938 0.359928829415908 0.359928689467547 0.35992854927098 0.359928408825327 0.359928268129708 9.99999898357561e-11 0.176427623768179
0.702004315241093 0.702005017613041 0.702005719693719 0.702006421482535 0.702007122978894 0.7020078241822 0.702008525091852 0.702009225707251 0.702009926027796 0.702010626052881 9.99999941382254e-11 0.940120011506563
0.377465382835005 0.37746500172397 0.377464620751589 0.377464239917412 0.377463859220985 0.377463478661851 0.377463098239553 0.377462717953631 0.37746233780362 0.377461957789055 9.99999894819915e-11 0.197956684660964
0.34164116493166 0.341641045242159 0.341640925396007 0.341640805392432 0.34164068523066 0.341640564909914 0.341640444429412 0.341640323788373 0.34164020298601 0.341640082021534 9.99999927956202e-11 0.15776056790399
0.361897512033295 0.361897200343581 0.361896888429425 0.361896576289964 0.361896263924334 0.361895951331668 0.361895638511093 0.361895325461738 0.361895012182724 0.361894698673172 9.99999917239746e-11 0.172887159379165
0.705524873944812 0.7055266284428 0.705528382970031 0.705530137526119 0.705531892110679 0.705533646723323 0.705535401363664 0.705537156031308 0.705538910725864 0.705540665446938 9.99999945984509e-11 0.907142865444425
0.36058688933674 0.360588032819834 0.360589177283496 0.360590322728107 0.36059146915405 0.360592616561701 0.360593764951443 0.360594914323652 0.360596064678708 0.360597216016986 9.99999905784694e-11 0.173147307059348
0.315422406662819 0.315417623055902 0.315412838719765 0.315408053653588 0.315403267856554 0.315398481327843 0.315393694066628 0.315388906072083 0.315384117343379 0.315379327879682 9.99999914941289e-11 0.140276023947388
0.344230687801653 0.344231169206618 0.344231650639852 0.344232132100566 0.344232613587968 0.344233095101261 0.344233576639647 0.344234058202324 0.344234539788487 0.344235021397328 9.99999915194838e-11 0.154637553257986
0.706121599913749 0.706122943097389 0.706124286043166 0.706125628750422 0.706126971218491 0.706128313446708 0.706129655434409 0.70613099718092 0.706132338685569 0.706133679947685 9.99999952636103e-11 0.879760271107959
0.277898504573098 0.27789544626495 0.277892388006413 0.27788932979715 0.277886271636821 0.277883213525084 0.277880155461597 0.277877097446016 0.277874039477992 0.277870981557179 9.99999877150601e-11 0.11360456212783
0.705499515669439 0.705501038837866 0.705502561859815 0.705504084734711 0.705505607461972 0.705507130041017 0.70550865247126 0.705510174752115 0.705511696882994 0.705513218863306 9.9999995083844e-11 0.887789462760848
0.702733855285512 0.702734958100878 0.702736060788987 0.702737163349333 0.702738265781412 0.702739368084717 0.702740470258736 0.702741572302959 0.702742674216872 0.702743775999961 9.99999935573714e-11 0.959839506293391
0.342129180983428 0.342128415317693 0.342127649512963 0.342126883568537 0.342126117483713 0.342125351257784 0.342124584890041 0.342123818379774 0.342123051726268 0.342122284928807 9.99999915392067e-11 0.162555454518233
0.313330066673027 0.313324900992429 0.313319734764449 0.313314567988321 0.313309400663279 0.313304232788554 0.313299064363371 0.313293895386958 0.313288725858534 0.31328355577732 9.99999924150043e-11 0.134925793011383
0.706891303849317 0.706892853304639 0.706894402719922 0.70689595209471 0.706897501428552 0.706899050720988 0.70690059997156 0.706902149179807 0.706903698345266 0.706905247467474 9.99999937271285e-11 0.957247164133378
0.347102580414731 0.347099281965113 0.34709598299066 0.347092683490466 0.34708938346362 0.347086082909207 0.34708278182631 0.347079480214008 0.347076178071377 0.347072875397493 9.9999989841138e-11 0.162058246106528
0.705517593664319 0.705518854476908 0.705520115112187 0.705521375569578 0.705522635848509 0.705523895948402 0.705525155868676 0.705526415608752 0.705527675168047 0.705528934545976 9.99999946114296e-11 0.913458719319304
0.366706330990084 0.366705473786792 0.366704616323818 0.366703758600227 0.366702900615081 0.366702042367437 0.36670118385635 0.366700325080872 0.36669946604005 0.366698606732928 9.99999917297347e-11 0.175650581037677
0.241804068722617 0.24178962836749 0.241775184500906 0.241760737120573 0.241746286224199 0.241731831809486 0.24171737387413 0.241702912415829 0.24168844743227 0.24167397892114 9.99999921216777e-11 0.0886025664419795
