0.366372410389924 0.366372460668898 0.366372511029169 0.366372561470134 0.36637261199119 0.366372662591732 0.366372713271151 0.366372764028838 0.366372814864177 0.366372865776556 9.99999930204288e-11 0.185248794932611
0.67382679627566 0.673828599330996 0.673830402363285 0.673832205372054 0.673834008356825 0.673835811317119 0.673837614252456 0.673839417162354 0.673841220046326 0.673843022903887 9.99999971139935e-11 0.745306591857993
0.670819831318662 0.670821009845827 0.670822188199709 0.670823366379726 0.670824544385289 0.670825722215811 0.670826899870701 0.670828077349367 0.670829254651215 0.670830431775648 9.99999960717179e-11 0.814705040624914
0.348649186038959 0.34864947355343 0.348649761192024 0.348650048954119 0.348650336839091 0.348650624846316 0.348650912975164 0.348651201225006 0.348651489595207 0.348651778085133 9.99999945634009e-11 0.162573940543846
0.258193512945924 0.258170968754113 0.258148416449023 0.258125856023101 0.258103287468773 0.258080710778455 0.258058125944542 0.258035532959415 0.258012931815441 0.257990322504969 9.99999951522287e-11 0.0962716693149871
0.671752010036844 0.671753430853248 0.671754851659837 0.671756272456289 0.671757693242279 0.67175911401748 0.67176053478157 0.671761955534215 0.67176337627509 0.671764797003863 9.99999962461416e-11 0.807072634004699
0.23168961962423 0.231672515914387 0.231655407458274 0.231638294251984 0.231621176291603 0.231604053573203 0.231586926092854 0.231569793846613 0.231552656830531 0.231535515040651 9.99999942736407e-11 0.0862445691884169
0.294808704948571 0.294805063759711 0.294801422856063 0.294797782237655 0.294794141904519 0.29479050185668 0.294786862094167 0.294783222617006 0.294779583425221 0.294775944518836 9.99999952397115e-11 0.123713815956547
0.352457675589377 0.352457476502659 0.352457277536681 0.352457078690974 0.352456879965065 0.35245668135848 0.352456482870743 0.352456284501378 0.352456086249903 0.352455888115839 9.99999942127312e-11 0.172548389657536
0.672589633173643 0.672591026229555 0.67259241915008 0.672593811934723 0.672595204582982 0.672596597094359 0.672597989468347 0.672599381704444 0.672600773802143 0.672602165760936 9.99999968911678e-11 0.76354311012726
0.345890881378817 0.34589124983866 0.345891618914942 0.345891988607601 0.345892358916575 0.345892729841801 0.345893101383214 0.345893473540747 0.345893846314332 0.345894219703901 9.99999943967763e-11 0.158015583301239
0.339589730903121 0.339590712603348 0.339591694883311 0.339592677742634 0.339593661180943 0.339594645197862 0.339595629793011 0.339596614966007 0.339597600716467 0.339598587044005 9.99999932969522e-11 0.154857386449184
0.279274608025141 0.279267118810821 0.279259628345328 0.279252136627598 0.279244643656567 0.279237149431169 0.279229653950331 0.279222157212982 0.279214659218046 0.279207159964444 9.99999920091124e-11 0.116331902263128
0.6723099407719 0.672311500630768 0.672313060546692 0.672314620519382 0.67231618054855 0.672317740633907 0.67231930077516 0.672320860972017 0.672322421224185 0.672323981531368 9.99999961681517e-11 0.813781342215529
0.671883499973208 0.671884590756537 0.67188568131949 0.671886771661514 0.671887861782054 0.67188895168055 0.671890041356444 0.671891130809175 0.671892220038178 0.671893309042887 9.99999967825107e-11 0.77147710292138
0.673371113629398 0.67337252465155 0.673373935535851 0.673375346281797 0.673376756888881 0.673378167356593 0.673379577684423 0.673380987871858 0.673382397918384 0.673383807823487 9.99999965999798e-11 0.779691070204422
0.346082556537915 0.34608238593015 0.346082215299643 0.346082044645879 0.34608187396834 0.346081703266507 0.346081532539859 0.346081361787874 0.346081191010027 0.346081020205791 9.99999939454050e-11 0.163012200731862
0.367434004589635 0.367434346400532 0.367434688343179 0.367435030417225 0.367435372622313 0.36743571495809 0.367436057424197 0.367436400020277 0.367436742745969 0.367437085600912 9.99999942646778e-11 0.182323787915485
0.675335240957487 0.675337363082453 0.675339485285185 0.675341607565353 0.675343729922628 0.67534585235668 0.675347974867175 0.675350097453781 0.675352220116162 0.675354342853982 9.99999969494229e-11 0.748028271872868
0.377012204528397 0.377007601711329 0.377002998444349 0.376998394727071 0.376993790559112 0.376989185940084 0.376984580869601 0.376979975347273 0.376975369372708 0.376970762945516 9.99999939899589e-11 0.188364570616623
0.34560025246757 0.345600647220003 0.345601042095318 0.345601437093111 0.345601832212977 0.34560222745451 0.345602622817302 0.345603018300944 0.345603413905025 0.345603809629132 9.99999937979322e-11 0.164974664844892
0.355044096756957 0.35504392707655 0.355043757463114 0.355043587915973 0.355043418434448 0.355043249017854 0.355043079665508 0.355042910376721 0.355042741150803 0.355042571987059 9.99999945229153e-11 0.167629106600016
0.668538175739532 0.668539160368193 0.668540144803528 0.668541129045045 0.668542113092251 0.66854309694465 0.668544080601747 0.668545064063042 0.668546047328037 0.66854703039623 9.99999965858303e-11 0.782039515433076
0.672518350958386 0.672519782386236 0.672521213692597 0.672522644876979 0.672524075938892 0.672525506877844 0.672526937693341 0.672528368384887 0.672529798951987 0.672531229394141 9.99999967535745e-11 0.767382364914707
0.670816736007799 0.670818001171233 0.670819266211931 0.67082053112936 0.670821795922986 0.670823060592273 0.670824325136683 0.670825589555678 0.670826853848715 0.670828118015251 9.99999964346973e-11 0.793259856067105
0.378356272137762 0.37835631295366 0.378356354093804 0.378356395557902 0.378356437345661 0.378356479456787 0.378356521890981 0.378356564647946 0.378356607727381 0.378356651128985 9.99999928591524e-11 0.195412106592991
0.374376654665846 0.374370848463725 0.374365041350586 0.374359233325594 0.374353424387913 0.374347614536706 0.374341803771133 0.374335992090351 0.374330179493516 0.374324365979783 9.99999936157e-11 0.184429736871386
0.317291555807483 0.317288337197963 0.317285118418198 0.317281899467474 0.31727868034507 0.317275461050266 0.317272241582338 0.317269021940557 0.317265802124195 0.317262582132518 9.99999955110621e-11 0.134965756952889
0.36732571008498 0.367319457769959 0.367313204750236 0.3673069510256 0.367300696595839 0.367294441460739 0.367288185620088 0.36728192907367 0.367275671821268 0.367269413862665 9.99999952799421e-11 0.179306029973186
0.672657528965025 0.67265898880153 0.672660448501828 0.672661908065365 0.672663367491583 0.672664826779921 0.67266628592982 0.672667744940717 0.672669203812044 0.672670662543235 9.99999965997979e-11 0.781904496023737
0.279588887433264 0.279572860562705 0.279556829499633 0.279540794241479 0.279524754785671 0.27950871112963 0.279492663270772 0.279476611206511 0.279460554934252 0.279444494451401 9.99999922111656e-11 0.120099323195378
0.319069918298451 0.319070826990292 0.319071735985829 0.319072645284552 0.319073554885948 0.319074464789506 0.319075374994706 0.319076285501031 0.31907719630796 0.319078107414968 9.99999936361302e-11 0.142122337892518
0.309333953639067 0.309330755426211 0.309327557021598 0.309324358424655 0.309321159634804 0.309317960651465 0.309314761474057 0.309311562101997 0.309308362534697 0.30930516277157 9.9999993031784e-11 0.136139812174072
0.339067794378252 0.339067909009864 0.339068023824327 0.339068138821243 0.339068254000214 0.339068369360837 0.339068484902711 0.339068600625431 0.339068716528591 0.339068832611784 9.99999943986723e-11 0.157806872501544
0.367181958873732 0.367182318771328 0.367182678887601 0.367183039222213 0.367183399774826 0.3671837605451 0.367184121532695 0.367184482737268 0.367184844158475 0.367185205795972 9.99999940254446e-11 0.177754579559431
0.67552237364546 0.675524220757208 0.67552606782113 0.67552791483672 0.675529761803463 0.675531608720844 0.675533455588349 0.675535302405457 0.67553714917165 0.675538995886406 9.99999966415225e-11 0.772281225217411
0.349513400691091 0.349513450321775 0.349513499885959 0.349513549382914 0.349513598811911 0.349513648172216 0.349513697463094 0.349513746683806 0.349513795833611 0.349513844911765 9.99999939393131e-11 0.164421698923335
0.671268760057547 0.671269707680485 0.671270655000095 0.671271602015661 0.671272548726463 0.671273495131781 0.671274441230892 0.67127538702307 0.671276332507587 0.671277277683714 9.99999965706376e-11 0.786243646889127
0.67118130752628 0.671182618393948 0.671183929137722 0.671185239757115 0.671186550251637 0.671187860620792 0.671189170864087 0.671190480981029 0.671191790971117 0.671193100833853 9.99999964020756e-11 0.791713362932774
0.33876165653538 0.338757587730713 0.338753518598292 0.338749449137492 0.338745379347686 0.338741309228245 0.338737238778537 0.338733167997929 0.338729096885783 0.33872502544146 9.99999941745712e-11 0.154166153647889
0.305745006772316 0.305725925365744 0.305706835727629 0.305687737851629 0.305668631731396 0.305649517360569 0.305630394732782 0.305611263841657 0.305592124680806 0.305572977243835 9.99999901104497e-11 0.133753243858598
0.342002759620364 0.342002674227422 0.342002589007005 0.34200250395855 0.342002419081491 0.342002334375261 0.342002249839289 0.342002165473002 0.342002081275825 0.342001997247181 9.99999940106554e-11 0.16414688291132
0.315059110397289 0.315055481104763 0.315051851671667 0.315048222097193 0.315044592380531 0.315040962520869 0.315037332517389 0.315033702369271 0.315030072075692 0.315026441635823 9.9999994238519e-11 0.131845609287534
0.675518293869107 0.675519798307897 0.675521302673573 0.675522806965729 0.67552431118396 0.67552581532786 0.675527319397023 0.675528823391034 0.675530327309487 0.675531831151967 9.99999968921952e-11 0.763367695138892
0.291952811714149 0.291937874756705 0.291922932756083 0.291907985707348 0.291893033605549 0.291878076445726 0.291863114222905 0.291848146932104 0.291833174568325 0.291818197126561 9.99999917135693e-11 0.130121934861405
0.264603641550855 0.264580205409349 0.264556759533444 0.264533303914433 0.264509838543598 0.264486363412199 0.264462878511481 0.264439383832671 0.264415879366979 0.264392365105597 9.99999938750091e-11 0.10592488554322
0.67470028652167 0.674701923006209 0.674703559418422 0.674705195757871 0.674706832024123 0.674708468216734 0.674710104335267 0.674711740379279 0.674713376348329 0.67471501224197 9.99999969955946e-11 0.750331046360722
0.276602435541998 0.276591089692253 0.276579741739001 0.276568391680838 0.276557039516354 0.276545685244137 0.276534328862769 0.276522970370832 0.276511609766901 0.276500247049551 9.99999937937505e-11 0.114430110711775
0.359083598068852 0.359085894481415 0.359088191636031 0.359090489532523 0.359092788170711 0.359095087550413 0.359097387671446 0.359099688533628 0.359101990136771 0.359104292480688 9.99999935573305e-11 0.168883972261606
0.34374786341084 0.34374698030901 0.343746096947291 0.343745213325037 0.343744329441605 0.343743445296345 0.34374256088861 0.343741676217747 0.343740791283104 0.343739906084026 9.99999950520336e-11 0.163633823503164
0.258077473770457 0.258069159625183 0.258060844023579 0.258052526964511 0.258044208446845 0.258035888469442 0.258027567031163 0.258019244130865 0.258010919767402 0.258002593939625 9.99999933503183e-11 0.102474185103575
0.279378205254519 0.279369120583371 0.279360035016355 0.279350948553487 0.279341861194784 0.279332772940263 0.279323683789939 0.279314593743826 0.279305502801938 0.27929641096429 9.9999993512624e-11 0.114593802833548
0.669783053010154 0.669784036915263 0.669785020563419 0.669786003953977 0.669786987086287 0.669787969959698 0.669788952573558 0.669789934927211 0.66979091702 0.669791898851267 9.99999965693985e-11 0.785961466052895
0.670244119883948 0.670245039518755 0.670245958954849 0.670246878191726 0.670247797228881 0.670248716065806 0.670249634701993 0.670250553136932 0.67025147137011 0.670252389401014 9.99999963480865e-11 0.806215330377595
0.357624087071978 0.357624485222882 0.357624883878026 0.357625283037273 0.357625682700481 0.357626082867509 0.357626483538214 0.35762688471245 0.357627286390071 0.357627688570931 9.9999994306428e-11 0.170858060889285
0.34468260872029 0.344682411152237 0.344682213843367 0.344682016793436 0.344681820002203 0.344681623469423 0.344681427194851 0.34468123117824 0.344681035419341 0.344680839917905 9.99999939471491e-11 0.165978101588693
0.301020107427046 0.300968723857633 0.300917295400241 0.300865821980899 0.300814303525393 0.300762739959261 0.300711131207797 0.300659477196044 0.300607777848795 0.300556033090592 9.9999994806435e-11 0.117912978005357
0.672065378337326 0.672066753352585 0.672068128316065 0.672069503227321 0.672070878085908 0.672072252891379 0.672073627643283 0.672075002341172 0.672076376984591 0.672077751573086 9.9999996071914e-11 0.816694778231928
0.317596948255498 0.31759449192212 0.317592035596034 0.317589579276831 0.3175871229641 0.317584666657434 0.317582210356417 0.317579754060635 0.317577297769671 0.317574841483107 9.99999950928416e-11 0.137997514861792
0.675362018471481 0.675363452362065 0.675364886082168 0.675366319631197 0.675367753008554 0.67536918621364 0.675370619245857 0.675372052104602 0.675373484789269 0.675374917299252 9.99999968913722e-11 0.76369156720159
0.271620480971366 0.271605590441822 0.271590695820826 0.271575797105507 0.271560894292993 0.271545987380404 0.271531076364856 0.271516161243464 0.271501242013334 0.271486318671571 9.99999914313476e-11 0.113947340278413
0.318507995241943 0.318503936488639 0.318499877496189 0.318495818264092 0.318491758791842 0.318487699078931 0.318483639124852 0.318479578929092 0.318475518491137 0.318471457810473 9.99999933298411e-11 0.138848081219223
0.359288748061578 0.359289216260288 0.359289684866676 0.359290153880392 0.359290623301087 0.359291093128409 0.359291563362003 0.359292034001513 0.35929250504658 0.359292976496843 9.99999938996788e-11 0.174585989275263
0.671721496321594 0.671722800695846 0.67172410501701 0.6717254092847 0.671726713498534 0.671728017658127 0.67172932176309 0.671730625813035 0.671731929807573 0.671733233746313 9.99999964923367e-11 0.788792547147062
0.267694632634113 0.267684341754512 0.267674049396394 0.267663755558822 0.267653460240858 0.267643163441561 0.267632865159989 0.267622565395197 0.267612264146237 0.267601961412158 9.99999931788607e-11 0.103495980278498
0.673338043409508 0.673339817212147 0.673341590997541 0.673343364765227 0.673345138514744 0.673346912245627 0.673348685957407 0.673350459649618 0.67335223332179 0.673354006973451 9.99999967456378e-11 0.767015839038538
0.367010119770042 0.367009399459666 0.367008678962176 0.36700795827663 0.367007237402082 0.367006516337582 0.36700579508218 0.36700507363492 0.367004351994841 0.367003630160981 9.99999943264907e-11 0.179709959800106
0.35439608592869 0.354397517301984 0.354398949242346 0.354400381749652 0.354401814823779 0.354403248464597 0.354404682671982 0.354406117445801 0.354407552785927 0.354408988692226 9.99999934633313e-11 0.169128056405991
0.348842536417605 0.348842915207602 0.348843294130649 0.348843673186393 0.348844052374483 0.348844431694566 0.348844811146287 0.348845190729291 0.34884557044322 0.348845950287717 9.999999342875e-11 0.166222612198775
0.359045396841932 0.359045448251977 0.359045499715494 0.359045551231778 0.359045602800123 0.359045654419821 0.359045706090159 0.359045757810421 0.359045809579891 0.359045861397848 9.99999946073272e-11 0.17250251669161
0.346050265996177 0.346050890064102 0.346051514252651 0.346052138561127 0.346052762988833 0.346053387535066 0.346054012199122 0.346054636980292 0.346055261877869 0.346055886891139 9.99999937708611e-11 0.163193861550734
0.359190732651331 0.359191322950404 0.359191913372574 0.359192503917324 0.359193094584139 0.359193685372497 0.359194276281879 0.359194867311757 0.359195458461608 0.359196049730902 9.99999942001483e-11 0.177141134992007
0.674267327736841 0.674269110828939 0.674270893835145 0.674272676754869 0.674274459587521 0.674276242332504 0.674278024989226 0.674279807557085 0.674281590035485 0.67428337242382 9.99999969834886e-11 0.746910363465256
0.671126617877689 0.671127771228392 0.671128924396088 0.671130077380262 0.671131230180393 0.671132382795959 0.671133535226438 0.671134687471301 0.671135839530026 0.671136991402083 9.99999969265505e-11 0.758770186911919
0.673623989255334 0.673625427561519 0.673626865798947 0.673628303967162 0.673629742065704 0.673631180094115 0.673632618051929 0.673634055938685 0.673635493753913 0.673636931497151 9.99999967041703e-11 0.775994139949244
0.34768524208136 0.347685515870734 0.347685789821356 0.347686063932747 0.347686338204425 0.34768661263591 0.347686887226715 0.347687161976354 0.347687436884339 0.347687711950179 9.99999945149234e-11 0.163819754789151
0.351022934849574 0.351023120225857 0.351023305816691 0.351023491621533 0.35102367763984 0.351023863871065 0.351024050314661 0.351024236970075 0.351024423836755 0.351024610914145 9.99999937890715e-11 0.167440652794188
0.345313713859091 0.345314068725091 0.345314424086903 0.345314779944306 0.345315136297081 0.345315493145005 0.345315850487854 0.345316208325402 0.345316566657423 0.345316925483685 9.99999932929919e-11 0.164263626181363
0.361615913117742 0.361616169327363 0.361616425622597 0.361616682002778 0.361616938467234 0.361617195015293 0.36161745164628 0.361617708359517 0.361617965154322 0.361618222030012 9.99999938474763e-11 0.177750662085202
0.671741109900568 0.671742689428981 0.671744268908207 0.671745848337821 0.671747427717394 0.671749007046498 0.671750586324704 0.671752165551577 0.671753744726685 0.671755323849595 9.99999966673827e-11 0.771664146840234
0.348569477268387 0.348569100984944 0.348568724755493 0.348568348579565 0.348567972456693 0.348567596386407 0.348567220368235 0.348566844401704 0.348566468486338 0.34856609262166 9.99999940236047e-11 0.165815446435637
0.674711233943661 0.674712908150121 0.674714582279773 0.674716256332131 0.674717930306708 0.674719604203012 0.674721278020554 0.67472295175884 0.674724625417376 0.674726298995662 9.99999971892914e-11 0.740999110646194
0.358111258620232 0.358111243966847 0.358111229443261 0.35811121504887 0.358111200783067 0.358111186645242 0.358111172634785 0.35811115875108 0.35811114499351 0.358111131361458 9.99999944913535e-11 0.170575105584379
0.32929477001482 0.329295276415042 0.329295782804481 0.329296289182384 0.329296795547997 0.329297301900561 0.329297808239316 0.329298314563498 0.32929882087234 0.329299327165072 9.99999936112519e-11 0.15407226825611
0.355722017387473 0.355723040406175 0.355724064090771 0.355725088441221 0.355726113457483 0.355727139139517 0.355728165487278 0.355729192500722 0.355730220179802 0.355731248524472 9.99999920012504e-11 0.17847254238743
0.670993413307307 0.670994500064954 0.670995586670576 0.670996673123684 0.670997759423793 0.670998845570409 0.670999931563042 0.671001017401196 0.671002103084378 0.671003188612089 9.99999961373791e-11 0.814996869669098
0.354582160893715 0.354582656968876 0.3545831533743 0.354583650109701 0.35458414717479 0.354584644569275 0.354585142292863 0.354585640345261 0.354586138726171 0.354586637435297 9.99999939168578e-11 0.173374635379655
0.295556696056063 0.295549448871897 0.29554220072437 0.295534951612962 0.295527701537151 0.295520450496415 0.29551319849023 0.295505945518072 0.295498691579415 0.29549143667373 9.99999947900756e-11 0.124227005196817
0.355391060472518 0.355391296835127 0.355391533286032 0.355391769824415 0.355392006449456 0.355392243160329 0.355392479956208 0.35539271683626 0.355392953799651 0.355393190845543 9.99999941989926e-11 0.170621807911252
0.672973362829315 0.672974768972163 0.672976174981346 0.672977580856316 0.672978986596524 0.672980392201419 0.67298179767045 0.672983203003058 0.672984608198688 0.672986013256784 9.99999965364327e-11 0.78184225738871
0.313024157204173 0.31301610056586 0.313008042565295 0.312999983201404 0.312991922473107 0.312983860379327 0.312975796918979 0.312967732090976 0.31295966589423 0.312951598327648 9.99999943463957e-11 0.13865762626484
0.670868163440568 0.670869175078855 0.670870186566307 0.670871197902497 0.670872209086991 0.67087322011936 0.670874230999164 0.670875241725973 0.670876252299344 0.670877262718843 9.99999964825229e-11 0.793514314907169
0.670804602049659 0.670805844856475 0.670807087598506 0.67080833027538 0.67080957288672 0.67081081543215 0.670812057911292 0.670813300323768 0.670814542669196 0.670815784947194 9.99999963629659e-11 0.794621496158375
0.352080997131478 0.352081576291996 0.352082155959517 0.352082736133622 0.352083316813886 0.352083897999881 0.35208447969118 0.35208506188735 0.352085644587958 0.352086227792567 9.99999943490181e-11 0.166384612327736
0.32541005398983 0.325406089670744 0.32540212527733 0.325398160809056 0.325394196265388 0.325390231645789 0.32538626694972 0.32538230217664 0.325378337326004 0.325374372397268 9.99999926450056e-11 0.147451252798216
0.671688404998357 0.671689501407902 0.671690597722952 0.671691693943142 0.671692790068103 0.671693886097463 0.671694982030855 0.671696077867904 0.671697173608238 0.671698269251481 9.99999960050599e-11 0.828096233498573
0.330515658341901 0.330511717741514 0.330507777205222 0.330503836732888 0.330499896324371 0.33049595597953 0.330492015698223 0.330488075480304 0.330484135325626 0.330480195234043 9.99999948648916e-11 0.146759884782841
0.673632010585835 0.673633775190025 0.673635539795491 0.67363730440186 0.673639069008758 0.673640833615807 0.673642598222628 0.673644362828842 0.673646127434069 0.673647892037924 9.99999968898911e-11 0.759714352595443
0.351471764453301 0.351471897445072 0.351472030465716 0.351472163514676 0.351472296591394 0.351472429695309 0.351472562825859 0.351472695982477 0.351472829164598 0.351472962371652 9.99999937498852e-11 0.171933687311029
0.291759172341529 0.291744163872339 0.291729151094059 0.291714134003712 0.291699112598317 0.291684086874887 0.291669056830429 0.291654022461947 0.291638983766437 0.291623940740891 9.99999943471925e-11 0.120798178648738
