0.334489899644662 0.334489915677356 0.334489932453 0.33448994997265 0.33448996823737 0.33448998724822 0.334490007006267 0.334490027512579 0.334490048768227 0.334490070774282 9.9999993208517e-11 0.15880504052183
0.688531495903986 0.688532582936296 0.688533669727575 0.688534756277189 0.688535842584505 0.688536928648886 0.688538014469694 0.68853910004629 0.688540185378031 0.68854127046427 9.9999995957727e-11 0.838143500210108
0.688735411565065 0.688736654683945 0.688737897621774 0.688739140377992 0.688740382952036 0.688741625343339 0.688742867551336 0.68874410957546 0.688745351415137 0.688746593069796 9.99999957342942e-11 0.845688574543113
0.337815613377218 0.337815378585731 0.337815143500452 0.337814908120347 0.337814672444377 0.337814436471502 0.337814200200678 0.337813963630857 0.337813726760987 0.337813489590016 9.9999993575607e-11 0.155911171382741
0.252323046128534 0.252303896759933 0.252284740346593 0.252265576882933 0.252246406363359 0.25222722878227 0.252208044134053 0.252188852413087 0.252169653613743 0.25215044773038 9.99999905483797e-11 0.0979860798531299
0.686953577011307 0.686954963167701 0.686956349359303 0.686957735585843 0.686959121847051 0.686960508142653 0.686961894472377 0.686963280835948 0.686964667233092 0.68696605366353 9.99999952969601e-11 0.876088891705469
0.266041909256092 0.266025637479899 0.266009360488761 0.265993078278597 0.26597679084532 0.265960498184833 0.265944200293032 0.265927897165802 0.265911588799023 0.265895275188565 9.99999921721563e-11 0.102779482415555
0.312483575962786 0.312480084262236 0.312476592333621 0.312473100176799 0.312469607791625 0.312466115177954 0.31246262233564 0.312459129264537 0.312455635964496 0.31245214243537 9.99999933486328e-11 0.135554450851619
0.368571917818663 0.36857123222529 0.368570546582615 0.368569860889863 0.368569175146252 0.368568489350999 0.368567803503315 0.368567117602411 0.368566431647493 0.368565745637764 9.9999993504094e-11 0.181242833006957
0.690055480647155 0.690056935060283 0.690058389377791 0.690059843599138 0.69006129772378 0.690062751751166 0.69006420568075 0.69006565951198 0.690067113244301 0.690068566877162 9.9999995719766e-11 0.851625145541774
0.345153728994283 0.345154401739946 0.345155074656438 0.345155747743303 0.345156421000084 0.345157094426321 0.345157768021551 0.34515844178531 0.345159115717131 0.345159789816548 9.99999931971909e-11 0.155220482004775
0.342862146110572 0.342863006851684 0.342863868488165 0.342864731020286 0.34286559444832 0.342866458772537 0.342867323993207 0.342868190110601 0.342869057124987 0.342869925036634 9.99999922515567e-11 0.160399669187122
0.272881928724141 0.272873871874357 0.272865813869973 0.272857754710139 0.272849694393994 0.272841632920681 0.272833570289339 0.272825506499104 0.27281744154911 0.27280937543849 9.99999923646288e-11 0.110731671650948
0.688887195937272 0.688888233029221 0.688889269831032 0.688890306342005 0.688891342561436 0.68889237848862 0.688893414122847 0.68889444946341 0.688895484509595 0.688896519260689 9.99999955290258e-11 0.863485684680297
0.689420774246735 0.689422029427428 0.689423284394796 0.689424539148255 0.689425793687219 0.689427048011103 0.689428302119319 0.689429556011273 0.689430809686376 0.689432063144032 9.99999961298051e-11 0.82588167987962
0.688997328292197 0.688998578667023 0.688999828827284 0.689001078772341 0.689002328501557 0.689003578014286 0.689004827309889 0.689006076387717 0.689007325247125 0.689008573887462 9.99999957282594e-11 0.849969697483997
0.355999251704675 0.355998807819558 0.355998363593048 0.355997919024188 0.355997474112021 0.355997028855582 0.355996583253909 0.355996137306032 0.35599569101098 0.355995244367778 9.99999929704537e-11 0.172178321498298
0.365571314953035 0.365571063736338 0.365570812327341 0.365570560725207 0.365570308929092 0.365570056938154 0.365569804751545 0.365569552368419 0.365569299787921 0.365569047009197 9.99999919872485e-11 0.177975749422872
0.686567745966555 0.686568672175857 0.686569598124267 0.686570523811182 0.686571449235996 0.686572374398098 0.686573299296879 0.686574223931727 0.686575148302027 0.686576072407164 9.99999948745402e-11 0.898806596879892
0.317746927912746 0.317742939145982 0.317738950147712 0.317734960917314 0.317730971454164 0.317726981757637 0.317722991827104 0.317719001661934 0.317715011261493 0.317711020625145 9.99999913146663e-11 0.140558766194202
0.323688140701855 0.32368807699009 0.323688013483727 0.323687950182881 0.323687887087667 0.323687824198203 0.323687761514604 0.323687699036989 0.323687636765474 0.323687574700179 9.9999992502926e-11 0.144691962014579
0.36656127447245 0.36656116335827 0.366561052744053 0.36656094262995 0.366560833016111 0.366560723902685 0.36656061528982 0.366560507177663 0.366560399566361 0.36656029245606 9.99999943196747e-11 0.172865318075251
0.690174678710218 0.6901764511983 0.690178223812215 0.690179996551879 0.690181769417205 0.690183542408108 0.6901853155245 0.690187088766295 0.690188862133406 0.690190635625745 9.99999953974574e-11 0.860056081580322
0.688028765566778 0.68803006463239 0.688031363730772 0.688032662861777 0.688033962025262 0.688035261221079 0.688036560449085 0.688037859709131 0.688039159001069 0.688040458324753 9.99999957494924e-11 0.849909881282989
0.68698979256637 0.686990563477269 0.686991334053436 0.686992104294193 0.686992874198855 0.68699364376674 0.686994412997158 0.686995181889424 0.686995950442845 0.68699671865673 9.99999956875536e-11 0.854687135486997
0.338146109472555 0.338146901079249 0.33814769370737 0.338148487358026 0.338149282032327 0.338150077731384 0.338150874456314 0.338151672208233 0.338152470988265 0.338153270797531 9.99999929361342e-11 0.157041343578875
0.332017161380585 0.332014020413692 0.332010879438112 0.332007738453287 0.33200459745866 0.332001456453668 0.331998315437748 0.331995174410333 0.331992033370852 0.331988892318733 9.99999938463628e-11 0.150150562942747
0.329629739177026 0.329624864728921 0.329619989463398 0.32961511337939 0.329610236475823 0.329605358751623 0.329600480205711 0.329595600837005 0.32959072064442 0.329585839626868 9.99999902316597e-11 0.155186779498006
0.306958353047934 0.3069544888821 0.306950624781446 0.306946760745949 0.30694289677558 0.306939032870313 0.306935169030117 0.306931305254961 0.306927441544814 0.30692357789964 9.9999994390922e-11 0.130173925984152
0.688261683862926 0.68826290944274 0.688264134862214 0.688265360120829 0.688266585218061 0.688267810153387 0.688269034926278 0.688270259536212 0.688271483982655 0.688272708265077 9.99999952816372e-11 0.876194683149342
0.278928207780369 0.27891275631009 0.278897300455383 0.27888184021296 0.278866375579529 0.27885090655179 0.278835433126439 0.278819955300164 0.278804473069648 0.278788986431568 9.99999937818344e-11 0.1133964217208
0.364090438397826 0.364089936341632 0.364089434187975 0.364088931936119 0.364088429585324 0.364087927134847 0.364087424583942 0.364086921931862 0.364086419177855 0.364085916321167 9.99999930679138e-11 0.179217259401065
0.360324638022193 0.360320588991805 0.360316539664077 0.360312490038451 0.360308440114372 0.360304389891276 0.360300339368603 0.360296288545787 0.36029223742226 0.360288185997452 9.99999932726021e-11 0.174228670539769
0.37916826291434 0.379168025087291 0.37916778716762 0.379167549154471 0.379167311046984 0.379167072844295 0.379166834545539 0.379166596149847 0.379166357656346 0.379166119064161 9.9999993072446e-11 0.187977073174158
0.357685473803812 0.357686525299753 0.357687577526693 0.357688630484496 0.357689684173025 0.357690738592138 0.357691793741694 0.35769284962155 0.35769390623156 0.357694963571576 9.99999909523188e-11 0.171359056294053
0.688028776943679 0.688029947982584 0.688031118781039 0.688032289338367 0.688033459653881 0.688034629726898 0.688035799556731 0.688036969142689 0.68803813848408 0.688039307580213 9.99999959329771e-11 0.835445083715565
0.361409528684245 0.36140940747897 0.361409286358315 0.361409165321731 0.361409044368664 0.361408923498561 0.361408802710865 0.361408682005016 0.361408561380454 0.361408440836614 9.99999914065692e-11 0.182620165226853
0.68955004921417 0.68955128144122 0.689552513415223 0.689553745135466 0.689554976601235 0.689556207811813 0.689557438766479 0.68955866946451 0.689559899905184 0.689561130087773 9.99999962877327e-11 0.819572339549858
0.688246367275358 0.688247578859791 0.688248790280261 0.688250001536222 0.688251212627127 0.688252423552427 0.688253634311574 0.688254844904013 0.688256055329192 0.688257265586554 9.99999953322036e-11 0.869855235888718
0.317143822692454 0.317140552134766 0.317137281020065 0.31713400934747 0.317130737116094 0.317127464325048 0.31712419097344 0.317120917060377 0.317117642584961 0.317114367546293 9.99999914933861e-11 0.143101348899895
0.251516092423955 0.25149868826399 0.251481278475097 0.251463863053372 0.25144644199491 0.251429015295796 0.251411582952112 0.251394144959933 0.25137670131533 0.251359252014368 9.99999918071157e-11 0.0961839946788531
0.353334454256244 0.353334102711194 0.353333751127448 0.353333399504432 0.353333047841571 0.353332696138288 0.353332344394005 0.353331992608138 0.353331640780106 0.353331288909321 9.99999929799048e-11 0.171916248320906
0.315532675906271 0.31552798030471 0.315523284128765 0.315518587377355 0.315513890049394 0.315509192143794 0.315504493659462 0.315499794595303 0.315495094950219 0.315490394723108 9.99999924365078e-11 0.139068013761398
0.687954995737659 0.687956244893639 0.687957493899316 0.687958742754148 0.687959991457593 0.687961240009105 0.68796248840814 0.68796373665415 0.687964984746585 0.687966232684895 9.99999953598903e-11 0.87018860041027
0.299996102771689 0.299983105988515 0.299970105532046 0.29995710139963 0.29994409358861 0.299931082096325 0.299918066920107 0.299905048057287 0.299892025505187 0.299878999261126 9.99999919421623e-11 0.131394985496254
0.238739801745197 0.238716115719388 0.238692419971096 0.238668714492064 0.238644999274016 0.238621274308664 0.238597539587705 0.238573795102816 0.238550040845664 0.238526276807897 9.99999916497896e-11 0.0916020868544805
0.688997153240241 0.688998732170795 0.689000310996319 0.68900188971623 0.689003468329938 0.689005046836856 0.68900662523639 0.689008203527947 0.68900978171093 0.689011359784741 9.99999959940023e-11 0.83132944656474
0.28865535331846 0.288632344775471 0.288609322625067 0.288586286839578 0.288563237391224 0.288540174252123 0.288517097394282 0.288494006789603 0.288470902409878 0.288447784226791 9.9999992136853e-11 0.120581078784846
0.355828734697221 0.355827990149651 0.355827245563425 0.355826500937868 0.355825756272303 0.355825011566052 0.355824266818431 0.355823522028757 0.355822777196341 0.355822032320496 9.99999916708033e-11 0.177698927193172
0.362573282331077 0.362573739416289 0.362574196559236 0.362574653759071 0.362575111014943 0.362575568325996 0.362576025691373 0.36257648311021 0.362576940581644 0.362577398104806 9.99999929524994e-11 0.173472364988738
0.33519507077699 0.33518436828139 0.335173663415716 0.335162956178805 0.335152246569491 0.335141534586611 0.335130820228998 0.335120103495481 0.335109384384891 0.335098662896057 9.99999925447571e-11 0.154122584875578
0.290161757560267 0.290147550358859 0.290133339181339 0.290119124024734 0.290104904886063 0.290090681762343 0.290076454650585 0.290062223547792 0.290047988450966 0.290033749357101 9.99999947730097e-11 0.117601740000899
0.68942801650004 0.689429269797612 0.689430522832379 0.689431775603663 0.689433028110787 0.68943428035307 0.68943553232983 0.689436784040384 0.689438035484043 0.689439286660122 9.99999959987516e-11 0.831103040061362
0.689469707817633 0.689470865684538 0.689472023407889 0.689473180987366 0.689474338422645 0.689475495713402 0.689476652859315 0.689477809860055 0.6894789667153 0.689480123424722 9.99999958775475e-11 0.842612608773971
0.361073173009477 0.361073153676065 0.361073134319732 0.361073114939697 0.361073095535177 0.361073076105387 0.361073056649536 0.361073037166832 0.36107301765648 0.361072998117682 9.99999915799386e-11 0.180655477761421
0.337537670378902 0.337537621966583 0.337537573537683 0.337537525091358 0.337537476626758 0.337537428143034 0.33753737963933 0.337537331114789 0.337537282568552 0.337537233999753 9.99999943316079e-11 0.151877437374612
0.237284262041404 0.237244840330855 0.237205390752824 0.237165913272747 0.237126407855988 0.237086874467836 0.237047313073503 0.237007723638128 0.236968106126774 0.23692846050443 9.99999884047723e-11 0.0934026629227248
0.688398216480943 0.688399707999529 0.688401199425122 0.688402690757205 0.688404181995264 0.68840567313878 0.688407164187234 0.688408655140104 0.688410145996867 0.688411636756998 9.99999955256178e-11 0.856314256940281
0.308374479929206 0.308369398951895 0.308364316943188 0.308359233901881 0.308354149826767 0.308349064716634 0.30834397857027 0.308338891386457 0.308333803163977 0.308328713901607 9.99999939025771e-11 0.135626056121965
0.688129511323476 0.688130674353401 0.688131837162876 0.688132999751288 0.688134162118026 0.688135324262474 0.688136486184017 0.688137647882034 0.688138809355905 0.688139970605009 9.99999961017785e-11 0.829691169286433
0.278133758371482 0.278117098117453 0.27810043316385 0.278083763507382 0.278067089144755 0.278050410072667 0.278033726287812 0.278017037786879 0.27800034456655 0.277983646623501 9.99999906257271e-11 0.119102921344529
0.343342301939998 0.343338687164659 0.343335072178443 0.343331456980863 0.343327841571431 0.343324225949656 0.343320610115046 0.343316994067106 0.343313377805338 0.343309761329244 9.9999993248184e-11 0.159360178204975
0.373884484425447 0.373884321977272 0.373884159588183 0.373883997257538 0.373883834984691 0.373883672768995 0.373883510609798 0.373883348506449 0.373883186458292 0.373883024464671 9.99999922404823e-11 0.182433922460249
0.689133915410239 0.689135386738785 0.689136857911858 0.689138328928859 0.689139799789191 0.689141270492251 0.689142741037435 0.68914421142414 0.689145681651757 0.689147151719675 9.99999961080843e-11 0.824078417767268
0.308519522693221 0.308502160306518 0.308484792228922 0.308467418456071 0.3084500389836 0.308432653807135 0.308415262922295 0.308397866324691 0.308380464009928 0.308363055973603 9.99999898929882e-11 0.134634637476218
0.685317101302957 0.685317859764133 0.685318617923485 0.685319375780394 0.685320133334244 0.685320890584415 0.685321647530284 0.685322404171229 0.685323160506621 0.685323916535835 9.99999953765882e-11 0.871745963297768
0.396079520457261 0.396078530798714 0.396077540681675 0.396076550105178 0.396075559068256 0.396074567569939 0.396073575609256 0.396072583185229 0.396071590296882 0.396070596943232 9.99999932069665e-11 0.208226242672085
0.366600383449573 0.366599403774105 0.366598423809022 0.366597443553341 0.366596463006075 0.366595482166236 0.36659450103283 0.366593519604862 0.366592537881334 0.366591555861242 9.99999933007197e-11 0.176609708865597
0.377578098132668 0.377577971908661 0.377577845545616 0.377577719042768 0.377577592399345 0.377577465614576 0.377577338687685 0.377577211617897 0.37757708440443 0.377576957046503 9.99999941695491e-11 0.183998766492139
0.351122256619256 0.351122360411641 0.351122464096498 0.351122567673118 0.351122671140791 0.351122774498803 0.351122877746439 0.351122980882981 0.35112308390771 0.351123186819901 9.99999921569542e-11 0.169489517789674
0.339815587101663 0.339816364514288 0.339817142284681 0.339817920412379 0.339818698896911 0.339819477737808 0.339820256934597 0.339821036486802 0.339821816393945 0.339822596655544 9.99999932206421e-11 0.154637113292462
0.334594898630173 0.33459579385899 0.334596689471528 0.33459758546736 0.334598481846055 0.334599378607183 0.334600275750307 0.334601173274991 0.334602071180796 0.334602969467281 9.99999928457297e-11 0.149356796132108
0.692133782210234 0.692135713159467 0.692137644192792 0.692139575310046 0.692141506511068 0.692143437795697 0.69214536916377 0.692147300615122 0.692149232149593 0.692151163767017 9.9999996643145e-11 0.791864845003802
0.68589402894657 0.685895218554126 0.685896408011544 0.685897597318299 0.685898786473868 0.685899975477724 0.685901164329336 0.685902353028179 0.685903541573717 0.685904729965419 9.99999954142379e-11 0.861437424287168
0.688321976205208 0.688323233193773 0.688324490043667 0.688325746754376 0.688327003325394 0.688328259756205 0.688329516046297 0.688330772195154 0.688332028202259 0.688333284067094 9.99999953132999e-11 0.871700058823649
0.367826084111698 0.367824888445471 0.367823692655478 0.367822496741055 0.367821300701535 0.367820104536251 0.367818908244529 0.367817711825695 0.36781651527907 0.367815318603974 9.99999929683609e-11 0.187699338079098
0.371557778113129 0.371557236980088 0.371556695716612 0.371556154322002 0.371555612795555 0.371555071136568 0.371554529344333 0.371553987418143 0.371553445357285 0.371552903161047 9.99999925492343e-11 0.187492101566604
0.345733087624649 0.345733824147163 0.345734561178001 0.345735298717103 0.345736036764407 0.345736775319853 0.345737514383377 0.345738253954914 0.345738994034398 0.345739734621764 9.99999921191352e-11 0.163963319875905
0.343709046814039 0.343710104981636 0.343711163687134 0.343712222930363 0.343713282711153 0.343714343029329 0.343715403884717 0.34371646527714 0.343717527206421 0.343718589672379 9.99999931370823e-11 0.157933043327734
0.690289205280765 0.690290928526991 0.690292651705475 0.69029437481567 0.690296097857035 0.690297820829021 0.690299543731079 0.690301266562657 0.690302989323202 0.690304712012161 9.99999956343787e-11 0.847255938099409
0.333956177134279 0.333957062324185 0.333957948665732 0.333958836160477 0.333959724809987 0.333960614615827 0.333961505579572 0.333962397702797 0.333963290987081 0.333964185434009 9.99999928290029e-11 0.153990579410471
0.68700711026647 0.687008335224409 0.687009560062523 0.68701078478035 0.687012009377429 0.687013233853294 0.687014458207479 0.687015682439515 0.687016906548934 0.687018130535265 9.99999954048663e-11 0.868097549732255
0.357133780817086 0.357133514852868 0.357133248622615 0.357132982125382 0.357132715360224 0.357132448326192 0.357132181022331 0.357131913447688 0.357131645601304 0.357131377482215 9.99999921715133e-11 0.174870307413099
0.361372758864261 0.361373278373285 0.361373797987594 0.361374317706469 0.361374837529185 0.361375357455018 0.361375877483238 0.361376397613112 0.361376917843907 0.361377438174886 9.99999925444719e-11 0.173331444568348
0.333144569999925 0.33314518158223 0.333145793389749 0.333146405421913 0.333147017678152 0.333147630157893 0.333148242860561 0.333148855785579 0.333149468932366 0.33315008230034 9.99999945906143e-11 0.147106672056562
0.688542316608061 0.688543714235952 0.688545111690733 0.688546508971754 0.688547906078362 0.688549303009903 0.688550699765717 0.688552096345148 0.688553492747533 0.688554888972207 9.99999955645736e-11 0.855845546942642
0.348137410172618 0.348136808560835 0.348136206649587 0.348135604437993 0.348135001925171 0.348134399110238 0.348133795992307 0.348133192570486 0.348132588843882 0.348131984811601 9.99999926579179e-11 0.166231028272693
0.297717749582121 0.297705906024514 0.297694059608315 0.297682210331898 0.297670358193631 0.297658503191883 0.297646645325018 0.297634784591397 0.297622920989379 0.297611054517319 9.99999918677957e-11 0.128791474884763
0.332743286267509 0.332742431666439 0.332741576610926 0.332740721100066 0.332739865132949 0.332739008708661 0.332738151826291 0.33273729448492 0.332736436683628 0.332735578421496 9.99999933404226e-11 0.156467970234855
0.691159568223509 0.691160909473096 0.691162250541085 0.691163591426867 0.691164932129835 0.691166272649374 0.691167612984873 0.691168953135713 0.69117029310128 0.691171632880952 9.99999959190322e-11 0.837501319573013
0.278107096551391 0.278099411619147 0.278091725528793 0.278084038279197 0.278076349869222 0.278068660297732 0.278060969563585 0.278053277665636 0.278045584602738 0.278037890373738 9.99999938833497e-11 0.109182233489116
0.689162530042794 0.689164034679115 0.689165539249001 0.689167043751981 0.68916854818758 0.689170052555322 0.689171556854732 0.689173061085329 0.689174565246633 0.689176069338161 9.99999961019177e-11 0.825881876984254
0.687766741049506 0.68776806140323 0.687769381628659 0.687770701725269 0.687772021692529 0.687773341529909 0.687774661236881 0.687775980812908 0.687777300257456 0.687778619569989 9.99999961002596e-11 0.824360544819498
0.346213516861629 0.346213515782523 0.346213514669116 0.346213513520408 0.346213512335396 0.346213511113076 0.346213509852435 0.346213508552462 0.346213507212141 0.346213505830449 9.99999941860886e-11 0.159919020011304
0.293987176588796 0.293984186594135 0.293981196738662 0.293978207022309 0.293975217445009 0.293972228006693 0.293969238707292 0.293966249546735 0.293963260524948 0.29396027164186 9.99999928852176e-11 0.125550502498571
0.691958897897636 0.691960255467872 0.69196161278517 0.691962969848814 0.691964326658087 0.691965683212269 0.69196703951064 0.691968395552472 0.691969751337043 0.691971106863621 9.99999963294370e-11 0.817113755240394
0.309979853709833 0.309974017265257 0.309968180888556 0.309962344581779 0.309956508346977 0.309950672186211 0.30994483610155 0.309939000095067 0.309933164168846 0.309927328324974 9.99999935476182e-11 0.136562013714794
0.688888150352353 0.688889385924001 0.68889062138159 0.688891856724623 0.6888930919526 0.688894327065022 0.688895562061383 0.688896796941179 0.688898031703906 0.688899266349054 9.99999957241533e-11 0.851852783459909
0.360574468988698 0.360574308192652 0.360574147516226 0.360573986958907 0.360573826520183 0.36057366619954 0.360573505996457 0.360573345910416 0.360573185940893 0.360573026087366 9.99999930080088e-11 0.174655503640919
0.274558743145164 0.274544759638201 0.274530772730713 0.274516782420385 0.274502788704898 0.274488791581932 0.274474791049157 0.274460787104244 0.274446779744857 0.274432768968654 9.99999943248106e-11 0.107991611665504
