0.345832397240293 0.345833308993866 0.345834221211788 0.345835133893944 0.34583604704022 0.345836960650499 0.345837874724663 0.345838789262594 0.345839704264175 0.345840619729283 9.99999946938606e-11 0.163199400196007
0.647469852144769 0.647470849272222 0.647471846220275 0.647472842988495 0.64747383957645 0.647474835983707 0.647475832209831 0.647476828254387 0.647477824116935 0.647478819797041 9.99999969374593e-11 0.737101231622736
0.646428069446388 0.6464289768035 0.646429883964431 0.646430790928748 0.646431697696017 0.646432604265803 0.646433510637669 0.646434416811177 0.646435322785888 0.646436228561362 9.99999971432424e-11 0.71894858334531
0.365850295173501 0.365850194567918 0.36585009387795 0.365849993103302 0.365849892243678 0.365849791298782 0.365849690268317 0.365849589151985 0.365849487949488 0.365849386660526 9.99999951855267e-11 0.185708154369925
0.322698034923675 0.322680087528153 0.32266213287805 0.322644170968364 0.322626201794089 0.32260822535021 0.322590241631705 0.322572250633548 0.322554252350703 0.322536246778129 9.99999951549811e-11 0.134511814944385
0.65065487897573 0.650656728598939 0.650658578309721 0.650660428107804 0.650662277992913 0.65066412796478 0.650665978023128 0.650667828167685 0.650669678398174 0.650671528714318 9.9999997333739e-11 0.695338324505427
0.279901557369203 0.279886878158808 0.279872194358179 0.279857505964456 0.279842812974777 0.279828115386274 0.279813413196078 0.279798706401314 0.279783994999103 0.279769278986562 9.99999932888644e-11 0.121769958178393
0.293266699600966 0.293263565406507 0.29326043086252 0.293257295968562 0.293254160724189 0.293251025128952 0.293247889182408 0.293244752884106 0.293241616233597 0.293238479230432 9.99999936922405e-11 0.130369552746646
0.331292315501285 0.331293123981052 0.331293932734878 0.331294741762536 0.331295551063797 0.331296360638434 0.331297170486214 0.331297980606909 0.331298791000286 0.33129960166611 9.9999994681002e-11 0.1491898470488
0.649900766918203 0.649901930542004 0.649903094046911 0.649904257432539 0.649905420698505 0.649906583844423 0.649907746869906 0.649908909774567 0.649910072558015 0.649911235219862 9.99999972429837e-11 0.714193105481348
0.334052514945243 0.334053334135259 0.334054153746722 0.334054973779524 0.334055794233555 0.334056615108709 0.334057436404874 0.334058258121939 0.334059080259793 0.334059902818324 9.99999945899677e-11 0.150921767272749
0.357537809642554 0.357537777716348 0.35753774579074 0.357537713865378 0.35753768193991 0.357537650013984 0.357537618087244 0.357537586159337 0.357537554229906 0.357537522298593 9.99999946714461e-11 0.177222543927984
0.301158159603418 0.301151475586337 0.301144790880397 0.301138105485803 0.301131419402764 0.301124732631487 0.301118045172183 0.301111357025064 0.301104668190342 0.301097978668231 9.99999930875426e-11 0.138206770876743
0.650300750626553 0.650302424114081 0.650304097673758 0.650305771305317 0.650307445008486 0.650309118782999 0.650310792628582 0.650312466544965 0.650314140531874 0.650315814589034 9.99999975060402e-11 0.690735777006547
0.651399351619096 0.651401096081261 0.651402840492465 0.651404584852284 0.651406329160293 0.65140807341607 0.651409817619183 0.651411561769207 0.651413305865712 0.651415049908265 9.99999973995889e-11 0.689583392790451
0.654578403437664 0.654580140731721 0.65458187795909 0.654583615119378 0.654585352212184 0.654587089237109 0.654588826193752 0.654590563081711 0.654592299900585 0.654594036649967 9.99999977942321e-11 0.659867280590571
0.37590248302183 0.375901220537177 0.375899957613571 0.375898694250385 0.375897430446987 0.375896166202748 0.375894901517035 0.375893636389213 0.375892370818646 0.375891104804697 9.99999948487613e-11 0.198310574198882
0.34317781758791 0.343177388559582 0.343176959545687 0.343176530545875 0.343176101559797 0.343175672587099 0.343175243627429 0.343174814680432 0.343174385745752 0.343173956823032 9.99999952900172e-11 0.164925955476715
0.649283155298149 0.649284609289241 0.649286063214803 0.649287517074497 0.649288970867985 0.649290424594921 0.649291878254966 0.649293331847774 0.649294785373004 0.649296238830308 9.99999973395447e-11 0.695733373942592
0.305870953064685 0.30586600366426 0.305861054919985 0.305856106833887 0.305851159408 0.305846212644357 0.305841266545002 0.305836321111977 0.305831376347332 0.305826432253122 9.99999940792806e-11 0.131931496669939
0.340898934828291 0.34089944630386 0.34089995809001 0.34090047018659 0.340900982593451 0.340901495310443 0.340902008337414 0.340902521674211 0.340903035320681 0.34090354927667 9.99999948104291e-11 0.157060644097581
0.325377415671332 0.325378289301235 0.325379163441829 0.325380038093067 0.325380913254902 0.325381788927285 0.325382665110167 0.325383541803499 0.325384419007229 0.325385296721307 9.99999951408101e-11 0.141539659539167
0.64757515455522 0.647576648617373 0.647578142769361 0.647579637011002 0.647581131342116 0.647582625762522 0.647584120272038 0.64758561487048 0.647587109557665 0.647588604333407 9.99999969917928e-11 0.724545844301053
0.649570584609915 0.649571879658477 0.649573174598823 0.64957446943057 0.649575764153331 0.649577058766716 0.649578353270338 0.649579647663806 0.64958094194673 0.649582236118717 9.99999973811008e-11 0.694480211524375
0.651507896195755 0.65150900404274 0.651510111730859 0.651511219259788 0.651512326629207 0.65151343383879 0.651514540888214 0.651515647777154 0.651516754505283 0.651517861072277 9.99999975363041e-11 0.686212259354483
0.347681203127247 0.347680705209497 0.347680207227568 0.347679709181101 0.347679211069736 0.347678712893114 0.347678214650873 0.347677716342649 0.34767721796808 0.347676719526803 9.9999994671699e-11 0.166942432793445
0.316723856551924 0.316719448031104 0.316715039274751 0.316710630282541 0.31670622105415 0.316701811589251 0.316697401887518 0.316692991948623 0.316688581772237 0.316684171358029 9.99999949264316e-11 0.139340577801021
0.317757457951904 0.317751518918183 0.317745579042098 0.317739638323093 0.317733696760617 0.317727754354112 0.317721811103023 0.317715867006792 0.31770992206486 0.317703976276667 9.99999949483324e-11 0.147573042190982
0.317049349890257 0.317046145610872 0.317042941436897 0.317039737368273 0.31703653340494 0.317033329546838 0.317030125793906 0.317026922146082 0.317023718603305 0.317020515165509 9.99999948774958e-11 0.137074282263701
0.648623472743903 0.648624724621792 0.64862597643997 0.648627228198102 0.648628479895858 0.648629731532904 0.648630983108907 0.64863223462353 0.648633486076439 0.648634737467294 9.99999970268354e-11 0.731965447198271
0.248610644563687 0.248601628767336 0.248592611714764 0.248583593405452 0.248574573838876 0.248565553014516 0.248556530931846 0.248547507590343 0.248538482989482 0.248529457128734 9.99999947244039e-11 0.0981047188533864
0.340930358665649 0.340929612419576 0.340928866132251 0.340928119803313 0.340927373432401 0.340926627019152 0.340925880563202 0.340925134064187 0.34092438752174 0.340923640935494 9.99999951094886e-11 0.161599745845827
0.272435394473268 0.272433384959407 0.272431376047552 0.272429367737881 0.272427360030568 0.272425352925787 0.272423346423711 0.272421340524514 0.272419335228367 0.272417330535443 9.99999937165259e-11 0.108943970476446
0.334682547700816 0.334682889527257 0.334683231533749 0.334683573719974 0.334683916085614 0.33468425863035 0.33468460135386 0.334684944255823 0.334685287335916 0.334685630593812 9.99999945853542e-11 0.153205261675844
0.346420554827265 0.346420858556006 0.346421162693712 0.346421467240592 0.346421772196854 0.346422077562708 0.346422383338364 0.346422689524031 0.34642299611992 0.346423303126243 9.99999950569853e-11 0.163668882269195
0.649618850272739 0.649620089446218 0.649621328505932 0.64962256745157 0.649623806282823 0.649625044999378 0.64962628360092 0.649627522087138 0.649628760457718 0.649629998712342 9.99999974420852e-11 0.691579527391933
0.33808908131065 0.338088684168387 0.33808828711198 0.338087890141258 0.338087493256051 0.338087096456187 0.338086699741492 0.338086303111794 0.33808590656692 0.338085510106695 9.99999949023171e-11 0.162459129864338
0.650032895250175 0.650034306487499 0.650035717670041 0.650037128797545 0.650038539869752 0.6500399508864 0.65004136184723 0.650042772751982 0.650044183600393 0.650045594392201 9.99999975378093e-11 0.681908269934832
0.648965012245258 0.648966126582182 0.648967240752662 0.648968354756289 0.648969468592655 0.648970582261351 0.648971695761964 0.64897280909408 0.648973922257286 0.648975035251167 9.99999971222265e-11 0.717090777714828
0.311981064234158 0.311978164406295 0.311975264387178 0.311972364176496 0.311969463773939 0.311966563179195 0.31196366239195 0.31196076141189 0.311957860238701 0.311954958872065 9.99999936977522e-11 0.144196890981123
0.231931647150374 0.231920895253917 0.231910140718519 0.23189938354242 0.231888623723857 0.231877861261062 0.231867096152266 0.231856328395698 0.231845557989581 0.231834784932138 9.99999912912947e-11 0.0934002301262173
0.343209784604974 0.34321031526929 0.343210846055249 0.343211376962542 0.34321190799086 0.343212439139895 0.343212970409333 0.343213501798864 0.343214033308174 0.343214564936948 9.99999940271873e-11 0.166749081485932
0.314176346666646 0.314174162162835 0.314171977746313 0.314169793416788 0.314167609173968 0.314165425017561 0.314163240947271 0.314161056962801 0.314158873063856 0.314156689250136 9.99999942724912e-11 0.136356538757785
0.652207804705755 0.652209437660026 0.652211070536717 0.652212703335385 0.652214336055582 0.652215968696857 0.652217601258761 0.652219233740843 0.652220866142647 0.652222498463723 9.99999973213543e-11 0.699644577564063
0.249233895216156 0.249225506406964 0.249217116370571 0.249208725106261 0.24920033261331 0.249191938890997 0.249183543938599 0.249175147755389 0.24916675034064 0.249158351693624 9.99999933680113e-11 0.0945809265591575
0.266607262524973 0.266582224294487 0.266557172717746 0.266532107780216 0.266507029467335 0.266481937764515 0.266456832657138 0.266431714130558 0.266406582170102 0.266381436761068 9.99999940628939e-11 0.108393536619068
0.654245555904748 0.654247613390582 0.654249670929262 0.654251728520465 0.65425378616387 0.654255843859159 0.654257901606004 0.654259959404085 0.654262017253076 0.654264075152649 9.99999975469171e-11 0.674732533582424
0.225335481406038 0.225326474818003 0.225317467110853 0.225308458284198 0.225299448337647 0.225290437270809 0.225281425083291 0.2252724117747 0.225263397344641 0.225254381792719 9.99999908915888e-11 0.0860941574020792
0.344658675982541 0.344658346711196 0.344658017413997 0.344657688090587 0.344657358740609 0.344657029363702 0.344656699959507 0.344656370527664 0.344656041067808 0.344655711579577 9.99999948529394e-11 0.166719537102089
0.342517530483667 0.34251751217515 0.342517494182785 0.342517476506487 0.34251745914617 0.342517442101746 0.342517425373128 0.342517408960226 0.342517392862952 0.342517377081212 9.9999994867374e-11 0.160962372192419
0.253504873149527 0.253492636391814 0.253480397449747 0.253468156322214 0.253455913008102 0.253443667506297 0.253431419815682 0.25341916993514 0.253406917863549 0.253394663599788 9.99999945924405e-11 0.102136067356315
0.267479645591825 0.267467006106257 0.267454363435805 0.267441717578236 0.267429068531311 0.267416416292787 0.26740376086042 0.26739110223196 0.267378440405152 0.267365775377741 9.9999993669609e-11 0.110897256373182
0.647268369997988 0.647269692373764 0.647271014723706 0.647272337047535 0.647273659344972 0.647274981615732 0.64727630385954 0.64727762607611 0.647278948265157 0.6472802704264 9.99999972005742e-11 0.710319150496464
0.651048164680771 0.651049628730754 0.651051092733382 0.651052556688317 0.651054020595225 0.651055484453768 0.651056948263609 0.651058412024406 0.65105987573582 0.651061339397509 9.99999973022849e-11 0.702123442850564
0.334461061129644 0.334461908372634 0.334462756171702 0.334463604526786 0.334464453437822 0.334465302904746 0.334466152927491 0.334467003505991 0.334467854640179 0.334468706329985 9.99999949090772e-11 0.14974672844578
0.384155691688901 0.38415636796119 0.384157045470471 0.384157724217602 0.384158404203441 0.384159085428845 0.384159767894672 0.384160451601783 0.384161136551038 0.384161822743296 9.99999945261375e-11 0.195674075114334
0.226687988975036 0.226664642395053 0.226641288262153 0.226617926571971 0.226594557320137 0.226571180502272 0.226547796113989 0.226524404150895 0.226501004608584 0.226477597482648 9.99999934050415e-11 0.0847610088093503
0.648273558599005 0.648274935466433 0.648276312151781 0.648277688654556 0.648279064974267 0.648280441110417 0.648281817062508 0.648283192830042 0.648284568412519 0.64828594380944 9.99999975479279e-11 0.678701549221684
0.296523097493972 0.296520299215876 0.296517501562316 0.296514704534262 0.296511908132687 0.296509112358563 0.296506317212862 0.296503522696562 0.296500728810636 0.296497935556063 9.99999940405698e-11 0.128037927878423
0.650623378306072 0.650624559541775 0.650625740609226 0.650626921508007 0.650628102237698 0.650629282797874 0.650630463188111 0.650631643407986 0.650632823457074 0.650634003334945 9.99999974067068e-11 0.698244334811311
0.239807567369125 0.239793704087015 0.239779837877095 0.23976596873756 0.2397520966666 0.239738221662401 0.239724343723147 0.23971046284702 0.239696579032197 0.239682692276852 9.99999944466764e-11 0.0988064629631343
0.317760344555252 0.317758095443975 0.317755846357748 0.317753597296535 0.317751348260296 0.317749099248993 0.317746850262588 0.31774460130104 0.31774235236431 0.317740103452357 9.99999951854188e-11 0.138701899562192
0.332997313354767 0.332997894881822 0.332998476557081 0.332999058380251 0.332999640351034 0.333000222469134 0.333000804734252 0.333001387146089 0.333001969704344 0.333002552408717 9.99999945438884e-11 0.152333647334955
0.652409891882631 0.652411429374818 0.652412966740759 0.652414503980043 0.65241604109226 0.652417578076996 0.652419114933841 0.652420651662377 0.652422188262191 0.652423724732864 9.99999974802364e-11 0.685921100852671
0.338823493649586 0.33881103934805 0.33879858200939 0.338786121631937 0.338773658214017 0.338761191753958 0.338748722250081 0.338736249700709 0.338723774104159 0.338711295458747 9.99999944511672e-11 0.160653159752161
0.648931759695785 0.648933082423524 0.648934405081037 0.648935727667959 0.648937050183928 0.648938372628573 0.648939695001529 0.648941017302425 0.648942339530895 0.648943661686563 9.99999969744894e-11 0.72936561885143
0.349231343121767 0.349231613859848 0.349231884832428 0.349232156039284 0.349232427480191 0.349232699154924 0.349232971063257 0.34923324320496 0.349233515579807 0.349233788187568 9.99999950502533e-11 0.163912004984681
0.358601392582766 0.358602579903405 0.3586037683538 0.358604957934772 0.358606148647146 0.358607340491743 0.35860853346939 0.358609727580911 0.358610922827132 0.358612119208881 9.9999995686364e-11 0.165516772102563
0.35499574763275 0.3549963249533 0.35499690256372 0.354997480463715 0.354998058652986 0.354998637131238 0.354999215898171 0.354999794953486 0.355000374296879 0.355000953928049 9.99999948351015e-11 0.166700264739293
0.372897223870863 0.372896841330939 0.372896459052265 0.372896077034614 0.372895695277762 0.37289531378148 0.372894932545542 0.372894551569716 0.372894170853773 0.372893790397482 9.99999957762337e-11 0.180485688917353
0.350951194485602 0.350950666186795 0.350950137933664 0.350949609725934 0.350949081563332 0.35094855344558 0.350948025372402 0.350947497343521 0.350946969358659 0.350946441417537 9.99999942864124e-11 0.174404439494828
0.327212570489688 0.327212232792171 0.327211894949567 0.327211556961419 0.327211218827268 0.327210880546653 0.327210542119112 0.327210203544182 0.327209864821399 0.327209525950297 9.99999949880008e-11 0.150434558487361
0.651115571465588 0.651117353816046 0.65111913624523 0.651120918752914 0.651122701338863 0.651124484002843 0.651126266744621 0.651128049563963 0.651129832460631 0.651131615434393 9.99999974520561e-11 0.684160866529188
0.646000270011597 0.646001533839253 0.646002797701108 0.646004061596998 0.646005325526754 0.646006589490208 0.646007853487193 0.646009117517538 0.646010381581076 0.646011645677636 9.99999970217393e-11 0.72482608937907
0.652056508092778 0.652058165949854 0.652059823889461 0.652061481911444 0.652063140015647 0.652064798201917 0.652066456470094 0.652068114820023 0.652069773251546 0.652071431764506 9.99999974825017e-11 0.686495903155871
0.368092096638409 0.368092147282011 0.368092198081729 0.368092249037431 0.368092300148989 0.368092351416269 0.368092402839139 0.368092454417469 0.368092506151123 0.36809255803997 9.99999942242618e-11 0.191751087567918
0.33816246505158 0.33816308495311 0.338163705064296 0.338164325384888 0.338164945914634 0.33816556665328 0.338166187600571 0.338166808756253 0.33816743012007 0.338168051691764 9.99999944514471e-11 0.156705346462236
0.349721277736646 0.349721710147964 0.349722142849187 0.349722575840122 0.349723009120577 0.349723442690358 0.349723876549268 0.349724310697113 0.349724745133696 0.349725179858817 9.99999944355647e-11 0.166620272608871
0.329144454502813 0.329143464976104 0.329142475279988 0.329141485414009 0.329140495377711 0.329139505170634 0.329138514792318 0.329137524242302 0.329136533520122 0.329135542625315 9.99999953022708e-11 0.15666955396752
0.648107663217048 0.648109303811077 0.648110944403942 0.648112584995407 0.648114225585231 0.648115866173176 0.648117506759003 0.64811914734247 0.648120787923338 0.648122428501361 9.99999978768693e-11 0.653699139106789
0.380211313781046 0.380210953264145 0.380210592777951 0.380210232322166 0.380209871896487 0.380209511500613 0.38020915113424 0.380208790797064 0.380208430488779 0.380208070209079 9.99999953828362e-11 0.193161800573467
0.65028128323301 0.650282638995233 0.650283994669786 0.650285350256295 0.650286705754377 0.650288061163655 0.650289416483748 0.650290771714272 0.650292126854847 0.650293481905085 9.99999972146717e-11 0.710053815173769
0.356608882894571 0.35660868184467 0.356608480971266 0.356608280274116 0.356608079752974 0.356607879407598 0.35660767923774 0.356607479243154 0.356607279423592 0.356607079778807 9.99999951197333e-11 0.169044177169329
0.362268380860213 0.362268668502736 0.362268956692144 0.362269245428673 0.36226953471256 0.362269824544039 0.362270114923347 0.362270405850719 0.362270697326389 0.362270989350592 9.99999950638122e-11 0.179261265332287
0.354229203770443 0.354228728223329 0.354228252509869 0.35422777662952 0.354227300581743 0.354226824365995 0.35422634798173 0.354225871428403 0.354225394705467 0.354224917812371 9.99999943481856e-11 0.177752548578905
0.65290517234106 0.652906810412777 0.652908448474848 0.652910086527001 0.652911724568964 0.652913362600463 0.652915000621224 0.652916638630973 0.652918276629433 0.652919914616328 9.99999974310167e-11 0.687091306477923
0.347295126884203 0.347294409532193 0.347293692295121 0.347292975172676 0.347292258164541 0.347291541270402 0.347290824489941 0.347290107822842 0.347289391268785 0.34728867482745 9.99999948373892e-11 0.168347795502253
0.293259316468709 0.293250390811257 0.293241463853463 0.293232535594979 0.293223606035452 0.293214675174532 0.293205743011865 0.293196809547099 0.293187874779882 0.293178938709858 9.99999941401317e-11 0.122470451285777
0.342985407542971 0.342985407525368 0.342985407517237 0.342985407518208 0.342985407527911 0.342985407545976 0.342985407572029 0.342985407605695 0.3429854076466 0.342985407694367 9.99999946303429e-11 0.164152983282021
0.650020929199055 0.650022298630626 0.650023667932931 0.650025037105544 0.650026406148045 0.650027775060006 0.650029143841002 0.650030512490605 0.650031881008384 0.650033249393912 9.99999973848462e-11 0.690895300669329
0.280492589177468 0.280486024685254 0.280479459523768 0.280472893692767 0.280466327192014 0.28045976002127 0.280453192180291 0.280446623668837 0.280440054486667 0.280433484633538 9.99999930751664e-11 0.119828386420548
0.652149954483178 0.652151729194656 0.652153503958782 0.652155278775287 0.6521570536439 0.652158828564345 0.652160603536352 0.652162378559642 0.652164153633942 0.652165928758974 9.99999976983767e-11 0.669212492728365
0.648021197223856 0.648022682368378 0.648024167441137 0.648025652441734 0.64802713736977 0.648028622224848 0.648030107006565 0.64803159171452 0.648033076348307 0.648034560907525 9.99999972450323e-11 0.698515735816194
0.365475127099539 0.365474752037764 0.365474377582064 0.365474003732982 0.365473630491064 0.365473257856856 0.365472885830904 0.365472514413754 0.365472143605954 0.365471773408052 9.99999951751471e-11 0.182143973689457
0.297696543896103 0.297695148609695 0.297693753659671 0.29769235904601 0.29769096476869 0.29768957082769 0.297688177222985 0.297686783954554 0.29768539102237 0.297683998426408 9.99999937874953e-11 0.127203464648644
0.651117864385846 0.651119148839222 0.651120433198177 0.651121717462381 0.651123001631506 0.65112428570522 0.651125569683193 0.651126853565091 0.651128137350583 0.651129421039334 9.99999974012326e-11 0.697995671897264
0.318419715393543 0.318416556471166 0.318413398314943 0.318410240926287 0.318407084306615 0.318403928457343 0.318400773379893 0.318397619075688 0.318394465546153 0.318391312792716 9.99999938718498e-11 0.140944864123962
0.648424735922017 0.648426148036381 0.648427560226758 0.648428972493057 0.648430384835189 0.648431797253061 0.648433209746583 0.648434622315661 0.648436034960203 0.648437447680119 9.99999973904758e-11 0.696255957453813
0.3118124336842 0.311812903673557 0.311813373751495 0.311813843917695 0.311814314171839 0.311814784513607 0.311815254942679 0.311815725458734 0.311816196061448 0.311816666750499 9.99999950206715e-11 0.134270830327799
0.270626415299061 0.270606447638355 0.270586472965992 0.270566491276832 0.27054650256573 0.270526506827531 0.270506504057073 0.270486494249184 0.270466477398686 0.270446453500389 9.99999936953555e-11 0.105507200797529
