0.361593206833745 0.361594109529479 0.361595012496933 0.361595915735764 0.361596819245633 0.361597723026196 0.361598627077107 0.361599531398021 0.361600435988591 0.361601340848468 9.99999950474204e-11 0.17696396871499
0.630707844599565 0.630709311672485 0.63071077875663 0.630712245851693 0.630713712957366 0.630715180073343 0.630716647199313 0.630718114334963 0.630719581479984 0.630721048634061 9.9999997746301e-11 0.639194211752156
0.62585386475733 0.625855093070234 0.625856321324277 0.625857549519075 0.625858777654248 0.625860005729413 0.625861233744187 0.625862461698183 0.625863689591016 0.625864917422296 9.99999976967085e-11 0.644418327180182
0.352714122882289 0.352714003059339 0.352713883528631 0.352713764290168 0.35271364534395 0.352713526689977 0.352713408328248 0.352713290258761 0.352713172481515 0.352713054996506 9.99999952783071e-11 0.174346711610276
0.282019705112154 0.282000329996766 0.281980946192952 0.281961553693085 0.281942152489525 0.281922742574619 0.281903323940702 0.281883896580098 0.281864460485116 0.281845015648054 9.99999936842126e-11 0.122459697499698
0.628738481222524 0.628739941328574 0.628741401340651 0.628742861258293 0.628744321081039 0.628745780808423 0.628747240439981 0.628748699975247 0.628750159413748 0.628751618755018 9.99999979525153e-11 0.616461509420997
0.257098556677507 0.257077268653464 0.257055973509077 0.257034671239424 0.257013361839578 0.2569920453046 0.256970721629542 0.256949390809446 0.256928052839345 0.256906707714262 9.99999944782614e-11 0.100243714051918
0.336607197612883 0.336604219797233 0.336601242032657 0.336598264319101 0.336595286656506 0.336592309044818 0.336589331483979 0.336586353973931 0.336583376514614 0.336580399105969 9.99999960482485e-11 0.153328560688629
0.33959258981687 0.339593356820688 0.339594124144783 0.339594891788958 0.339595659753013 0.339596428036747 0.339597196639961 0.339597965562452 0.339598734804016 0.339599504364449 9.99999946934816e-11 0.163917089933211
0.630541113055367 0.630542514707521 0.630543916258739 0.63054531770858 0.630546719056602 0.630548120302357 0.630549521445402 0.630550922485287 0.630552323421564 0.630553724253781 9.99999979992082e-11 0.614266563984247
0.339909567283979 0.339909520627167 0.339909473971946 0.339909427317806 0.339909380664234 0.339909334010719 0.339909287356746 0.339909240701796 0.339909194045352 0.339909147386895 9.99999955886085e-11 0.156135914152662
0.315755286486055 0.315755464293832 0.315755642124942 0.315755819979011 0.315755997855662 0.315756175754518 0.315756353675199 0.315756531617326 0.315756709580516 0.315756887564385 9.99999956383372e-11 0.141557491001812
0.269565508924366 0.26955624354269 0.269546976937427 0.269537709107601 0.269528440052233 0.26951916977034 0.269509898260936 0.269500625523034 0.269491351555643 0.269482076357767 9.99999947897626e-11 0.108844293051999
0.632159185554742 0.63216143768487 0.632163689940554 0.632165942321411 0.632168194827064 0.63217044745713 0.63217270021122 0.632174953088953 0.632177206089939 0.632179459213787 9.99999979241969e-11 0.615434284619201
0.628716918287014 0.628718400260878 0.628719882171434 0.628721364018264 0.628722845800939 0.628724327519036 0.628725809172127 0.628727290759783 0.628728772281574 0.628730253737068 9.99999978686915e-11 0.625715641631511
0.62694171710001 0.626942877673088 0.626944038176793 0.626945198610749 0.626946358974573 0.626947519267886 0.626948679490305 0.626949839641446 0.626950999720922 0.626952159728349 9.99999976394515e-11 0.652265579317339
0.336235377474069 0.336236345025042 0.336237312896382 0.336238281087802 0.336239249599015 0.336240218429732 0.336241187579663 0.336242157048516 0.336243126835999 0.336244096941818 9.99999952926292e-11 0.150126626896768
0.347238292529628 0.347238356751789 0.347238421029364 0.347238485362031 0.347238549749466 0.347238614191343 0.347238678687338 0.347238743237123 0.347238807840371 0.347238872496749 9.99999953482911e-11 0.171913137275825
0.62825299883362 0.628254275584559 0.628255552202212 0.628256828686092 0.628258105035701 0.628259381250552 0.628260657330148 0.628261933273989 0.628263209081581 0.628264484752421 9.99999978678621e-11 0.627337072119123
0.326883554167342 0.326880596118225 0.326877637825499 0.326874679288767 0.326871720507631 0.326868761481691 0.326865802210546 0.326862842693793 0.326859882931028 0.326856922921846 9.99999955207343e-11 0.147556575154169
0.337057882395676 0.337057664952602 0.337057447502529 0.337057230045066 0.337057012579823 0.337056795106407 0.337056577624425 0.33705636013348 0.337056142633177 0.337055925123116 9.99999953368181e-11 0.165909597055787
0.364369040782783 0.364368504500568 0.364367968240078 0.364367432000899 0.364366895782617 0.364366359584813 0.364365823407071 0.364365287248969 0.364364751110088 0.364364214990003 9.9999995686062e-11 0.179869878837528
0.627736707532438 0.627738362702163 0.62774001780444 0.627741672838818 0.627743327804843 0.627744982702064 0.627746637530021 0.62774829228826 0.62774994697632 0.62775160159374 9.99999980564483e-11 0.598810513272746
0.629367681793098 0.62936927160961 0.629370861348577 0.629372451009521 0.629374040591962 0.629375630095417 0.629377219519406 0.629378808863443 0.629380398127041 0.629381987309712 9.9999997847094e-11 0.622219224324264
0.627586298512689 0.627587489640133 0.627588680635262 0.627589871497581 0.627591062226608 0.627592252821845 0.6275934432828 0.627594633608976 0.627595823799878 0.627597013855005 9.99999976193463e-11 0.653329654963805
0.373953765625591 0.373953629964314 0.373953494523262 0.373953359302126 0.373953224300599 0.373953089518368 0.373952954955124 0.373952820610551 0.373952686484335 0.373952552576162 9.99999957332944e-11 0.187504823617671
0.315757303613366 0.315754780133515 0.315752257007464 0.315749734235402 0.315747211817517 0.315744689754 0.315742168045036 0.315739646690814 0.31573712569152 0.315734605047341 9.99999949472793e-11 0.146449192022914
0.308888392558093 0.308883172764075 0.308877952606428 0.308872732084844 0.308867511199014 0.308862289948627 0.308857068333373 0.308851846352937 0.308846624007006 0.308841401295264 9.99999950093048e-11 0.136759952842592
0.318715255132566 0.318711440014991 0.318707624576423 0.31870380881647 0.318699992734741 0.318696176330843 0.318692359604381 0.318688542554959 0.31868472518218 0.318680907485643 9.9999995051732e-11 0.144338307546096
0.628675014007312 0.628676298714969 0.628677583298022 0.628678867755967 0.628680152088299 0.628681436294511 0.628682720374094 0.628684004326539 0.628685288151334 0.628686571847963 9.99999977738492e-11 0.64066762253255
0.242277810538702 0.242269786491778 0.242261761109066 0.242253734389567 0.242245706332277 0.242237676936193 0.242229646200308 0.242221614123614 0.242213580705101 0.242205545943755 9.99999942805196e-11 0.0921725434230226
0.325327049533 0.32532717424239 0.32532729911703 0.325327424156468 0.325327549360252 0.325327674727926 0.325327800259034 0.325327925953118 0.325328051809716 0.325328177828369 9.99999952350409e-11 0.149752118816291
0.305977007243845 0.305974329023807 0.3059716505052 0.305968971687489 0.305966292570139 0.305963613152612 0.305960933434366 0.305958253414861 0.305955573093554 0.305952892469901 9.99999953330334e-11 0.131789941480191
0.353787369508719 0.353788393360769 0.35378941783744 0.353790442938735 0.353791468664657 0.353792495015206 0.353793521990385 0.353794549590191 0.353795577814625 0.353796606663684 9.99999952004665e-11 0.17126137351167
0.339127717054976 0.339127260364391 0.339126803650759 0.339126346913624 0.339125890152527 0.339125433367009 0.339124976556607 0.33912451972086 0.3391240628593 0.339123605971464 9.99999955969123e-11 0.163433030207555
0.629313071583627 0.629314611772122 0.62931615186853 0.629317691872392 0.629319231783246 0.629320771600631 0.629322311324082 0.629323850953134 0.62932539048732 0.629326929926171 9.9999997768607e-11 0.632134019058039
0.363106115577407 0.363105868491021 0.363105621381601 0.363105374248671 0.36310512709175 0.36310487991036 0.363104632704018 0.363104385472239 0.36310413821454 0.363103890930433 9.99999953218345e-11 0.184939420611941
0.629512285364968 0.629514053303215 0.629515821282338 0.629517589301989 0.629519357361821 0.629521125461484 0.629522893600627 0.629524661778898 0.629526429995943 0.629528198251405 9.9999997878265e-11 0.61815557762432
0.627195428407177 0.627196486287407 0.627197543983508 0.627198601494969 0.627199658821281 0.627200715961926 0.62720177291639 0.627202829684155 0.627203886264702 0.627204942657512 9.99999977977121e-11 0.63556517998862
0.255872508102105 0.25587136973163 0.255870231700116 0.255869094007537 0.255867956653869 0.255866819639088 0.255865682963167 0.255864546626079 0.255863410627796 0.255862274968291 9.99999938665354e-11 0.101971610741871
0.293368053133583 0.293352364977106 0.293336671936221 0.29332097400775 0.293305271188507 0.293289563475303 0.293273850864947 0.293258133354239 0.293242410939981 0.293226683618965 9.99999948339747e-11 0.122837610101477
0.366582364689895 0.366581786425942 0.366581207985231 0.366580629367189 0.366580050571246 0.366579471596826 0.366578892443355 0.366578313110254 0.366577733596945 0.366577153902846 9.99999959365273e-11 0.182190989012727
0.317956259965429 0.317954959206946 0.317953658956009 0.317952359212821 0.317951059977587 0.317949761250513 0.3179484630318 0.317947165321652 0.317945868120273 0.317944571427864 9.99999938202016e-11 0.14691871149965
0.629240614020426 0.629242312905856 0.629244011868708 0.629245710908757 0.629247410025772 0.629249109219524 0.629250808489783 0.629252507836317 0.629254207258893 0.629255906757279 9.99999977113721e-11 0.640695554858611
0.299211245416775 0.299197897522827 0.299184546483523 0.299171192296761 0.299157834960437 0.299144474472443 0.299131110830668 0.299117744032995 0.299104374077305 0.299091000961477 9.99999953735652e-11 0.118822061976455
0.231990152388252 0.231975084211293 0.231960011139633 0.231944933169726 0.231929850298022 0.231914762520965 0.231899669834992 0.231884572236537 0.231869469722025 0.231854362287877 9.99999918866287e-11 0.0933957908560989
0.627210008830584 0.627211266362123 0.627212523800557 0.627213781145465 0.627215038396416 0.627216295552987 0.627217552614746 0.627218809581266 0.627220066452113 0.627221323226853 9.99999977441716e-11 0.638471942044968
0.239531281526432 0.239518187479985 0.239505089988216 0.239491989048874 0.2394788846597 0.239465776818436 0.239452665522818 0.239439550770581 0.239426432559454 0.239413310887166 9.99999913488342e-11 0.0952152144451148
0.339782234033582 0.33978274168101 0.339783249793795 0.339783758372001 0.339784267415687 0.339784776924912 0.339785286899738 0.33978579734022 0.33978630824642 0.339786819618393 9.99999949622591e-11 0.164167147456904
0.334348332448675 0.334349620982845 0.334350909914264 0.334352199242733 0.33435348896805 0.334354779090014 0.334356069608422 0.334357360523068 0.334358651833749 0.334359943540257 9.99999953379128e-11 0.15036850398656
0.284684426859525 0.284671973092358 0.284659516707897 0.284647057704749 0.284634596081522 0.284622131836818 0.284609664969243 0.284597195477395 0.284584723359873 0.284572248615272 9.99999942298136e-11 0.114823287364551
0.269692115924971 0.269676853077675 0.269661585352691 0.269646312746148 0.269631035254171 0.269615752872877 0.269600465598376 0.269585173426772 0.269569876354161 0.269554574376635 9.99999938754602e-11 0.114293126111825
0.631026661815709 0.63102839802641 0.631030134215816 0.631031870383557 0.631033606529263 0.63103534265256 0.631037078753079 0.631038814830441 0.631040550884272 0.631042286914195 9.99999979756546e-11 0.605686169390022
0.629155451874817 0.629156853526346 0.629158255079515 0.629159656533852 0.629161057888878 0.629162459144113 0.629163860299078 0.629165261353289 0.629166662306263 0.629168063157517 9.99999977437772e-11 0.636661644912733
0.324764832166935 0.324765175730118 0.324765519591168 0.324765863750034 0.324766208206665 0.324766552961007 0.324766898013008 0.324767243362613 0.32476758900977 0.324767934954422 9.99999949445406e-11 0.15361270498949
0.345997381455326 0.345998141433811 0.345998901919201 0.345999662911509 0.346000424410745 0.346001186416922 0.346001948930049 0.346002711950135 0.346003475477189 0.34600423951122 9.99999951161409e-11 0.166986931084164
0.238664808710604 0.238629722656314 0.238594609753217 0.238559469961542 0.238524303241405 0.238489109552815 0.238453888855666 0.238418641109741 0.238383366274713 0.238348064310139 9.99999911978968e-11 0.0901283023737489
0.626630727919705 0.626631790095408 0.626632852079739 0.626633913872183 0.626634975472223 0.626636036879337 0.626637098093004 0.626638159112701 0.626639219937903 0.626640280568085 9.99999977935528e-11 0.63644792994214
0.333664445252893 0.333659348887788 0.333654251645775 0.33364915352612 0.333644054528088 0.333638954650943 0.333633853893945 0.333628752256353 0.333623649737427 0.333618546336422 9.99999949065293e-11 0.161509356131314
0.629251571316731 0.629252801706535 0.629254031913892 0.629255261938261 0.629256491779099 0.629257721435863 0.629258950908005 0.629260180194981 0.62926140929624 0.629262638211229 9.99999977956902e-11 0.635339380285938
0.257320247981696 0.257311005895976 0.257301762684635 0.257292518347209 0.257283272883228 0.257274026292224 0.257264778573727 0.257255529727263 0.257246279752362 0.257237028648548 9.99999945914612e-11 0.105943604422765
0.284787293887615 0.284785004547659 0.284782715393869 0.284780426426039 0.28477813764396 0.284775849047426 0.284773560636226 0.284771272410151 0.284768984368987 0.284766696512521 9.99999942218442e-11 0.114947431339643
0.342355742490747 0.342354666894756 0.342353591121091 0.34235251516925 0.342351439038731 0.342350362729032 0.342349286239645 0.342348209570066 0.342347132719784 0.34234605568829 9.99999954748601e-11 0.16797690295762
0.627996971637732 0.627998119598498 0.627999267481301 0.628000415285787 0.628001563011606 0.628002710658403 0.628003858225824 0.628005005713511 0.628006153121109 0.628007300448259 9.99999977311147e-11 0.643801844647244
0.250986304408086 0.250977988184241 0.250969670573992 0.250961351576261 0.250953031189969 0.250944709414034 0.25093638624737 0.250928061688893 0.250919735737512 0.250911408392138 9.9999993329704e-11 0.0957312206240602
0.629722151663681 0.629723748850968 0.629725345989409 0.629726943078555 0.629728540117961 0.629730137107174 0.629731734045744 0.629733330933221 0.629734927769146 0.629736524553065 9.9999997989581e-11 0.612483112068227
0.348542124500279 0.348541931570065 0.348541738722957 0.348541545958513 0.348541353276294 0.348541160675855 0.348540968156754 0.348540775718544 0.348540583360777 0.348540391083004 9.99999956467171e-11 0.16430408810876
0.355285881810509 0.355286436793425 0.355286992438236 0.355287548745006 0.355288105713801 0.355288663344686 0.355289221637724 0.355289780592977 0.355290340210507 0.355290900490376 9.99999951915579e-11 0.171221086166197
0.336983072591774 0.336983779578121 0.336984486675637 0.336985193883945 0.336985901202669 0.336986608631431 0.33698731616985 0.336988023817546 0.336988731574137 0.336989439439238 9.99999951277791e-11 0.158525006937073
0.327889027810424 0.327889688743332 0.327890350292238 0.32789101245713 0.327891675237994 0.327892338634814 0.327893002647574 0.327893667276256 0.327894332520842 0.327894998381312 9.99999950963508e-11 0.153700892552264
0.343817835956518 0.343817456968036 0.343817077965202 0.343816698947543 0.343816319914581 0.343815940865838 0.343815561800833 0.343815182719086 0.343814803620112 0.343814424503426 9.99999948356689e-11 0.166798792612097
0.362935400031344 0.362935515934806 0.362935632088375 0.362935748491815 0.362935865144889 0.362935982047358 0.362936099198983 0.362936216599522 0.362936334248733 0.362936452146371 9.99999953899823e-11 0.181242933242648
0.626073604210825 0.626074810261243 0.626076016204511 0.626077222040183 0.626078427767813 0.626079633386948 0.62608083889714 0.626082044297935 0.626083249588881 0.62608445476952 9.99999977262500e-11 0.641103381407073
0.625133763941185 0.625134992305951 0.625136220578869 0.625137448759537 0.62513867684755 0.625139904842503 0.625141132743985 0.625142360551589 0.625143588264905 0.625144815883519 9.99999976026016e-11 0.649700519779807
0.626387992351631 0.626388983357601 0.626389974215055 0.626390964923539 0.62639195548259 0.626392945891748 0.626393936150553 0.626394926258537 0.626395916215238 0.626396906020186 9.99999976828036e-11 0.648791346073595
0.343736133172677 0.343736285126346 0.34373643713447 0.343736589196571 0.343736741312167 0.343736893480773 0.343737045701907 0.343737197975081 0.343737350299806 0.343737502675594 9.99999954090232e-11 0.163270297046752
0.359151409033498 0.359150356474205 0.359149303807951 0.359148251034217 0.359147198152483 0.359146145162229 0.35914509206293 0.359144038854062 0.359142985535097 0.359141932105507 9.99999958227728e-11 0.176681701401901
0.328034936977921 0.32803509116548 0.32803524542133 0.328035399745009 0.328035554136052 0.328035708593992 0.328035863118361 0.328036017708689 0.328036172364505 0.328036327085335 9.99999951363786e-11 0.153823342856443
0.356050613473345 0.356051660896732 0.356052708885207 0.3560537574387 0.356054806557139 0.35605585624045 0.356056906488559 0.356057957301392 0.356059008678872 0.356060060620922 9.99999957540455e-11 0.166864970819496
0.628482890387599 0.628484302998327 0.628485715476524 0.628487127821707 0.628488540033392 0.628489952111091 0.628491364054316 0.628492775862578 0.628494187535385 0.628495599072243 9.99999978886252e-11 0.619165598813212
0.337393258825121 0.337393432294392 0.33739360581532 0.337393779387585 0.337393953010871 0.337394126684856 0.337394300409222 0.337394474183645 0.337394648007803 0.337394821881373 9.99999951223993e-11 0.159724586655607
0.630393112401515 0.630395026520762 0.630396940739697 0.630398855058039 0.630400769475511 0.630402683991835 0.630404598606727 0.630406513319907 0.630408428131092 0.630410343039997 9.999999791287e-11 0.619229075598734
0.356292810248825 0.356293322733836 0.356293835329675 0.356294348035823 0.356294860851758 0.356295373776956 0.356295886810893 0.356296399953038 0.356296913202864 0.35629742655984 9.99999949023825e-11 0.176152792617676
0.358025816569183 0.35802563446828 0.358025452343326 0.35802527019393 0.358025088019702 0.35802490582025 0.358024723595179 0.358024541344094 0.358024359066599 0.358024176762296 9.99999956648687e-11 0.178906479518947
0.328284957260789 0.328286070344629 0.32828718406148 0.328288298411374 0.328289413394339 0.328290529010405 0.328291645259599 0.32829276214195 0.328293879657483 0.328294997806224 9.99999950991572e-11 0.146132392491575
0.625233547210241 0.625234463237506 0.62523537909423 0.625236294779927 0.625237210294112 0.625238125636292 0.625239040805978 0.625239955802678 0.625240870625898 0.625241785275142 9.99999976233089e-11 0.657313012408833
0.345599045126975 0.345599061883057 0.345599079092313 0.345599096754697 0.345599114870167 0.345599133438675 0.345599152460176 0.345599171934622 0.345599191861966 0.345599212242157 9.99999949875991e-11 0.170328122525689
0.309353722367109 0.309346506082537 0.309339288602852 0.309332069927428 0.309324850055637 0.309317628986848 0.309310406720433 0.309303183255758 0.309295958592191 0.309288732729095 9.99999948486296e-11 0.139953170323334
0.348376364756286 0.348376528578381 0.348376692560263 0.348376856701652 0.348377021002268 0.34837718546183 0.348377350080054 0.348377514856657 0.348377679791353 0.348377844883856 9.99999954378316e-11 0.168314410238052
0.627685807939335 0.627687181363016 0.627688554713501 0.627689927990382 0.627691301193251 0.627692674321701 0.627694047375319 0.627695420353696 0.627696793256416 0.627698166083066 9.99999976916534e-11 0.63791672108251
0.2966611930228 0.296650974854551 0.296640754388181 0.296630531622224 0.296620306555213 0.296610079185679 0.296599849512151 0.296589617533155 0.296579383247212 0.296569146652846 9.99999947590721e-11 0.133979936841291
0.628193597616246 0.628194831434198 0.628196065085723 0.628197298570292 0.628198531887376 0.628199765036443 0.628200998016957 0.628202230828384 0.628203463470188 0.628204695941827 9.99999977271055e-11 0.641895212089968
0.628198947144575 0.628200374300118 0.628201801388295 0.628203228408668 0.628204655360792 0.628206082244224 0.62820750905852 0.628208935803233 0.628210362477914 0.628211789082114 9.99999977040681e-11 0.636241171684721
0.356442586637396 0.356443327658913 0.356444069003199 0.356444810670083 0.356445552659396 0.356446294970964 0.356447037604613 0.356447780560171 0.356448523837459 0.356449267436303 9.9999995350103e-11 0.175599429960631
0.311661429030965 0.311658683317923 0.311655937835218 0.311653192582779 0.311650447560539 0.311647702768429 0.311644958206375 0.311642213874307 0.311639469772151 0.311636725899833 9.99999947207171e-11 0.139810796720746
0.631017814303284 0.631019659313888 0.631021504355753 0.631023349428441 0.631025194531515 0.631027039664535 0.631028884827058 0.63103073001864 0.631032575238838 0.631034420487204 9.99999978402823e-11 0.624526984097333
0.309366534983771 0.309363844189385 0.309361153391882 0.309358462590962 0.309355771786324 0.309353080977666 0.309350390164685 0.309347699347076 0.309345008524531 0.309342317696744 9.99999943276886e-11 0.140574065460555
0.627713046096054 0.62771457131531 0.627716096514523 0.627717621693301 0.627719146851248 0.627720671987966 0.627722197103057 0.627723722196123 0.627725247266763 0.627726772314573 9.99999977258429e-11 0.638808564509833
0.335774488251367 0.335775090567171 0.335775693290896 0.335776296422377 0.335776899961447 0.335777503907936 0.335778108261678 0.3357787130225 0.33577931819023 0.335779923764696 9.99999957511853e-11 0.1540528912027
0.265503781487272 0.265493863674601 0.265483943882408 0.265474022109536 0.265464098354828 0.265454172617123 0.265444244895259 0.265434315188072 0.265424383494395 0.26541444981306 9.99999942843951e-11 0.106396345834454
