0.348162026441293 0.348161300558562 0.348160574408424 0.348159847990301 0.348159121303611 0.348158394347772 0.348157667122201 0.348156939626314 0.348156211859524 0.348155483821246 9.99999942573967e-11 0.167812541571087
0.657369071355689 0.657370183264931 0.657371294870221 0.65737240617089 0.657373517166271 0.65737462785569 0.657375738238478 0.65737684831396 0.65737795808146 0.6573790675403 9.99999973228685e-11 0.713061383636126
0.655544870127602 0.655546058955386 0.655547247676632 0.655548436291031 0.655549624798276 0.655550813198056 0.655552001490063 0.655553189673987 0.655554377749517 0.655555565716339 9.9999996806503e-11 0.749296211001359
0.372081022618084 0.372080530419863 0.372080038255682 0.372079546125199 0.372079054028075 0.372078561963968 0.372078069932537 0.372077577933438 0.37207708596633 0.372076594030869 9.99999950194817e-11 0.185212370994389
0.273841743818601 0.273810367563055 0.273778967316149 0.273747543041092 0.273716094701004 0.27368462225891 0.273653125677743 0.273621604920343 0.273590059949456 0.273558490727734 9.99999923045824e-11 0.11754313538855
0.661220132704329 0.66122215153229 0.661224170439972 0.66122618942726 0.661228208494039 0.661230227640197 0.661232246865619 0.661234266170191 0.661236285553801 0.661238305016337 9.99999974688650e-11 0.696538446797966
0.317709662450495 0.317683573895407 0.317657470588707 0.317631352512574 0.317605219649145 0.317579071980519 0.317552909488752 0.317526732155861 0.317500539963821 0.317474332894566 9.99999955174e-11 0.128591970545346
0.304770431322621 0.304767128218897 0.304763826207319 0.304760525292779 0.304757225480192 0.304753926774494 0.304750629180647 0.304747332703631 0.304744037348452 0.30474074312014 9.99999936091881e-11 0.1351403109113
0.362107107719285 0.362108220398026 0.362109335870723 0.362110454142926 0.362111575220208 0.362112699108163 0.362113825812403 0.362114955338565 0.362116087692303 0.362117222879296 9.99999960553863e-11 0.174265192848409
0.658536160634635 0.658537729883404 0.6585392992939 0.658540868866317 0.658542438600851 0.658544008497703 0.658545578557072 0.658547148779156 0.65854871916416 0.658550289712285 9.99999970945226e-11 0.732312781977215
0.372177619179121 0.372177812822843 0.372178006744681 0.372178200944379 0.372178395421684 0.372178590176341 0.372178785208093 0.372178980516683 0.372179176101854 0.372179371963349 9.9999995045371e-11 0.179995380388788
0.345486502567666 0.345486231987304 0.345485961498781 0.345485691102028 0.345485420796976 0.345485150583557 0.345484880461704 0.34548461043135 0.345484340492427 0.34548407064487 9.99999938133613e-11 0.169436989242242
0.294273519062674 0.294261953191481 0.294250385790837 0.294238816861785 0.294227246405376 0.294215674422661 0.294204100914699 0.294192525882551 0.294180949327282 0.294169371249961 9.99999941688634e-11 0.124618515832932
0.659723779308365 0.659724718352911 0.65972565710419 0.659726595561659 0.659727533724774 0.659728471592988 0.659729409165753 0.659730346442521 0.659731283422743 0.659732220105868 9.99999970205723e-11 0.741914703221673
0.658353462875782 0.658354810446001 0.658356157913712 0.658357505278534 0.658358852540087 0.658360199697989 0.658361546751862 0.658362893701318 0.658364240545975 0.658365587285445 9.99999972128222e-11 0.720517469610478
0.657040782421123 0.657041988722828 0.657043194868978 0.657044400859137 0.657045606692865 0.657046812369721 0.657048017889264 0.657049223251051 0.657050428454638 0.657051633499579 9.99999969761269e-11 0.739449653751549
0.34500707519731 0.345007303857627 0.345007533344445 0.345007763658535 0.345007994800665 0.345008226771608 0.345008459572136 0.345008693203021 0.34500892766504 0.345009162958968 9.99999939895712e-11 0.166311582248634
0.343480170458178 0.343480837719817 0.343481505319788 0.343482173257821 0.343482841533643 0.343483510146982 0.343484179097564 0.343484848385114 0.343485518009355 0.343486187970012 9.99999941078227e-11 0.163788830156328
0.656804997285496 0.656806151184964 0.656807304874636 0.656808458353989 0.656809611622504 0.656810764679656 0.656811917524922 0.656813070157773 0.656814222577685 0.656815374784129 9.99999968135869e-11 0.747596925783501
0.310264468848991 0.310261580190597 0.31025869198859 0.310255804243823 0.310252916957155 0.310250030129441 0.310247143761543 0.310244257854324 0.310241372408648 0.310238487425381 9.9999993302796e-11 0.138561159980157
0.355287470452282 0.355287879352096 0.355288288230861 0.355288697087909 0.355289105922568 0.355289514734164 0.355289923522019 0.355290332285459 0.355290741023799 0.35529114973636 9.99999950054975e-11 0.170362328664268
0.328614585029521 0.328614817981631 0.328615050889729 0.328615283753227 0.328615516571542 0.328615749344085 0.328615982070267 0.328616214749497 0.328616447381182 0.32861667996473 9.999999576476e-11 0.146755719196751
0.656451596655104 0.656452949394917 0.65645430206655 0.656455654669718 0.656457007204138 0.656458359669519 0.656459712065581 0.656461064392031 0.656462416648587 0.656463768834956 9.99999969647909e-11 0.734543798851636
0.660374578909824 0.660376651355601 0.660378724005448 0.660380796859417 0.660382869917559 0.660384943179923 0.660387016646561 0.660389090317528 0.660391164192871 0.660393238272648 9.99999970451321e-11 0.723655250122222
0.659676239481579 0.659677619231613 0.6596789988106 0.659680378218052 0.659681757453481 0.659683136516403 0.659684515406324 0.659685894122755 0.659687272665204 0.659688651033177 9.99999973070039e-11 0.712326310947492
0.323056170439266 0.323057050887146 0.323057931801791 0.323058813183221 0.323059695031455 0.323060577346514 0.323061460128414 0.323062343377176 0.323063227092817 0.323064111275355 9.99999941334674e-11 0.14730140920034
0.314961660950311 0.314958883675873 0.314956106764628 0.314953330216864 0.314950554032867 0.314947778212928 0.314945002757334 0.314942227666377 0.314939452940343 0.314936678579525 9.9999994215348e-11 0.136456733701432
0.315570251981878 0.315567121407883 0.31556399050674 0.315560859278031 0.31555772772134 0.31555459583625 0.315551463622341 0.315548331079194 0.315545198206388 0.315542065003504 9.99999941990953e-11 0.142485515908759
0.303455723458043 0.303452413219042 0.303449102811889 0.303445792236303 0.303442481492 0.303439170578698 0.303435859496114 0.303432548243964 0.303429236821963 0.303425925229826 9.99999934104338e-11 0.133087703624517
0.658357346887058 0.65835849859921 0.658359650181235 0.658360801632832 0.658361952953696 0.658363104143523 0.658364255202006 0.658365406128842 0.658366556923723 0.658367707586343 9.99999970872376e-11 0.736229215824208
0.27376194686562 0.273746566805996 0.273731182356888 0.273715793515933 0.273700400280767 0.273685002649027 0.273669600618345 0.273654194186355 0.273638783350687 0.273623368108972 9.99999927744434e-11 0.115594806507653
0.341431870044063 0.341432458745632 0.341433048464447 0.341433639201475 0.341434230957679 0.341434823734029 0.341435417531494 0.341436012351045 0.341436608193654 0.341437205060297 9.99999947329105e-11 0.161754690053683
0.318565115450285 0.318561647680368 0.318558179409512 0.31855471063705 0.318551241362311 0.318547771584624 0.318544301303317 0.318540830517714 0.318537359227141 0.318533887430918 9.99999933555073e-11 0.145343209713242
0.371565684326168 0.371565175230737 0.371564665933685 0.371564156434449 0.371563646732465 0.371563136827169 0.371562626717993 0.37156211640437 0.371561605885731 0.371561095161504 9.99999940747722e-11 0.19443784792838
0.338617284564597 0.338616858195388 0.338616431676933 0.338616005008695 0.338615578190138 0.338615151220724 0.338614724099911 0.33861429682716 0.338613869401928 0.338613441823669 9.99999948741854e-11 0.158683923402121
0.655781660822961 0.655783243635356 0.655784826624523 0.655786409790626 0.655787993133835 0.655789576654319 0.655791160352247 0.655792744227792 0.655794328281123 0.655795912512414 9.99999967912556e-11 0.751770833590482
0.358351609191134 0.35835102786062 0.358350446345191 0.358349864644335 0.358349282757538 0.358348700684284 0.358348118424056 0.358347535976336 0.358346953340605 0.358346370516343 9.99999941285634e-11 0.18100136241667
0.658111710931269 0.658113210171871 0.658114709371461 0.658116208529764 0.658117707646509 0.658119206721419 0.658120705754221 0.658122204744641 0.658123703692402 0.658125202597227 9.99999970356144e-11 0.730707388119668
0.661180063030297 0.661182182910824 0.661184302945497 0.661186423134165 0.661188543476674 0.661190663972869 0.661192784622593 0.661194905425693 0.661197026382012 0.661199147491393 9.99999975530191e-11 0.68719919181641
0.334197976882584 0.334192669669815 0.334187361563847 0.334182052563946 0.334176742669381 0.334171431879415 0.334166120193311 0.334160807610335 0.334155494129744 0.334150179750801 9.99999956233495e-11 0.15273572211619
0.271715748951337 0.271696852093243 0.271677947989187 0.271659036633198 0.271640118019297 0.271621192141494 0.271602258993788 0.271583318570171 0.271564370864622 0.271545415871112 9.99999918912309e-11 0.114936798273828
0.343806839547353 0.343807920555497 0.343809002225319 0.343810084556957 0.343811167550551 0.343812251206237 0.343813335524152 0.343814420504436 0.343815506147222 0.343816592452648 9.99999946721564e-11 0.158477628163264
0.317571283171799 0.317565046524535 0.317558808880084 0.317552570237593 0.317546330596208 0.317540089955074 0.317533848313335 0.317527605670133 0.317521362024608 0.317515117375901 9.99999945913347e-11 0.14105350006676
0.659722137252466 0.659723728508449 0.659725319637851 0.659726910640188 0.659728501514971 0.659730092261712 0.659731682879923 0.659733273369113 0.659734863728791 0.659736453958462 9.99999972679562e-11 0.717107417294245
0.279884830539566 0.279873171378946 0.279861509879755 0.279849846041231 0.279838179862613 0.279826511343138 0.279814840482044 0.27980316727857 0.279791491731954 0.279779813841433 9.99999936475256e-11 0.119178755499934
0.276777661278717 0.276732321315743 0.276686942948419 0.27664152611547 0.276596070755455 0.276550576806764 0.276505044207618 0.276459472896067 0.276413862809991 0.276368213887097 9.99999937044228e-11 0.11409368169297
0.6582599981707 0.658261568848015 0.65826313956268 0.658264710314566 0.658266281103545 0.658267851929487 0.658269422792266 0.658270993691752 0.658272564627817 0.658274135600331 9.99999969125098e-11 0.739263527981321
0.231073022248059 0.231061881704629 0.231050739666427 0.231039596133304 0.231028451105111 0.231017304581703 0.231006156562932 0.230995007048655 0.230983856038729 0.23097270353301 9.99999928587626e-11 0.0815572040191357
0.326341917130786 0.32634241579671 0.326342915492093 0.326343416218538 0.326343917977653 0.326344420771055 0.326344924600365 0.326345429467211 0.32634593537323 0.326346442320062 9.99999950044322e-11 0.145327492809002
0.328150893212273 0.328151281818756 0.328151670485887 0.328152059213327 0.328152448000732 0.32815283684776 0.328153225754068 0.328153614719311 0.328154003743144 0.328154392825221 9.99999927605666e-11 0.155833053766291
0.278959807205301 0.278948786296245 0.278937763665736 0.278926739313392 0.278915713238833 0.278904685441678 0.278893655921547 0.278882624678061 0.278871591710838 0.278860557019501 9.99999929390467e-11 0.117427695883715
0.232286987652856 0.232277038095807 0.23226708667996 0.232257133404579 0.232247178268931 0.232237221272279 0.232227262413891 0.232217301693032 0.232207339108969 0.232197374660968 9.99999930124983e-11 0.0874693382918791
0.658647296435817 0.658649417186259 0.658651538205109 0.658653659492378 0.658655781048078 0.65865790287222 0.658660024964817 0.658662147325881 0.658664269955422 0.658666392853452 9.99999972657833e-11 0.709507547846372
0.660461200877494 0.660462764618167 0.660464328201035 0.660465891625608 0.660467454891394 0.660469017997898 0.660470580944628 0.660472143731087 0.660473706356777 0.6604752688212 9.9999997251085e-11 0.715460129642367
0.355500847038949 0.355502280424463 0.355503714759377 0.355505150044898 0.355506586282235 0.355508023472604 0.355509461617224 0.355510900717319 0.355512340774117 0.355513781788851 9.99999949781735e-11 0.164150488632575
0.340055249236467 0.340055325027768 0.340055400955694 0.340055477020192 0.34005555322121 0.340055629558699 0.340055706032607 0.340055782642883 0.340055859389476 0.340055936272338 9.99999937543822e-11 0.165979963907055
0.262475417204908 0.262441988825987 0.262408535374964 0.262375056812188 0.262341553097896 0.262308024192218 0.262274470055171 0.262240890646662 0.262207285926488 0.26217365585433 9.99999942287032e-11 0.105522129908198
0.656016097541503 0.656017702970838 0.6560193084717 0.656020914043854 0.656022519687064 0.656024125401094 0.656025731185708 0.656027337040667 0.656028942965732 0.656030548960667 9.99999968528942e-11 0.743978326157295
0.33528446120709 0.3352822641509 0.335280068391651 0.335277873932225 0.335275680775508 0.335273488924404 0.335271298381822 0.335269109150683 0.335266921233921 0.335264734634478 9.99999941180122e-11 0.151433854525439
0.658935904701323 0.65893717238455 0.658938439915315 0.658939707293161 0.658940974517634 0.658942241588274 0.658943508504621 0.658944775266217 0.658946041872599 0.658947308323304 9.99999970537425e-11 0.736616847316309
0.29210863969089 0.292093931732092 0.292079219727148 0.292064503673698 0.292049783569378 0.292035059411824 0.292020331198665 0.292005598927533 0.291990862596051 0.291976122201844 9.99999933519768e-11 0.125398133935622
0.291770705365988 0.291768479693091 0.291766253943477 0.291764028116852 0.291761802212929 0.291759576231414 0.291757350172014 0.291755124034438 0.291752897818392 0.291750671523582 9.99999950189535e-11 0.121402696583801
0.345303260919154 0.345303853519976 0.345304446539797 0.345305039979081 0.345305633838292 0.345306228117899 0.345306822818371 0.345307417940177 0.345308013483793 0.345308609449691 9.99999942285055e-11 0.163589030056444
0.655512243869362 0.65551331393874 0.65551438394941 0.655515453901113 0.655516523793588 0.655517593626574 0.655518663399809 0.655519733113031 0.655520802765977 0.655521872358383 9.99999967481447e-11 0.761872763607542
0.248560511190388 0.248549262207202 0.248538011151345 0.248526758021529 0.248515502816463 0.248504245534855 0.24849298617541 0.24848172473683 0.248470461217815 0.248459195617064 9.99999938772303e-11 0.0981932894817729
0.655374043320435 0.655375422952429 0.655376802518277 0.655378182017616 0.655379561450078 0.655380940815294 0.655382320112896 0.655383699342515 0.655385078503778 0.655386457596315 9.99999969366371e-11 0.739995112775113
0.331926457020626 0.331926037374326 0.331925617607786 0.331925197720528 0.331924777712072 0.331924357581936 0.331923937329636 0.331923516954692 0.331923096456617 0.331922675834925 9.99999944424508e-11 0.155620930930523
0.347106112362488 0.34710714514691 0.347108179153469 0.347109214383645 0.347110250838921 0.347111288520788 0.347112327430741 0.347113367570282 0.347114408940918 0.347115451544161 9.99999939587248e-11 0.16658114213043
0.343389688156488 0.343390124731993 0.343390561375865 0.343390998087482 0.343391434866223 0.343391871711464 0.343392308622581 0.343392745598948 0.343393182639935 0.343393619744913 9.9999994342765e-11 0.156232790370369
0.324353187526053 0.324354715360105 0.324356244856119 0.324357776016174 0.324359308842358 0.324360843336765 0.324362379501494 0.324363917338652 0.324365456850353 0.324366998038716 9.99999938704926e-11 0.147537930563898
0.330407375526255 0.330407283610885 0.330407191607843 0.330407099516594 0.330407007336599 0.330406915067317 0.330406822708207 0.330406730258727 0.330406637718332 0.330406545086477 9.99999940605564e-11 0.154163977338211
0.360170258590326 0.360170112099828 0.360169965657136 0.360169819261785 0.360169672913314 0.360169526611257 0.360169380355147 0.360169234144518 0.3601690879789 0.360168941857823 9.99999944935672e-11 0.174719134054861
0.65560131821592 0.655602290695924 0.655603263050237 0.655604235278586 0.655605207380695 0.655606179356293 0.655607151205105 0.655608122926853 0.655609094521263 0.65561006598806 9.99999968685504e-11 0.747206319228855
0.656855919741674 0.656857231424874 0.656858542994345 0.656859854449738 0.656861165790702 0.656862477016883 0.65686378812793 0.65686509912349 0.656866410003207 0.656867720766727 9.99999970658951e-11 0.727983957503025
0.659220077364173 0.659221272106448 0.659222466612338 0.659223660881263 0.659224854912639 0.659226048705883 0.659227242260408 0.659228435575629 0.659229628650954 0.659230821485795 9.99999972278568e-11 0.720931896275076
0.36687545956154 0.366875222107932 0.366874984985743 0.366874748195135 0.36687451173627 0.366874275609312 0.366874039814426 0.366873804351775 0.366873569221526 0.366873334423843 9.99999954966434e-11 0.177885115679726
0.338346814253839 0.338346326070718 0.338345837737323 0.338345349253123 0.338344860617586 0.338344371830181 0.338343882890373 0.338343393797627 0.338342904551408 0.338342415151176 9.99999938737108e-11 0.163245124695188
0.331981624159523 0.331981694878147 0.331981767695706 0.331981842617006 0.331981919646865 0.331981998790123 0.331982080051639 0.331982163436289 0.331982248948968 0.331982336594591 9.9999994320164e-11 0.157633937209415
0.350882170885238 0.350883179989681 0.350884190793253 0.350885203298627 0.350886217508487 0.350887233425526 0.350888251052447 0.35088927039196 0.35089029144679 0.350891314219669 9.99999938466414e-11 0.169412438610069
0.656870014039097 0.656870829871913 0.656871645435389 0.65687246072904 0.65687327575238 0.656874090504919 0.656874904986169 0.65687571919564 0.65687653313284 0.656877346797276 9.99999972606907e-11 0.720670953260867
0.328909024584273 0.328909193031925 0.328909361322508 0.328909529455391 0.328909697429941 0.328909865245523 0.328910032901501 0.328910200397237 0.328910367732093 0.328910534905427 9.99999952854015e-11 0.147498814463564
0.658151646028771 0.658152823780371 0.658154001381946 0.658155178833183 0.658156356133779 0.658157533283423 0.658158710281806 0.658159887128621 0.658161063823554 0.658162240366299 9.99999972642539e-11 0.719531104903792
0.3572225955316 0.357223011443879 0.357223428101917 0.357223845506635 0.357224263658956 0.357224682559807 0.357225102210116 0.357225522610818 0.357225943762847 0.357226365667144 9.99999950491861e-11 0.169500189133393
0.36110446219364 0.361104503215362 0.361104544263283 0.361104585336943 0.361104626435881 0.361104667559633 0.361104708707736 0.361104749879724 0.361104791075131 0.361104832293491 9.99999942386654e-11 0.176803604882409
0.358504101348142 0.358504921927941 0.358505743126154 0.358506564942884 0.35850738737823 0.358508210432294 0.358509034105176 0.358509858396976 0.358510683307796 0.358511508837734 9.99999941350944e-11 0.174741665343874
0.657401125399348 0.65740205146796 0.657402977309616 0.657403902923843 0.657404828310172 0.657405753468127 0.657406678397236 0.657407603097021 0.657408527567008 0.657409451806719 9.99999968797078e-11 0.75108164223908
0.355142948156679 0.355142585087484 0.355142222012084 0.355141858930069 0.35514149584103 0.355141132744553 0.355140769640227 0.355140406527638 0.355140043406369 0.355139680276007 9.99999946880717e-11 0.173640931262642
0.308450813423031 0.308444040504855 0.308437267862768 0.308430495499067 0.308423723416054 0.30841695161604 0.308410180101337 0.308403408874264 0.308396637937148 0.308389867292319 9.99999946949246e-11 0.134117527758146
0.344380456537379 0.344381709899875 0.3443829645058 0.344384220356668 0.344385477454002 0.344386735799327 0.344387995394177 0.344389256240091 0.344390518338613 0.344391781691293 9.99999942220413e-11 0.16567551316775
0.657636944380646 0.657638628290861 0.65764031214841 0.657641995952897 0.657643679703933 0.657645363401127 0.657647047044081 0.657648730632402 0.657650414165693 0.657652097643558 9.99999970248292e-11 0.728118588378313
0.289811676494917 0.289799224308598 0.289786764959838 0.289774298433344 0.28976182471377 0.289749343785719 0.289736855633743 0.289724360242342 0.289711857595962 0.289699347679001 9.99999938332795e-11 0.125264696769066
0.657161132214573 0.657162316454441 0.65716350055619 0.657164684519468 0.657165868343915 0.657167052029176 0.657168235574894 0.657169418980711 0.657170602246267 0.657171785371203 9.99999971023637e-11 0.731748138699013
0.659310759737201 0.6593123915071 0.65931402311817 0.659315654569833 0.659317285861521 0.659318916992657 0.659320547962663 0.659322178770963 0.659323809416975 0.659325439900116 9.99999973544495e-11 0.700687685242196
0.340621484823935 0.340621558827996 0.34062163289184 0.340621707015191 0.340621781197772 0.340621855439306 0.340621929739516 0.340622004098122 0.340622078514848 0.340622152989413 9.9999993988663e-11 0.163095748804744
0.322139265132338 0.32213454581132 0.322129826429821 0.322125106987928 0.32212038748573 0.322115667923315 0.322110948300774 0.322106228618194 0.322101508875665 0.322096789073278 9.99999938732411e-11 0.143972009070683
0.658885435606624 0.658886786620438 0.658888137645682 0.65888948868232 0.658890839730322 0.658892190789655 0.658893541860288 0.65889489294219 0.65889624403533 0.658897595139679 9.99999971363261e-11 0.730111090034837
0.312616510211046 0.312614595578769 0.312612681346543 0.312610767514404 0.312608854082383 0.312606941050514 0.312605028418827 0.312603116187353 0.312601204356124 0.312599292925169 9.9999993533012e-11 0.134116894151629
0.658525609530826 0.65852660218274 0.658527594495867 0.658528586469525 0.658529578103029 0.658530569395694 0.658531560346835 0.65853255095576 0.658533541221781 0.658534531144201 9.99999970062036e-11 0.737545962042139
0.335886625890844 0.335886275458746 0.335885924930518 0.335885574305648 0.335885223583623 0.33588487276393 0.335884521846051 0.33588417082947 0.335883819713668 0.335883468498126 9.99999939813908e-11 0.154968038907421
0.293945635227773 0.293934264737826 0.293922891428172 0.293911515297253 0.293900136343512 0.293888754565387 0.293877369961316 0.293865982529736 0.293854592269077 0.293843199177773 9.99999940266657e-11 0.123980479893015
