0.363205076738761 0.363204958234618 0.363204839726588 0.363204721214265 0.363204602697242 0.36320448417511 0.363204365647456 0.363204247113871 0.363204128573941 0.36320401002725 9.9999996916354e-11 0.176890131506089
0.580085163265951 0.580086961012781 0.580088758778704 0.580090556563372 0.580092354366434 0.580094152187538 0.580095950026331 0.58009774788246 0.58009954575557 0.580101343645303 9.99999984744244e-11 0.49208769727004
0.580662485655928 0.580663960116335 0.580665434514218 0.580666908849175 0.580668383120803 0.580669857328697 0.580671331472449 0.580672805551653 0.580674279565898 0.580675753514773 9.99999984657225e-11 0.503124166707505
0.337312981856494 0.33731350515655 0.337314028685714 0.337314552443738 0.337315076430372 0.337315600645365 0.337316125088466 0.337316649759423 0.337317174657981 0.337317699783885 9.99999961387133e-11 0.15850352520438
0.244745608426712 0.244716603485344 0.244687585151926 0.244658553415122 0.244629508263579 0.244600449685926 0.244571377670775 0.244542292206719 0.244513193282334 0.244484080886179 9.9999994461095e-11 0.0896945141198721
0.580512107378297 0.580513694555572 0.580515281702188 0.580516868817786 0.580518455902003 0.580520042954479 0.580521629974848 0.580523216962747 0.580524803917809 0.580526390839666 9.99999985431296e-11 0.489420154365264
0.272371105817746 0.272354046840333 0.272336982450854 0.272319912646026 0.272302837422558 0.272285756777156 0.272268670706523 0.272251579207354 0.272234482276345 0.272217379910183 9.99999959359846e-11 0.112582430611316
0.282856833512921 0.282855177791134 0.282853521824177 0.282851865611546 0.282850209152741 0.282848552447255 0.282846895494583 0.28284523829422 0.282843580845655 0.282841923148378 9.99999959067173e-11 0.121883520885759
0.3460607994699 0.346060075447934 0.346059351231799 0.346058626820964 0.346057902214892 0.34605717741305 0.346056452414898 0.346055727219897 0.346055001827508 0.346054276237187 9.99999967153886e-11 0.170794695689047
0.579132379755281 0.579133489239969 0.57913459857175 0.579135707750203 0.579136816774904 0.579137925645427 0.579139034361345 0.579140142922234 0.579141251327662 0.5791423595772 9.99999985710799e-11 0.496107955853937
0.365880738510199 0.365880697742787 0.365880657144461 0.365880616715039 0.365880576454335 0.365880536362165 0.365880496438343 0.365880456682681 0.365880417094993 0.36588037767509 9.99999967095476e-11 0.185205573604693
0.334274402962719 0.334275762475466 0.334277122574711 0.334278483260386 0.334279844532422 0.334281206390748 0.334282568835293 0.334283931865984 0.334285295482748 0.334286659685512 9.99999962827833e-11 0.148380157264439
0.243035066414199 0.243030113828121 0.24302516079961 0.243020207328374 0.243015253414117 0.243010299056544 0.243005344255356 0.243000389010257 0.242995433320946 0.242990477187124 9.99999949962100e-11 0.0982506053722795
0.581309285227576 0.581311079713663 0.581312874213476 0.581314668726641 0.581316463252778 0.581318257791508 0.581320052342447 0.581321846905215 0.581323641479428 0.5813254360647 9.99999985233157e-11 0.48800234798789
0.58223957365758 0.582241207413096 0.582242841182968 0.582244474966888 0.582246108764549 0.582247742575642 0.582249376399855 0.582251010236875 0.582252644086391 0.582254277948087 9.99999985642028e-11 0.486648288718449
0.57963506971158 0.579636361196403 0.579637652512012 0.579638943657898 0.579640234633548 0.579641525438452 0.579642816072094 0.57964410653396 0.579645396823533 0.579646686940291 9.99999986122666e-11 0.485955084101465
0.333916106896909 0.33391677621335 0.333917445585404 0.333918115012623 0.333918784494557 0.333919454030756 0.333920123620764 0.333920793264129 0.333921462960395 0.333922132709103 9.99999964869513e-11 0.154297195445249
0.352097489779489 0.35209755707639 0.352097624383986 0.352097691701952 0.352097759029964 0.352097826367692 0.35209789371481 0.352097961070987 0.352098028435892 0.352098095809195 9.999999684405e-11 0.176538077822839
0.576887334720576 0.576887967422355 0.57688859989762 0.576889232145951 0.576889864166926 0.576890495960122 0.576891127525113 0.576891758861474 0.576892389968778 0.576893020846597 9.99999984230552e-11 0.529115528898047
0.332736540692654 0.332732775703307 0.332729010287769 0.332725244445714 0.332721478176814 0.332717711480738 0.332713944357158 0.332710176805741 0.332706408826156 0.332702640418069 9.99999962985417e-11 0.165683425383501
0.311538529719228 0.311538969091775 0.311539408425172 0.311539847718944 0.311540286972612 0.311540726185696 0.311541165357715 0.311541604488187 0.311542043576625 0.311542482622545 9.99999962315777e-11 0.138673726684135
0.315427274469166 0.31542721487331 0.315427155266984 0.31542709564982 0.315427036021447 0.315426976381493 0.315426916729586 0.31542685706535 0.315426797388411 0.315426737698391 9.99999961121332e-11 0.149272675642545
0.578741867395217 0.578743242682492 0.578744617870658 0.578745992959306 0.578747367948026 0.578748742836407 0.578750117624038 0.578751492310505 0.578752866895394 0.57875424137829 9.99999985061162e-11 0.493616455840318
0.577800061829097 0.577801250544781 0.57780243907197 0.57780362741019 0.577804815558964 0.577806003517808 0.577807191286243 0.577808378863786 0.577809566249951 0.577810753444255 9.99999985156967e-11 0.494159164406146
0.57903900545502 0.579040250840539 0.579041496196423 0.579042741522374 0.57904398681809 0.579045232083274 0.579046477317622 0.579047722520832 0.579048967692601 0.579050212832624 9.99999984072057e-11 0.520584744378078
0.326413972508679 0.326414934624233 0.32641589708037 0.326416859876815 0.326417823013296 0.326418786489539 0.326419750305265 0.326420714460201 0.326421678954064 0.326422643786576 9.9999995907989e-11 0.150278669612662
0.293948829375594 0.293946216335621 0.293943603039941 0.293940989488103 0.293938375679652 0.29393576161413 0.293933147291082 0.293930532710049 0.293927917870571 0.293925302772186 9.99999960792269e-11 0.128210559734804
0.270401971846958 0.270399921289119 0.270397870670272 0.270395819990076 0.270393769248192 0.270391718444278 0.270389667577991 0.270387616648987 0.27038556565692 0.270383514601444 9.99999954104508e-11 0.110143602282391
0.302849884244135 0.302847561216082 0.302845238252886 0.302842915354381 0.302840592520401 0.302838269750777 0.302835947045341 0.302833624403923 0.302831301826351 0.302828979312453 9.99999959830218e-11 0.130567063798555
0.581546289512681 0.581547952928017 0.581549616354991 0.581551279793276 0.581552943242547 0.581554606702471 0.581556270172724 0.581557933652971 0.58155959714288 0.581561260642121 9.9999998556923e-11 0.486335627035959
0.308219523275125 0.30820347369163 0.308187417629097 0.308171355081661 0.308155286043449 0.308139210508577 0.308123128471151 0.308107039925267 0.308090944865014 0.308074843284467 9.99999960160563e-11 0.138809465173187
0.335107385327651 0.335108117243522 0.33510884929096 0.335109581469556 0.335110313778898 0.335111046218574 0.335111778788171 0.335112511487271 0.335113244315458 0.335113977272312 9.9999996258927e-11 0.158253760446678
0.301228252434421 0.301225480979288 0.301222709315276 0.301219937442083 0.301217165359408 0.301214393066945 0.301211620564394 0.301208847851447 0.3012060749278 0.301203301793144 9.99999961028074e-11 0.133495780506391
0.333743608278271 0.33374439063869 0.333745173178013 0.333745955895928 0.333746738792121 0.333747521866277 0.333748305118078 0.333749088547208 0.333749872153348 0.333750655936177 9.99999963288662e-11 0.151575474689624
0.331959177904472 0.331959557800419 0.331959937754027 0.331960317764964 0.331960697832902 0.331961077957507 0.331961458138447 0.331961838375387 0.331962218667992 0.331962599015926 9.99999965660398e-11 0.156340273297872
0.57437884734716 0.574379615286154 0.574380382991846 0.57438115046377 0.574381917701461 0.574382684704451 0.574383451472269 0.574384218004445 0.574384984300507 0.574385750359981 9.99999985490958e-11 0.500039108330685
0.331362171903988 0.331362650366296 0.331363128914975 0.331363607549624 0.331364086269842 0.331364565075224 0.331365043965365 0.331365522939859 0.331366001998298 0.331366481140273 9.99999964283081e-11 0.150712970364022
0.581974073572312 0.581975586029554 0.581977098391773 0.581978610658572 0.581980122829555 0.581981634904319 0.581983146882467 0.581984658763596 0.581986170547302 0.581987682233183 9.99999985591729e-11 0.487678100935005
0.578435036539281 0.578436201253037 0.578437365776045 0.57843853010783 0.57843969424792 0.578440858195838 0.578442021951109 0.578443185513252 0.578444348881789 0.578445512056239 9.99999984966959e-11 0.499752318092842
0.29182810339536 0.291825385567114 0.291822667786064 0.291819950052023 0.291817232364807 0.291814514724228 0.291811797130097 0.291809079582226 0.291806362080425 0.291803644624502 9.99999956640739e-11 0.125099227759743
0.231530271794609 0.231515066780539 0.231499855789645 0.231484638815891 0.231469415853227 0.23145418689559 0.231438951936907 0.23142371097109 0.23140846399204 0.231393210993645 9.99999939614493e-11 0.0952582232928508
0.327798821034703 0.327800159082161 0.327801497689633 0.327802836857138 0.327804176584695 0.327805516872324 0.327806857720042 0.327808199127868 0.327809541095818 0.327810883623909 9.99999962292835e-11 0.147987607977949
0.308626693374337 0.308624152682435 0.308621611888774 0.308619070992971 0.308616529994641 0.308613988893401 0.30861144768886 0.308608906380633 0.308606364968331 0.308603823451561 9.99999960615758e-11 0.13562012884958
0.580522650795668 0.580524357041596 0.580526063236742 0.580527769380715 0.580529475473121 0.580531181513564 0.580532887501647 0.580534593436973 0.580536299319143 0.580538005147754 9.99999985412512e-11 0.482636596262595
0.270605868698417 0.270596767549695 0.270587664855768 0.270578560616123 0.270569454830242 0.270560347497611 0.270551238617712 0.270542128190027 0.270533016214039 0.270523902689227 9.99999956262061e-11 0.114382902432825
0.206029773210703 0.206012761602233 0.205995744311969 0.205978721336053 0.205961692670625 0.205944658311816 0.205927618255754 0.20591057249856 0.205893521036349 0.20587646386523 9.99999930819427e-11 0.0775894251078381
0.577166244857353 0.57716722373548 0.577168202435184 0.57716918095605 0.577170159297665 0.577171137459612 0.577172115441475 0.577173093242835 0.577174070863272 0.577175048302367 9.99999984024461e-11 0.515242768273806
0.250569044420892 0.250556447667172 0.250543848197858 0.250531246011587 0.250518641106995 0.250506033482714 0.250493423137377 0.250480810069612 0.250468194278047 0.250455575761308 9.99999952061958e-11 0.10493982319585
0.321290011491694 0.321290485479727 0.321290959732962 0.321291434251132 0.321291909033967 0.321292384081198 0.321292859392553 0.321293334967759 0.321293810806543 0.32129428690863 9.99999959732445e-11 0.149154133109138
0.35550609893393 0.355505407530315 0.35550471602118 0.355504024406155 0.355503332684865 0.355502640856938 0.355501948921996 0.355501256879663 0.355500564729562 0.355499872471314 9.99999967780988e-11 0.179880211585531
0.268586385477558 0.268576661447023 0.268566935435447 0.268557207441525 0.268547477463953 0.268537745501422 0.268528011552622 0.26851827561624 0.26850853769096 0.268498797775467 9.99999954536407e-11 0.110163192282706
0.269480626123661 0.269475112056663 0.269469597216979 0.269464081604092 0.269458565217484 0.26945304805664 0.269447530121037 0.269442011410155 0.269436491923473 0.269430971660466 9.99999951491078e-11 0.112950519658469
0.579688760848876 0.579690363939564 0.579691966951276 0.579693569883558 0.579695172735954 0.579696775508008 0.579698378199261 0.579699980809254 0.579701583337524 0.579703185783611 9.99999985476055e-11 0.482053385337528
0.583351823671396 0.583353368177023 0.583354912531448 0.583356456734177 0.583358000784722 0.583359544682581 0.583361088427263 0.583362632018269 0.583364175455099 0.583365718737252 9.99999985507352e-11 0.484812042963813
0.33612744505072 0.336127618512593 0.336127792006456 0.336127965531975 0.33612813908881 0.336128312676626 0.336128486295082 0.336128659943838 0.336128833622551 0.336129007330878 9.9999996588958e-11 0.163706903421863
0.349506637302688 0.349506645044455 0.349506653020604 0.349506661231018 0.349506669675581 0.349506678354171 0.349506687266672 0.349506696412961 0.349506705792918 0.349506715406421 9.99999969622254e-11 0.168802147671954
0.252508014598789 0.25248322785945 0.252458426963602 0.252433611896681 0.252408782644097 0.252383939191237 0.252359081523459 0.252334209626097 0.25230932348446 0.252284423083828 9.99999946869154e-11 0.101448757707071
0.579016260946996 0.579017533824937 0.579018806587822 0.579020079235257 0.579021351766846 0.579022624182189 0.579023896480888 0.579025168662544 0.579026440726755 0.579027712673118 9.99999985329697e-11 0.493972371014045
0.279294091291543 0.279291865812621 0.279289640485443 0.279287415310057 0.279285190286511 0.279282965414853 0.279280740695129 0.279278516127385 0.279276291711669 0.279274067448026 9.99999956278957e-11 0.119633243341024
0.580932626274031 0.580934232050849 0.580935837717602 0.580937443273834 0.580939048719088 0.580940654052907 0.580942259274832 0.580943864384402 0.580945469381157 0.58094707426463 9.99999985958857e-11 0.477180383594413
0.300528737204186 0.300517483797432 0.300506227742045 0.300494969036574 0.300483707679565 0.300472443669564 0.300461177005113 0.300449907684752 0.300438635707018 0.300427361070448 9.99999962307070e-11 0.145212454877797
0.320551740329612 0.320547618337865 0.320543495956528 0.320539373185205 0.320535250023499 0.320531126471011 0.320527002527342 0.32052287819209 0.320518753464852 0.320514628345225 9.99999963910642e-11 0.145090676415527
0.348189299675706 0.348189285696224 0.348189271787488 0.34818925794916 0.348189244180901 0.348189230482371 0.348189216853226 0.348189203293124 0.34818918980172 0.34818917637867 9.99999967904402e-11 0.167096967469182
0.576648560736294 0.576649642953731 0.576650725017343 0.57665180692669 0.576652888681337 0.576653970280841 0.576655051724762 0.576656133012656 0.57665721414408 0.57665829511859 9.99999984106354e-11 0.514690085463196
0.270962682496791 0.270951373318471 0.270940061914765 0.270928748284509 0.270917432426537 0.27090611433968 0.27089479402277 0.270883471474635 0.270872146694102 0.270860819679995 9.99999950742978e-11 0.110502812698985
0.580584485525118 0.58058584691101 0.580587208189001 0.58058856935869 0.580589930419674 0.580591291371547 0.580592652213904 0.580594012946339 0.580595373568442 0.580596734079804 9.99999985530756e-11 0.488474227115308
0.336277051655384 0.336276965134369 0.336276878713227 0.336276792391679 0.336276706169447 0.33627662004625 0.336276534021808 0.336276448095839 0.336276362268059 0.336276276538183 9.99999963410587e-11 0.158604159288964
0.315278095431881 0.31527886026946 0.315279625443821 0.315280390954846 0.315281156802419 0.31528192298642 0.31528268950673 0.315283456363229 0.315284223555794 0.315284991084304 9.99999961467241e-11 0.141975827056222
0.362408190928798 0.362408116481119 0.362408042141325 0.362407967909121 0.362407893784211 0.362407819766299 0.362407745855085 0.36240767205027 0.362407598351554 0.362407524758635 9.99999968257262e-11 0.186457551945365
0.337834079821299 0.337834502222854 0.337834924968145 0.337835348057166 0.337835771489909 0.337836195266367 0.33783661938653 0.337837043850392 0.337837468657941 0.337837893809169 9.9999996610893e-11 0.159521051789906
0.32134822781059 0.321348182135188 0.321348136231243 0.32134809009812 0.321348043735185 0.321347997141801 0.32134795031733 0.32134790326113 0.321347855972559 0.321347808450973 9.99999964440511e-11 0.146576077869993
0.329874430614926 0.329874338559469 0.329874246323857 0.329874153907544 0.329874061309984 0.329873968530631 0.329873875568933 0.32987378242434 0.329873689096299 0.329873595584256 9.99999965669974e-11 0.155102546148736
0.577711899515987 0.577713124650652 0.577714349708224 0.577715574688325 0.577716799590572 0.577718024414585 0.577719249159978 0.57772047382637 0.577721698413374 0.577722922920602 9.99999984385555e-11 0.512715576317733
0.57902256164686 0.579024260128769 0.579025958610592 0.579027657091994 0.579029355572637 0.579031054052186 0.579032752530302 0.579034451006645 0.579036149480875 0.579037847952649 9.99999985716086e-11 0.483358402435166
0.582533420571061 0.582535285333461 0.582537150079198 0.582539014807893 0.582540879519163 0.582542744212629 0.582544608887906 0.582546473544609 0.582548338182351 0.582550202800749 9.9999998527338e-11 0.481494773808047
0.322613059282998 0.32261342702973 0.322613794856821 0.322614162763897 0.322614530750582 0.322614898816496 0.322615266961261 0.322615635184495 0.322616003485817 0.322616371864842 9.99999965394247e-11 0.149470521866382
0.343276348749008 0.343276668163383 0.34327698779266 0.343277307636604 0.343277627694977 0.343277947967541 0.343278268454054 0.343278589154277 0.343278910067967 0.34327923119488 9.99999967650934e-11 0.161685384756014
0.331854192464135 0.331853778919508 0.331853365291663 0.331852951580222 0.331852537784806 0.331852123905038 0.331851709940537 0.331851295890921 0.331850881755807 0.331850467534812 9.99999962462325e-11 0.165772169424259
0.346376157491013 0.346375705433927 0.3463752533049 0.346374801103573 0.346374348829583 0.346373896482567 0.346373444062161 0.346372991567997 0.346372538999711 0.346372086356934 9.99999970236647e-11 0.167950204461032
0.57705592401636 0.57705735875903 0.577058793364569 0.577060227832494 0.577061662162325 0.577063096353576 0.577064530405759 0.57706596431839 0.577067398090976 0.57706883172303 9.99999985649928e-11 0.484054573490352
0.346204028767765 0.346203842516005 0.346203656268501 0.346203470024939 0.346203283785005 0.34620309754838 0.346202911314749 0.346202725083793 0.346202538855192 0.346202352628625 9.99999967877937e-11 0.167823021840846
0.580273977063255 0.580275227216701 0.580276477293983 0.580277727294765 0.580278977218716 0.580280227065496 0.58028147683477 0.580282726526201 0.580283976139448 0.580285225674171 9.9999998538866e-11 0.497786476656089
0.353277825759722 0.353277633578925 0.353277441408342 0.353277249247601 0.353277057096328 0.353276864954148 0.353276672820684 0.353276480695559 0.353276288578392 0.353276096468804 9.99999968853958e-11 0.171255456964853
0.316951145741412 0.316952527970494 0.31695391072417 0.316955294002304 0.31695667780476 0.316958062131399 0.316959446982081 0.316960832356667 0.316962218255014 0.31696360467698 9.99999960437243e-11 0.138532432939983
0.367969616973552 0.367969344508544 0.367969072136941 0.36796879985854 0.367968527673135 0.367968255580519 0.367967983580485 0.367967711672824 0.367967439857327 0.367967168133783 9.99999968173172e-11 0.196296994286202
0.578961871218597 0.578963010439486 0.578964149572779 0.57896528861814 0.578966427575236 0.578967566443728 0.57896870522328 0.578969843913554 0.578970982514208 0.578972121024903 9.99999985120641e-11 0.507137153610378
0.343195588530465 0.343195577182795 0.343195565795645 0.343195554368502 0.343195542900852 0.343195531392176 0.343195519841956 0.343195508249672 0.3431954966148 0.343195484936817 9.99999966591674e-11 0.168315775839316
0.273649388315859 0.273643301336814 0.273637213301579 0.27363112420946 0.273625034059756 0.273618942851773 0.273612850584807 0.273606757258157 0.273600662871121 0.273594567422994 9.99999951006748e-11 0.120734579686678
0.341909032905643 0.341908303182053 0.341907573382732 0.341906843507346 0.341906113555562 0.341905383527045 0.341904653421459 0.341903923238466 0.341903192977729 0.341902462638909 9.99999967351326e-11 0.169426007057278
0.57839070044561 0.578392116144103 0.578393531736312 0.578394947221806 0.578396362600162 0.578397777870947 0.578399193033732 0.578400608088082 0.578402023033568 0.578403437869751 9.99999984824574e-11 0.496561879020762
0.256518812294462 0.256511398851812 0.256503984282484 0.256496568585667 0.256489151760546 0.256481733806307 0.25647431472213 0.256466894507195 0.25645947316068 0.256452050681764 9.99999949112383e-11 0.099310348370705
0.579265076375795 0.579266647470288 0.579268218567958 0.579269789668481 0.57927136077153 0.579272931876777 0.579274502983897 0.579276074092557 0.579277645202429 0.57927921631318 9.99999985568977e-11 0.490010512646261
0.578207932769823 0.578209263694331 0.578210594479154 0.578211925123828 0.578213255627883 0.578214585990849 0.578215916212253 0.578217246291626 0.578218576228491 0.578219906022373 9.9999998559698e-11 0.487114505750782
0.339509478040345 0.339510368209307 0.339511258787792 0.339512149775618 0.339513041172603 0.339513932978562 0.339514825193309 0.339515717816658 0.339516610848421 0.33951750428841 9.99999964256415e-11 0.154067340786743
0.313977416761413 0.313974972614752 0.313972528554044 0.313970084579023 0.313967640689421 0.313965196884972 0.313962753165403 0.313960309530444 0.313957865979824 0.313955422513266 9.9999996042294e-11 0.138304413131273
0.580720912817709 0.580722368794034 0.580723824670869 0.580725280447807 0.580726736124434 0.58072819170034 0.580729647175111 0.580731102548331 0.580732557819586 0.580734012988458 9.99999986438000e-11 0.476030099484746
0.324829716249161 0.324826788481214 0.324823860334874 0.324820931809609 0.324818002904887 0.324815073620171 0.324812143954926 0.324809213908613 0.324806283480693 0.324803352670625 9.99999962040833e-11 0.152886403116289
0.579295964206144 0.579297410578523 0.579298856970869 0.57930030338292 0.579301749814412 0.579303196265085 0.579304642734672 0.579306089222907 0.579307535729526 0.579308982254259 9.99999984932041e-11 0.503862417781226
0.308309210447922 0.308310594775204 0.308311979611293 0.308313364956099 0.308314750809526 0.308316137171482 0.308317524041869 0.308318911420591 0.308320299307552 0.308321687702651 9.99999959263082e-11 0.13317787534747
0.228895189000787 0.228887040507949 0.228878890698783 0.228870739572705 0.228862587129128 0.228854433367464 0.228846278287126 0.228838121887523 0.228829964168065 0.22882180512816 9.99999947820368e-11 0.0932210832592822
