0.36926156224565 0.369261207901476 0.369260853574059 0.369260499262838 0.369260144967251 0.369259790686736 0.369259436420725 0.369259082168653 0.369258727929951 0.369258373704049 9.99999910122568e-11 0.17567652971232
0.705123086651114 0.705123959847761 0.705124832905168 0.705125705822985 0.705126578600859 0.705127451238438 0.705128323735367 0.705129196091293 0.705130068305858 0.705130940378709 9.99999928461108e-11 1.00045908213314
0.708738218421096 0.708739652301613 0.708741086034704 0.708742519619894 0.708743953056704 0.708745386344655 0.708746819483266 0.708748252472056 0.708749685310542 0.708751117998239 9.99999947712251e-11 0.899087951792911
0.375115957980084 0.37511789888194 0.375119840770405 0.375121783645449 0.375123727507043 0.375125672355156 0.375127618189757 0.375129565010813 0.375131512818291 0.375133461612155 9.99999925387309e-11 0.171708391161325
0.295768530656984 0.295741524726095 0.295714502126197 0.295687462832828 0.295660406821449 0.295633334067444 0.295606244546126 0.29557913823273 0.295552015102415 0.295524875130262 9.9999988026528e-11 0.12856583805497
0.7094360187054 0.709437471052937 0.709438923364315 0.709440375639188 0.70944182787721 0.709443280078036 0.709444732241319 0.709446184366709 0.709447636453858 0.709449088502416 9.99999938356578e-11 0.945924458756017
0.238447395583302 0.238429156806783 0.238410913504608 0.238392665674711 0.238374413315027 0.238356156423487 0.238337894998022 0.238319629036557 0.238301358537018 0.23828308349733 9.99999944070794e-11 0.0859549455791937
0.286853940591408 0.286851954154318 0.286849967860237 0.286847981708937 0.286845995700187 0.286844009833756 0.286842024109411 0.28684003852692 0.286838053086049 0.286836067786564 9.99999894456532e-11 0.118150373614194
0.37330677629633 0.373305170218786 0.373303564019742 0.37330195769893 0.373300351256082 0.373298744690928 0.373297138003199 0.373295531192623 0.373293924258931 0.373292317201851 9.99999896650359e-11 0.190268109604604
0.709585877616625 0.709587172236008 0.709588466712554 0.709589761045842 0.709591055235451 0.709592349280956 0.709593643181935 0.709594936937959 0.709596230548605 0.709597524013444 9.99999947048508e-11 0.907147289578132
0.359702726694504 0.359701735794236 0.359700744898761 0.359699754007714 0.359698763120728 0.359697772237436 0.359696781357469 0.359695790480459 0.359694799606035 0.359693808733824 9.99999885176337e-11 0.178671674977782
0.329818875049902 0.329819130569118 0.32981938634375 0.329819642373487 0.329819898658011 0.329820155197006 0.329820411990154 0.329820669037136 0.329820926337633 0.329821183891323 9.99999906245292e-11 0.148997438438428
0.344918581868031 0.344902631294976 0.344886675709191 0.344870715107006 0.344854749484746 0.344838778838733 0.344822803165283 0.344806822460706 0.344790836721308 0.34477484594339 9.99999898413967e-11 0.159824906810264
0.709885017899099 0.709886784633992 0.709888551388307 0.709890318161716 0.70989208495389 0.709893851764497 0.709895618593208 0.709897385439688 0.709899152303606 0.709900919184626 9.99999940029043e-11 0.936397311998907
0.710675146478773 0.710676773874613 0.710678401285332 0.71068002871065 0.710681656150285 0.710683283603955 0.710684911071376 0.710686538552263 0.710688166046333 0.710689793553298 9.99999943439092e-11 0.919599247530581
0.706439376955973 0.706440589266418 0.706441801456365 0.706443013525408 0.706444225473136 0.706445437299137 0.706446649003002 0.706447860584314 0.706449072042662 0.706450283377629 9.99999933796794e-11 0.970685891660374
0.342024219224315 0.342024466242085 0.342024713704063 0.342024961610355 0.342025209961062 0.34202545875629 0.342025707996142 0.342025957680723 0.342026207810138 0.342026458384492 9.99999898200058e-11 0.155699225385555
0.355069807013087 0.355069463174458 0.355069119188961 0.355068775056037 0.355068430775127 0.355068086345673 0.355067741767112 0.355067397038882 0.355067052160419 0.355066707131156 9.99999907730719e-11 0.166375721156065
0.710219101087205 0.710220835843497 0.710222570589657 0.710224305325323 0.710226040050127 0.710227774763705 0.710229509465687 0.710231244155708 0.710232978833394 0.710234713498379 9.99999937828423e-11 0.943300160523572
0.361821286578391 0.361816136618465 0.361810985734103 0.361805833924581 0.361800681189166 0.361795527527131 0.36179037293774 0.361785217420262 0.36178006097396 0.361774903598098 9.99999902966097e-11 0.177236338978266
0.363669403932205 0.363669839891972 0.363670276283292 0.363670713106044 0.363671150360108 0.36367158804536 0.363672026161677 0.363672464708935 0.363672903687011 0.36367334309578 9.99999899108561e-11 0.17200481048009
0.347591420693404 0.347592556360542 0.347593692994767 0.347594830596469 0.347595969166037 0.347597108703856 0.347598249210318 0.347599390685809 0.347600533130719 0.347601676545437 9.99999917018438e-11 0.156707984226507
0.710459004113863 0.71046055259858 0.71046210098808 0.710463649281979 0.710465197479886 0.710466745581413 0.710468293586169 0.710469841493764 0.710471389303805 0.710472937015898 9.99999943026032e-11 0.918806428228399
0.709059476446809 0.709061223111118 0.709062969771245 0.709064716426813 0.709066463077445 0.709068209722763 0.709069956362387 0.709071702995936 0.70907344962303 0.709075196243284 9.99999940021327e-11 0.933942806481522
0.705615760542541 0.705616844467909 0.705617928327092 0.705619012119844 0.705620095845923 0.705621179505086 0.705622263097087 0.705623346621683 0.705624430078627 0.705625513467672 9.99999928133244e-11 1.00255965483148
0.352771557046703 0.352771773683062 0.352771990589046 0.352772207764279 0.352772425208384 0.352772642920982 0.352772860901693 0.352773079150134 0.352773297665923 0.352773516448673 9.9999990890819e-11 0.163475983843529
0.349917724166149 0.34991330764367 0.349908890737913 0.349904473448546 0.34990005577524 0.349895637717663 0.349891219275486 0.349886800448374 0.349882381235995 0.349877961638016 9.99999890317445e-11 0.165881651833307
0.307460784540539 0.307458219195319 0.307455654807216 0.307453091376744 0.307450528904413 0.307447967390736 0.307445406836225 0.30744284724139 0.307440288606742 0.307437730932791 9.99999918625555e-11 0.124865318070353
0.306583714922697 0.306579843141831 0.306575971649671 0.306572100446343 0.30656822953197 0.306564358906677 0.306560488570587 0.306556618523823 0.306552748766505 0.306548879298755 9.99999916760944e-11 0.127981232854756
0.70874960416005 0.708750737016937 0.708751869734679 0.708753002312855 0.708754134751041 0.708755267048813 0.708756399205747 0.708757531221414 0.708758663095389 0.708759794827241 9.99999938780246e-11 0.948877313924562
0.341646840902742 0.341634193092051 0.341621541509664 0.341608886153079 0.341596227019786 0.341583564107277 0.341570897413036 0.341558226934546 0.341545552669286 0.341532874614731 9.99999901403032e-11 0.161188129702949
0.329564519917347 0.329564728715874 0.32956493770056 0.329565146870959 0.32956535622663 0.329565565767126 0.329565775492 0.329565985400804 0.329566195493087 0.329566405768399 9.99999906015784e-11 0.150961287936642
0.301237610963885 0.301236125425806 0.301234640790645 0.301233157058923 0.301231674231162 0.301230192307884 0.301228711289613 0.30122723117687 0.301225751970181 0.301224273670067 9.99999884642646e-11 0.126136726187389
0.377001523321661 0.377001753183546 0.377001983175286 0.377002213296424 0.377002443546499 0.377002673925048 0.377002904431608 0.377003135065715 0.377003365826902 0.377003596714701 9.99999885899719e-11 0.186964154358774
0.34860046150047 0.348601681489834 0.348602902084686 0.348604123284785 0.348605345089894 0.348606567499767 0.348607790514165 0.348609014132842 0.348610238355552 0.348611463182049 9.99999917647212e-11 0.156092699047542
0.708889435296572 0.708890861798579 0.708892288259276 0.708893714678387 0.708895141055634 0.70889656739074 0.708897993683429 0.70889941993342 0.708900846140434 0.708902272304193 9.99999943116328e-11 0.918553643578572
0.3554320874156 0.35543201475408 0.355431942070675 0.35543186936476 0.355431796635712 0.355431723882904 0.355431651105708 0.355431578303496 0.355431505475634 0.355431432621491 9.9999989609856e-11 0.171983959755275
0.709158975930955 0.709160665950312 0.709162356064728 0.709164046273986 0.709165736577872 0.709167426976169 0.709169117468659 0.709170808055125 0.709172498735348 0.709174189509109 9.99999939389299e-11 0.936463083573767
0.708429338453123 0.708430613335325 0.708431888064813 0.708433162641155 0.708434437063913 0.708435711332649 0.708436985446927 0.708438259406306 0.708439533210345 0.708440806858603 9.99999937629337e-11 0.948435264283843
0.333294099919736 0.333289984668928 0.333285868962853 0.333281752800941 0.333277636182624 0.333273519107328 0.333269401574482 0.333265283583511 0.333261165133839 0.333257046224889 9.99999898883837e-11 0.149252826936259
0.272835421908565 0.272816983081541 0.272798537904552 0.272780086372678 0.272761628480998 0.272743164224577 0.272724693598475 0.272706216597745 0.272687733217431 0.272669243452568 9.99999887762113e-11 0.10912623823824
0.369507668073222 0.369507457052196 0.369507246407788 0.369507036139908 0.369506826248466 0.369506616733368 0.369506407594521 0.369506198831834 0.369505990445212 0.369505782434559 9.99999907483158e-11 0.182046460994476
0.318979754919066 0.318974723645565 0.318969691661283 0.318964658965443 0.318959625557268 0.318954591435979 0.318949556600798 0.318944521050939 0.31893948478562 0.318934447804056 9.99999903058141e-11 0.144124970208851
0.707987500942015 0.707988745235294 0.70798998940512 0.707991233451114 0.707992477372893 0.707993721170075 0.707994964842275 0.70799620838911 0.707997451810192 0.707998695105135 9.99999936775849e-11 0.949660407483551
0.30831160334578 0.3082951992035 0.308278789326103 0.308262373708852 0.308245952347002 0.308229525235801 0.308213092370489 0.308196653746298 0.308180209358454 0.308163759202174 9.99999916848259e-11 0.127984501015401
0.258687736746129 0.258663395285266 0.258639045115207 0.258614686229464 0.258590318621534 0.258565942284903 0.258541557213045 0.258517163399419 0.258492760837474 0.258468349520645 9.99999939081556e-11 0.100765723542257
0.709331360202712 0.709332802691898 0.709334245115186 0.709335687472216 0.709337129762627 0.709338571986056 0.709340014142139 0.709341456230511 0.709342898250807 0.709344340202659 9.99999945345088e-11 0.913408386841902
0.284173897128872 0.284157226333478 0.284140551360475 0.284123872207449 0.28410718887198 0.284090501351646 0.284073809644022 0.28405711374668 0.284040413657189 0.284023709373112 9.99999913842425e-11 0.116058611833408
0.358280641489036 0.358280692042168 0.358280742714428 0.358280793505282 0.358280844414192 0.358280895440622 0.358280946584031 0.358280997843878 0.358281049219621 0.358281100710715 9.99999888837388e-11 0.171574592779354
0.347965021743783 0.347964939185556 0.347964856526485 0.347964773765919 0.347964690903208 0.347964607937698 0.347964524868732 0.347964441695655 0.347964358417807 0.347964275034528 9.99999903918139e-11 0.161491265099778
0.259205194763434 0.259197041409441 0.259188887651692 0.259180733490371 0.259172578925665 0.25916442395776 0.259156268586843 0.259148112813099 0.259139956636716 0.259131800057881 9.99999883527391e-11 0.099863465744467
0.261041198386576 0.261030900072247 0.261020600868253 0.26101030077503 0.260999999793015 0.260989697922646 0.260979395164359 0.260969091518596 0.260958786985797 0.260948481566404 9.99999888305452e-11 0.0994694961044019
0.707882346643152 0.707883876258308 0.707885405850317 0.707886935418913 0.707888464963832 0.707889994484808 0.707891523981574 0.707893053453863 0.707894582901407 0.707896112323935 9.99999942071577e-11 0.9261043419269
0.707948731386814 0.7079500404178 0.707951349392453 0.707952658310484 0.707953967171601 0.707955275975511 0.70795658472192 0.707957893410536 0.707959202041062 0.707960510613204 9.99999940140664e-11 0.936957516847537
0.367493999005161 0.367493657714292 0.367493316197269 0.367492974453417 0.367492632482061 0.367492290282522 0.367491947854121 0.367491605196176 0.367491262308004 0.36749091918892 9.99999911560398e-11 0.176407282960316
0.365578258992487 0.365577973366329 0.36557768755966 0.365577401571734 0.365577115401801 0.36557682904911 0.365576542512909 0.365576255792443 0.365575968886955 0.365575681795688 9.99999915927293e-11 0.174353367455559
0.235263109599416 0.235239306917663 0.235215494843331 0.235191673369329 0.235167842488557 0.235144002193899 0.235120152478231 0.235096293334415 0.235072424755302 0.235048546733729 9.9999987870532e-11 0.0920050555865651
0.708743750997904 0.708745192562294 0.708746634020843 0.708748075373143 0.708749516618782 0.708750957757351 0.708752398788436 0.708753839711624 0.708755280526501 0.708756721232651 9.99999937410458e-11 0.946067779479786
0.325056100445049 0.32505122488215 0.325046348616073 0.325041471645856 0.325036593970528 0.325031715589123 0.325026836500667 0.325021956704188 0.325017076198707 0.325012194983248 9.99999906830495e-11 0.141665506333084
0.707938092384932 0.707939149115483 0.707940205664587 0.707941262031831 0.707942318216806 0.707943374219099 0.707944430038299 0.707945485673989 0.707946541125757 0.707947596393185 9.99999937801049e-11 0.949538862906013
0.262404436135283 0.262392208717522 0.262379979301534 0.26236774788631 0.26235551447084 0.262343279054108 0.262331041635101 0.262318802212802 0.262306560786192 0.262294317354251 9.99999916506584e-11 0.106319849415492
0.31156199999767 0.311557921119937 0.311553842027073 0.311549762719073 0.311545683195934 0.311541603457652 0.311537523504224 0.311533443335646 0.311529362951916 0.311525282353029 9.99999904580236e-11 0.135896753194703
0.336863248172069 0.336862879436722 0.336862510685783 0.336862141918745 0.336861773135099 0.336861404334335 0.336861035515941 0.336860666679404 0.336860297824211 0.336859928949844 9.99999897404853e-11 0.157337296055004
0.708120547787805 0.708122031196531 0.708123514585318 0.708124997953852 0.70812648130182 0.708127964628905 0.708129447934794 0.708130931219168 0.708132414481711 0.708133897722104 9.99999938524627e-11 0.944589561025764
0.306945365901361 0.30692844363188 0.306911517380115 0.306894587144064 0.306877652921721 0.306860714711077 0.306843772510123 0.306826826316844 0.306809876129224 0.306792921945244 9.99999890076118e-11 0.137608087472507
0.709401785352064 0.709402780789238 0.709403775894909 0.709404770668488 0.70940576510938 0.709406759216989 0.709407752990719 0.70940874642997 0.709409739534146 0.709410732302644 9.99999949959642e-11 0.890298499302706
0.363262796597118 0.363263683570229 0.363264571526762 0.363265460467219 0.363266350392101 0.363267241301911 0.363268133197152 0.363269026078327 0.363269919945939 0.363270814800494 9.99999907514566e-11 0.172397668973211
0.389988809605047 0.389988962131825 0.38998911482341 0.389989267679452 0.389989420699605 0.389989573883519 0.389989727230844 0.389989880741228 0.38999003441432 0.389990188249765 9.99999910014832e-11 0.192819263139372
0.371216202231134 0.371216535340506 0.371216868752304 0.371217202466182 0.371217536481789 0.371217870798776 0.371218205416791 0.371218540335478 0.371218875554486 0.371219211073455 9.99999917980025e-11 0.178560531096432
0.378221394993517 0.378222476557537 0.378223559188195 0.378224642886126 0.378225727651961 0.378226813486335 0.378227900389884 0.378228988363243 0.378230077407047 0.378231167521934 9.99999912310051e-11 0.184244644864252
0.352403427563031 0.35240387098522 0.352404314540177 0.352404758227356 0.352405202046212 0.352405645996194 0.352406090076751 0.352406534287333 0.352406978627383 0.352407423096347 9.99999893510606e-11 0.164785566837974
0.352092744581718 0.352093353061076 0.352093961531581 0.352094569992585 0.352095178443434 0.352095786883473 0.352096395312047 0.352097003728496 0.352097612132162 0.352098220522383 9.99999927813894e-11 0.159084335324791
0.712425443852088 0.712427944557126 0.712430445559189 0.712432946858188 0.712435448454036 0.71243795034664 0.712440452535914 0.712442955021765 0.712445457804103 0.712447960882837 9.99999943190991e-11 0.912058026932119
0.707069988788689 0.70707149048665 0.707072992120891 0.70707449369103 0.70707599519668 0.707077496637455 0.707078998012968 0.70708049932283 0.707082000566653 0.707083501744047 9.99999936397713e-11 0.948738330817469
0.709156616914354 0.70915791562351 0.709159214231996 0.709160512739439 0.709161811145468 0.709163109449708 0.709164407651785 0.709165705751322 0.709167003747942 0.709168301641267 9.99999938803277e-11 0.938985489492724
0.359856921348964 0.359856545780765 0.359856169956838 0.359855793876493 0.35985541753904 0.359855040943788 0.359854664090043 0.35985428697711 0.359853909604291 0.359853531970889 9.99999916410087e-11 0.171744380008746
0.342873688413335 0.342875043657244 0.34287639983058 0.342877756933578 0.342879114966473 0.342880473929501 0.342881833822894 0.34288319464689 0.342884556401719 0.342885919087616 9.99999900101902e-11 0.153403969538122
0.348881688448087 0.348881809042708 0.348881929936199 0.348882051128355 0.348882172618971 0.34888229440784 0.348882416494754 0.348882538879505 0.34888266156188 0.34888278454167 9.99999919481335e-11 0.161169051650296
0.344851218919894 0.344851597005944 0.344851975561717 0.344852354586915 0.344852734081233 0.34485311404437 0.34485349447602 0.344853875375877 0.344854256743633 0.344854638578978 9.99999903748003e-11 0.15897139059496
0.709186604161181 0.709187719991649 0.709188835604907 0.709189951000479 0.709191066177885 0.709192181136643 0.709193295876271 0.709194410396286 0.709195524696204 0.709196638775538 9.99999943430538e-11 0.921397312705438
0.373632621818799 0.373632490621879 0.373632359655786 0.373632228920369 0.373632098415474 0.373631968140948 0.373631838096635 0.373631708282381 0.373631578698028 0.373631449343418 9.99999902190503e-11 0.185004294946773
0.71008305573698 0.710084554616152 0.710086053384616 0.710087552041949 0.710089050587725 0.710090549021522 0.710092047342911 0.710093545551466 0.710095043646758 0.710096541628357 9.99999944570294e-11 0.916377396638911
0.339518721629716 0.339518910724367 0.339519100043963 0.33951928958841 0.339519479357616 0.339519669351488 0.339519859569932 0.339520050012854 0.339520240680164 0.339520431571765 9.99999907998881e-11 0.154800102770559
0.404826275499333 0.404826185938092 0.404826096411877 0.404826006920195 0.404825917462552 0.404825828038453 0.4048257386474 0.404825649288892 0.404825559962431 0.404825470667513 9.99999894979196e-11 0.218197614996265
0.399546000860923 0.399544957183275 0.399543913562342 0.399542869997598 0.399541826488518 0.399540783034573 0.399539739635233 0.399538696289965 0.399537652998237 0.399536609759513 9.9999988688357e-11 0.213984850679681
0.710385638695946 0.71038730798121 0.710388977176258 0.710390646280667 0.710392315294009 0.710393984215859 0.710395653045788 0.710397321783366 0.710398990428165 0.710400658979749 9.99999945333267e-11 0.908975390186162
0.32610028262171 0.3261008245353 0.326101366806799 0.326101909436149 0.326102452423292 0.32610299576817 0.326103539470726 0.326104083530901 0.326104627948636 0.326105172723871 9.99999924975018e-11 0.142391418207418
0.292684714832104 0.292675802015701 0.292666886809196 0.292657969210776 0.292649049218628 0.292640126830932 0.292631202045869 0.292622274861617 0.292613345276348 0.292604413288236 9.9999988485275e-11 0.125517040828823
0.341353385020247 0.341354938154314 0.34135649242119 0.341358047821231 0.341359604354788 0.341361162022217 0.341362720823869 0.341364280760099 0.341365841831257 0.341367404037701 9.99999927366549e-11 0.146642160595957
0.711139779797916 0.711141413171004 0.711143046547776 0.71114467992799 0.711146313311407 0.711147946697787 0.711149580086888 0.711151213478472 0.711152846872293 0.711154480268112 9.99999947688229e-11 0.899027429609615
0.272329430605431 0.272324223822278 0.272319016888797 0.2723138098049 0.272308602570499 0.272303395185508 0.272298187649836 0.272292979963394 0.27228777212609 0.272282564137833 9.99999914374791e-11 0.110703730296391
0.70956115769264 0.709562837488027 0.709564517245105 0.709566196963506 0.709567876642861 0.709569556282801 0.709571235882954 0.70957291544295 0.709574594962415 0.709576274440976 9.99999948998834e-11 0.895244737981235
0.706245877996214 0.706247163711902 0.706248449335072 0.706249734865432 0.706251020302683 0.706252305646534 0.706253590896686 0.706254876052847 0.706256161114716 0.706257446081997 9.9999993889569e-11 0.938178113503927
0.338731114985005 0.338732321162051 0.338733528180747 0.33873473604137 0.338735944744195 0.338737154289496 0.338738364677551 0.338739575908633 0.338740787983017 0.338742000900979 9.99999910196456e-11 0.150990520103936
0.326006017601334 0.326002447226185 0.325998876943398 0.32599530675327 0.3259917366561 0.325988166652189 0.325984596741836 0.325981026925341 0.325977457203008 0.32597388757514 9.99999906971467e-11 0.146318533071753
0.707170512815718 0.707171700495187 0.707172888043652 0.70717407546071 0.707175262745958 0.707176449898989 0.707177636919396 0.707178823806774 0.707180010560712 0.707181197180802 9.99999936923663e-11 0.9568339557261
0.321672081623788 0.321668051768199 0.321664021774342 0.321659991641944 0.321655961370731 0.321651930960428 0.321647900410758 0.321643869721443 0.321639838892205 0.321635807922763 9.99999898632822e-11 0.141809515250359
0.70700759187101 0.707008814267997 0.707010036623681 0.707011258937775 0.707012481209993 0.707013703440045 0.707014925627643 0.707016147772497 0.707017369874319 0.707018591932815 9.99999933212788e-11 0.974716307224658
0.374858599610265 0.374858635524255 0.374858671601885 0.374858707842704 0.374858744246259 0.374858780812097 0.374858817539763 0.3748588544288 0.374858891478753 0.37485892868916 9.99999905196619e-11 0.182731113849726
0.260479869335636 0.260469275033585 0.260458678291246 0.260448079106932 0.260437477478955 0.260426873405624 0.260416266885245 0.260405657916121 0.260395046496552 0.260384432624836 9.99999883372099e-11 0.107762825714204
