0.725081201318248 0.725082378694546 0.725083556400495 0.725084734436506 0.725085912802987 0.725087091500353 0.725088270529014 0.725089449889385 0.725090629581881 0.725091809606916 1.11928531377694 9.99999932824814e-11
0.30051635083921 0.300517487213994 0.300518624513826 0.300519762739518 0.300520901891882 0.300522041971731 0.300523182979881 0.300524324917151 0.300525467784357 0.300526611582322 0.14593620016957 9.99999751010974e-11
0.299389495486339 0.299391099892858 0.299392705380024 0.299394311948798 0.299395919600146 0.299397528335034 0.299399138154431 0.299400749059308 0.299402361050637 0.299403974129393 0.143098240071942 9.9999973011202e-11
0.309317087627195 0.30931878108574 0.309320476032524 0.309322172468988 0.309323870396576 0.309325569816736 0.309327270730919 0.309328973140576 0.309330677047165 0.309332382452144 0.15032809297085 9.99999732078599e-11
0.725890193175257 0.725891646784212 0.725893100813764 0.725894555264415 0.725896010136665 0.725897465431017 0.725898921147974 0.725900377288041 0.725901833851723 0.72590329083953 1.10176978922425 9.99999935583166e-11
0.258445470323291 0.258443570013518 0.258441670560071 0.258439771964001 0.258437874226367 0.258435977348226 0.258434081330639 0.258432186174667 0.258430291881376 0.258428398451829 0.118333523332997 9.99999675963876e-11
0.72927400466888 0.72927532243174 0.72927664057888 0.729277959110824 0.729279278028094 0.729280597331218 0.729281917020724 0.729283237097137 0.72928455756099 0.729285878412814 1.07146550105432 9.99999944262339e-11
0.722770840339183 0.722772001579354 0.722773163176884 0.722774325132202 0.722775487445733 0.722776650117903 0.722777813149144 0.722778976539883 0.72278014029055 0.722781304401579 1.13703415131731 9.99999929443479e-11
0.27716427793465 0.27716196660053 0.277159655999949 0.277157346133823 0.27715503700307 0.277152728608608 0.277150420951356 0.277148114032238 0.277145807852179 0.277143502412103 0.129128906009357 9.9999972304964e-11
0.72557320119883 0.725574542685243 0.725575884625769 0.725577227020976 0.725578569871433 0.725579913177706 0.725581256940367 0.725582601159987 0.725583945837141 0.7255852909724 1.11644758797209 9.99999934086413e-11
0.298956746444422 0.298953861706698 0.298950977678964 0.298948094362456 0.298945211758418 0.298942329868095 0.298939448692733 0.298936568233583 0.298933688491897 0.298930809468932 0.147903171366798 9.99999737665663e-11
0.334119415479952 0.334119314341959 0.33411921384759 0.334119113997584 0.334119014792679 0.334118916233619 0.334118818321146 0.334118721056005 0.334118624438942 0.334118528470707 0.180396855287833 9.99999744302081e-11
0.31719408518162 0.31719410076628 0.317194116837434 0.317194133395623 0.317194150441393 0.317194167975287 0.317194185997852 0.317194204509635 0.317194223511184 0.317194243003049 0.162798788992647 9.99999746551492e-11
0.725277836922539 0.72527927441795 0.725280712346376 0.725282150708302 0.72528358950422 0.725285028734619 0.725286468399992 0.725287908500832 0.725289349037632 0.725290790010887 1.1109575751631 9.99999934031558e-11
0.214172451735207 0.214159513628511 0.214146573533479 0.214133631450021 0.214120687378049 0.214107741317477 0.214094793268219 0.214081843230189 0.214068891203303 0.214055937187478 0.0897095201196086 9.99999625704344e-11
0.257738518080933 0.257736227008606 0.257733936517437 0.257731646608171 0.257729357281556 0.25772706853834 0.257724780379275 0.257722492805113 0.257720205816606 0.25771791941451 0.114168119433301 9.99999669901452e-11
0.7224416524788 0.722442609874524 0.722443567484175 0.722444525308039 0.722445483346402 0.722446441599552 0.722447400067778 0.722448358751368 0.722449317650612 0.722450276765801 1.1235264672283 9.9999993137666e-11
0.728076079321186 0.728077552917984 0.728079026961521 0.728080501452318 0.728081976390902 0.728083451777796 0.728084927613532 0.728086403898634 0.728087880633635 0.728089357819064 1.10077241894601 9.99999937407751e-11
0.724225757579399 0.724227320430438 0.724228883798271 0.724230447683471 0.72423201208661 0.724233577008264 0.724235142449011 0.724236708409428 0.724238274890094 0.72423984189159 1.12018638952033 9.99999930622908e-11
0.727939842526189 0.727941761176976 0.727943680461664 0.727945600380908 0.727947520935372 0.727949442125717 0.727951363952606 0.727953286416705 0.727955209518678 0.727957133259195 1.09901390563441 9.99999936559705e-11
0.260809170967995 0.26080628340075 0.260803395995768 0.260800508753442 0.260797621674163 0.260794734758324 0.260791848006317 0.260788961418539 0.260786074995384 0.260783188737248 0.128290107784119 9.99999664597216e-11
0.726025340765193 0.726026589472773 0.726027838546665 0.726029087987357 0.726030337795338 0.726031587971099 0.726032838515133 0.726034089427933 0.726035340709994 0.726036592361811 1.09758062214844 9.99999938106489e-11
0.179259265189276 0.179254758593997 0.179250252382897 0.179245746556764 0.179241241116387 0.179236736062555 0.179232231396061 0.179227727117697 0.17922322322826 0.179218719728544 0.072219638527894 9.99999551649704e-11
0.722470923391468 0.722472110861122 0.722473298686539 0.722474486868153 0.722475675406407 0.722476864301736 0.722478053554584 0.722479243165392 0.722480433134602 0.722481623462659 1.13136939026325 9.99999929939362e-11
0.322367484505497 0.322367518067326 0.322367552246057 0.322367587042287 0.322367622456612 0.322367658489632 0.322367695141946 0.322367732414157 0.322367770306866 0.322367808820677 0.166358875162528 9.99999748586397e-11
0.35083760352627 0.35083915561841 0.350840709005472 0.350842263688569 0.350843819668816 0.350845376947326 0.35084693552522 0.350848495403617 0.350850056583638 0.35085161906641 0.19076960967833 9.99999761691152e-11
0.728586885794258 0.728588398511485 0.728589911651909 0.728591425216027 0.728592939204338 0.728594453617344 0.728595968455548 0.728597483719452 0.72859899940956 0.728600515526379 1.10391417069232 9.99999936367411e-11
0.729111383177406 0.729113307640965 0.729115232695655 0.729117158342101 0.729119084580927 0.729121011412764 0.729122938838238 0.72912486685798 0.729126795472622 0.729128724682795 1.08322663093988 9.99999939445e-11
0.270021288864291 0.270018836756665 0.270016385633237 0.270013935495386 0.270011486344493 0.270009038181942 0.270006591009119 0.270004144827415 0.27000169963822 0.269999255442931 0.125371135535975 9.9999971195433e-11
0.723968690267577 0.723970191864183 0.723971693887687 0.723973196338559 0.723974699217268 0.723976202524287 0.723977706260087 0.723979210425142 0.723980715019929 0.723982220044923 1.11885246661672 9.99999931569077e-11
0.727215076162085 0.727216574314763 0.727218072923686 0.727219571989349 0.727221071512248 0.72722257149288 0.727224071931743 0.727225572829336 0.727227074186159 0.727228576002714 1.09757463189105 9.99999937724269e-11
0.281614514401803 0.281610210683967 0.281605908710508 0.281601608484215 0.281597310007883 0.281593013284312 0.281588718316308 0.281584425106683 0.281580133658253 0.281575843973841 0.129143941739118 9.99999707353071e-11
0.237319589027245 0.237310525097041 0.237301460821686 0.237292396201734 0.237283331237743 0.237274265930269 0.237265200279872 0.237256134287112 0.237247067952551 0.237238001276751 0.102573906946295 9.9999965477849e-11
0.359862414479254 0.359862549199634 0.35986268470861 0.359862821007109 0.359862958096063 0.359863095976405 0.359863234649069 0.359863374114993 0.359863514375117 0.359863655430381 0.197535787956964 9.99999765351897e-11
0.727987455187636 0.727989143426125 0.727990832189578 0.727992521478598 0.727994211293791 0.727995901635761 0.727997592505114 0.727999283902461 0.728000975828411 0.728002668283574 1.08121530241818 9.99999939805407e-11
0.302229599495304 0.302230188335815 0.302230777830719 0.302231367980549 0.302231958785841 0.302232550247131 0.302233142364956 0.302233735139855 0.302234328572366 0.302234922663031 0.149095977980977 9.99999745981366e-11
0.236928701995496 0.236924789505811 0.236920878040659 0.236916967601254 0.236913058188807 0.236909149804535 0.236905242449658 0.236901336125394 0.236897430832966 0.236893526573599 0.0976988133228461 9.99999652585089e-11
0.728613494500274 0.728615276300042 0.728617058650946 0.728618841553591 0.72862062500858 0.728622409016522 0.728624193578025 0.728625978693698 0.728627764364152 0.728629550590001 1.09643664186658 9.99999937567903e-11
0.256824775306936 0.256822849459531 0.25682092496061 0.256819001811801 0.256817080014738 0.256815159571058 0.2568132404824 0.256811322750406 0.256809406376721 0.256807491362996 0.115549634301183 9.99999674051775e-11
0.721486945071643 0.721488134512447 0.721489324318961 0.721490514491606 0.721491705030802 0.72149289593697 0.721494087210533 0.721495278851918 0.721496470861546 0.721497663239845 1.13449962294855 9.9999992921885e-11
0.730614516136344 0.730616117574688 0.730617719410899 0.730619321645433 0.730620924278745 0.730622527311292 0.730624130743532 0.730625734575924 0.730627338808929 0.730628943443008 1.07600581225207 9.99999942706596e-11
0.723900769239598 0.723901772943742 0.723902776905015 0.723903781123777 0.72390478560039 0.723905790335216 0.723906795328618 0.723907800580959 0.723908806092606 0.723909811863924 1.10658975983913 9.99999935517809e-11
0.726725727305561 0.7267271937729 0.726728660639201 0.726730127904911 0.726731595570474 0.726733063636343 0.726734532102966 0.726736000970794 0.72673747024028 0.726738939911876 1.10551657250434 9.99999935260167e-11
0.298953958374845 0.29895415449972 0.298954351093863 0.298954548157726 0.298954745691759 0.298954943696415 0.298955142172144 0.298955341119403 0.298955540538644 0.298955740430324 0.148018098068158 9.99999717411492e-11
0.296297237510355 0.296295057935554 0.296292878746769 0.296290699944479 0.296288521529162 0.296286343501297 0.296284165861366 0.296281988609848 0.296279811747227 0.296277635273986 0.145886017325539 9.99999722626102e-11
0.235987269333573 0.23596776835239 0.235948258508886 0.235928739795568 0.235909212204932 0.23588967572947 0.235870130361661 0.235850576093978 0.235831012918885 0.235811440828839 0.103287286938461 9.99999608998203e-11
0.310450348367596 0.310447967255373 0.310445587409337 0.310443208830935 0.310440831521616 0.31043845548283 0.310436080716032 0.310433707222676 0.310431335004221 0.310428964062126 0.155935259876155 9.99999725334434e-11
0.216989095661054 0.216973519141155 0.216957939961047 0.216942358120513 0.216926773619334 0.216911186457293 0.216895596634175 0.216880004149763 0.216864409003843 0.216848811196199 0.0917164600076742 9.99999623159881e-11
0.225247397868204 0.225235193848961 0.225222988735504 0.225210782528593 0.225198575228995 0.225186366837475 0.225174157354803 0.225161946781751 0.225149735119091 0.2251375223676 0.0953957594572126 9.99999640551174e-11
0.301611099706844 0.30161230540906 0.301613512517451 0.301614721033457 0.30161593095852 0.301617142294084 0.301618355041599 0.301619569202515 0.301620784778287 0.301622001770371 0.147359927648099 9.99999736116357e-11
0.723977387130961 0.72397872490981 0.723980063048174 0.723981401546501 0.723982740405243 0.723984079624853 0.723985419205783 0.723986759148488 0.723988099453424 0.723989440121048 1.10856455146046 9.99999933554074e-11
0.33117240722071 0.331174750595952 0.33117709546071 0.331179441816202 0.331181789663648 0.331184139004271 0.331186489839295 0.331188842169945 0.331191195997452 0.331193551323046 0.165520007743627 9.99999758893573e-11
0.309703545970699 0.309703951735804 0.309704358282775 0.309704765612519 0.309705173725945 0.309705582623963 0.309705992307486 0.309706402777429 0.309706814034708 0.309707226080242 0.157433556374693 9.99999732932419e-11
0.72593068219397 0.725932286039739 0.725933890420076 0.725935495335612 0.725937100786984 0.725938706774825 0.725940313299776 0.725941920362473 0.725943527963559 0.725945136103675 1.11724608416603 9.99999932742737e-11
0.724820649844967 0.72482201596611 0.724823382531047 0.724824749540315 0.724826116994453 0.724827484893997 0.724828853239489 0.724830222031471 0.724831591270487 0.72483296095708 1.11387925472399 9.99999933955674e-11
0.724113175870748 0.724114293918082 0.724115412261799 0.724116530902287 0.724117649839941 0.724118769075149 0.724119888608307 0.724121008439809 0.72412212857005 0.724123248999428 1.12018689597061 9.99999932895154e-11
0.72875464712231 0.728756611458684 0.728758576450785 0.728760542099331 0.72876250840504 0.728764475368633 0.728766442990832 0.728768411272359 0.728770380213941 0.728772349816305 1.09745777867574 9.99999936675204e-11
0.342197136513429 0.342197327325337 0.34219751877778 0.342197710871507 0.342197903607266 0.342198096985807 0.342198291007881 0.342198485674242 0.342198680985643 0.342198876942843 0.18978508876698 9.99999754555975e-11
0.339405028218666 0.339406099966615 0.339407173060836 0.33940824750253 0.339409323292908 0.339410400433177 0.339411478924549 0.339412558768238 0.339413639965461 0.339414722517435 0.180941348922426 9.99999763609355e-11
0.725282517163166 0.725283678282246 0.7252848396533 0.725286001276648 0.725287163152606 0.725288325281494 0.725289487663631 0.725290650299339 0.725291813188939 0.725292976332754 1.11091984978727 9.99999933451258e-11
0.726288290857384 0.726289731203105 0.726291171940754 0.726292613070772 0.726294054593599 0.72629549650968 0.726296938819456 0.726298381523372 0.726299824621875 0.726301268115409 1.10477156578238 9.99999934901351e-11
0.24979926154261 0.249791199526755 0.249783136626733 0.249775072842687 0.249767008174762 0.249758942623105 0.249750876187861 0.249742808869179 0.249734740667206 0.249726671582093 0.116303883189028 9.99999657230947e-11
0.232644339139344 0.232638756939356 0.23263317494812 0.232627593166392 0.232622011594926 0.232616430234481 0.232610849085816 0.232605268149691 0.232599687426868 0.232594106918112 0.102670737436472 9.99999658150541e-11
0.319945973047001 0.319946565129943 0.319947158337182 0.319947752669749 0.319948348128677 0.319948944715003 0.319949542429762 0.319950141273996 0.319950741248744 0.319951342355051 0.155792214532806 9.99999759858135e-11
0.292170233855664 0.2921702376931 0.292170241973047 0.292170246695961 0.292170251862298 0.292170257472515 0.292170263527068 0.292170270026418 0.292170276971024 0.292170284361347 0.146215623717241 9.99999718619161e-11
0.238419172704905 0.238404605282689 0.238390035346431 0.238375462895526 0.238360887929368 0.238346310447349 0.238331730448861 0.238317147933296 0.238302562900046 0.2382879753485 0.104356888379762 9.99999678066194e-11
0.220697789985907 0.220688360563624 0.22067893005789 0.220669498468782 0.220660065796373 0.220650632040743 0.220641197201968 0.220631761280128 0.220622324275301 0.220612886187568 0.0930166140167885 9.99999637135313e-11
0.728720636453171 0.728722722215176 0.728724808740408 0.728726896029715 0.728728984083948 0.72873107290396 0.728733162490603 0.728735252844735 0.728737343967214 0.7287394358589 1.10046773955665 9.9999993656528e-11
0.721734136467468 0.721735224682535 0.721736313259331 0.721737402198342 0.721738491500055 0.721739581164958 0.721740671193542 0.721741761586295 0.721742852343712 0.721743943466285 1.12679959050604 9.99999930787537e-11
0.259527032968494 0.259522327077143 0.259517622067368 0.259512917940927 0.259508214699581 0.259503512345095 0.25949881087924 0.259494110303789 0.259489410620518 0.259484711831212 0.115597421583609 9.9999967411005e-11
0.728551237883333 0.728552722405242 0.728554207316755 0.728555692618353 0.728557178310512 0.728558664393716 0.728560150868447 0.728561637735188 0.728563124994423 0.728564612646639 1.08867383606398 9.99999938869905e-11
0.333122961314437 0.333123299644206 0.33312363873876 0.333123978598929 0.333124319225549 0.333124660619453 0.333125002781478 0.333125345712464 0.33312568941325 0.333126033884678 0.173945883901304 9.99999768686235e-11
0.720140054481401 0.720141200309286 0.720142346554072 0.720143493216324 0.720144640296617 0.72014578779552 0.72014693571361 0.720148084051459 0.720149232809647 0.720150381988749 1.15232517122695 9.99999925131072e-11
0.72433941232932 0.724340305144833 0.724341198143408 0.724342091325306 0.724342984690786 0.724343878240112 0.724344771973547 0.724345665891354 0.724346559993797 0.724347454281142 1.12715672161813 9.99999931536652e-11
0.287405854883528 0.287407054782491 0.28740825587523 0.287409458162825 0.287410661646355 0.287411866326904 0.287413072205558 0.287414279283403 0.28741548756153 0.287416697041028 0.137574508671035 9.99999723512985e-11
0.726292301736961 0.726293583534637 0.726294865659789 0.726296148112783 0.726297430893992 0.72629871400378 0.726299997442521 0.726301281210585 0.726302565308345 0.726303849736173 1.10281411169619 9.99999936635339e-11
0.292396846008652 0.292393382231094 0.292389918848266 0.292386455860885 0.292382993269667 0.29237953107533 0.292376069278595 0.292372607880181 0.292369146880814 0.292365686281217 0.14095333477467 9.99999745019854e-11
0.724992127007713 0.724993429008182 0.724994731377982 0.724996034117543 0.724997337227291 0.724998640707654 0.724999944559062 0.725001248781947 0.725002553376739 0.725003858343871 1.10628816731205 9.99999935719985e-11
0.256725752500759 0.256717989585362 0.256710226550908 0.256702463398217 0.256694700128111 0.256686936741415 0.256679173238954 0.256671409621558 0.256663645890054 0.256655882045274 0.116840698430121 9.99999678093681e-11
0.303698481290352 0.303698633246182 0.303698785790244 0.303698938923088 0.303699092645264 0.303699246957325 0.303699401859822 0.30369955735331 0.303699713438344 0.303699870115481 0.151259743406686 9.99999732221817e-11
0.726740562268792 0.726742073258934 0.726743584707056 0.726745096613669 0.726746608979285 0.726748121804417 0.726749635089578 0.726751148835285 0.726752663042054 0.726754177710403 1.09738337564231 9.99999937336475e-11
0.295564274168005 0.295559766162576 0.295555258328567 0.295550750666651 0.295546243177505 0.295541735861806 0.295537228720232 0.295532721753465 0.295528214962184 0.295523708347074 0.148252841824209 9.9999972539426e-11
0.231474892817389 0.231470212546082 0.231465532874647 0.231460853804473 0.231456175336953 0.231451497473486 0.231446820215471 0.23144214356431 0.23143746752141 0.23143279208818 0.0991311518918437 9.99999648249778e-11
0.727471347514391 0.727472812636926 0.727474278198067 0.727475744198348 0.727477210638306 0.727478677518477 0.7274801448394 0.727481612601614 0.727483080805662 0.727484549452084 1.09387162993468 9.99999937925388e-11
0.725191644754329 0.725193049880114 0.72519445545982 0.725195861494 0.725197267983207 0.725198674927997 0.725200082328925 0.725201490186553 0.725202898501434 0.725204307274134 1.10583171903202 9.99999934996253e-11
0.228332731858166 0.22832215209576 0.228311571231949 0.228300989266951 0.228290406200986 0.228279822034275 0.228269236767039 0.2282586503995 0.228248062931884 0.228237474364413 0.0971955883370657 9.99999673332512e-11
0.242084607561027 0.242082805546929 0.242081004503626 0.242079204432285 0.242077405334075 0.242075607210171 0.242073810061745 0.242072013889974 0.242070218696038 0.242068424481119 0.105978444475182 9.99999643129596e-11
0.179468590851006 0.179457757856895 0.17944692318148 0.179436086824454 0.179425248785511 0.179414409064343 0.179403567660643 0.179392724574104 0.179381879804419 0.179371033351281 0.0733333380140391 9.99999513008812e-11
0.321387973178193 0.321388218399118 0.321388464045588 0.32138871011812 0.321388956617234 0.321389203543451 0.321389450897292 0.32138969867928 0.321389946889939 0.321390195529794 0.167941423391429 9.99999752783577e-11
0.310101440345304 0.310102351404391 0.310103263227124 0.310104175814247 0.310105089166509 0.310106003284661 0.310106918169451 0.310107833821634 0.310108750241964 0.310109667431196 0.15378081423309 9.99999751928837e-11
0.722522418087294 0.722523752240009 0.722525086840812 0.722526421890285 0.722527757389009 0.722529093337568 0.722530429736547 0.722531766586532 0.72253310388811 0.722534441641872 1.13632255022104 9.99999928447969e-11
0.266428156208698 0.266425894501064 0.266423634508588 0.266421376233181 0.266419119676756 0.26641686484123 0.266414611728522 0.266412360340555 0.266410110679256 0.266407862746553 0.120569521648073 9.99999707159454e-11
0.317991206505585 0.317993270310946 0.317995335529936 0.317997402164 0.317999470214581 0.318001539683129 0.318003610571095 0.318005682879933 0.318007756611103 0.318009831766064 0.158633683498563 9.99999745419077e-11
0.294841462599601 0.294834071416859 0.294826679541897 0.29481928697512 0.294811893716936 0.29480449976775 0.294797105127971 0.294789709798009 0.294782313778277 0.294774917069186 0.141230351264865 9.9999973707291e-11
0.320635731722068 0.320636343867427 0.320636957051055 0.320637571274155 0.32063818653793 0.320638802843588 0.320639420192338 0.320640038585393 0.320640658023969 0.320641278509281 0.165798561871569 9.99999741142447e-11
0.728488938022628 0.728490267743157 0.72849159780226 0.728492928200367 0.72849425893791 0.728495590015322 0.728496921433037 0.72849825319149 0.728499585291118 0.728500917732357 1.09309054554782 9.99999938604877e-11
0.325295234273262 0.325296053409636 0.325296873670813 0.325297695057889 0.325298517571962 0.325299341214132 0.325300165985501 0.325300991887175 0.325301818920259 0.325302647085862 0.170324740882294 9.99999739119201e-11
0.278404950673301 0.278404052383548 0.27840315537103 0.278402259637051 0.278401365182918 0.278400472009939 0.278399580119426 0.278398689512691 0.278397800191052 0.278396912155827 0.130939246920264 9.99999704640428e-11
0.309872865841389 0.309873563841245 0.309874262618911 0.309874962175217 0.309875662511001 0.309876363627099 0.309877065524348 0.309877768203591 0.309878471665669 0.309879175911427 0.154596978375303 9.99999738418674e-11
0.252943462114712 0.252931451291213 0.252919438362815 0.252907423329257 0.252895406190278 0.252883386945619 0.252871365595017 0.252859342138217 0.252847316574957 0.25283528890498 0.114688196125997 9.99999689699518e-11
