0.722828243785428 0.722829549174272 0.722830854918925 0.722832161019854 0.722833467477526 0.722834774292405 0.722836081464963 0.722837388995665 0.722838696884985 0.722840005133392 1.06094054391408 9.9999994500186e-11
0.308070325055551 0.308071159249794 0.308071994527773 0.308072830890506 0.308073668339021 0.308074506874341 0.308075346497494 0.308076187209511 0.308077029011421 0.308077871904259 0.155868163135304 9.99999780505831e-11
0.335330633495535 0.335330646680483 0.335330660491244 0.335330674928575 0.335330689993231 0.33533070568597 0.335330722007551 0.335330738958736 0.335330756540288 0.335330774752972 0.180195188414038 9.99999791132463e-11
0.313912401865752 0.313913503837717 0.31391460715036 0.313915711805503 0.313916817804976 0.31391792515061 0.313919033844244 0.313920143887721 0.313921255282889 0.3139223680316 0.159503515428375 9.99999772751766e-11
0.722357116139837 0.722359236227928 0.722361357171025 0.722363478970171 0.722365601626408 0.722367725140782 0.722369849514342 0.722371974748138 0.722374100843225 0.722376227800656 1.06240725075418 9.99999943455056e-11
0.260442181426896 0.260441735534376 0.260441291884875 0.260440850481475 0.260440411327271 0.260439974425362 0.260439539778855 0.260439107390864 0.260438677264512 0.260438249402927 0.120706431888242 9.99999708187502e-11
0.722881224695155 0.722883222088505 0.722885220345383 0.722887219466931 0.722889219454292 0.722891220308614 0.722893222031046 0.722895224622741 0.722897228084854 0.722899232418546 1.06992223147295 9.99999943115746e-11
0.718035978022817 0.718037067169268 0.718038156627261 0.718039246397188 0.718040336479441 0.718041426874414 0.718042517582502 0.7180436086041 0.718044699939603 0.718045791589411 1.09209750009901 9.99999938620323e-11
0.256887229070078 0.256884356518185 0.256881484956391 0.256878614386167 0.256875744808989 0.256872876226338 0.256870008639693 0.256867142050539 0.256864276460363 0.256861411870655 0.120326970872611 9.99999714425286e-11
0.724603249404734 0.724605274387 0.724607300100913 0.724609326547385 0.724611353727324 0.724613381641648 0.724615410291269 0.724617439677109 0.724619469800088 0.724621500661127 1.06751093380976 9.99999943579575e-11
0.291461554807862 0.291458330063884 0.291455105898653 0.29145188231336 0.291448659309203 0.291445436887375 0.291442215049081 0.291438993795521 0.291435773127902 0.291432553047433 0.146885502659755 9.99999744687575e-11
0.32563362457182 0.325634086765951 0.325634550281866 0.325635015121174 0.325635481285489 0.325635948776425 0.325636417595602 0.325636887744643 0.325637359225175 0.325637832038828 0.173247045975713 9.99999774084299e-11
0.315899560325239 0.315900772169814 0.315901985014232 0.31590319885963 0.315904413707149 0.31590562955793 0.31590684641312 0.315908064273865 0.315909283141316 0.315910503016628 0.16236961066778 9.99999777587544e-11
0.719349281508243 0.71935090224916 0.719352523540015 0.719354145381426 0.719355767774016 0.719357390718405 0.719359014215218 0.719360638265081 0.719362262868619 0.719363888026462 1.07788559304888 9.99999940247631e-11
0.228549570675639 0.228536707496896 0.228523841479109 0.228510972621459 0.228498100923127 0.228485226383295 0.228472349001146 0.228459468775861 0.228446585706621 0.228433699792608 0.0972316775757099 9.9999968342791e-11
0.256154501552909 0.256152862718893 0.256151224972532 0.256149588315329 0.25614795274879 0.256146318274425 0.256144684893746 0.256143052608269 0.25614142141951 0.256139791328993 0.117782891509222 9.99999737312521e-11
0.718948485064721 0.718949777457075 0.718951070443868 0.7189523640259 0.718953658203979 0.718954952978907 0.718956248351493 0.718957544322547 0.718958840892879 0.718960138063305 1.08585838848627 9.9999993889808e-11
0.721029814211328 0.721031245931818 0.721032678129751 0.721034110805736 0.721035543960376 0.721036977594277 0.721038411708049 0.721039846302302 0.721041281377646 0.721042716934694 1.07575856618834 9.99999941903844e-11
0.723306232961187 0.723308229253633 0.723310226243903 0.723312223932786 0.723314222321075 0.723316221409566 0.723318221199053 0.723320221690333 0.723322222884208 0.723324224781477 1.0459506584556 9.99999946334337e-11
0.719919538973845 0.719920615647257 0.719921692603855 0.719922769844016 0.719923847368119 0.719924925176544 0.71992600326967 0.719927081647878 0.71992816031155 0.719929239261073 1.06977903811443 9.9999994273295e-11
0.261983217048558 0.261981571439718 0.261979926727944 0.261978282914238 0.261976639999605 0.261974997985052 0.261973356871589 0.261971716660224 0.261970077351971 0.261968438947844 0.119830778068373 9.9999973820802e-11
0.718512094141367 0.718513354008225 0.718514614301307 0.718515875021222 0.718517136168578 0.718518397743986 0.718519659748061 0.718520922181416 0.718522185044669 0.718523448338438 1.07982392546575 9.99999941079680e-11
0.202099420862488 0.202089682143595 0.202079943461601 0.202070204818417 0.20206046621596 0.20205072765615 0.202040989140914 0.202031250672188 0.202021512251909 0.202011773882024 0.0801490553898858 9.99999676085967e-11
0.719434987520329 0.719436338602748 0.719437690058696 0.719439041888632 0.719440394093011 0.719441746672295 0.719443099626941 0.719444452957413 0.71944580666417 0.719447160747679 1.08067833620946 9.99999940289089e-11
0.30649015884196 0.306490935080659 0.306491712490465 0.306492491072642 0.306493270828458 0.306494051759183 0.306494833866089 0.30649561715045 0.306496401613546 0.306497187256653 0.156422497073092 9.99999765413541e-11
0.317622386750735 0.317622500292698 0.317622614609822 0.317622729703009 0.31762284557316 0.317622962221178 0.317623079647973 0.317623197854452 0.317623316841527 0.317623436610112 0.167098159272887 9.99999769722137e-11
0.721682068190617 0.721683441128926 0.721684814544997 0.721686188439495 0.721687562813089 0.721688937666453 0.721690313000255 0.721691688815171 0.721693065111877 0.721694441891051 1.06397567380615 9.99999944494849e-11
0.717717602522467 0.717718994230011 0.717720386471568 0.717721779247854 0.717723172559582 0.717724566407468 0.717725960792234 0.717727355714598 0.717728751175283 0.717730147175013 1.0807809209859 9.99999939534825e-11
0.25621008106049 0.256207462752971 0.256204845004046 0.256202227814583 0.256199611185453 0.256196995117525 0.256194379611676 0.25619176466878 0.256189150289715 0.256186536475362 0.118421940202504 9.99999731994274e-11
0.720627575069566 0.720629004356557 0.720630434013206 0.72063186403993 0.720633294437144 0.720634725205267 0.720636156344715 0.720637587855909 0.720639019739267 0.720640451995212 1.09252485885139 9.99999936781935e-11
0.722353657855122 0.722355906378648 0.722358155872967 0.722360406339334 0.722362657779005 0.722364910193241 0.722367163583308 0.722369417950471 0.722371673296003 0.722373929621176 1.06960108905415 9.99999942615147e-11
0.307340533230363 0.307328564267642 0.307316593573065 0.307304621146626 0.307292646988322 0.307280671098147 0.307268693476103 0.307256714122187 0.307244733036403 0.307232750218753 0.150943894499194 9.9999978262768e-11
0.224406048131963 0.224395060978018 0.224384073231066 0.224373084891681 0.224362095960441 0.224351106437922 0.224340116324702 0.224329125621361 0.224318134328478 0.224307142446635 0.094863711313217 9.99999706237685e-11
0.29906659520285 0.299068356037356 0.299070118421266 0.299071882356129 0.299073647843498 0.299075414884932 0.299077183481989 0.299078953636235 0.299080725349238 0.299082498622567 0.141575952756131 9.99999770091646e-11
0.72536339327886 0.725365533410662 0.72536767425727 0.72536981581949 0.72537195809813 0.725374101094003 0.725376244807918 0.725378389240691 0.725380534393138 0.725382680266077 1.03873734826852 9.99999948473112e-11
0.293551154543029 0.293551481019664 0.293551808383422 0.293552136635494 0.293552465777078 0.293552795809373 0.293553126733585 0.293553458550918 0.293553791262584 0.293554124869796 0.146467318813503 9.99999755461059e-11
0.211456207831376 0.211454049330965 0.21145189302375 0.211449738912963 0.21144758700184 0.211445437293628 0.211443289791578 0.211441144498948 0.211439001419003 0.211436860555014 0.0916288994092836 9.99999646532372e-11
0.721538102118534 0.721539359383464 0.72154061706819 0.721541875173319 0.721543133699465 0.721544392647238 0.721545652017253 0.721546911810125 0.721548172026471 0.721549432666912 1.07517041575671 9.99999941657224e-11
0.348824830899744 0.348820420667772 0.348816010524755 0.348811600471687 0.348807190509565 0.348802780639386 0.348798370862154 0.348793961178875 0.348789551590558 0.348785142098216 0.191629809563997 9.99999791272386e-11
0.723552794806138 0.723554887618879 0.72355698123585 0.72355907565799 0.723561170886242 0.723563266921546 0.72356536376485 0.723567461417103 0.723569559879253 0.723571659152252 1.05326858323887 9.99999945783916e-11
0.724313255654315 0.724315057683394 0.724316860258519 0.724318663380317 0.724320467049416 0.724322271266448 0.724324076032045 0.724325881346842 0.724327687211473 0.724329493626575 1.05855650587903 9.99999945438845e-11
0.719885786187695 0.719887008035913 0.719888230291025 0.719889452953546 0.719890676023992 0.719891899502881 0.71989312339073 0.719894347688057 0.719895572395385 0.719896797513235 1.0850045657622 9.99999939284916e-11
0.724379597466138 0.724381335355861 0.724383073702865 0.724384812507633 0.724386551770653 0.72438829149241 0.724390031673395 0.724391772314096 0.724393513415004 0.724395254976612 1.07333882873587 9.9999994157788e-11
0.286499281904768 0.286500273136238 0.286501265620764 0.286502259359848 0.286503254354996 0.286504250607719 0.286505248119529 0.286506246891943 0.286507246926481 0.286508248224667 0.138630632584209 9.99999765015741e-11
0.274810999770005 0.274807459243593 0.274803919043409 0.27480037917013 0.274796839624432 0.274793300406995 0.2747897615185 0.274786222959629 0.274782684731066 0.274779146833496 0.131205735725646 9.99999747781511e-11
0.178292342852673 0.178278062220789 0.178263778391944 0.178249491364598 0.178235201137207 0.178220907708224 0.178206611076101 0.178192311239286 0.178178008196228 0.17816370194537 0.0724533094884778 9.99999610627997e-11
0.293052871679122 0.293050541015771 0.293048211664111 0.293045883625741 0.293043556902262 0.293041231495279 0.293038907406399 0.293036584637231 0.293034263189389 0.293031943064486 0.142677131648516 9.99999737192505e-11
0.207987971035597 0.207972387087676 0.207956799389881 0.207941207940263 0.207925612736871 0.20791001377775 0.207894411060944 0.207878804584491 0.20786319434643 0.207847580344794 0.0885013530873799 9.9999965748427e-11
0.219668119298269 0.219657450241057 0.219646780436254 0.219636109884808 0.219625438587668 0.219614766545787 0.219604093760121 0.219593420231626 0.219582745961264 0.219572070949997 0.095386545967533 9.99999672955254e-11
0.317213377587324 0.317212960793328 0.317212544452989 0.317212128566925 0.31721171313576 0.317211298160117 0.317210883640621 0.3172104695779 0.317210055972583 0.3172096428253 0.166871628215885 9.99999775362484e-11
0.721501953819177 0.721504033055094 0.721506113221711 0.721508194320311 0.721510276352182 0.721512359318612 0.721514443220898 0.721516528060335 0.721518613838225 0.721520700555874 1.0624124947165 9.99999942904365e-11
0.327591199063864 0.327591763142763 0.327592328625396 0.327592895513199 0.32759346380761 0.327594033510067 0.327594604622016 0.3275951771449 0.327595751080168 0.327596326429271 0.177216855108517 9.99999775362897e-11
0.304476785466244 0.30447743382715 0.304478083410783 0.304478734218476 0.304479386251562 0.30448003951138 0.30448069399927 0.304481349716575 0.304482006664641 0.304482664844816 0.154104501590208 9.99999769454663e-11
0.719061978828161 0.719063261365747 0.719064544328328 0.719065827716491 0.719067111530826 0.719068395771921 0.719069680440371 0.719070965536769 0.719072251061711 0.719073537015793 1.08052462444696 9.99999940340084e-11
0.71912798311298 0.719129270086633 0.71913055754975 0.719131845503007 0.719133133947083 0.719134422882657 0.719135712310413 0.719137002231033 0.719138292645205 0.719139583553614 1.08619198012158 9.9999993929436e-11
0.71729032350374 0.717291558596641 0.71729279421079 0.717294030346941 0.717295267005848 0.717296504188267 0.717297741894956 0.717298980126677 0.71730021888419 0.71730145816826 1.09587108838276 9.99999937608793e-11
0.721825793412359 0.721827811688714 0.721829830811646 0.721831850782289 0.721833871601777 0.721835893271251 0.721837915791855 0.721839939164735 0.721841963391037 0.721843988471916 1.06578828199834 9.99999943196091e-11
0.341743077897942 0.341744528848496 0.341745981208922 0.341747434980588 0.341748890164864 0.341750346763122 0.34175180477674 0.341753264207093 0.341754725055564 0.341756187323537 0.179565791354708 9.99999805286829e-11
0.320931684524467 0.320933072207168 0.320934461772385 0.320935853222352 0.320937246559309 0.320938641785498 0.32094003890317 0.320941437914579 0.320942838821983 0.320944241627648 0.168304953802554 9.99999788121812e-11
0.721168211757228 0.721169862178808 0.721171513148281 0.721173164666324 0.721174816733619 0.721176469350847 0.721178122518692 0.72117977623784 0.721181430508978 0.721183085332795 1.0660082721185 9.99999942516425e-11
0.722819873711611 0.722821618867508 0.722823364555042 0.722825110774791 0.722826857527334 0.722828604813248 0.722830352633112 0.72283210098751 0.722833849877023 0.722835599302236 1.07087167518476 9.99999941402178e-11
0.236643924350344 0.236641166138415 0.236638409888723 0.236635655603936 0.236632903286728 0.236630152939779 0.23662740456577 0.23662465816739 0.236621913747331 0.23661917130829 0.101181417656542 9.99999732408544e-11
0.28287470497398 0.282867723096337 0.282860741032177 0.282853758782263 0.282846776347362 0.282839793728239 0.282832810925665 0.282825827940411 0.28281884477325 0.282811861424958 0.130169545452238 9.99999779309978e-11
0.318908642508558 0.318909804004624 0.318910967045155 0.318912131632251 0.318913297768021 0.318914465454577 0.318915634694039 0.318916805488532 0.318917977840187 0.31891915175114 0.163991633795197 9.9999978523713e-11
0.311887121339406 0.311889964007887 0.311892809118644 0.311895656674218 0.311898506677157 0.311901359130015 0.311904214035348 0.311907071395722 0.311909931213704 0.311912793491868 0.151797150107704 9.99999789241854e-11
0.219477176199197 0.219460533437968 0.219443885697133 0.219427232973234 0.219410575262809 0.219393912562391 0.219377244868507 0.21936057217768 0.219343894486427 0.219327211791262 0.0917600228159167 9.99999661692615e-11
0.228813680737235 0.228796622435805 0.228779560371114 0.228762494541768 0.228745424946374 0.228728351583533 0.22871127445185 0.228694193549927 0.228677108876364 0.22866002042976 0.09904572903254 9.99999711734032e-11
0.718935597528748 0.718937065136471 0.718938533301321 0.718940002024054 0.718941471305422 0.718942941146185 0.718944411547103 0.718945882508936 0.718947354032448 0.718948826118406 1.09478297266714 9.99999937615388e-11
0.721958389479523 0.721959977059889 0.721961565207294 0.72196315392248 0.721964743206193 0.721966333059183 0.721967923482197 0.721969514475986 0.721971106041307 0.721972698178912 1.06896752359544 9.99999942361856e-11
0.255698791233188 0.255693307009062 0.25568782418017 0.255682342749715 0.255676862720912 0.255671384096981 0.255665906881153 0.255660431076667 0.255654956686771 0.255649483714722 0.113255230262219 9.99999740119159e-11
0.722190198381731 0.722191643170645 0.722193088387554 0.722194534032975 0.722195980107426 0.722197426611422 0.722198873545485 0.722200320910133 0.722201768705893 0.722203216933282 1.06229708756437 9.99999943850839e-11
0.317336926866685 0.317338194697852 0.317339464574275 0.317340736498168 0.317342010471754 0.317343286497257 0.317344564576906 0.317345844712937 0.317347126907587 0.317348411163101 0.159863371616759 9.99999788885634e-11
0.718662059078706 0.718663440812783 0.718664823103832 0.718666205952672 0.71866758936012 0.718668973327001 0.718670357854135 0.71867174294235 0.718673128592474 0.718674514805336 1.07642036196238 9.9999994085431e-11
0.722332920029767 0.722335039142817 0.722337159279999 0.722339280442791 0.722341402632683 0.722343525851164 0.722345650099726 0.722347775379867 0.72234990169309 0.722352029040901 1.07152405895366 9.99999942506755e-11
0.300322339782887 0.300324451862163 0.300326565946061 0.300328682036929 0.300330800137121 0.300332920248995 0.300335042374917 0.300337166517256 0.300339292678388 0.300341420860694 0.143065518052784 9.99999778453823e-11
0.721661006114078 0.7216624836387 0.721663961736781 0.721665440409136 0.721666919656576 0.721668399479921 0.721669879879987 0.721671360857598 0.721672842413574 0.721674324548743 1.0687277471406 9.99999943261727e-11
0.272344541294745 0.272342260549647 0.2723399806329 0.272337701545785 0.272335423289588 0.272333145865598 0.272330869275107 0.272328593519407 0.272326318599796 0.272324044517575 0.132233121526591 9.99999741312044e-11
0.722623711093444 0.72262549743001 0.722627284507292 0.722629072326255 0.722630860887864 0.722632650193089 0.722634440242901 0.722636231038272 0.72263802258018 0.722639814869601 1.06596889170294 9.99999943312017e-11
0.23531829104074 0.235313344844023 0.235308398514135 0.23530345205153 0.235298505456664 0.235293558729993 0.235288611871978 0.235283664883077 0.235278717763752 0.235273770514468 0.110400180690061 9.99999695465022e-11
0.342488294562964 0.342488257704944 0.342488222090186 0.342488187720146 0.342488154596289 0.342488122720081 0.342488092092991 0.34248806271649 0.342488034592055 0.342488007721163 0.189643944969516 9.99999785020616e-11
0.720070122729041 0.720072067527805 0.720074013162943 0.720075959635487 0.720077906946472 0.720079855096938 0.720081804087927 0.720083753920478 0.720085704595642 0.720087656114464 1.08428306395825 9.99999939262605e-11
0.308677863924921 0.308674692553114 0.308671523126197 0.308668355648751 0.308665190125372 0.308662026560667 0.308658864959263 0.308655705325795 0.308652547664919 0.308649391981299 0.153988892993404 9.99999756427038e-11
0.212278793960099 0.212275315699784 0.212271838101457 0.212268361166303 0.21226488489551 0.212261409290267 0.212257934351767 0.212254460081206 0.212250986479781 0.212247513548693 0.0894315717763071 9.9999968912357e-11
0.72274121415563 0.722742942020706 0.722744670561434 0.72274639977871 0.722748129673434 0.72274986024651 0.722751591498842 0.722753323431336 0.722755056044901 0.72275678934045 1.0664022412396 9.99999942978693e-11
0.716714118820144 0.716715837328504 0.716717556632958 0.716719276734615 0.71672099763459 0.716722719334002 0.716724441833969 0.716726165135614 0.716727889240063 0.716729614148446 1.10346282099282 9.9999993458078e-11
0.2952968138211 0.29528389276867 0.295270968740319 0.295258041735371 0.295245111753151 0.295232178792986 0.295219242854202 0.295206303936127 0.295193362038087 0.295180417159413 0.146537518023895 9.99999742414609e-11
0.293163961407762 0.293160846800061 0.29315773457824 0.29315462474684 0.293151517310414 0.293148412273525 0.293145309640749 0.293142209416674 0.293139111605897 0.293136016213029 0.144988719657605 9.99999760744771e-11
0.185095866668722 0.185071802170496 0.185047729657846 0.185023649123552 0.184999560560371 0.184975463961037 0.184951359318261 0.184927246624733 0.184903125873116 0.184878997056054 0.0737967887153175 9.99999619334991e-11
0.340771812493974 0.340772809678813 0.340773808001299 0.340774807462714 0.34077580806434 0.340776809807464 0.340777812693375 0.340778816723364 0.340779821898727 0.340780828220764 0.17725245108425 9.99999812249753e-11
0.300469541346807 0.300470023635094 0.30047050687024 0.300470991053187 0.300471476184878 0.300471962266259 0.300472449298278 0.300472937281883 0.300473426218028 0.300473916107663 0.152598182972423 9.99999755574376e-11
0.720678544414965 0.720680472244677 0.720682400816682 0.720684330131858 0.72068626019108 0.72068819099523 0.720690122545188 0.720692054841839 0.720693987886068 0.720695921678765 1.07011419284231 9.99999942015046e-11
0.280679237773496 0.280677686177856 0.28067613618059 0.280674587783902 0.28067304099 0.280671495801101 0.280669952219422 0.280668410247186 0.280666869886624 0.280665331139968 0.132929642856474 9.99999749442901e-11
0.305583592316239 0.305583870353453 0.305584149006227 0.305584428275215 0.305584708161076 0.305584988664466 0.305585269786046 0.305585551526478 0.305585833886422 0.305586116866545 0.154287668426981 9.99999775350347e-11
0.244764811346018 0.244760992200375 0.244757173739497 0.244753355964707 0.244749538877332 0.2447457224787 0.244741906770142 0.244738091752994 0.244734277428592 0.244730463798277 0.110774310686627 9.99999707398975e-11
0.300755207545873 0.300756174040647 0.300757141364846 0.300758109519159 0.300759078504277 0.300760048320892 0.300761018969698 0.30076199045139 0.300762962766663 0.300763935916216 0.151003945275103 9.99999760930451e-11
0.721789067024603 0.721790586914197 0.721792107317696 0.721793628235751 0.721795149669015 0.721796671618142 0.72179819408379 0.721799717066616 0.72180124056728 0.721802764586444 1.07436945360974 9.9999994171793e-11
0.324077214398475 0.324078215140161 0.324079216907667 0.324080219702246 0.324081223525151 0.324082228377642 0.324083234260978 0.324084241176426 0.324085249125252 0.324086258108728 0.167708836378165 9.99999771622136e-11
0.266797137658406 0.266796117388038 0.266795098558652 0.266794081172224 0.266793065230735 0.26679205073617 0.266791037690519 0.266790026095776 0.26678901595394 0.266788007267016 0.126302755074756 9.99999724331687e-11
0.299774535208165 0.299776348415765 0.299778163235605 0.29977997966959 0.299781797719629 0.299783617387638 0.299785438675534 0.299787261585242 0.299789086118689 0.29979091227781 0.153993811051882 9.99999740295122e-11
0.220762735152674 0.220756029130934 0.220749322613359 0.220742615600232 0.220735908091835 0.220729200088452 0.220722491590369 0.220715782597871 0.220709073111245 0.220702363130779 0.09669933860654 9.99999671807359e-11
