0.617638515269586 0.617640127987754 0.617641741356914 0.617643355378102 0.617644970052356 0.617646585380722 0.617648201364248 0.617649818003984 0.617651435300986 0.617653053256313 0.613313408281142 9.99999988806889e-11
0.294783053621111 0.294783862558727 0.294784672643019 0.294785483875737 0.294786296258635 0.294787109793473 0.294787924482018 0.294788740326042 0.294789557327325 0.294790375487653 0.142331021881826 9.99999979193569e-11
0.3172959896933 0.317297277710746 0.317298567046068 0.317299857700887 0.31730114967683 0.317302442975528 0.317303737598617 0.317305033547738 0.317306330824538 0.317307629430666 0.152797776096046 9.99999979751434e-11
0.301753748984092 0.301753637285779 0.301753526054793 0.301753415291989 0.301753304998223 0.301753195174358 0.301753085821257 0.301752976939788 0.301752868530824 0.301752760595238 0.150170950648753 9.9999997493053e-11
0.620030546959897 0.620032389796918 0.620034233287165 0.620036077431599 0.62003792223118 0.620039767686875 0.620041613799651 0.62004346057048 0.620045308000336 0.620047156090198 0.600280806207864 9.99999990283204e-11
0.253693082996204 0.253691589998774 0.253690097803312 0.253688606411546 0.253687115825212 0.253685626046053 0.253684137075819 0.253682648916268 0.253681161569166 0.253679675036284 0.112326325289666 9.99999975996547e-11
0.617013117053709 0.617015113510825 0.617017111114666 0.617019109867612 0.61702110977205 0.617023110830381 0.617025113045015 0.617027116418374 0.617029120952892 0.617031126651007 0.611601310714459 9.99999988585372e-11
0.615629736831067 0.615631391045225 0.615633045964403 0.615634701589688 0.615636357922166 0.615638014962926 0.615639672713063 0.615641331173675 0.615642990345863 0.61564465023073 0.624555771541106 9.99999987569469e-11
0.269170513412581 0.269167901459436 0.269165290394782 0.269162680220221 0.269160070937357 0.2691574625478 0.269154855053165 0.269152248455074 0.269149642755149 0.269147037955022 0.121986167915878 9.9999997415939e-11
0.619392244066138 0.619393571766146 0.619394899856648 0.619396228338359 0.619397557211995 0.619398886478273 0.619400216137917 0.61940154619165 0.6194028766402 0.619404207484297 0.595448130536521 9.99999991617692e-11
0.266128517296569 0.266125920777255 0.266123324785832 0.266120729323948 0.266118134393259 0.266115539995428 0.266112946132127 0.266110352805037 0.266107760015843 0.266105167766244 0.12475483997115 9.999999743152e-11
0.301511003114638 0.301511763677617 0.301512525284904 0.301513287938361 0.30151405163986 0.301514816391279 0.301515582194506 0.301516349051439 0.301517116963979 0.301517885934041 0.146392049764614 9.99999976603693e-11
0.31906888679984 0.319069936247467 0.319070986846201 0.319072038597954 0.319073091504641 0.319074145568188 0.319075200790529 0.319076257173603 0.319077314719361 0.319078373429759 0.163507899136352 9.99999970933757e-11
0.615662414493362 0.615663710088082 0.615665006196518 0.615666302819525 0.615667599957963 0.615668897612695 0.615670195784587 0.615671494474507 0.615672793683329 0.615674093411925 0.62696773855015 9.99999986872867e-11
0.231128541226366 0.231116640341525 0.231104737650754 0.23109283315487 0.231080926854695 0.23106901875106 0.231057108844799 0.231045197136755 0.231033283627777 0.231021368318721 0.0933012314510616 9.99999978966869e-11
0.279347304651689 0.279344822906575 0.27934234175823 0.279339861207982 0.279337381257164 0.279334901907114 0.279332423159177 0.279329945014699 0.279327467475034 0.279324990541541 0.129171806278879 9.99999976217877e-11
0.616329842923846 0.616331610475829 0.616333378917109 0.616335148249302 0.616336918474027 0.616338689592916 0.616340461607602 0.61634223451973 0.616344008330949 0.616345783042916 0.630999054579325 9.99999986585666e-11
0.61704290179421 0.617044463803238 0.617046026447205 0.617047589727217 0.617049153644381 0.617050718199808 0.617052283394616 0.617053849229925 0.617055415706864 0.617056982826557 0.616109480951483 9.99999988685041e-11
0.619502088215948 0.619504001473366 0.619505915418494 0.619507830052395 0.61950974537613 0.619511661390772 0.619513578097389 0.619515495497058 0.619517413590859 0.619519332379874 0.597625776071137 9.99999990396906e-11
0.61639997136531 0.616401460529653 0.616402950341897 0.616404440803196 0.616405931914718 0.616407423677632 0.61640891609311 0.616410409162333 0.616411902886481 0.616413397266744 0.612543377160808 9.99999988764284e-11
0.291430304458713 0.291426950013133 0.291423595895277 0.291420242106245 0.291416888647139 0.291413535519068 0.291410182723144 0.291406830260485 0.291403478132211 0.291400126339451 0.134006029004935 9.99999977255051e-11
0.61609833623516 0.616099861006259 0.616101386406683 0.616102912437484 0.616104439099719 0.616105966394448 0.616107494322736 0.616109022885654 0.616110552084272 0.61611208191967 0.616652122157233 9.9999998812471e-11
0.207944970802491 0.207937238087339 0.207929505224581 0.207921772215787 0.207914039062535 0.207906305766406 0.207898572328992 0.207890838751887 0.207883105036695 0.207875371185023 0.0854149827272479 9.99999968861005e-11
0.615588409680867 0.615590015055359 0.615591621251201 0.615593228269773 0.615594836112458 0.615596444780643 0.615598054275722 0.615599664599094 0.615601275752162 0.615602887736333 0.609805712301798 9.99999989416916e-11
0.32300005227842 0.323000182803264 0.32300031415166 0.323000446324905 0.323000579324299 0.323000713151146 0.323000847806757 0.323000983292444 0.323001119609525 0.323001256759324 0.166641729981493 9.9999997625452e-11
0.325074527299555 0.325075031311339 0.325075536018128 0.325076041420993 0.325076547521011 0.325077054319264 0.325077561816837 0.325078070014819 0.325078578914303 0.325079088516387 0.161911527196781 9.9999997927823e-11
0.614176832927557 0.614178257892229 0.614179683471462 0.614181109666379 0.614182536478111 0.61418396390779 0.614185391956554 0.614186820625548 0.614188249915916 0.614189679828814 0.623912319835633 9.99999987360858e-11
0.617347062135855 0.617348561716753 0.617350061954424 0.617351562850345 0.617353064406004 0.61735456662289 0.617356069502506 0.617357573046358 0.617359077255962 0.617360582132838 0.601808693299006 9.99999990237034e-11
0.27939260279591 0.279391089764525 0.279389577291772 0.27938806537863 0.279386554026085 0.279385043235125 0.279383533006744 0.279382023341936 0.279380514241704 0.27937900570705 0.128419532578664 9.99999978429916e-11
0.615415285496042 0.615416783884737 0.615418282895344 0.615419782528913 0.615421282786495 0.615422783669148 0.615424285177929 0.615425787313903 0.61542729007814 0.615428793471708 0.596445121641009 9.99999990497659e-11
0.615231605850792 0.615233137754693 0.615234670355209 0.615236203653479 0.61523773765064 0.615239272347839 0.615240807746223 0.615242343846946 0.615243880651166 0.615245418160044 0.623853937906613 9.99999987638125e-11
0.29348318796503 0.293476759226941 0.293470330302774 0.293463901193479 0.293457471900013 0.293451042423336 0.293444612764412 0.29343818292421 0.293431752903703 0.293425322703869 0.133104602685712 9.99999978486519e-11
0.207878452228083 0.207871918038171 0.207865384423906 0.207858851387499 0.207852318931172 0.207845787057159 0.207839255767703 0.207832725065057 0.207826194951486 0.207819665429265 0.0807832886583982 9.99999981884333e-11
0.304896161938552 0.304896682566136 0.304897204151798 0.304897726697176 0.304898250203914 0.304898774673663 0.304899300108078 0.304899826508822 0.304900353877563 0.304900882215975 0.149679566289756 9.99999975899016e-11
0.617880062718082 0.617881805328495 0.617883548677061 0.61788529276513 0.617887037594051 0.617888783165183 0.617890529479893 0.617892276539548 0.617894024345525 0.617895772899205 0.605310014524434 9.99999989514424e-11
0.333135446476537 0.333135671304337 0.333135896853227 0.333136123124291 0.333136350118614 0.333136577837285 0.333136806281401 0.333137035452057 0.333137265350358 0.333137495977408 0.170103699406105 9.99999977298747e-11
0.292553975710833 0.292548134060417 0.292542292927898 0.292536452315628 0.292530612225969 0.292524772661297 0.292518933623996 0.292513095116461 0.292507257141101 0.292501419700334 0.136066818208655 9.99999979009180e-11
0.618609490214184 0.618611193599313 0.618612897770733 0.618614602729964 0.61861630847853 0.618618015017962 0.618619722349797 0.618621430475581 0.61862313939686 0.61862484911519 0.603099563129908 9.99999990101159e-11
0.291737118069025 0.291735516816573 0.291733916429046 0.291732316908146 0.291730718255585 0.291729120473079 0.291727523562354 0.291725927525141 0.29172433236318 0.291722738078219 0.138240549222904 9.99999976087899e-11
0.617347211186787 0.617348506762536 0.617349802801737 0.61735109930521 0.617352396273778 0.617353693708268 0.617354991609511 0.61735628997834 0.617357588815593 0.61735888812211 0.615614517554362 9.99999988650095e-11
0.616898415322038 0.61689969210712 0.616900969389332 0.616902247169549 0.616903525448646 0.616904804227503 0.616906083507005 0.61690736328804 0.616908643571496 0.616909924358266 0.623314492572112 9.9999998815187e-11
0.616531114308224 0.616532620620571 0.616534127583135 0.6165356351969 0.616537143462855 0.616538652381993 0.616540161955307 0.616541672183798 0.616543183068465 0.616544694610315 0.626431063430568 9.99999987733469e-11
0.617659717372042 0.617661141885883 0.617662566901821 0.617663992420712 0.61766541844342 0.617666844970812 0.617668272003757 0.617669699543128 0.617671127589801 0.617672556144654 0.616200631949182 9.9999998862042e-11
0.301067269037427 0.301067156411608 0.301067044230248 0.301066932494204 0.301066821204341 0.301066710361521 0.301066599966616 0.301066490020496 0.301066380524039 0.301066271478125 0.151369883519148 9.99999972947538e-11
0.267769579043849 0.267767596622889 0.267765615631971 0.267763636074645 0.267761657954478 0.267759681275052 0.267757706039969 0.267755732252844 0.267753759917314 0.26775178903703 0.118617660963316 9.99999982908667e-11
0.223152937741578 0.223137604859438 0.223122268078074 0.223106927396105 0.223091582812151 0.223076234324836 0.223060881932782 0.22304552563462 0.223030165428977 0.223014801314486 0.0935294988082388 9.99999980315318e-11
0.278975557132533 0.27897199752204 0.278968438817412 0.278964881020384 0.278961324132695 0.278957768156091 0.278954213092324 0.278950658943151 0.278947105710334 0.278943553395642 0.126344328194012 9.99999975582822e-11
0.202903715253729 0.202892292254594 0.202880867608943 0.202869441317128 0.202858013379504 0.202846583796432 0.202835152568275 0.202823719695403 0.202812285178189 0.202800849017009 0.0824466873922111 9.99999976058021e-11
0.29255210066625 0.29254062335815 0.292529144409399 0.292517663821139 0.292506181594524 0.292494697730713 0.292483212230876 0.292471725096192 0.292460236327848 0.292448745927039 0.128926979195113 9.99999982069134e-11
0.313155804032845 0.313156256848206 0.313156710367885 0.313157164593495 0.313157619526654 0.313158075168989 0.313158531522139 0.313158988587746 0.313159446367466 0.313159904862959 0.15786899729626 9.99999975408037e-11
0.619017445134705 0.61901899570257 0.619020546938431 0.619022098843593 0.619023651419369 0.619025204667074 0.619026758588032 0.619028313183574 0.619029868455036 0.619031424403761 0.619474578884353 9.99999988317089e-11
0.326499854521495 0.326500644286724 0.326501435549144 0.326502228310775 0.326503022573645 0.326503818339786 0.326504615611237 0.326505414390046 0.326506214678263 0.326507016477948 0.165724013939919 9.99999975898249e-11
0.306080391535208 0.306080998006175 0.306081605528653 0.306082214104277 0.306082823734689 0.306083434421534 0.306084046166466 0.306084658971146 0.306085272837238 0.306085887766416 0.1510927797226 9.99999975314504e-11
0.616863688559899 0.61686508320982 0.616866478425738 0.61686787420856 0.616869270559191 0.616870667478543 0.616872064967529 0.616873463027066 0.616874861658074 0.616876260861477 0.618249645758628 9.99999988595733e-11
0.616682528496495 0.616683760071478 0.616684992256116 0.616686225051627 0.616687458459239 0.616688692480181 0.61668992711569 0.616691162367006 0.616692398235378 0.616693634722054 0.619818621138763 9.99999988207287e-11
0.615319110484886 0.61532020482319 0.615321299518765 0.615322394572298 0.615323489984477 0.615324585755993 0.615325681887542 0.615326778379821 0.61532787523353 0.615328972449371 0.62158924297494 9.99999987429126e-11
0.61521477561372 0.615216142039171 0.615217509048166 0.61521887664187 0.615220244821452 0.615221613588086 0.615222982942955 0.615224352887239 0.61522572342213 0.615227094548824 0.617068980809704 9.99999988387347e-11
0.30282225792029 0.302823000614585 0.30282374444169 0.302824489403537 0.302825235502068 0.302825982739231 0.302826731116982 0.302827480637284 0.302828231302109 0.302828983113435 0.14345511908357 9.99999979639352e-11
0.319387359958978 0.319388166481407 0.319388974100929 0.319389782818931 0.319390592636804 0.319391403555945 0.319392215577754 0.319393028703637 0.319393842935005 0.319394658273271 0.15008220423204 9.99999984014786e-11
0.613638040163002 0.613639467082068 0.613640894637281 0.613642322829644 0.613643751660163 0.613645181129847 0.61364661123971 0.613648041990767 0.613649473384038 0.613650905420546 0.635150054981464 9.9999998618913e-11
0.614315830946278 0.614317111381275 0.614318392272768 0.614319673621554 0.614320955428429 0.614322237694195 0.614323520419655 0.614324803605614 0.614326087252885 0.614327371362277 0.597093186692229 9.99999990338563e-11
0.21886513585543 0.21886218261331 0.218859230060605 0.218856278198856 0.218853327029609 0.218850376554419 0.218847426774846 0.218844477692458 0.218841529308831 0.218838581625547 0.0873647691234594 9.99999976665544e-11
0.269164431724128 0.26915932991375 0.269154228420111 0.26914912724486 0.269144026389653 0.269138925856156 0.269133825646042 0.269128725760992 0.269123626202697 0.269118526972853 0.122143930894279 9.99999973449821e-11
0.303927237478305 0.303927775937389 0.303928315681933 0.303928856714604 0.303929399038082 0.303929942655061 0.303930487568248 0.303931033780365 0.303931581294148 0.303932130112345 0.147765048058696 9.99999978434985e-11
0.323113618648542 0.323113601849149 0.32311358588481 0.323113570757043 0.323113556467367 0.32311354301731 0.323113530408405 0.323113518642193 0.323113507720219 0.323113497644036 0.166186999189234 9.99999976604531e-11
0.221270196618878 0.221253467019164 0.221236734249583 0.221219998310222 0.221203259201176 0.22118651692254 0.221169771474416 0.221153022856909 0.221136271070127 0.221119516114185 0.0909723813600145 9.99999978246553e-11
0.252738045570182 0.252722715421375 0.252707380828791 0.252692041790781 0.252676698305699 0.252661350371907 0.252645997987764 0.252630641151638 0.252615279861895 0.252599914116909 0.116443522019819 9.99999971790124e-11
0.616573188648198 0.61657476399623 0.616576340147222 0.616577917102614 0.616579494863848 0.616581073432372 0.616582652809643 0.616584232997119 0.616585813996268 0.61658739580856 0.631948257612726 9.99999986749332e-11
0.612367210275106 0.612368222336205 0.612369234873286 0.612370247887255 0.612371261379019 0.612372275349495 0.612373289799596 0.612374304730246 0.612375320142363 0.612376336036878 0.625762435330724 9.99999987403934e-11
0.243414463969628 0.243409732513968 0.243405001137116 0.243400269840017 0.243395538623616 0.243390807488865 0.243386076436719 0.243381345468137 0.243376614584082 0.243371883785523 0.107234688551679 9.99999974747545e-11
0.6191441395963 0.619146171982372 0.619148205477672 0.61915024008455 0.619152275805365 0.619154312642487 0.619156350598299 0.619158389675191 0.61916042987557 0.61916247120185 0.602633483600122 9.99999989580802e-11
0.308361617582606 0.308363334036966 0.30836505304252 0.308366774605485 0.308368498732111 0.308370225428684 0.308371954701521 0.308373686556973 0.308375421001426 0.308377158041299 0.148071499108582 9.99999979893765e-11
0.613565068969163 0.613566061390358 0.613567054236864 0.613568047509509 0.613569041209133 0.613570035336569 0.613571029892661 0.613572024878252 0.613573020294191 0.613574016141328 0.615353310093548 9.99999988709188e-11
0.616930072647619 0.616931610000433 0.616933148058014 0.616934686821603 0.616936226292446 0.616937766471792 0.616939307360896 0.616940848961018 0.616942391273422 0.616943934299376 0.612307767546921 9.99999989034669e-11
0.307010528108145 0.307010676016666 0.307010824660257 0.30701097404031 0.307011124158224 0.307011275015401 0.307011426613251 0.307011578953188 0.307011732036628 0.307011885864997 0.156058368616506 9.99999970615527e-11
0.618042238147259 0.618043812891017 0.618045388301951 0.618046964381282 0.618048541130239 0.618050118550056 0.618051696641971 0.618053275407229 0.618054854847079 0.618056434962777 0.608305883987984 9.99999989785704e-11
0.252801208601388 0.252798644959057 0.252796081729791 0.252793518914827 0.252790956515407 0.25278839453278 0.2527858329682 0.252783271822927 0.252780711098228 0.252778150795376 0.116631360698039 9.99999972966723e-11
0.61750328387477 0.617504977167254 0.617506671187583 0.617508365937049 0.617510061416956 0.617511757628605 0.617513454573309 0.617515152252383 0.617516850667152 0.617518549818941 0.612667689892804 9.99999988569463e-11
0.226421572792865 0.226417644457329 0.2264137167346 0.226409789626988 0.226405863136814 0.226401937266412 0.226398012018129 0.22639408739432 0.226390163397357 0.226386240029621 0.0953680974170262 9.99999975046374e-11
0.333824241286983 0.333824171168127 0.333824103367526 0.333824037894692 0.333823974759196 0.333823913970673 0.333823855538818 0.333823799473392 0.333823745784217 0.33382369448118 0.168974152283201 9.99999982095797e-11
0.621247017194547 0.621248719073549 0.621250421637797 0.621252124888596 0.621253828827263 0.62125553345512 0.621257238773489 0.621258944783705 0.621260651487102 0.621262358885024 0.608503229655968 9.99999989303858e-11
0.26364544169172 0.263644691454716 0.263643942771997 0.263643195645798 0.263642450078359 0.263641706071928 0.263640963628759 0.263640222751114 0.263639483441262 0.263638745701478 0.112559658122414 9.9999998080877e-11
0.24234141595062 0.242335879703583 0.242330343371176 0.242324806954706 0.242319270455492 0.242313733874856 0.242308197214131 0.242302660474654 0.242297123657772 0.242291586764837 0.109758878570862 9.99999968731051e-11
0.617615384843948 0.617617222118298 0.617619060274433 0.617620899313912 0.617622739238305 0.617624580049186 0.617626421748136 0.617628264336741 0.617630107816594 0.617631952189295 0.603282841067439 9.99999990294562e-11
0.616966513521256 0.616968572153104 0.616970632071157 0.616972693278967 0.616974755780109 0.616976819578176 0.616978884676784 0.616980951079565 0.616983018790177 0.616985087812295 0.609098104467582 9.99999988926934e-11
0.218020265104477 0.218012417705818 0.218004569416935 0.217996720238591 0.217988870171551 0.21798101921659 0.217973167374482 0.217965314646013 0.217957461031969 0.217949606533145 0.0924387607193066 9.99999962535163e-11
0.294672406693998 0.294670461222922 0.294668517317886 0.294666574983426 0.294664634224099 0.294662695044489 0.294660757449206 0.294658821442883 0.294656887030178 0.294654954215778 0.140699079445954 9.99999978176811e-11
0.242838779737852 0.242819158832042 0.242799529407034 0.242779891456423 0.242760244973801 0.242740589952752 0.242720926386854 0.242701254269681 0.242681573594799 0.242661884355772 0.106179603518454 9.99999970556035e-11
0.327793729859575 0.327794286770855 0.327794844701483 0.327795403652988 0.327795963626903 0.327796524624767 0.327797086648122 0.327797649698519 0.327798213777512 0.327798778886662 0.16515024031232 9.99999979072284e-11
0.308555849528691 0.308557401334509 0.308558954767931 0.308560509831465 0.308562066527634 0.308563624858966 0.308565184828 0.308566746437285 0.308568309689378 0.308569874586847 0.151881964846083 9.99999973386574e-11
0.617896320358519 0.617898148931752 0.617899978239846 0.617901808284073 0.617903639065709 0.617905470586038 0.617907302846347 0.61790913584793 0.617910969592085 0.617912804080117 0.617787127957775 9.99999988026701e-11
0.247941943695962 0.247940561352339 0.247939180056745 0.24793779981087 0.247936420616408 0.247935042475059 0.247933665388531 0.247932289358535 0.247930914386788 0.247929540475016 0.107398554166971 9.99999976037367e-11
0.336976700766592 0.336977467337491 0.336978234753112 0.336979003014734 0.336979772123641 0.336980542081119 0.336981312888461 0.336982084546964 0.33698285705793 0.336983630422666 0.176437572040666 9.99999975302072e-11
0.228790754636133 0.228787992997954 0.228785231752162 0.228782470899952 0.228779710442522 0.228776950381078 0.228774190716828 0.228771431450989 0.228768672584781 0.22876591411943 0.0993910407978149 9.99999971861443e-11
0.305581250942676 0.305582659705122 0.305584070541981 0.305585483458752 0.305586898460963 0.305588315554169 0.30558973474396 0.305591156035954 0.3055925794358 0.305594004949179 0.141895353391844 9.99999983270311e-11
0.614954587187988 0.614956224826388 0.61495786337915 0.614959502847994 0.614961143234646 0.614962784540839 0.614964426768315 0.614966069918822 0.614967713994117 0.614969358995963 0.628038563658512 9.99999986985229e-11
0.324005911987682 0.324006254196698 0.324006597220057 0.324006941059182 0.324007285715502 0.324007631190453 0.324007977485475 0.324008324602015 0.324008672541527 0.324009021305469 0.164311600416585 9.99999978325972e-11
0.269284972911175 0.269282530818379 0.269280089067756 0.269277647660235 0.269275206596747 0.269272765878228 0.26927032550562 0.269267885479862 0.269265445801905 0.269263006472698 0.129256467066169 9.99999973230764e-11
0.314116177298038 0.314117536113652 0.314118896347281 0.314120258001513 0.314121621078947 0.314122985582195 0.314124351513878 0.314125718876631 0.314127087673099 0.314128457905939 0.148714708516107 9.99999981962743e-11
0.231859538777113 0.231850880024892 0.231842220888884 0.231833561370795 0.231824901472336 0.231816241195226 0.23180758054119 0.231798919511965 0.231790258109291 0.231781596334918 0.101284728942576 9.99999971850929e-11
