0.659462251195529 0.659463650866262 0.659465050968301 0.659466451502218 0.659467852468586 0.659469253867979 0.659470655700974 0.659472057968147 0.659473460670078 0.659474863807345 0.775214285063938 9.99999979273234e-11
0.299848193818184 0.299847989474707 0.29984778575282 0.29984758265337 0.299847380177211 0.299847178325197 0.299846977098185 0.299846776497033 0.299846576522604 0.299846377175758 0.147168113772965 9.99999956671003e-11
0.307753160025477 0.307753493658977 0.30775382815991 0.307754163529418 0.307754499768652 0.307754836878763 0.307755174860904 0.307755513716236 0.307755853445917 0.307756194051115 0.149347859759943 9.99999962241048e-11
0.300544824140122 0.300546061354786 0.30054729953628 0.300548538685617 0.300549778803813 0.300551019891886 0.300552261950858 0.300553504981751 0.300554748985592 0.300555993963406 0.143626617683284 9.99999955928658e-11
0.662229592166689 0.66223168985751 0.662233788240984 0.662235887317947 0.662237987089239 0.6622400875557 0.662242188718173 0.662244290577502 0.662246393134537 0.662248496390124 0.769130774579973 9.99999979529681e-11
0.257602362460792 0.257600625474433 0.257598889314683 0.257597153982746 0.257595419479829 0.257593685807144 0.257591952965905 0.25759022095733 0.257588489782637 0.257586759443051 0.114268984566331 9.99999952800071e-11
0.664489035590099 0.664491093943138 0.664493153120939 0.664495213124663 0.664497273955467 0.664499335614517 0.664501398102979 0.664503461422025 0.664505525572826 0.664507590556558 0.74228571120583 9.99999984509288e-11
0.661110014060845 0.661111708477347 0.661113403517535 0.661115099182201 0.66111679547214 0.661118492388146 0.661120189931017 0.661121888101551 0.661123586900552 0.661125286328822 0.79057090946461 9.99999977331603e-11
0.284592348589296 0.284587904691753 0.28458346074048 0.284579016735923 0.284574572678531 0.284570128568755 0.284565684407043 0.284561240193852 0.284556795929632 0.284552351614841 0.136823705839223 9.99999955238135e-11
0.664233696904475 0.664235731003233 0.66423776579651 0.664239801285186 0.664241837470148 0.664243874352285 0.664245911932488 0.664247950211648 0.664249989190663 0.664252028870429 0.755217923659412 9.9999998241433e-11
0.270440310785196 0.270436761432 0.270433212425654 0.270429663767388 0.27042611545844 0.270422567500047 0.270419019893453 0.270415472639903 0.270411925740649 0.270408379196943 0.125184958701337 9.99999959970424e-11
0.315062766992813 0.315063248997271 0.315063731622617 0.315064214869684 0.315064698739308 0.315065183232327 0.315065668349583 0.315066154091919 0.315066640460181 0.315067127455215 0.158582994830855 9.99999953651929e-11
0.328271296192495 0.328271426578642 0.328271557649553 0.328271689406211 0.328271821849602 0.328271954980717 0.328272088800546 0.328272223310085 0.32827235851033 0.328272494402282 0.172076223838042 9.99999950006288e-11
0.660651602968054 0.66065315794706 0.660654713475184 0.660656269553167 0.660657826181752 0.660659383361685 0.660660941093713 0.660662499378585 0.660664058217055 0.660665617609874 0.775406569667104 9.99999978791462e-11
0.20982820216615 0.209820370532851 0.209812538502798 0.209804706076839 0.209796873255825 0.209789040040611 0.209781206432055 0.209773372431016 0.209765538038356 0.20975770325494 0.0855415264004501 9.99999961637366e-11
0.25996163536508 0.259958689182776 0.259955743158428 0.259952797292531 0.259949851585585 0.25994690603809 0.259943960650546 0.259941015423457 0.259938070357326 0.259935125452659 0.122819069783677 9.99999944049094e-11
0.656690537621885 0.656691413132534 0.656692288861914 0.656693164810389 0.656694040978329 0.656694917366099 0.656695793974072 0.656696670802619 0.65669754785211 0.65669842512292 0.79690792104962 9.99999976112137e-11
0.658655872746948 0.658657034606484 0.658658196791215 0.658659359301604 0.658660522138115 0.658661685301212 0.658662848791363 0.658664012609039 0.658665176754705 0.658666341228836 0.788550479206652 9.99999977463193e-11
0.661198727890538 0.661200172346328 0.661201617246149 0.661203062590582 0.66120450838021 0.661205954615619 0.661207401297393 0.661208848426122 0.661210296002393 0.661211744026796 0.759670841974717 9.99999981309799e-11
0.664943526982831 0.664945720855661 0.664947915511368 0.664950110950918 0.664952307175273 0.664954504185404 0.664956701982279 0.664958900566872 0.664961099940158 0.664963300103114 0.751651393237848 9.99999982507186e-11
0.266162270705288 0.266161195061331 0.266160120131865 0.266159045917958 0.266157972420679 0.266156899641102 0.266155827580303 0.26615475623936 0.266153685619357 0.266152615721377 0.119817992393869 9.99999957073664e-11
0.660872614461146 0.660874028461665 0.660875442885324 0.660876857732687 0.660878273004314 0.66087968870077 0.66088110482262 0.660882521370433 0.660883938344777 0.660885355746219 0.778192222406714 9.99999978882444e-11
0.237341152887707 0.237331271806566 0.237321389792195 0.237311506845672 0.237301622968078 0.2372917381605 0.237281852424025 0.237271965759748 0.237262078168766 0.237252189652181 0.103551411210588 9.99999951445681e-11
0.659900020618171 0.659901207810937 0.659902395409319 0.659903583413945 0.659904771825442 0.659905960644445 0.659907149871581 0.659908339507487 0.659909529552798 0.659910720008153 0.775345473142257 9.99999979451153e-11
0.327254367191979 0.327255014727501 0.327255663215194 0.327256312656362 0.327256963052307 0.327257614404338 0.327258266713769 0.327258919981911 0.327259574210085 0.327260229399612 0.161459842178884 9.99999960328184e-11
0.29457860925679 0.294581143724856 0.294583680047335 0.294586218226207 0.294588758263462 0.294591300161087 0.294593843921079 0.294596389545439 0.29459893703617 0.294601486395282 0.135575205620726 9.99999960004843e-11
0.656953983654498 0.656954958583387 0.656955933881363 0.656956909549 0.656957885586875 0.656958861995567 0.656959838775655 0.656960815927723 0.656961793452354 0.656962771350131 0.794652447840646 9.99999976549295e-11
0.66241231900195 0.662414101300233 0.66241588424593 0.662417667839899 0.662419452083004 0.662421236976114 0.662423022520093 0.662424808715813 0.662426595564145 0.662428383065965 0.758726165087733 9.99999981307988e-11
0.259064366801809 0.25906156867945 0.259058770971321 0.259055973678064 0.259053176800321 0.259050380338739 0.259047584293964 0.259044788666643 0.259041993457426 0.259039198666964 0.115870926543495 9.99999945699455e-11
0.656835917378255 0.656837544464195 0.656839172298386 0.656840800881884 0.65684243021575 0.656844060301042 0.656845691138824 0.656847322730162 0.656848955076127 0.656850588177789 0.775371735149228 9.99999978831201e-11
0.662539912722866 0.662541632041001 0.662543351966579 0.662545072500402 0.662546793643274 0.662548515395999 0.662550237759389 0.662551960734249 0.662553684321394 0.662555408521636 0.765444779907615 9.99999980939098e-11
0.261697432944711 0.261693379752087 0.261689327273747 0.261685275511123 0.261681224465646 0.261677174138755 0.261673124531889 0.261669075646493 0.261665027484014 0.261660980045903 0.118869541572979 9.99999959088366e-11
0.255419088330161 0.255410892166439 0.255402696199287 0.255394500431931 0.255386304867607 0.255378109509565 0.255369914361064 0.255361719425375 0.255353524705783 0.255345330205579 0.112601006001646 9.9999994333273e-11
0.314458139625891 0.314458854042388 0.314459569244074 0.314460285231999 0.314461002007216 0.31446171957078 0.31446243792375 0.314463157067188 0.31446387700216 0.314464597729733 0.160573496718653 9.99999948746517e-11
0.661638088798669 0.66163954742685 0.66164100660324 0.661642466328618 0.661643926603768 0.661645387429475 0.661646848806524 0.661648310735705 0.661649773217809 0.661651236253628 0.756746754719702 9.99999982024078e-11
0.298329340133728 0.298329509079215 0.298329678553031 0.298329848555904 0.298330019088564 0.298330190151741 0.298330361746168 0.298330533872581 0.298330706531717 0.298330879724315 0.147560454869174 9.9999995743681e-11
0.247898817754574 0.247891681480445 0.247884545721854 0.247877410480573 0.247870275758378 0.247863141557049 0.247856007878371 0.247848874724134 0.247841742096131 0.24783460999616 0.105501139466924 9.99999968836176e-11
0.657411545088946 0.657412981148861 0.657414417732737 0.657415854841217 0.657417292474944 0.657418730634562 0.657420169320718 0.657421608534059 0.657423048275236 0.657424488544897 0.791299801006577 9.99999976706865e-11
0.250050315680303 0.250049431386951 0.250048548813548 0.250047667962617 0.25004678883669 0.250045911438301 0.250045035769994 0.250044161834319 0.250043289633832 0.250042419171094 0.108261109012292 9.99999953841991e-11
0.662983936224135 0.662986531236257 0.662989127501703 0.662991725022234 0.662994323799619 0.662996923835628 0.662999525132039 0.66300212769063 0.66300473151319 0.663007336601508 0.764661851745387 9.99999979995486e-11
0.660739623939314 0.660740934959006 0.660742246444171 0.660743558395486 0.660744870813628 0.660746183699281 0.660747497053124 0.660748810875844 0.660750125168124 0.660751439930655 0.782735965255356 9.99999978797706e-11
0.661492697893052 0.661494063251713 0.661495429061444 0.661496795322993 0.661498162037112 0.661499529204551 0.661500896826066 0.661502264902414 0.661503633434355 0.661505002422652 0.78254361527438 9.99999978487423e-11
0.664157602857793 0.664159641235805 0.66416168038229 0.664163720298264 0.664165760984742 0.664167802442741 0.664169844673283 0.664171887677391 0.664173931456092 0.664175976010414 0.751144166890759 9.99999982821863e-11
0.313844055168745 0.313844559822971 0.313845065055347 0.313845570866539 0.313846077257206 0.313846584228019 0.313847091779642 0.313847599912745 0.313848108628001 0.313848617926081 0.15642330867407 9.99999956780942e-11
0.269024559405384 0.269021783272183 0.269019008071339 0.269016233804493 0.269013460473295 0.269010688079396 0.269007916624452 0.269005146110122 0.26900237653807 0.268999607909962 0.12643686694354 9.99999953138092e-11
0.232841655359521 0.232816875492225 0.232792084544539 0.232767282507111 0.232742469370573 0.232717645125545 0.232692809762628 0.232667963272412 0.23264310564547 0.232618236872359 0.0998749359878008 9.99999950034503e-11
0.311032422968101 0.311029887143005 0.311027353332687 0.311024821540585 0.311022291770139 0.311019764024802 0.31101723830803 0.311014714623287 0.311012192974046 0.311009673363786 0.159355379656914 9.99999945178298e-11
0.212292158319176 0.212280041404099 0.212267921452797 0.212255798463687 0.212243672435186 0.212231543365708 0.212219411253667 0.212207276097474 0.212195137895539 0.212182996646271 0.0923458170522565 9.99999936130067e-11
0.223486825864905 0.223476480697338 0.223466136301422 0.223455792682515 0.223445449845993 0.223435107797245 0.223424766541681 0.223414426084721 0.223404086431806 0.223393747588391 0.0954681225035106 9.99999962054517e-11
0.292441443122686 0.292442632596214 0.292443823993347 0.292445017316851 0.292446212569498 0.292447409754065 0.292448608873337 0.292449809930105 0.292451012927169 0.292452217867331 0.143584512756722 9.99999943733536e-11
0.662549720468424 0.662551350440347 0.662552981001928 0.662554612153996 0.662556243897383 0.662557876232927 0.662559509161462 0.662561142683827 0.662562776800863 0.662564411513415 0.762213585225239 9.99999981400706e-11
0.280479343993557 0.28048033714144 0.280481331618856 0.280482327427816 0.280483324570334 0.280484323048432 0.280485322864135 0.280486324019475 0.280487326516489 0.280488330357218 0.130833735219297 9.9999995912541e-11
0.301291135288193 0.30129133787495 0.301291541381019 0.301291745807566 0.301291951155762 0.301292157426779 0.301292364621795 0.301292572741987 0.301292781788536 0.301292991762629 0.151616570441688 9.9999995081433e-11
0.66607049850724 0.666072091801624 0.666073685488197 0.666075279567498 0.666076874040063 0.666078468906433 0.666080064167149 0.666081659822753 0.666083255873791 0.666084852320807 0.745972725509886 9.9999998433993e-11
0.659159192560988 0.659160354588832 0.65916151695987 0.65916267967456 0.659163842733367 0.659165006136756 0.659166169885191 0.659167333979144 0.659168498419078 0.659169663205464 0.789219341354267 9.99999977229468e-11
0.658642620501719 0.658643925410872 0.658645230786666 0.658646536629772 0.658647842940856 0.658649149720593 0.658650456969655 0.658651764688716 0.658653072878454 0.658654381539548 0.777776759815842 9.99999978544187e-11
0.661541573933263 0.661543341116986 0.661545108945775 0.661546877420483 0.661548646541962 0.661550416311066 0.661552186728658 0.66155395779559 0.661555729512726 0.661557501880932 0.767574134430922 9.99999980214601e-11
0.323703283715675 0.32370338644662 0.323703489749759 0.323703593625896 0.323703698075838 0.323703803100392 0.32370390870037 0.323704014876586 0.323704121629853 0.323704228960989 0.16966966368714 9.99999950420045e-11
0.33735108920175 0.337351310406649 0.337351533740307 0.337351759206371 0.3373519868085 0.337352216550361 0.337352448435631 0.337352682467998 0.337352918651158 0.337353156988817 0.177441983620848 9.999999571329e-11
0.661986830639238 0.661988208901508 0.661989587571493 0.661990966649775 0.661992346136937 0.661993726033562 0.661995106340238 0.661996487057551 0.661997868186091 0.661999249726449 0.748647422528018 9.99999983266003e-11
0.658928375792481 0.658929786927102 0.658931198435395 0.658932610317813 0.658934022574812 0.658935435206851 0.658936848214389 0.658938261597886 0.658939675357803 0.658941089494602 0.781140330996934 9.9999997744187e-11
0.255329790345751 0.255325446444909 0.255321102696014 0.255316759099953 0.255312415657614 0.255308072369889 0.255303729237669 0.255299386261853 0.255295043443338 0.255290700783026 0.120455030242713 9.99999942948161e-11
0.236925307507653 0.236921123279671 0.236916940215019 0.23691275831624 0.236908577585879 0.236904398026491 0.236900219640636 0.236896042430877 0.236891866399788 0.236887691549945 0.10779789492139 9.99999923696852e-11
0.315840724191546 0.315841385864146 0.315842048361326 0.315842711684143 0.315843375833655 0.315844040810922 0.31584470661701 0.315845373252984 0.315846040719915 0.315846709018874 0.153848327785213 9.99999960762575e-11
0.33772970856948 0.337729041421893 0.337728374865627 0.33772770890158 0.337727043530653 0.337726378753747 0.33772571457177 0.337725050985625 0.337724387996225 0.337723725604479 0.176091422900402 9.99999960137876e-11
0.220548946880098 0.220531642082139 0.220514333139992 0.220497020051882 0.220479702816031 0.220462381430662 0.220445055893991 0.220427726204238 0.220410392359616 0.220393054358339 0.0924197739988678 9.99999947977831e-11
0.251221262038555 0.251206161069551 0.25119105508668 0.251175944087212 0.251160828068417 0.25114570702756 0.251130580961908 0.251115449868721 0.251100313745262 0.25108517258879 0.114471260484687 9.99999928387108e-11
0.659371018573014 0.659372343822043 0.659373669613215 0.659374995947368 0.65937632282534 0.659377650247972 0.659378978216108 0.659380306730597 0.659381635792283 0.659382965402021 0.780960154034677 9.9999997863754e-11
0.65975830319044 0.659759839446702 0.659761376208597 0.659762913476788 0.659764451251938 0.659765989534714 0.659767528325783 0.659769067625814 0.65977060743548 0.659772147755452 0.758785262772612 9.99999981255285e-11
0.252724883262594 0.252717711727742 0.25271054072996 0.252703370270903 0.252696200352233 0.252689030975614 0.252681862142715 0.252674693855208 0.252667526114769 0.252660358923078 0.111052741722101 9.99999949209487e-11
0.660880289556014 0.660881819195429 0.660883349232673 0.66088487966823 0.660886410502581 0.660887941736211 0.660889473369608 0.660891005403257 0.660892537837644 0.660894070673262 0.775010225250498 9.99999978727371e-11
0.334767035166422 0.334768426241165 0.334769819113749 0.334771213786469 0.334772610261624 0.334774008541517 0.334775408628458 0.334776810524761 0.334778214232746 0.334779619754738 0.165731998033631 9.99999969404416e-11
0.661788853718542 0.661790531002135 0.661792208835866 0.66179388722047 0.661795566156691 0.661797245645268 0.661798925686947 0.661800606282471 0.66180228743259 0.661803969138052 0.758398461677499 9.9999998131826e-11
0.658979102257745 0.658980081883241 0.658981061801274 0.658982042012341 0.658983022516943 0.658984003315576 0.658984984408745 0.658985965796951 0.658986947480699 0.658987929460495 0.767460126890288 9.99999980935008e-11
0.29470176558956 0.294702583280225 0.294703401625532 0.294704220626296 0.294705040283331 0.294705860597459 0.294706681569497 0.29470750320027 0.294708325490602 0.29470914844132 0.142056906214986 9.99999950918893e-11
0.66254367660828 0.662544973002613 0.662546269724647 0.66254756677482 0.662548864153568 0.662550161861332 0.662551459898555 0.662552758265675 0.662554056963138 0.662555355991387 0.779405301059232 9.99999979275262e-11
0.268413046543835 0.268411541220579 0.268410036647913 0.268408532826953 0.268407029758816 0.268405527444623 0.268404025885498 0.268402525082566 0.268401025036957 0.268399525749802 0.123405103318986 9.99999941090601e-11
0.660357747703626 0.660359093503701 0.660360439640973 0.660361786115903 0.660363132928948 0.66036448008057 0.660365827571231 0.660367175401396 0.660368523571528 0.660369872082094 0.760305426809438 9.99999981574284e-11
0.270195381903044 0.270189180360175 0.270182978871857 0.270176777438923 0.270170576062207 0.270164374742546 0.270158173480778 0.270151972277746 0.270145771134293 0.270139570051264 0.121522313126698 9.99999951730727e-11
0.318303690057132 0.318304075712305 0.318304462527788 0.318304850505359 0.318305239646802 0.318305629953907 0.318306021428471 0.318306414072292 0.318306807887175 0.318307202874931 0.158718097680562 9.99999963084079e-11
0.664983841374192 0.664985299157495 0.664986757307531 0.664988215824832 0.664989674709932 0.664991133963365 0.664992593585665 0.664994053577371 0.664995513939022 0.664996974671159 0.74552131559022 9.99999984205274e-11
0.246855476404856 0.246853313291704 0.246851150802484 0.246848988937974 0.246846827698953 0.246844667086199 0.246842507100496 0.246840347742627 0.246838189013377 0.246836030913533 0.106710883141081 9.99999955644594e-11
0.24126307363031 0.241258911148326 0.241254748891735 0.241250586861367 0.241246425058057 0.241242263482638 0.241238102135948 0.241233941018826 0.241229780132114 0.241225619476656 0.104926116932861 9.99999936914462e-11
0.657857190387524 0.657858490415106 0.657859790826693 0.657861091622794 0.657862392803919 0.657863694370579 0.657864996323288 0.657866298662559 0.657867601388909 0.657868904502855 0.7845824749583 9.99999977769398e-11
0.663176218445291 0.663178077084101 0.663179936348072 0.663181796237987 0.663183656754632 0.663185517898795 0.663187379671266 0.663189242072838 0.663191105104303 0.663192968766458 0.75806092919783 9.99999981694826e-11
0.264636572189287 0.264626395801293 0.264616218132399 0.264606039182913 0.264595858953145 0.264585677443406 0.264575494654008 0.264565310585267 0.264555125237501 0.264544938611026 0.120843541410564 9.99999960684654e-11
0.276406239863888 0.276404172417796 0.276402105437822 0.276400038924675 0.276397972879069 0.276395907301718 0.276393842193337 0.276391777554646 0.276389713386362 0.276387649689208 0.129588037687406 9.99999947171083e-11
0.206179471579286 0.206153982187046 0.206128484886217 0.206102979673253 0.206077466544602 0.206051945496711 0.206026416526026 0.206000879628986 0.205975334802032 0.205949782041598 0.0813154802239426 9.99999961897061e-11
0.313190170379356 0.313191266012595 0.313192362995083 0.313193461328514 0.313194561014585 0.313195662054999 0.313196764451464 0.31319786820569 0.313198973319393 0.313200079794292 0.155173735968525 9.9999995107501e-11
0.310355606229828 0.310356748981535 0.31035789257187 0.310359037001655 0.310360182271713 0.310361328382867 0.310362475335945 0.310363623131774 0.310364771771186 0.310365921255011 0.153367643994378 9.99999946374614e-11
0.664507908314594 0.664509610572334 0.664511313341563 0.664513016622948 0.664514720417157 0.66451642472486 0.664518129546726 0.664519834883434 0.664521540735653 0.664523247104063 0.760715729002218 9.99999981509354e-11
0.245805269736866 0.24580422804758 0.245803188396001 0.245802150785141 0.245801115218022 0.245800081697673 0.245799050227128 0.245798020809432 0.245796993447636 0.2457959681448 0.105254521103678 9.9999995305661e-11
0.326023338122889 0.326024052022705 0.326024767077827 0.326025483289732 0.326026200659904 0.326026919189828 0.326027638880993 0.326028359734892 0.326029081753021 0.326029804936882 0.164024369844529 9.99999959840866e-11
0.236526682758156 0.236521339338631 0.236515996032751 0.236510652841321 0.236505309765148 0.23649996680504 0.236494623961809 0.236489281236267 0.236483938629229 0.236478596141512 0.101393843351136 9.99999964009964e-11
0.30613759391904 0.306139668146028 0.306141744306039 0.306143822401354 0.306145902434258 0.306147984407041 0.306150068322 0.306152154181435 0.306154241987652 0.306156331742964 0.151025516262267 9.99999948998991e-11
0.662238428270612 0.662240446989961 0.66224246649837 0.662244486796871 0.662246507886507 0.662248529768317 0.662250552443347 0.662252575912643 0.662254600177256 0.662256625238238 0.774621959658363 9.99999979277112e-11
0.307841220052323 0.307841941575504 0.307842664643849 0.307843389259632 0.307844115425133 0.307844843142637 0.307845572414437 0.30784630324283 0.307847035630123 0.307847769578626 0.153165913367148 9.99999953317806e-11
0.262841393905929 0.262839420104494 0.26283744763394 0.262835476496679 0.262833506695132 0.262831538231724 0.262829571108885 0.262827605329052 0.262825640894666 0.262823677808176 0.122224586135833 9.9999995039089e-11
0.323197497489405 0.323197528225317 0.323197559430609 0.323197591105946 0.323197623251994 0.323197655869423 0.323197688958901 0.323197722521101 0.323197756556697 0.323197791066363 0.166009058194066 9.99999957665821e-11
0.250788947175129 0.250781675223291 0.250774402829745 0.250767129995165 0.250759856720227 0.250752583005608 0.250745308851989 0.250738034260052 0.250730759230481 0.25072348376396 0.110939569202333 9.9999995944658e-11
