0.645503748926712 0.645504894068763 0.645506039560093 0.645507185401194 0.645508331592559 0.645509478134689 0.645510625028079 0.645511772273229 0.64551291987064 0.645514067820814 0.734680887130746 9.99999981480589e-11
0.306672095178435 0.306672197826616 0.306672301038994 0.306672404816302 0.30667250915928 0.306672614068668 0.306672719545208 0.306672825589644 0.306672932202723 0.306673039385194 0.15331513440421 9.99999961763803e-11
0.309090630679823 0.309092303056883 0.309093976851336 0.309095652064679 0.309097328698415 0.30909900675405 0.309100686233093 0.309102367137055 0.309104049467454 0.309105733225809 0.14990054918489 9.99999967503711e-11
0.317997437908508 0.317997510860201 0.317997584448782 0.31799765867499 0.317997733539567 0.317997809043255 0.3179978851868 0.317997961970948 0.31799803939645 0.317998117464054 0.158180077765774 9.99999964409816e-11
0.648943289655447 0.648944768923525 0.648946248683207 0.648947728935218 0.648949209680285 0.64895069091914 0.648952172652514 0.648953654881142 0.64895513760576 0.648956620827109 0.720548589548797 9.99999983386181e-11
0.248012887565032 0.248011267948937 0.248009648866514 0.248008030318496 0.248006412305617 0.248004794828612 0.248003177888218 0.248001561485175 0.247999945620223 0.247998330294104 0.109361916150099 9.99999959200316e-11
0.649055968967504 0.64905747381369 0.649058979174958 0.649060485052039 0.649061991445666 0.649063498356576 0.649065005785502 0.649066513733184 0.649068022200363 0.649069531187783 0.724495900335963 9.99999982468488e-11
0.650346711206259 0.650348196781369 0.650349682803348 0.650351169272792 0.650352656190296 0.650354143556459 0.650355631371881 0.650357119637163 0.650358608352911 0.650360097519726 0.72727503888276 9.99999982999005e-11
0.302689401512999 0.302686998591715 0.302684596379106 0.302682194876057 0.302679794083452 0.302677394002178 0.302674994633122 0.302672595977177 0.302670198035233 0.302667800808185 0.145070497144417 9.9999996448116e-11
0.646365366627241 0.646366595174506 0.646367824125792 0.646369053481655 0.646370283242651 0.646371513409336 0.646372743982268 0.64637397496201 0.646375206349123 0.64637643814417 0.738405934093145 9.99999981226945e-11
0.3202275266305 0.320223381079934 0.32021923567773 0.320215090424818 0.320210945322132 0.32020680037061 0.320202655571191 0.320198510924816 0.320194366432432 0.320190222094986 0.161678801050299 9.99999965609595e-11
0.314587206699123 0.314587402810466 0.314587599502052 0.314587796774511 0.314587994628473 0.314588193064571 0.314588392083438 0.31458859168571 0.314588791872024 0.314588992643018 0.154508614476381 9.99999972193605e-11
0.313256521398086 0.313257057899856 0.31325759493002 0.313258132489321 0.313258670578501 0.313259209198307 0.313259748349487 0.313260288032789 0.313260828248967 0.313261368998775 0.153178907372308 9.99999973270672e-11
0.648344001851743 0.648345452597704 0.648346903783882 0.648348355410845 0.648349807479158 0.648351259989393 0.64835271294212 0.648354166337912 0.648355620177342 0.648357074460987 0.721703710778688 9.99999983141556e-11
0.250039001919689 0.25001916458221 0.249999320134642 0.249979468573018 0.249959609893369 0.24993974409172 0.249919871164098 0.249899991106523 0.249880103915017 0.249860209585594 0.106782800806469 9.99999962595335e-11
0.262907098011738 0.262904637994064 0.262902178322665 0.262899718998119 0.262897260021006 0.262894801391907 0.262892343111404 0.262889885180082 0.262887427598525 0.26288497036732 0.123790797951757 9.9999995320923e-11
0.645167171190505 0.645168275131904 0.645169379425354 0.645170484071438 0.645171589070738 0.645172694423837 0.645173800131321 0.645174906193779 0.6451760126118 0.645177119385976 0.74360808156118 9.99999980127235e-11
0.650659016719849 0.650660471311956 0.650661926323497 0.650663381755068 0.650664837607271 0.650666293880705 0.650667750575977 0.650669207693688 0.650670665234448 0.650672123198866 0.7156321420984 9.99999984429908e-11
0.644716657435336 0.644717614566222 0.644718571935299 0.644719529542964 0.644720487389607 0.64472144547563 0.644722403801426 0.644723362367397 0.644724321173942 0.64472528022146 0.728847943414118 9.99999982018097e-11
0.646616581803399 0.646617875988685 0.646619170482427 0.646620465285043 0.646621760396949 0.646623055818565 0.646624351550311 0.646625647592608 0.646626943945878 0.646628240610547 0.733636788347839 9.99999981133638e-11
0.290995751176487 0.290993463188416 0.290991175845059 0.290988889147378 0.290986603096338 0.290984317692905 0.290982032938051 0.290979748832746 0.290977465377966 0.290975182574686 0.137592223171164 9.99999958401970e-11
0.64545871075787 0.645460252462496 0.645461794805181 0.64546333778691 0.645464881408668 0.645466425671443 0.645467970576227 0.645469516124015 0.645471062315806 0.6454726091526 0.749842376036583 9.99999979156092e-11
0.218012862145613 0.218003090855665 0.217993318541654 0.217983545204003 0.217973770843139 0.21796399545949 0.217954219053488 0.217944441625565 0.217934663176156 0.217924883705696 0.0901904415358802 9.99999955753972e-11
0.643647178974245 0.643648142811133 0.643649106994589 0.643650071525234 0.643651036403692 0.64365200163059 0.643652967206558 0.643653933132224 0.643654899408224 0.64365586603519 0.737766970062693 9.999999810153e-11
0.303062752228438 0.303063530585294 0.303064309786087 0.303065089831786 0.303065870723367 0.303066652461807 0.303067435048084 0.30306821848318 0.303069002768082 0.303069787903773 0.147618449797947 9.99999964024575e-11
0.30354843717532 0.303549300776316 0.303550165143355 0.303551030277309 0.30355189617905 0.303552762849452 0.303553630289393 0.303554498499752 0.303555367481409 0.303556237235249 0.147695859344426 9.99999966276771e-11
0.646535408609157 0.646536734086962 0.646538059926217 0.646539386127455 0.646540712691206 0.646542039618007 0.646543366908392 0.646544694562898 0.646546022582065 0.646547350966434 0.736434473261067 9.9999998082704e-11
0.647196182996355 0.647197975028104 0.64719976774916 0.647201561160533 0.647203355263239 0.647205150058297 0.647206945546726 0.647208741729552 0.647210538607802 0.647212336182504 0.717941359853697 9.99999983199672e-11
0.258338128140576 0.258337060479039 0.258335993829745 0.258334928193699 0.25833386357191 0.258332799965384 0.258331737375136 0.258330675802177 0.258329615247523 0.25832855571219 0.111299486567616 9.99999967645347e-11
0.645473075701292 0.645474494747227 0.645475914215875 0.645477334107783 0.645478754423497 0.645480175163566 0.645481596328541 0.645483017918969 0.64548443993541 0.645485862378414 0.731727897067535 9.99999981074766e-11
0.651345174026923 0.651346493402706 0.651347813105354 0.651349133135332 0.651350453493113 0.65135177417917 0.651353095193976 0.651354416538003 0.65135573821173 0.651357060215636 0.7112317029466 9.9999998544496e-11
0.313665544708287 0.313653818781869 0.313642090724692 0.313630360536265 0.313618628216095 0.313606893763691 0.313595157178563 0.31358341846022 0.313571677608175 0.31355993462194 0.15837359503121 9.99999965973187e-11
0.253798519605548 0.253789706589405 0.253780892791542 0.25377207821232 0.253763262852104 0.253754446711263 0.253745629790162 0.253736812089173 0.253727993608666 0.253719174349014 0.111004664082384 9.99999955364667e-11
0.305018253550282 0.305018823641085 0.305019394533649 0.305019966228952 0.305020538727975 0.3050211120317 0.305021686141112 0.305022261057199 0.305022836780952 0.305023413313363 0.152625643696864 9.99999955936782e-11
0.649459726888974 0.649461431624522 0.649463136827724 0.649464842499152 0.649466548639376 0.649468255248969 0.649469962328507 0.649471669878564 0.649473377899719 0.649475086392552 0.720308000147477 9.99999982851066e-11
0.295712304273643 0.295713229211196 0.295714154926594 0.29571508142069 0.295716008694344 0.295716936748414 0.295717865583761 0.295718795201249 0.295719725601744 0.295720656786115 0.139557633273592 9.99999964383262e-11
0.239780091792975 0.239775702724043 0.239771313973793 0.239766925542915 0.239762537432096 0.239758149642026 0.239753762173399 0.239749375026908 0.23974498820325 0.23974060170312 0.104579683210112 9.9999995750452e-11
0.644931878624759 0.644933126520307 0.64493437475686 0.644935623334915 0.644936872254975 0.644938121517541 0.644939371123118 0.644940621072211 0.644941871365326 0.644943122002973 0.727848771960986 9.99999982394267e-11
0.257058648257032 0.257057955335611 0.257057264251136 0.257056575006173 0.257055887603298 0.257055202045088 0.257054518334132 0.257053836473021 0.257053156464353 0.257052478310733 0.110943388500963 9.99999963509712e-11
0.650113001914893 0.650114643258483 0.65011628508605 0.650117927398321 0.650119570196027 0.650121213479898 0.650122857250671 0.650124501509081 0.650126146255868 0.650127791491774 0.713584253741272 9.99999983892023e-11
0.652884367156731 0.652886032368309 0.652887698096229 0.652889364341218 0.652891031104011 0.65289269838534 0.652894366185943 0.65289603450656 0.65289770334793 0.652899372710797 0.712011902038861 9.99999985381895e-11
0.649640470872952 0.64964168562778 0.649642900791231 0.649644116364033 0.649645332346921 0.649646548740628 0.649647765545892 0.649648982763453 0.649650200394053 0.649651418438438 0.731478401431767 9.99999982384936e-11
0.645484380953964 0.64548560790652 0.645486835254355 0.645488062998041 0.645489291138148 0.645490519675255 0.645491748609937 0.645492977942771 0.645494207674338 0.645495437805221 0.73875057842911 9.99999980866900e-11
0.326973316764523 0.326973533559322 0.326973751031077 0.326973969180574 0.326974188008603 0.326974407515953 0.32697462770342 0.326974848571796 0.32697507012188 0.32697529235447 0.158781167085639 9.99999973337838e-11
0.325415491614405 0.325412907508694 0.325410324072723 0.325407741307616 0.325405159214501 0.325402577794512 0.325399997048778 0.325397416978439 0.325394837584633 0.325392258868503 0.159900139485593 9.99999972266733e-11
0.227131543821236 0.227115216574474 0.227098884634787 0.227082547999642 0.227066206666502 0.227049860632831 0.227033509896089 0.227017154453732 0.227000794303219 0.226984429442001 0.0953172577292744 9.99999971577204e-11
0.291491128039891 0.291489454035884 0.29148778051208 0.291486107469068 0.291484434907437 0.291482762827779 0.291481091230689 0.291479420116759 0.291477749486586 0.291476079340765 0.141302518421863 9.99999957205765e-11
0.205145604139515 0.205132113687265 0.205118622423329 0.20510513035109 0.205091637473944 0.205078143795294 0.205064649318555 0.205051154047153 0.205037657984522 0.20502416113411 0.0835755135550548 9.99999955851036e-11
0.199565503988389 0.199555915504562 0.199546327681925 0.199536740523842 0.199527154033684 0.199517568214832 0.199507983070676 0.199498398604616 0.199488814820059 0.199479231720424 0.0804749939366519 9.99999958732043e-11
0.302573404152497 0.302574626514618 0.302575849801717 0.302577074014757 0.302578299154702 0.302579525222519 0.302580752219175 0.302581980145642 0.302583209002895 0.302584438791907 0.145766760349803 9.99999966574966e-11
0.649334095211513 0.649335688628302 0.649337282548224 0.649338876971893 0.649340471899933 0.649342067332964 0.64934366327161 0.649345259716497 0.649346856668252 0.649348454127505 0.736926017190026 9.99999981086074e-11
0.346709208311714 0.346709816316215 0.346710425358881 0.346711035441131 0.346711646564385 0.34671225873007 0.346712871939616 0.346713486194459 0.346714101496037 0.346714717845795 0.179070624279976 9.9999997357326e-11
0.301372763528142 0.301373500148142 0.301374237844021 0.301374976617063 0.30137571646856 0.301376457399802 0.301377199412086 0.301377942506712 0.301378686684982 0.301379431948201 0.14847315951674 9.99999963324025e-11
0.652213196376441 0.65221508478336 0.652216973809759 0.652218863456481 0.652220753724369 0.652222644614272 0.652224536127039 0.652226428263522 0.652228321024576 0.652230214411055 0.706390838658682 9.99999985510732e-11
0.645781697966163 0.645782956134467 0.645784214761789 0.645785473848832 0.645786733396299 0.645787993404898 0.645789253875337 0.645790514808328 0.645791776204583 0.645793038064817 0.736802461421808 9.99999981261921e-11
0.65094101110394 0.650942670453584 0.650944330330161 0.650945990734401 0.650947651667042 0.650949313128825 0.650950975120489 0.650952637642777 0.650954300696436 0.650955964282213 0.711486782743793 9.99999984363779e-11
0.644172160924552 0.644173222037479 0.64417428345472 0.644175345176732 0.644176407203979 0.64417746953692 0.644178532176022 0.644179595121749 0.644180658374567 0.644181721934947 0.751452319542458 9.99999979057377e-11
0.300343122271091 0.300343869095456 0.300344616505785 0.300345364502689 0.300346113086777 0.30034686225866 0.300347612018952 0.300348362368268 0.300349113307224 0.300349864836438 0.14592829558486 9.99999964098892e-11
0.334165414136668 0.334165965446843 0.334166517433901 0.334167070098661 0.334167623441945 0.334168177464575 0.334168732167378 0.334169287551183 0.334169843616818 0.334170400365117 0.179333059590461 9.99999957084519e-11
0.647830890227823 0.647832503786115 0.647834117894634 0.647835732554188 0.647837347765585 0.647838963529634 0.647840579847149 0.647842196718947 0.647843814145844 0.647845432128663 0.719622631522673 9.99999982948604e-11
0.644584610712725 0.644585616950822 0.644586623457933 0.644587630234508 0.644588637280997 0.644589644597853 0.644590652185529 0.644591660044483 0.644592668175169 0.644593676578048 0.734433828456878 9.99999980852586e-11
0.247995420430561 0.247990225958129 0.247985033498359 0.247979843056795 0.247974654638994 0.247969468250532 0.247964283896997 0.247959101583994 0.247953921317145 0.247948743102084 0.109961415739475 9.99999960097911e-11
0.225982239307125 0.225978312130882 0.225974385354547 0.225970458978911 0.225966533004766 0.225962607432907 0.22595868226413 0.225954757499233 0.225950833139017 0.225946909184283 0.0960509149269997 9.99999958090275e-11
0.317037445880142 0.317037154330578 0.317036863327411 0.317036572871286 0.317036282962847 0.317035993602745 0.317035704791625 0.317035416530139 0.317035128818941 0.317034841658682 0.162381102645474 9.99999965840912e-11
0.336011056556037 0.336010466210633 0.336009876221479 0.336009286589054 0.336008697313836 0.336008108396304 0.336007519836941 0.336006931636229 0.336006343794652 0.336005756312694 0.178257299605197 9.99999964088442e-11
0.195696829816823 0.195686925342388 0.1956770200414 0.195667113914176 0.195657206961035 0.195647299182298 0.195637390578286 0.195627481149321 0.195617570895727 0.195607659817828 0.0806549519905125 9.99999966935977e-11
0.239393295994234 0.239383049613217 0.239372802256533 0.239362553924849 0.239352304618833 0.239342054339158 0.239331803086498 0.239321550861531 0.239311297664936 0.239301043497396 0.101783815269963 9.99999967491464e-11
0.650533478777121 0.650535388296268 0.650537298524807 0.650539209463766 0.650541121114181 0.650543033477092 0.650544946553537 0.650546860344561 0.650548774851211 0.650550690074536 0.712673275000924 9.99999984418834e-11
0.64800047526366 0.6480019021347 0.648003329465708 0.648004757257405 0.648006185510516 0.648007614225765 0.648009043403882 0.648010473045597 0.648011903151642 0.648013333722754 0.716362011804391 9.99999983616635e-11
0.261054415343626 0.261048394653261 0.261042373558088 0.261036352058422 0.261030330154577 0.261024307846872 0.261018285135623 0.26101226202115 0.261006238503773 0.261000214583813 0.122517761561799 9.99999954989012e-11
0.647913015512078 0.647914218816431 0.647915422384337 0.647916626216174 0.647917830312326 0.647919034673173 0.647920239299098 0.647921444190487 0.647922649347723 0.647923854771194 0.725095323283578 9.99999982465649e-11
0.313414989845246 0.313415908781953 0.313416828824716 0.313417749974577 0.313418672232582 0.313419595599776 0.313420520077207 0.313421445665927 0.313422372366988 0.313423300181447 0.155647871373637 9.99999961152738e-11
0.647530114344721 0.64753177670992 0.647533439760019 0.6475351034961 0.647536767919254 0.647538433030572 0.647540098831154 0.647541765322095 0.6475434325045 0.647545100379473 0.721994608418523 9.99999982769134e-11
0.649232902000375 0.649234898000205 0.649236894852111 0.649238892557254 0.649240891116797 0.649242890531905 0.649244890803749 0.649246891933499 0.649248893922333 0.649250896771427 0.717805573910496 9.99999983563745e-11
0.33733593650279 0.337338003452169 0.337340073555057 0.337342146816199 0.337344223240347 0.337346302832268 0.33734838559674 0.337350471538553 0.337352560662511 0.337354652973427 0.172189833358579 9.99999959209307e-11
0.650124129286213 0.650125974769996 0.650127821073395 0.650129668197642 0.650131516143972 0.650133364913622 0.650135214507835 0.650137064927854 0.65013891617493 0.650140768250313 0.713274813929837 9.99999984883829e-11
0.2637700277152 0.263767719481504 0.263765411563758 0.263763103962662 0.263760796678918 0.26375848971323 0.263756183066304 0.263753876738849 0.263751570731574 0.263749265045192 0.122734461747916 9.99999960132523e-11
0.651826119105044 0.651828552347962 0.651830986567134 0.651833421763876 0.651835857939509 0.651838295095357 0.651840733232748 0.651843172353012 0.651845612457486 0.651848053547508 0.712039249240563 9.99999984049919e-11
0.248883191786258 0.248877163670149 0.248871135765765 0.248865108074284 0.248859080596887 0.248853053334757 0.248847026289083 0.248840999461055 0.248834972851869 0.248828946462721 0.114498100423106 9.99999957900358e-11
0.309877690221188 0.309879226439179 0.309880764034287 0.309882303008014 0.309883843361867 0.309885385097357 0.309886928215998 0.309888472719308 0.309890018608806 0.309891565886019 0.14950730278206 9.99999964112852e-11
0.648966767935851 0.648968458765413 0.648970150070544 0.64897184185182 0.64897353410982 0.648975226845122 0.648976920058308 0.648978613749963 0.648980307920668 0.648982002571013 0.716555137869473 9.99999983915797e-11
0.25697570771866 0.256973559391595 0.256971411455393 0.256969263910632 0.25696711675789 0.256964969997751 0.256962823630795 0.256960677657607 0.256958532078772 0.256956386894876 0.117446479327813 9.9999996029438e-11
0.248018847183017 0.248012716831906 0.248006586280319 0.248000455529057 0.247994324578919 0.247988193430713 0.247982062085243 0.24797593054332 0.247969798805756 0.247963666873363 0.10963543987854 9.99999957755471e-11
0.649087963242521 0.649089315529964 0.649090668238933 0.649092021370059 0.649093374923976 0.649094728901318 0.649096083302725 0.649097438128836 0.649098793380291 0.649100149057735 0.731949788748172 9.99999981953654e-11
0.649720879261891 0.649722748316242 0.649724618181097 0.649726488857681 0.649728360347224 0.649730232650955 0.649732105770112 0.649733979705934 0.649735854459661 0.649737730032541 0.712436860982996 9.99999984415829e-11
0.219051757843562 0.219045089936844 0.219038421700645 0.219031753135535 0.219025084242083 0.21901841502086 0.21901174547244 0.219005075597398 0.218998405396311 0.218991734869757 0.0922543303599037 9.99999955935770e-11
0.252256544308098 0.252253336552832 0.252250129278298 0.252246922485244 0.25224371617442 0.252240510346578 0.252237305002472 0.252234100142858 0.252230895768491 0.25222769188013 0.111661489282443 9.99999962584565e-11
0.189492168751665 0.189474956347358 0.189457739616831 0.189440518558122 0.189423293169267 0.189406063448298 0.189388829393247 0.189371591002143 0.189354348273013 0.189337101203883 0.0758810854804747 9.99999957868962e-11
0.28966167841285 0.28966219679116 0.28966271564881 0.289663234986335 0.289663754804276 0.289664275103175 0.289664795883575 0.28966531714602 0.289665838891055 0.289666361119228 0.136608273568335 9.99999967468262e-11
0.295678642733895 0.295679751270472 0.295680860589683 0.295681970692419 0.295683081579577 0.295684193252053 0.295685305710748 0.295686418956563 0.295687532990404 0.295688647813177 0.137469490865351 9.9999997300457e-11
0.649290212774192 0.649292398227055 0.649294584463856 0.649296771485597 0.649298959293288 0.649301147887933 0.649303337270546 0.649305527442142 0.649307718403735 0.649309910156349 0.72903345517656 9.99999981544683e-11
0.269023422189057 0.269020737954115 0.269018053887325 0.269015369989164 0.269012686260118 0.269010002700669 0.269007319311301 0.269004636092501 0.269001953044756 0.268999270168555 0.130800660088316 9.99999953832139e-11
0.314960063305432 0.314960386216283 0.314960709681313 0.314961033701212 0.314961358276671 0.314961683408384 0.314962009097048 0.31496233534336 0.31496266214802 0.314962989511729 0.158560691216984 9.99999962963071e-11
0.284762580307892 0.28475679976297 0.284751019338136 0.284745239034621 0.284739458853658 0.284733678796483 0.284727898864338 0.284722119058464 0.284716339380107 0.284710559830521 0.13258923674707 9.99999967847713e-11
0.331062630387536 0.33106234882502 0.331062067841702 0.331061787438295 0.331061507615514 0.331061228374077 0.331060949714703 0.331060671638113 0.331060394145031 0.331060117236182 0.174630139347295 9.99999962076543e-11
0.6501508935151 0.650152860215086 0.650154827510105 0.650156795400911 0.650158763888262 0.650160732972916 0.650162702655633 0.650164672937179 0.650166643818315 0.650168615299815 0.716747139889861 9.99999983702694e-11
0.303932640120663 0.303932563467986 0.303932487299699 0.303932411616478 0.303932336419 0.303932261707947 0.303932187484 0.303932113747843 0.303932040500163 0.303931967741649 0.151996542074357 9.99999964216608e-11
0.301734354868864 0.301731785283479 0.301729215957978 0.301726646892898 0.301724078088778 0.301721509546159 0.301718941265583 0.301716373247592 0.301713805492733 0.301711238001551 0.144151133148162 9.99999967190323e-11
0.307795409973355 0.307796804136589 0.307798199427778 0.30779959584809 0.307800993398698 0.307802392080776 0.307803791895503 0.307805192844058 0.307806594927626 0.30780799814739 0.149715439574203 9.99999959782448e-11
0.284103735452409 0.284097082484216 0.284090429645046 0.284083776936537 0.28407712436033 0.284070471918071 0.28406381961141 0.284057167442 0.284050515411501 0.284043863521573 0.13308498400014 9.99999960312298e-11
