0.596457802764402 0.596459709095193 0.596461616080962 0.596463523722508 0.596465432020635 0.596467340976144 0.596469250589843 0.596471160862541 0.596473071795047 0.596474983388176 0.554223950811924 9.99999990403115e-11
0.321684667544088 0.321685632080185 0.321686597586175 0.321687564062986 0.321688531511547 0.32168949993279 0.321690469327648 0.321691439697056 0.321692411041953 0.321693383363275 0.159211727284738 9.99999979615658e-11
0.304858628170891 0.304859328645182 0.304860029770981 0.304860731548955 0.304861433979775 0.304862137064111 0.304862840802637 0.304863545196027 0.304864250244955 0.304864955950102 0.145889015683447 9.99999983694666e-11
0.307999592278599 0.308000360044055 0.308001128767742 0.30800189845091 0.308002669094808 0.308003440700695 0.308004213269829 0.308004986803474 0.308005761302897 0.308006536769368 0.14726487379307 9.99999984139739e-11
0.595068655929127 0.595070274112404 0.595071892778859 0.595073511929061 0.595075131563587 0.595076751683011 0.59507837228791 0.595079993378862 0.595081614956449 0.595083237021251 0.551337850552331 9.99999990820146e-11
0.270419978046941 0.270419096642518 0.270418216006668 0.270417336140238 0.270416457044078 0.27041557871904 0.270414701165978 0.270413824385747 0.270412948379205 0.270412073147212 0.11805183959087 9.99999981840963e-11
0.595020709013957 0.595022424353155 0.595024140190108 0.595025856525378 0.595027573359529 0.595029290693123 0.595031008526725 0.595032726860906 0.595034445696231 0.595036165033272 0.546211500745255 9.99999991144398e-11
0.596098766317542 0.596100197920573 0.59610162994321 0.596103062385943 0.596104495249267 0.596105928533674 0.596107362239662 0.596108796367727 0.596110230918365 0.596111665892076 0.553939715882124 9.99999990873696e-11
0.303062233009918 0.303060403361131 0.303058574752262 0.303056747185142 0.303054920661607 0.303053095183501 0.303051270752668 0.303049447370964 0.303047625040243 0.303045803762372 0.15270907964052 9.99999975944538e-11
0.594711423484452 0.594712626021466 0.594713828867686 0.59471503202351 0.594716235489333 0.594717439265559 0.594718643352583 0.594719847750809 0.594721052460637 0.594722257482472 0.557824528044014 9.99999990507628e-11
0.253155677559175 0.253154892717121 0.253154109016164 0.253153326457647 0.253152545042911 0.253151764773304 0.253150985650174 0.253150207674874 0.253149430848758 0.253148655173183 0.109727554908873 9.99999980767842e-11
0.316769933939669 0.316770511354928 0.316771089755925 0.316771669143733 0.316772249519423 0.316772830884071 0.316773413238755 0.316773996584554 0.31677458092255 0.316775166253826 0.161786080873222 9.99999981122293e-11
0.305062465951208 0.305063499767552 0.30506453446821 0.305065570054045 0.305066606525925 0.305067643884719 0.305068682131298 0.305069721266534 0.305070761291302 0.30507180220648 0.150348048519629 9.99999976909069e-11
0.596230365472216 0.596232135205255 0.596233905462131 0.596235676243427 0.59623744754973 0.596239219381624 0.5962409917397 0.596242764624549 0.59624453803676 0.596246311976926 0.54218771290033 9.99999991440243e-11
0.23576116098436 0.235746825672877 0.235732485486349 0.235718140421098 0.235703790473436 0.23568943563967 0.235675075916103 0.23566071129903 0.235646341784743 0.235631967369527 0.104208751909754 9.9999997377592e-11
0.266843121291868 0.2668408077614 0.26683849461144 0.266836181842848 0.266833869456489 0.266831557453227 0.266829245833934 0.266826934599479 0.26682462375074 0.266822313288591 0.123520882012167 9.99999980757547e-11
0.596983976022913 0.596985453533981 0.59698693143739 0.596988409733592 0.596989888423043 0.5969913675062 0.596992846983519 0.59699432685546 0.596995807122485 0.596997287785051 0.543516935243342 9.99999992168036e-11
0.593231318972191 0.593232753421597 0.593234188386574 0.593235623867737 0.593237059865699 0.593238496381081 0.593239933414499 0.593241370966572 0.593242809037925 0.593244247629177 0.574679339386486 9.99999988736436e-11
0.594335954094116 0.594337414304147 0.594338875034588 0.594340336286128 0.594341798059452 0.594343260355253 0.594344723174224 0.594346186517057 0.594347650384448 0.594349114777097 0.54479065945094 9.99999991712042e-11
0.596607161416769 0.596608524795834 0.596609888559535 0.596611252708342 0.596612617242732 0.596613982163177 0.596615347470153 0.596616713164138 0.596618079245607 0.596619445715041 0.550191964191102 9.99999991144245e-11
0.25746807670025 0.257466000328114 0.257463925290462 0.257461851588927 0.257459779225152 0.257457708200777 0.257455638517447 0.257453570176811 0.257451503180519 0.257449437530225 0.108706703497141 9.99999980511629e-11
0.593656754120842 0.593658080157882 0.593659406613395 0.593660733487888 0.593662060781868 0.593663388495847 0.593664716630336 0.593666045185845 0.593667374162893 0.59366870356199 0.556922734568354 9.99999990371423e-11
0.24522886145473 0.245216107121154 0.245203350190093 0.245190590660901 0.245177828532932 0.24516506380554 0.245152296478081 0.245139526549912 0.245126754020387 0.245113978888864 0.10949274493692 9.99999975009406e-11
0.595331440317601 0.595333104652515 0.595334769555044 0.595336435025849 0.595338101065591 0.595339767674931 0.595341434854538 0.595343102605073 0.595344770927207 0.595346439821609 0.546492775137344 9.99999991479411e-11
0.309673066606572 0.30967362095017 0.309674175866844 0.30967473135717 0.30967528742172 0.309675844061074 0.309676401275808 0.309676959066502 0.309677517433736 0.309678076378092 0.153877911740874 9.99999979749544e-11
0.314393547431449 0.314394624016391 0.314395701772416 0.314396780700705 0.314397860802437 0.314398942078796 0.314400024530967 0.314401108160139 0.314402192967502 0.314403278954249 0.148202692082904 9.99999986858067e-11
0.596172011762423 0.596173515016738 0.596175018687086 0.59617652277395 0.596178027277809 0.596179532199148 0.596181037538448 0.596182543296195 0.596184049472876 0.596185556068979 0.53769099785715 9.9999999237235e-11
0.594256070984122 0.594257374750051 0.594258678905377 0.594259983450612 0.59426128838626 0.594262593712833 0.594263899430843 0.594265205540799 0.59426651204322 0.594267818938619 0.547149682233529 9.99999991477438e-11
0.255951427118279 0.255949287184749 0.255947148129271 0.255945009953445 0.255942872658879 0.255940736247182 0.255938600719971 0.255936466078865 0.25593433232549 0.255932199461476 0.111515258102958 9.99999982278653e-11
0.592309194295066 0.592310708199673 0.592312222670426 0.592313737708029 0.592315253313188 0.592316769486615 0.592318286229019 0.592319803541115 0.592321321423614 0.592322839877236 0.55840325273685 9.99999989863844e-11
0.596891853391347 0.596894034756436 0.596896216854635 0.596898399686754 0.596900583253607 0.596902767556005 0.596904952594767 0.596907138370709 0.596909324884652 0.596911512137416 0.541701329562514 9.99999991500572e-11
0.253231463042258 0.253225549350228 0.253219635966681 0.253213722892909 0.253207810130208 0.253201897679877 0.253195985543218 0.253190073721537 0.253184162216139 0.253178251028337 0.110090590694467 9.99999982350444e-11
0.192630168606652 0.192625714443414 0.192621261139801 0.192616808697035 0.192612357116339 0.19260790639894 0.192603456546064 0.192599007558942 0.192594559438807 0.192590112186894 0.0732866800048029 9.99999977071078e-11
0.282538025246205 0.282538917075718 0.282539809624651 0.282540702893693 0.282541596883534 0.282542491594868 0.282543387028385 0.282544283184783 0.282545180064758 0.282546077669007 0.128157977929742 9.99999988220324e-11
0.59446989848158 0.594471427343357 0.594472956711537 0.594474486586803 0.59447601696984 0.594477547861332 0.594479079261967 0.594480611172433 0.594482143593423 0.594483676525629 0.548147699535887 9.99999991147583e-11
0.320266660273018 0.320267107186293 0.320267554889569 0.320268003383636 0.320268452669292 0.320268902747331 0.320269353618551 0.320269805283751 0.320270257743734 0.320270710999301 0.158310980618692 9.99999980923033e-11
0.260268335429156 0.260262650386199 0.260256965733073 0.260251281470697 0.26024559759999 0.260239914121873 0.26023423103727 0.260228548347106 0.260222866052309 0.260217184153805 0.108322855810193 9.99999987203711e-11
0.594928549751901 0.594929736965385 0.594930924501277 0.594932112360005 0.594933300541989 0.594934489047658 0.59493567787744 0.594936867031759 0.594938056511049 0.594939246315739 0.55426758232994 9.99999990922994e-11
0.288794457125187 0.288792357317907 0.288790258826996 0.288788161654413 0.288786065802121 0.288783971272089 0.288781878066289 0.2887797861867 0.288777695635301 0.28877560641408 0.136469710635816 9.99999978883923e-11
0.591801088363643 0.591802586756214 0.591804085746034 0.591805585333904 0.591807085520634 0.591808586307032 0.59181008769391 0.591811589682081 0.591813092272362 0.591814595465572 0.571623719779025 9.99999988830427e-11
0.595350400745739 0.595352100906531 0.59535380159786 0.595355502820322 0.595357204574514 0.595358906861039 0.595360609680497 0.595362313033491 0.595364016920627 0.595365721342509 0.561326524985963 9.99999989951331e-11
0.596446861431907 0.596448445289184 0.596450029689911 0.596451614634759 0.596453200124395 0.596454786159489 0.596456372740714 0.596457959868746 0.596459547544256 0.596461135767924 0.553468662792283 9.99999990993354e-11
0.596955516011843 0.59695791633093 0.596960317529462 0.596962719608407 0.59696512256874 0.596967526411435 0.59696993113747 0.596972336747826 0.596974743243484 0.59697715062543 0.540529034057077 9.99999991636955e-11
0.27630648669614 0.276307060580113 0.276307634906926 0.276308209677014 0.276308784890816 0.276309360548771 0.276309936651316 0.276310513198894 0.276311090191946 0.276311667630914 0.127515437316712 9.99999981534532e-11
0.286476045047097 0.286473650896765 0.286471257066485 0.286468863556725 0.286466470367953 0.286464077500642 0.286461684955261 0.286459292732284 0.286456900832182 0.286454509255431 0.139411584681977 9.99999976680292e-11
0.204511436067772 0.204497751197302 0.204484063691702 0.204470373550773 0.204456680774318 0.204442985362141 0.20442928731405 0.204415586629852 0.204401883309356 0.204388177352375 0.080510424362521 9.99999982568815e-11
0.260692398929235 0.260691368213649 0.260690338362286 0.260689309376087 0.260688281255996 0.260687254002959 0.260686227617924 0.26068520210184 0.26068417745566 0.260683153680336 0.117961259093955 9.99999975906415e-11
0.221562858916278 0.22155029369862 0.221537725928721 0.221525155605607 0.221512582728298 0.221500007295817 0.221487429307184 0.221474848761415 0.221462265657529 0.221449679994541 0.0957111244995218 9.99999979280393e-11
0.225584174743081 0.225575565702968 0.225566957077166 0.225558348868495 0.22554974107978 0.225541133713853 0.225532526773553 0.225523920261725 0.22551531418122 0.225506708534898 0.0936563645518118 9.99999975035677e-11
0.316716752490707 0.316716588771229 0.316716425493296 0.316716262657551 0.316716100264641 0.31671593831521 0.316715776809908 0.316715615749385 0.316715455134295 0.316715294965293 0.155252265999195 9.99999986078417e-11
0.593034648669149 0.593035772708088 0.59303689715864 0.593038022021437 0.593039147297111 0.593040272986296 0.593041399089627 0.593042525607743 0.593043652541284 0.593044779890892 0.561626384211785 9.99999990498146e-11
0.347942725245348 0.347942713373397 0.347942702333516 0.347942692126625 0.347942682753641 0.347942674215484 0.347942666513077 0.347942659647347 0.347942653619218 0.347942648429621 0.183986546401594 9.99999982756837e-11
0.310246179986056 0.310246574194916 0.310246968893821 0.310247364083317 0.310247759763946 0.310248155936256 0.310248552600792 0.310248949758104 0.310249347408741 0.310249745553255 0.154766624620857 9.99999980519866e-11
0.59613406880774 0.596135241156782 0.596136413798167 0.596137586732272 0.596138759959478 0.596139933480163 0.59614110729471 0.596142281403499 0.596143455806915 0.596144630505341 0.551436947145711 9.99999991480822e-11
0.595049379782271 0.595050667737953 0.595051956114121 0.595053244911344 0.595054534130194 0.595055823771243 0.595057113835068 0.595058404322243 0.595059695233346 0.595060986568958 0.541843926235658 9.99999992249552e-11
0.592493347946531 0.59249520814591 0.592497069098705 0.592498930805874 0.592500793268374 0.59250265648717 0.592504520463224 0.592506385197504 0.592508250690978 0.59251011694462 0.557742533971222 9.99999989599641e-11
0.595705136659499 0.595706749011545 0.595708361872295 0.595709975242344 0.595711589122293 0.595713203512738 0.595714818414283 0.595716433827529 0.595718049753079 0.595719666191539 0.554034354611446 9.99999990537775e-11
0.304121122729904 0.30412119303003 0.304121263730894 0.304121334832912 0.304121406336499 0.304121478242072 0.304121550550046 0.304121623260843 0.304121696374881 0.30412176989258 0.150960658744437 9.99999980454296e-11
0.326018989593615 0.326018796722476 0.326018604216232 0.326018412075323 0.326018220300185 0.32601802889126 0.326017837848987 0.32601764717381 0.326017456866173 0.326017266926519 0.167132466501948 9.99999982122324e-11
0.594771871607246 0.594773254822725 0.594774638462404 0.594776022526793 0.594777407016402 0.594778791931745 0.594780177273334 0.594781563041685 0.594782949237313 0.594784335860738 0.557967113199838 9.99999990431247e-11
0.591797726894248 0.591799284248423 0.59180084208928 0.591802400417374 0.591803959233265 0.591805518537514 0.59180707833068 0.591808638613328 0.591810199386021 0.591811760649324 0.548313366488857 9.99999990703781e-11
0.27212925876826 0.272125207415732 0.272121156557593 0.272117106195036 0.272113056329257 0.272109006961454 0.272104958092829 0.272100909724586 0.272096861857931 0.272092814494075 0.126291439636078 9.99999979331793e-11
0.276245910157488 0.276242488518362 0.276239067819182 0.276235648061247 0.276232229245854 0.276228811374305 0.276225394447905 0.276221978467961 0.276218563435785 0.276215149352686 0.121552653659294 9.99999979295875e-11
0.29713731853209 0.297138074901755 0.2971388320945 0.297139590111166 0.297140348952597 0.29714110861964 0.297141869113143 0.297142630433957 0.297143392582934 0.297144155560928 0.141454192237046 9.99999980830620e-11
0.328769503920254 0.328770187090198 0.328770871022879 0.32877155571907 0.32877224117955 0.328772927405097 0.328773614396493 0.32877430215452 0.328774990679963 0.328775679973609 0.167385777203622 9.99999981114947e-11
0.199391771933222 0.199380991366114 0.199370208851703 0.199359424389562 0.199348637979263 0.199337849620378 0.199327059312482 0.199316267055148 0.199305472847949 0.199294676690462 0.0818584335902393 9.99999972141379e-11
0.221729246117476 0.221716956439778 0.22170466425364 0.221692369558087 0.221680072352147 0.221667772634846 0.221655470405209 0.22164316566226 0.221630858405026 0.221618548632528 0.0955264651039132 9.99999983148706e-11
0.595403072308262 0.595404510039596 0.595405948197462 0.595407386782369 0.595408825794827 0.595410265235348 0.595411705104446 0.595413145402631 0.595414586130423 0.595416027288335 0.545685562982409 9.99999991647959e-11
0.597504507206392 0.597506785394426 0.597509064435098 0.597511344329492 0.597513625078701 0.597515906683814 0.59751818914593 0.597520472466146 0.597522756645564 0.597525041685291 0.540308114132543 9.99999991406157e-11
0.24776990265621 0.247763780289938 0.247757657360827 0.247751533869011 0.247745409814628 0.247739285197818 0.247733160018719 0.247727034277471 0.247720907974215 0.247714781109091 0.115500960548698 9.9999997871357e-11
0.597874584232857 0.597876231436897 0.597877879131229 0.597879527316453 0.597881175993168 0.597882825161978 0.597884474823484 0.597886124978293 0.597887775627012 0.597889426770248 0.546375273532882 9.99999991247423e-11
0.288132909918783 0.288133936773831 0.288134964323368 0.288135992568128 0.288137021508848 0.288138051146265 0.288139081481118 0.28814011251415 0.288141144246104 0.288142176677724 0.137103421061289 9.99999977812912e-11
0.590733384057874 0.590734570785802 0.590735757942013 0.590736945527095 0.590738133541639 0.590739321986237 0.590740510861481 0.590741700167967 0.590742889906293 0.590744080077054 0.554386407666609 9.99999990652486e-11
0.59737076263528 0.597372517970684 0.597374273881027 0.597376030367032 0.597377787429419 0.597379545068917 0.597381303286252 0.597383062082153 0.597384821457352 0.597386581412583 0.533515588231089 9.99999992927505e-11
0.297359042721581 0.297359290715385 0.297359539285463 0.297359788432425 0.297360038156874 0.297360288459422 0.297360539340676 0.297360790801249 0.297361042841753 0.297361295462802 0.141062556211647 9.99999986392855e-11
0.595199635905854 0.595201119253819 0.595202603105478 0.595204087461483 0.595205572322484 0.595207057689133 0.595208543562088 0.595210029942003 0.595211516829539 0.595213004225354 0.558004689514144 9.99999990459685e-11
0.275973046160489 0.275969830856033 0.275966615767025 0.275963400894126 0.275960186238001 0.275956971799314 0.275953757578733 0.275950543576927 0.275947329794566 0.275944116232325 0.125212674497484 9.99999987294885e-11
0.594566114204505 0.594567610368505 0.594569107073573 0.594570604320375 0.594572102109589 0.594573600441887 0.594575099317947 0.594576598738447 0.594578098704066 0.594579599215485 0.550585797595881 9.99999991123219e-11
0.233529198484166 0.233523722218382 0.233518245853823 0.233512769390984 0.23350729283036 0.233501816172446 0.233496339417743 0.233490862566748 0.233485385619964 0.233479908577893 0.100762959354274 9.99999983052914e-11
0.338970854887384 0.338971278893258 0.338971703531037 0.338972128801313 0.338972554704684 0.338972981241744 0.338973408413093 0.338973836219329 0.338974264661053 0.338974693738869 0.176386183778952 9.9999998047099e-11
0.595454184644454 0.595455804697126 0.59545742527407 0.595459046375903 0.59546066800325 0.595462290156733 0.595463912836975 0.595465536044604 0.595467159780247 0.595468784044534 0.553979943021408 9.99999990646995e-11
0.278026110551121 0.278024797082438 0.278023485052817 0.278022174463974 0.278020865317627 0.2780195576155 0.278018251359321 0.278016946550819 0.27801564319173 0.278014341283791 0.123415516379723 9.99999981486572e-11
0.230121023516443 0.230115907020232 0.230110790528291 0.230105674041212 0.230100557559583 0.230095441083998 0.23009032461505 0.230085208153335 0.230080091699449 0.230074975253991 0.0969236011650158 9.99999982916725e-11
0.595775558815776 0.595776831711577 0.595778104992145 0.59577937865799 0.595780652709622 0.595781927147555 0.595783201972303 0.595784477184381 0.595785752784309 0.595787028772602 0.555104720976702 9.99999990928387e-11
0.594587583168363 0.59458913245037 0.594590682243714 0.594592232549097 0.59459378336722 0.594595334698786 0.5945968865445 0.59459843890507 0.594599991781205 0.594601545173618 0.543872509626477 9.99999991615134e-11
0.233537527867384 0.233530701501941 0.23352387453193 0.23351704695763 0.233510218779322 0.233503389997283 0.233496560611799 0.233489730623149 0.23348290003162 0.233476068837494 0.102870455852424 9.99999973297447e-11
0.279005951887352 0.279003230813704 0.279000510669874 0.278997791457506 0.278995073178244 0.278992355833737 0.27898963942564 0.27898692395561 0.278984209425308 0.2789814958364 0.127783141279402 9.99999982788748e-11
0.246700883035042 0.246683784398295 0.246666679686003 0.246649568895032 0.246632452022247 0.246615329064509 0.246598200018678 0.246581064881612 0.246563923650168 0.246546776321199 0.105130762707434 9.99999975156075e-11
0.309915353679862 0.309916040068668 0.309916727551877 0.309917416130998 0.309918105807546 0.30991879658304 0.309919488459001 0.309920181436959 0.309920875518445 0.309921570704996 0.155317177329499 9.99999979758465e-11
0.319972173280844 0.319972959343734 0.319973746042195 0.319974533376819 0.3199753213482 0.319976109956931 0.319976899203608 0.319977689088828 0.319978479613191 0.319979270777294 0.165320366380508 9.99999976462638e-11
0.594208566928209 0.59420971927102 0.594210871907672 0.594212024838557 0.594213178064072 0.594214331584616 0.594215485400588 0.594216639512385 0.594217793920408 0.594218948625063 0.554911600527802 9.99999990549983e-11
0.262725094437415 0.262724234053029 0.262723374662668 0.262722516267559 0.262721658868932 0.262720802468018 0.262719947066054 0.262719092664275 0.262718239263925 0.262717386866245 0.117187792279909 9.99999980410517e-11
0.339223196611555 0.339223930845 0.339224665974831 0.339225402001992 0.339226138927433 0.339226876752105 0.339227615476958 0.339228355102948 0.339229095631033 0.339229837062171 0.171578726726435 9.99999985686649e-11
0.261295805685681 0.261292547237533 0.261289289070162 0.261286031184196 0.261282773580267 0.261279516259007 0.261276259221052 0.261273002467037 0.261269745997597 0.261266489813372 0.11765844536274 9.99999979235533e-11
0.328570306590688 0.328570292081346 0.32857027810961 0.328570264676107 0.32857025178146 0.328570239426299 0.328570227611253 0.328570216336952 0.32857020560403 0.328570195413119 0.165391081733468 9.99999985959239e-11
0.595922756555852 0.59592409087455 0.595925425575464 0.595926760659083 0.595928096125895 0.59592943197639 0.59593076821106 0.5959321048304 0.595933441834901 0.595934779225062 0.553329642143657 9.99999990941604e-11
0.314354479641388 0.314355195866694 0.314355912943942 0.314356630873955 0.314357349657555 0.314358069295568 0.314358789788819 0.314359511138139 0.314360233344355 0.3143609564083 0.156515478943105 9.99999980183712e-11
0.278505983054945 0.278503886788873 0.278501791171882 0.278499696204886 0.278497601888803 0.278495508224555 0.278493415213064 0.278491322855254 0.278489231152051 0.278487140104384 0.129167291534221 9.9999997792061e-11
0.325442762128096 0.32544270743918 0.32544265305041 0.325442598962142 0.325442545174728 0.325442491688527 0.325442438503896 0.325442385621191 0.325442333040773 0.325442280763 0.167640758598368 9.99999980913506e-11
0.241696864400718 0.241688366269132 0.241679867138546 0.241671367009105 0.241662865880957 0.241654363754252 0.241645860629138 0.241637356505767 0.241628851384291 0.241620345264861 0.104922091376222 9.99999979272833e-11
