0.714307926685796 0.714309640827269 0.714311355449892 0.714313070554232 0.714314786140861 0.714316502210349 0.714318218763271 0.7143199358002 0.714321653321714 0.714323371328389 0.98997501844599 9.99999957026102e-11
0.314045993662614 0.314046434170806 0.314046875553205 0.314047317810753 0.314047760944396 0.314048204955081 0.314048649843758 0.314049095611377 0.314049542258893 0.31404998978726 0.156375021106097 9.99999858492454e-11
0.304896466686254 0.304896983526876 0.304897501140335 0.304898019527536 0.304898538689383 0.304899058626784 0.304899579340651 0.304900100831895 0.304900623101432 0.304901146150178 0.151764793423173 9.99999838790663e-11
0.287878758321308 0.287879671005148 0.287880584586439 0.287881499066166 0.287882414445316 0.287883330724877 0.287884247905843 0.287885165989206 0.287886084975962 0.28788700486711 0.141273044116067 9.9999982343113e-11
0.711734911777989 0.711736275480042 0.711737639542038 0.711739003964492 0.711740368747925 0.711741733892857 0.711743099399812 0.711744465269311 0.711745831501881 0.711747198098048 0.981545217296115 9.9999995864178e-11
0.265173218324643 0.265171603958375 0.26516999115719 0.265168379923199 0.265166770258515 0.265165162165256 0.265163555645545 0.265161950701508 0.265160347335277 0.26515874554899 0.120616083065191 9.99999808151501e-11
0.707800821298631 0.707802303949058 0.707803787150467 0.707805270903619 0.707806755209279 0.707808240068212 0.707809725481188 0.707811211448975 0.707812697972348 0.707814185052079 1.02609829929159 9.99999950134111e-11
0.711973290302091 0.711974599830749 0.711975909684133 0.711977219862654 0.711978530366726 0.711979841196757 0.711981152353164 0.71198246383636 0.711983775646761 0.711985087784783 1.0078446070391 9.9999995389014e-11
0.25669395592977 0.256692463957308 0.256690973365431 0.256689484155839 0.256687996330231 0.256686509890313 0.256685024837793 0.256683541174385 0.256682058901807 0.256680578021776 0.115549054857612 9.99999810341055e-11
0.708853246141386 0.708854770622329 0.7088562955936 0.708857821055807 0.708859347009556 0.708860873455459 0.708862400394125 0.708863927826169 0.708865455752205 0.708866984172849 1.01763201868219 9.9999995183811e-11
0.265180328002986 0.265177360389608 0.265174393191298 0.265171426408968 0.265168460043534 0.265165494095915 0.26516252856703 0.265159563457802 0.265156598769155 0.265153634502016 0.12423524695817 9.99999809076213e-11
0.32299150713521 0.322992423541604 0.322993340846748 0.322994259051454 0.322995178156533 0.3229960981628 0.322997019071068 0.322997940882155 0.32299886359688 0.322999787216062 0.165865913581024 9.99999841294291e-11
0.303969385217936 0.303969874349364 0.303970364291939 0.303970855046662 0.303971346614535 0.303971838996563 0.303972332193756 0.303972826207124 0.303973321037679 0.303973816686437 0.153052987825416 9.99999829606228e-11
0.709699695530761 0.709701122497551 0.709702549876052 0.709703977666816 0.709705405870399 0.709706834487355 0.709708263518242 0.709709692963621 0.709711122824049 0.70971255310009 1.00979888469211 9.99999952400268e-11
0.260076732409184 0.260058872586035 0.26004100880903 0.26002314107742 0.260005269390453 0.25998739374738 0.25996951414745 0.259951630589914 0.259933743074022 0.259915851599025 0.117055434474569 9.99999825754132e-11
0.277540734038616 0.277538748860916 0.277536764855091 0.277534782022717 0.27753280036537 0.277530819884635 0.277528840582098 0.277526862459347 0.277524885517977 0.277522909759586 0.130902525151022 9.99999807558771e-11
0.712405307335676 0.712406847813604 0.712408388739248 0.712409930113167 0.712411471935927 0.712413014208091 0.712414556930229 0.712416100102904 0.71241764372669 0.712419187802156 0.987797272222666 9.99999957467137e-11
0.709578901045408 0.709579927527353 0.709580954275987 0.709581981291727 0.709583008574991 0.709584036126198 0.709585063945766 0.709586092034121 0.709587120391684 0.709588149018877 1.01083388012314 9.99999953151531e-11
0.705634505718147 0.705635990561017 0.705637475971706 0.705638961951 0.705640448499686 0.705641935618552 0.70564342330839 0.705644911569994 0.70564640040416 0.705647889811684 1.02783649313299 9.99999948141686e-11
0.708361031199327 0.708362229369057 0.708363427843303 0.708364626622529 0.7083658257072 0.708367025097782 0.708368224794744 0.708369424798554 0.708370625109682 0.708371825728602 1.01280757953654 9.99999951965867e-11
0.326844415589794 0.326839948171165 0.326835480675017 0.326831013101787 0.326826545451913 0.326822077725835 0.326817609923996 0.326813142046837 0.326808674094803 0.326804206068339 0.175608528762118 9.99999835896609e-11
0.708963940136471 0.708965303708866 0.708966667844305 0.708968032543617 0.708969397807634 0.708970763637186 0.708972130033109 0.708973496996239 0.708974864527416 0.708976232627483 1.00964450480167 9.99999953590411e-11
0.233374412930411 0.233361767903452 0.233349120382482 0.233336470366606 0.233323817854929 0.233311162846556 0.233298505340592 0.233285845336141 0.233273182832308 0.233260517828196 0.100526051644779 9.99999772278818e-11
0.708490972616887 0.708492249805369 0.708493527429308 0.708494805489305 0.708496083985966 0.708497362919893 0.708498642291694 0.708499922101977 0.708501202351352 0.708502483040429 1.01829322443902 9.99999951147064e-11
0.32736279500717 0.32736435737501 0.327365921154977 0.327367486348518 0.327369052957083 0.327370620982125 0.327372190425101 0.327373761287468 0.32737533357069 0.327376907276228 0.163334207347434 9.99999860991433e-11
0.332416403130935 0.332415755105498 0.33241510753271 0.332414460413206 0.332413813747622 0.332413167536597 0.332412521780769 0.332411876480781 0.332411231637276 0.332410587250897 0.178259312011514 9.99999853871906e-11
0.708499112199598 0.708500162137195 0.708501212300379 0.708502262689471 0.708503313304794 0.708504364146671 0.708505415215426 0.708506466511384 0.708507518034872 0.708508569786215 1.02460983804337 9.99999950498901e-11
0.707173745837004 0.707175078546033 0.707176411635209 0.707177745105033 0.70717907895601 0.707180413188647 0.707181747803448 0.707183082800921 0.707184418181576 0.707185753945925 1.01546058639621 9.99999950691894e-11
0.293254126242208 0.293249747739538 0.293245369154716 0.293240990488135 0.293236611740185 0.293232232911261 0.293227854001755 0.293223475012064 0.293219095942585 0.293214716793714 0.150069900228142 9.99999817027944e-11
0.707741302021287 0.707742578238912 0.707743854883513 0.707745131955668 0.707746409455964 0.707747687384989 0.707748965743328 0.707750244531571 0.70775152375031 0.707752803400136 1.02334824821588 9.99999949780206e-11
0.711849176784947 0.711850614901903 0.711852053387557 0.71185349224239 0.711854931466885 0.711856371061526 0.711857811026799 0.711859251363189 0.711860692071188 0.711862133151281 0.996600568430931 9.99999955996621e-11
0.241103514335121 0.241097029694298 0.241090544894215 0.241084059935366 0.241077574818247 0.241071089543353 0.241064604111185 0.241058118522241 0.241051632777021 0.241045146876028 0.107520684495927 9.99999806463591e-11
0.239936451040282 0.239925949239084 0.23991544602317 0.23990494139235 0.239894435346436 0.239883927885241 0.239873419008577 0.239862908716258 0.239852397008098 0.239841883883914 0.11063451667797 9.99999771041444e-11
0.319366701958338 0.319368209505811 0.319369718874129 0.319371230065322 0.319372743081421 0.319374257924462 0.319375774596487 0.319377293099541 0.319378813435672 0.319380335606936 0.156034049412933 9.99999864723757e-11
0.708561266755312 0.708562428090737 0.708563589729681 0.7085647516726 0.708565913919952 0.708567076472199 0.708568239329799 0.708569402493215 0.70857056596291 0.708571729739351 0.998304983405116 9.99999954824458e-11
0.298688189481499 0.298689554287177 0.29869092029072 0.298692287493402 0.298693655896498 0.298695025501285 0.298696396309044 0.298697768321058 0.298699141538613 0.298700515962997 0.145858905321352 9.99999829021324e-11
0.253838725979272 0.25383214357326 0.253825561950577 0.25381898111281 0.253812401061547 0.253805821798381 0.253799243324908 0.253792665642724 0.253786088753432 0.253779512658634 0.110716506702015 9.99999821790424e-11
0.70719493931809 0.707195965743016 0.707196992452451 0.707198019446817 0.707199046726537 0.707200074292034 0.707201102143733 0.70720213028206 0.707203158707443 0.707204187420311 1.03065419373039 9.99999948846876e-11
0.281783322413619 0.281779355419622 0.281775388458299 0.28177142153011 0.281767454635517 0.281763487774982 0.281759520948967 0.28175555415794 0.281751587402364 0.281747620682707 0.138053534718735 9.99999838360329e-11
0.712110860974723 0.712112541674786 0.712114222916024 0.712115904699121 0.712117587024764 0.712119269893642 0.712120953306445 0.712122637263862 0.712124321766589 0.71212600681532 0.994681767590755 9.9999995570049e-11
0.709138237523459 0.709139648026257 0.709141058981001 0.709142470388258 0.709143882248593 0.709145294562575 0.709146707330773 0.709148120553759 0.709149534232105 0.709150948366386 1.02461146106075 9.99999950658024e-11
0.711149926916165 0.711151290098048 0.71115265366815 0.711154017626972 0.711155381975016 0.711156746712789 0.711158111840796 0.711159477359543 0.71116084326954 0.711162209571295 0.993651854948209 9.99999956751925e-11
0.71116416667864 0.711165718473228 0.711167270758025 0.71116882353364 0.711170376800689 0.711171930559784 0.711173484811542 0.711175039556579 0.711176594795514 0.711178150528969 0.994098671380571 9.99999956212936e-11
0.310244753128965 0.310244718410356 0.310244684375956 0.3102446510266 0.310244618363126 0.310244586386373 0.310244555097181 0.310244524496396 0.310244494584861 0.310244465363425 0.154269066755722 9.99999851321379e-11
0.27281512370146 0.272812319264525 0.272809515551078 0.272806712562138 0.27280391029873 0.272801108761879 0.272798307952613 0.272795507871959 0.27279270852095 0.272789909900618 0.129404187476886 9.99999824729364e-11
0.227424134005044 0.227403813258937 0.227383485147079 0.227363149663551 0.227342806802427 0.227322456557768 0.227302098923627 0.227281733894043 0.227261361463049 0.227240981624666 0.0998413267314408 9.99999789941771e-11
0.259388432764666 0.259387698737034 0.259386966267787 0.259386235358474 0.259385506010646 0.259384778225859 0.259384052005671 0.259383327351641 0.259382604265334 0.259381882748316 0.113348002551903 9.99999812166452e-11
0.20506049798101 0.205045812602016 0.205031124233559 0.205016432874401 0.205001738523302 0.20498704117902 0.204972340840312 0.204957637505935 0.204942931174644 0.204928221845191 0.0885584306428706 9.99999778183146e-11
0.24071758043179 0.240702853261023 0.240688122706778 0.240673388767672 0.240658651442324 0.240643910729351 0.240629166627369 0.240614419134994 0.240599668250841 0.240584913973524 0.107765459749249 9.99999787517216e-11
0.349446915719711 0.349447302863781 0.349447690951553 0.349448079984127 0.349448469962606 0.349448860888091 0.349449252761694 0.349449645584522 0.349450039357688 0.349450434082308 0.192143048686262 9.99999856976632e-11
0.705137997075542 0.705139062868151 0.705140129009024 0.705141195498658 0.705142262337549 0.705143329526192 0.705144397065089 0.705145464954738 0.705146533195639 0.705147601788295 1.02700971272951 9.99999949058573e-11
0.319049625106665 0.319050974718619 0.319052325268637 0.319053676757701 0.319055029186795 0.319056382556906 0.319057736869021 0.319059092124134 0.319060448323235 0.319061805467322 0.162022560596675 9.99999836101943e-11
0.334100444904755 0.334100152639171 0.334099861490909 0.334099571461558 0.334099282552711 0.334098994765965 0.33409870810292 0.334098422565179 0.334098138154351 0.334097854872047 0.180358065524613 9.9999985288121e-11
0.708239292196526 0.708240983869983 0.708242676151107 0.708244369040678 0.708246062539477 0.708247756648289 0.7082494513679 0.7082511466991 0.708252842642678 0.708254539199424 1.01919587202553 9.99999951117877e-11
0.709657053289396 0.709658903658617 0.70966075463416 0.709662606216682 0.709664458406842 0.709666311205302 0.709668164612724 0.709670018629773 0.709671873257114 0.709673728495414 1.0308668231052 9.99999948465233e-11
0.710435078341548 0.710436844013266 0.710438610283078 0.710440377151765 0.710442144620106 0.710443912688888 0.710445681358893 0.710447450630911 0.71044922050573 0.710450990984144 0.997667709598675 9.99999955533984e-11
0.707677318127905 0.707678268662641 0.707679219473211 0.707680170560099 0.707681121923786 0.707682073564762 0.707683025483512 0.707683977680523 0.707684930156287 0.707685882911295 1.00211964301745 9.99999954827925e-11
0.312101066477007 0.312101011084778 0.312100956403012 0.31210090243248 0.312100849173955 0.312100796628211 0.312100744796023 0.312100693678169 0.312100643275428 0.31210059358858 0.155339765643112 9.99999850993601e-11
0.323833778930337 0.323836126817723 0.323838476682109 0.323840828525473 0.323843182349795 0.32384553815706 0.323847895949257 0.323850255728382 0.323852617496429 0.323854981255403 0.160148163432396 9.99999857639552e-11
0.706797642942415 0.706799108013937 0.706800573640697 0.706802039823443 0.706803506562925 0.706804973859895 0.706806441715105 0.706807910129311 0.706809379103271 0.706810848637743 1.03273772140872 9.99999947373551e-11
0.712146922038561 0.712148492599904 0.712150063648034 0.712151635183604 0.712153207207266 0.712154779719673 0.712156352721482 0.712157926213351 0.712159500195937 0.712161074669903 0.981576003578139 9.99999958490793e-11
0.25190443371521 0.25190046190128 0.251896492255158 0.251892524780846 0.251888559482356 0.251884596363707 0.25188063542893 0.251876676682066 0.251872720127165 0.251868765768287 0.108182116090007 9.9999981362106e-11
0.241422560335324 0.241416697634072 0.241410835053724 0.241404972595237 0.24139911025957 0.241393248047686 0.241387385960547 0.241381523999122 0.241375662164377 0.241369800457285 0.107753996073057 9.9999977809734e-11
0.30600919963774 0.306010231397325 0.306011264253097 0.306012298206142 0.306013333257544 0.306014369408393 0.306015406659781 0.306016445012799 0.306017484468544 0.306018525028114 0.155945290934475 9.99999822691308e-11
0.298277799266423 0.298280160143915 0.29828252268687 0.298284886896837 0.298287252775371 0.298289620324028 0.298291989544365 0.298294360437944 0.298296733006331 0.298299107251092 0.145211523520714 9.99999829636951e-11
0.199635032527608 0.199622579717017 0.199610124987383 0.19959766833865 0.199585209770763 0.199572749283664 0.199560286877302 0.199547822551621 0.199535356306569 0.199522888142095 0.0870144001743459 9.99999722647262e-11
0.20522913723392 0.205215188098689 0.205201236875882 0.205187283565457 0.205173328167375 0.205159370681598 0.205145411108089 0.205131449446812 0.20511748569773 0.20510351986081 0.0873137148139612 9.99999754838103e-11
0.710667837130407 0.71066942888531 0.710671021094221 0.710672613757672 0.710674206876195 0.710675800450325 0.710677394480597 0.710678988967548 0.710680583911716 0.710682179313641 1.0081643023281 9.99999953227324e-11
0.708947735608642 0.70894964434603 0.70895155378147 0.708953463915764 0.708955374749714 0.70895728628413 0.708959198519816 0.708961111457583 0.708963025098242 0.708964939442605 1.0160769609224 9.99999950896084e-11
0.283422078133833 0.283416303000343 0.283410527886494 0.283404752793107 0.283398977721003 0.283393202671006 0.283387427643942 0.283381652640637 0.283375877661923 0.28337010270863 0.134239535044894 9.99999822520605e-11
0.711505349767335 0.711506939946335 0.711508530510125 0.711510121459185 0.711511712793989 0.71151330451502 0.711514896622757 0.711516489117682 0.711518082000277 0.711519675271027 0.990592903539394 9.99999956231274e-11
0.344758196158495 0.344758819452384 0.344759443722076 0.344760068968823 0.344760695193878 0.344761322398497 0.344761950583943 0.344762579751478 0.344763209902369 0.344763841037884 0.180843906997254 9.99999857655682e-11
0.706085202643269 0.706086193576185 0.706087184764822 0.706088176209596 0.706089167910928 0.706090159869239 0.70609115208495 0.706092144558485 0.706093137290268 0.706094130280724 1.01990041065947 9.99999950713236e-11
0.710415352866068 0.710416640531123 0.710417928625229 0.710419217149043 0.710420506103223 0.710421795488425 0.710423085305313 0.710424375554548 0.710425666236793 0.710426957352717 1.01141413941029 9.99999952975378e-11
0.302945590706396 0.302945254569819 0.302944918759391 0.302944583275596 0.302944248118919 0.302943913289847 0.302943578788867 0.302943244616467 0.302942910773138 0.302942577259371 0.156514817615791 9.99999837046631e-11
0.707827588976999 0.70782891369899 0.707830238850461 0.707831564431999 0.707832890444188 0.707834216887614 0.707835543762868 0.707836871070538 0.707838198811219 0.707839526985502 1.01771656071109 9.99999951399423e-11
0.257380880036235 0.257377992802292 0.25737510604167 0.257372219755379 0.257369333944431 0.257366448609841 0.257363563752625 0.257360679373804 0.257357795474398 0.257354912055433 0.116851000759707 9.99999821786603e-11
0.709359551222139 0.709361095419056 0.709362640134159 0.709364185368155 0.709365731121754 0.709367277395667 0.709368824190606 0.709370371507287 0.709371919346426 0.709373467708743 1.0119704454873 9.99999952432594e-11
0.218421394751967 0.218418840533706 0.218416288004339 0.218413737166065 0.218411188021084 0.218408640571602 0.218406094819829 0.218403550767982 0.218401008418281 0.218398467772951 0.0906184385364352 9.99999779787154e-11
0.331067307899414 0.331067462191405 0.331067617308299 0.331067773250961 0.331067930020257 0.331068087617057 0.331068246042231 0.331068405296654 0.331068565381198 0.33106872629674 0.16695379569426 9.9999986390967e-11
0.709242932913104 0.709244498966196 0.709246065591129 0.709247632788662 0.709249200559556 0.709250768904575 0.709252337824484 0.709253907320048 0.709255477392038 0.709257048041224 1.00609667385339 9.99999953586022e-11
0.286620949256316 0.286618752232623 0.28661655607192 0.286614360775465 0.28661216634452 0.286609972780349 0.286607780084217 0.286605588257394 0.286603397301152 0.286601207216765 0.143624187903376 9.99999793194931e-11
0.251840679309149 0.251835750786246 0.251830822541049 0.251825894574627 0.251820966888053 0.2518160394824 0.251811112358747 0.251806185518172 0.251801258961757 0.251796332690587 0.112302348727133 9.99999819228065e-11
0.709628205421654 0.709629951223929 0.709631697714846 0.709633444895294 0.709635192766166 0.70963694132836 0.709638690582772 0.709640440530302 0.709642191171851 0.709643942508323 0.996132698088954 9.9999995532263e-11
0.706260815289788 0.706262141353578 0.706263467803735 0.706264794640733 0.70626612186505 0.706267449477163 0.70626877747755 0.706270105866691 0.706271434645067 0.70627276381316 1.02175079291322 9.99999949692287e-11
0.198263908135215 0.198258413238619 0.198252918485465 0.198247423876599 0.198241929412872 0.198236435095135 0.198230940924241 0.198225446901046 0.198219953026406 0.198214459301183 0.0801567406059466 9.9999977579327e-11
0.287093080526353 0.287089150187052 0.287085220661807 0.287081291951911 0.28707736405866 0.287073436983354 0.287069510727294 0.287065585291783 0.287061660678127 0.287057736887637 0.137909535729768 9.99999834680962e-11
0.242866502342956 0.242838040850801 0.242809565432029 0.242781076075651 0.242752572770659 0.242724055506031 0.24269552427073 0.242666979053703 0.242638419843879 0.242609846630174 0.111640075812644 9.99999789612418e-11
0.289170592737197 0.289171861137177 0.289173130389025 0.289174400493618 0.289175671451836 0.289176943264562 0.289178215932678 0.289179489457072 0.289180763838629 0.289182039078241 0.140772753119209 9.99999823392701e-11
0.314881008438738 0.314881933310148 0.314882859272645 0.31488378632743 0.314884714475707 0.314885643718685 0.314886574057574 0.314887505493588 0.314888438027941 0.314889371661854 0.161166207604972 9.99999829845314e-11
0.7114567871424 0.711458086865577 0.711459386874342 0.711460687169109 0.711461987750294 0.711463288618313 0.711464589773589 0.71146589121654 0.711467192947586 0.711468494967148 0.985076144569135 9.99999958105661e-11
0.252033855231009 0.252032835772635 0.252031817182542 0.252030799461636 0.25202978261082 0.252028766631002 0.252027751523092 0.252026737288001 0.252025723926642 0.252024711439931 0.112729944992805 9.99999773472725e-11
0.299508113284176 0.299508900028979 0.299509687504826 0.299510475712464 0.299511264652642 0.299512054326113 0.299512844733628 0.299513635875943 0.299514427753812 0.299515220367995 0.145230750530647 9.99999839713457e-11
0.246452521078597 0.24644379841262 0.246435074785967 0.246426350198886 0.246417624651625 0.246408898144436 0.24640017067757 0.246391442251279 0.24638271286582 0.246373982521446 0.112839368964302 9.99999808541344e-11
0.341149324000062 0.341150189267568 0.341151055651187 0.341151923152203 0.341152791771908 0.341153661511593 0.341154532372552 0.341155404356084 0.341156277463488 0.341157151696067 0.181755024257088 9.99999857073434e-11
0.711753912983098 0.711755260289731 0.711756607944301 0.711757955947263 0.711759304299077 0.711760653000202 0.7117620020511 0.711763351452233 0.711764701204062 0.711766051307053 1.00627273872229 9.99999954306641e-11
0.308359259174183 0.308360683052377 0.30836210835465 0.308363535082541 0.30836496323759 0.308366392821338 0.308367823835334 0.308369256281126 0.308370690160268 0.308372125474314 0.153992349803822 9.99999841486254e-11
0.282871506635728 0.282869267958407 0.282867029796726 0.282864792151441 0.282862555023311 0.282860318413095 0.282858082321554 0.282855846749452 0.282853611697554 0.282851377166626 0.134647913512934 9.99999823614042e-11
0.30083476783537 0.300834757057426 0.300834746814425 0.300834737107026 0.300834727935883 0.300834719301658 0.300834711205009 0.300834703646602 0.300834696627098 0.300834690147164 0.151314297586917 9.99999842144515e-11
0.211299161824927 0.21129038817254 0.211281613497605 0.21127283780009 0.211264061079965 0.2112552833372 0.211246504571764 0.21123772478363 0.211228943972768 0.211220162139151 0.0906719591577603 9.99999798015378e-11
