0.677369922849804 0.677370985959484 0.677372049375032 0.677373113096805 0.677374177125162 0.677375241460462 0.677376306103063 0.677377371053327 0.677378436311612 0.677379501878282 0.878919246933591 9.99999968928586e-11
0.294573408545824 0.294574119952192 0.294574832091386 0.294575544964173 0.294576258571328 0.294576972913623 0.294577687991832 0.294578403806735 0.294579120359108 0.294579837649732 0.142783946495228 9.9999993278793e-11
0.318348414204775 0.318349307243393 0.318350201322069 0.318351096441664 0.318351992603039 0.318352889807057 0.318353788054582 0.318354687346478 0.318355587683612 0.31835648906685 0.159879638450912 9.99999933577788e-11
0.292084734434894 0.292085607207708 0.292086481053131 0.292087355972375 0.29208823196665 0.292089109037171 0.292089987185155 0.292090866411822 0.292091746718392 0.292092628106091 0.142990023010559 9.99999918995211e-11
0.680426865651392 0.680428733580349 0.680430602286357 0.680432471770471 0.680434342033749 0.680436213077249 0.680438084902034 0.680439957509169 0.680441830899722 0.680443705074763 0.855262673585316 9.99999972483412e-11
0.264059088669178 0.264057423684806 0.26405575939056 0.264054095787072 0.264052432874974 0.2640507706549 0.264049109127483 0.264047448293357 0.264045788153157 0.264044128707519 0.124261195993765 9.99999909197157e-11
0.6812003693228 0.681201819195067 0.681203269520913 0.681204720300832 0.681206171535321 0.681207623224875 0.681209075369993 0.681210527971172 0.68121198102891 0.681213434543709 0.852074436246273 9.99999973673668e-11
0.68350040384772 0.683502320578338 0.683504237895178 0.683506155798873 0.683508074290056 0.68350999336936 0.683511913037419 0.68351383329487 0.68351575414235 0.683517675580499 0.854982547576987 9.99999973024294e-11
0.284242525190143 0.28424027418159 0.284238023620426 0.284235773507072 0.284233523841952 0.284231274625488 0.284229025858101 0.284226777540214 0.284224529672249 0.284222282254628 0.13384381709561 9.99999918545645e-11
0.681580094485089 0.681581555696292 0.681583017417426 0.681584479649161 0.681585942392165 0.68158740564711 0.681588869414668 0.681590333695514 0.681591798490324 0.681593263799776 0.85275654481537 9.99999973661081e-11
0.251547853436905 0.251546433179216 0.25154501380709 0.25154359532151 0.251542177723465 0.251540761013943 0.251539345193935 0.251537930264431 0.251536516226428 0.25153510308092 0.111875679485149 9.99999924163692e-11
0.2901022923516 0.290103380175533 0.290104468990327 0.290105558796884 0.290106649596106 0.290107741388898 0.290108834176165 0.290109927958814 0.290111022737753 0.290112118513892 0.140099619053941 9.99999926248195e-11
0.317510120691873 0.317511001078246 0.317511882509659 0.317512764987323 0.317513648512451 0.317514533086259 0.317515418709964 0.317516305384789 0.317517193111956 0.317518081892694 0.162963264300231 9.99999922656243e-11
0.679954401594782 0.679955573851337 0.679956746342229 0.679957919067712 0.679959092028039 0.679960265223464 0.679961438654244 0.679962612320634 0.679963786222888 0.679964960361265 0.859146732040853 9.99999972167286e-11
0.253893101979991 0.253856917421173 0.25382071029324 0.253784480556473 0.253748228170993 0.253711953096761 0.253675655293576 0.253639334721072 0.253602991338723 0.253566625105833 0.11432989693394 9.99999940154203e-11
0.258736595859442 0.258735276141494 0.258733957290073 0.258732639306585 0.258731322192438 0.258730005949045 0.258728690577821 0.258727376080187 0.258726062457566 0.258724749711386 0.118439870031709 9.99999913833476e-11
0.681935175715925 0.681936973968364 0.68193877278857 0.68194057217708 0.681942372134426 0.681944172661143 0.68194597375777 0.681947775424844 0.681949577662899 0.681951380472477 0.851512357301584 9.99999973403619e-11
0.679498858184301 0.679500214418424 0.679501571042228 0.679502928056158 0.67950428546066 0.679505643256179 0.679507001443162 0.67950836002206 0.679509718993317 0.679511078357387 0.869487559647122 9.99999970544453e-11
0.681387501966419 0.6813889767643 0.681390451982977 0.681391927622932 0.68139340368465 0.681394880168613 0.681396357075309 0.681397834405222 0.681399312158842 0.681400790336657 0.843264379273787 9.99999974512692e-11
0.676770224403263 0.676771377420043 0.676772530821728 0.676773684608741 0.676774838781507 0.67677599334045 0.676777148285997 0.676778303618573 0.676779459338609 0.676780615446527 0.879456245969653 9.9999996882025e-11
0.259625796660793 0.259623662866283 0.259621529555601 0.259619396729403 0.259617264388343 0.25961513253308 0.259613001164271 0.259610870282577 0.259608739888659 0.25960660998318 0.116426318598474 9.99999922201270e-11
0.682279110284767 0.682281048164248 0.682282986681103 0.682284925836069 0.68228686562989 0.682288806063309 0.682290747137069 0.682292688851917 0.682294631208602 0.682296574207875 0.861872189791524 9.99999971561983e-11
0.234951403697157 0.234935900618902 0.234920394807758 0.234904886263648 0.234889374986499 0.23487386097624 0.2348583442328 0.234842824756113 0.234827302546112 0.234811777602733 0.098052640239794 9.99999927718493e-11
0.680033242851578 0.680034907741968 0.680036573200319 0.680038239227334 0.68003990582372 0.680041572990184 0.680043240727433 0.68004490903618 0.680046577917135 0.680048247371013 0.862055152859566 9.9999997114502e-11
0.315806679934188 0.315806713784113 0.315806747996517 0.315806782571632 0.31580681750969 0.315806852810926 0.315806888475571 0.315806924503859 0.315806960896023 0.315806997652295 0.165938840892019 9.99999919034703e-11
0.307777958048069 0.307777993474907 0.307778029534978 0.307778066229019 0.307778103557772 0.307778141521981 0.30777818012239 0.307778219359743 0.307778259234788 0.307778299748271 0.16170574561522 9.99999910356014e-11
0.678253254745367 0.678254601995348 0.678255949697853 0.678257297853382 0.678258646462441 0.678259995525533 0.678261345043165 0.678262695015844 0.678264045444077 0.678265396328371 0.886974661484642 9.99999967688555e-11
0.679583838818891 0.679585256678828 0.67958667498714 0.67958809374433 0.679589512950905 0.679590932607372 0.67959235271424 0.679593773272019 0.679595194281217 0.679596615742348 0.860696460441875 9.99999971622629e-11
0.262056274745458 0.262054157369776 0.26205204070791 0.262049924760781 0.262047809529312 0.262045695014428 0.262043581217057 0.262041468138128 0.262039355778571 0.262037244139319 0.122764213134674 9.99999912191402e-11
0.677857485268296 0.677858618072937 0.677859751184483 0.677860884603289 0.677862018329704 0.67786315236408 0.677864286706771 0.67786542135813 0.677866556318512 0.677867691588271 0.876385208725621 9.99999968888003e-11
0.676965154651505 0.676966008398835 0.676966862430459 0.676967716746795 0.676968571348259 0.676969426235269 0.676970281408246 0.676971136867606 0.676971992613774 0.67697284864717 0.889563043834833 9.999999674008e-11
0.205530132079863 0.205526076292247 0.205522020999571 0.205517966202583 0.205513911902034 0.205509858098675 0.205505804793259 0.205501751986539 0.205497699679269 0.205493647872207 0.0845934369740314 9.9999990986727e-11
0.234976267453415 0.234965725141877 0.234955181968156 0.234944637933952 0.234934093040971 0.234923547290928 0.234913000685547 0.234902453226556 0.234891904915693 0.234881355754706 0.105215258036416 9.9999989389347e-11
0.309448962017973 0.30945064985641 0.309452338928212 0.309454029234448 0.309455720776187 0.3094574135545 0.309459107570463 0.30946080282515 0.309462499319639 0.309464197055011 0.148242900239508 9.99999934575175e-11
0.684032086757125 0.684034063107824 0.684036040077063 0.68403801766552 0.684039995873875 0.684041974702806 0.684043954152996 0.684045934225128 0.684047914919885 0.684049896237956 0.847231668584263 9.99999973424675e-11
0.332853041371952 0.332853390816193 0.332853741158383 0.332854092399444 0.332854444540297 0.332854797581866 0.332855151525077 0.332855506370857 0.332855862120134 0.332856218773837 0.172789444089511 9.99999934671878e-11
0.269549366879537 0.269542706039951 0.269536046052103 0.269529386918901 0.269522728643255 0.269516071228086 0.269509414676317 0.269502758990882 0.269496104174721 0.26948945023078 0.125690291319137 9.99999923067145e-11
0.680774501290277 0.680776167776817 0.68077783488447 0.680779502614033 0.680781170966309 0.6807828399421 0.680784509542212 0.680786179767451 0.680787850618625 0.680789522096546 0.85210483331543 9.99999973580736e-11
0.268893454442554 0.268892028994745 0.268890606950326 0.268889188315682 0.268887773097216 0.268886361301348 0.268884952934514 0.26888354800317 0.268882146513788 0.26888074847286 0.125490631894615 9.99999916534349e-11
0.67694576100143 0.676947415698425 0.676949071280135 0.676950727747974 0.676952385103357 0.676954043347707 0.676955702482448 0.676957362509008 0.676959023428823 0.676960685243327 0.884275288866281 9.99999967225918e-11
0.680803986728288 0.680805574286043 0.68080716234765 0.680808750913684 0.68081033998472 0.680811929561332 0.680813519644098 0.680815110233596 0.680816701330407 0.680818292935109 0.868389594713284 9.99999971162438e-11
0.682546908548494 0.682548605744864 0.682550303606311 0.682552002133762 0.682553701328143 0.682555401190386 0.682557101721422 0.682558802922184 0.682560504793611 0.682562207336643 0.860080908159089 9.99999972358438e-11
0.680910311461106 0.680911703467975 0.680913095891696 0.680914488732775 0.680915881991718 0.680917275669032 0.680918669765225 0.680920064280806 0.680921459216286 0.680922854572177 0.856024131226229 9.99999972946181e-11
0.318470850027491 0.318471227054677 0.318471604696338 0.318471982952979 0.318472361825102 0.31847274131321 0.318473121417807 0.318473502139399 0.318473883478491 0.318474265435588 0.166210919959585 9.9999991982345e-11
0.288977497210983 0.288974225417626 0.288970955808037 0.288967688387765 0.288964423162373 0.288961160137446 0.288957899318583 0.288954640711404 0.288951384321547 0.288948130154668 0.139168269166376 9.99999928874502e-11
0.250531669034612 0.250496535760285 0.250461380574199 0.25042620345268 0.250391004372008 0.250355783308423 0.250320540238122 0.250285275137261 0.25024998798195 0.250214678748259 0.106669169444665 9.99999925828735e-11
0.278991254824001 0.278988627081909 0.278986000682077 0.278983375626966 0.278980751919042 0.278978129560777 0.278975508554651 0.278972888903149 0.278970270608762 0.278967653673988 0.126743308173048 9.99999934253755e-11
0.208460297059197 0.208449001652089 0.208437704263748 0.208426404893182 0.208415103539399 0.208403800201399 0.208392494878183 0.208381187568748 0.208369878272088 0.208358566987192 0.0873638765989087 9.99999894515999e-11
0.199098632267492 0.199084802142551 0.199070970399594 0.199057137040875 0.199043302068658 0.199029465485216 0.19901562729283 0.199001787493794 0.198987946090408 0.198974103084985 0.080534268983444 9.99999899551386e-11
0.306858187389909 0.306858637007948 0.306859087352596 0.306859538424538 0.30685999022446 0.30686044275305 0.306860896010997 0.30686134999899 0.306861804717721 0.306862260167883 0.153555289482607 9.99999923704318e-11
0.679496173735113 0.679497244470596 0.679498315495791 0.679499386811017 0.679500458416593 0.679501530312838 0.679502602500072 0.679503674978617 0.679504747748793 0.679505820810924 0.858277228295677 9.9999997259072e-11
0.330375710496186 0.330376314123362 0.330376919006065 0.330377525146025 0.330378132544972 0.330378741204646 0.330379351126786 0.330379962313138 0.33038057476545 0.330381188485478 0.175473111182193 9.99999927978280e-11
0.308244072219176 0.308245640069736 0.308247209960937 0.308248781895667 0.308250355876825 0.308251931907315 0.308253509990051 0.308255090127951 0.308256672323942 0.30825825658096 0.152905513040189 9.99999930242985e-11
0.678579955477829 0.678581350575696 0.678582746095091 0.678584142036422 0.678585538400097 0.678586935186528 0.67858833239612 0.678589730029286 0.678591128086436 0.678592526567982 0.885213699815994 9.99999967882514e-11
0.679630174947509 0.679631388259858 0.679632601907463 0.679633815890718 0.679635030210015 0.679636244865752 0.67963745985832 0.67963867518812 0.679639890855547 0.679641106861001 0.868528277166532 9.99999970738457e-11
0.680039153572873 0.680040634994603 0.680042116956622 0.680043599459623 0.680045082504304 0.680046566091363 0.680048050221498 0.680049534895413 0.680051020113809 0.680052505877393 0.865175228350185 9.9999997107616e-11
0.683049296321354 0.683051163250245 0.683053030736661 0.683054898781264 0.683056767384722 0.683058636547701 0.683060506270872 0.683062376554904 0.683064247400471 0.683066118808248 0.835705242402763 9.99999975997507e-11
0.343213195625026 0.343213647839351 0.34321410063485 0.343214554011922 0.343215007970968 0.343215462512389 0.343215917636588 0.343216373343965 0.343216829634923 0.343217286509866 0.181474384061307 9.9999993117268e-11
0.33133598079334 0.331337265513906 0.331338551470459 0.331339838664205 0.331341127096351 0.331342416768109 0.33134370768069 0.331344999835308 0.331346293233182 0.331347587875531 0.170157745193757 9.99999932853372e-11
0.680872555360585 0.68087425074561 0.680875946690735 0.680877643196592 0.680879340263812 0.680881037893028 0.680882736084874 0.680884434839987 0.680886134159003 0.68088783404256 0.85190573139475 9.99999972641897e-11
0.681820383054988 0.681821813110837 0.681823243555322 0.681824674388863 0.681826105611874 0.681827537224778 0.681828969227992 0.681830401621937 0.681831834407035 0.681833267583706 0.830058385586714 9.99999976874741e-11
0.236579485774601 0.236574291867592 0.236569098450838 0.236563905525704 0.236558713093557 0.236553521155769 0.236548329713713 0.236543138768765 0.236537948322304 0.236532758375713 0.107647720172436 9.99999904448628e-11
0.28087541574472 0.280870424914961 0.280865434241347 0.280860443724887 0.280855453366588 0.280850463167462 0.280845473128525 0.280840483250793 0.280835493535287 0.28083050398303 0.13551637422142 9.99999911062017e-11
0.333151005203366 0.333151113908153 0.333151223413297 0.333151333719658 0.333151444828093 0.333151556739464 0.333151669454631 0.333151782974457 0.333151897299809 0.333152012431553 0.171157059763847 9.99999935815484e-11
0.304570685349945 0.304571689691639 0.304572695944599 0.304573704111648 0.304574714195617 0.304575726199342 0.30457674012567 0.304577755977452 0.304578773757548 0.304579793468826 0.150478045855446 9.99999930799195e-11
0.232932723511017 0.232918617479681 0.232904508006455 0.232890395089927 0.232876278728686 0.232862158921317 0.232848035666408 0.232833908962541 0.232819778808302 0.232805645202274 0.104380331893852 9.99999889520619e-11
0.213499226274622 0.213490228673993 0.213481230810352 0.21347223268477 0.213463234298319 0.213454235652073 0.213445236747112 0.213436237584517 0.21342723816537 0.213418238490759 0.0859136884465424 9.9999994113676e-11
0.682561753038747 0.682563644495155 0.682565536634012 0.682567429456101 0.682569322962211 0.682571217153131 0.682573112029648 0.682575007592555 0.682576903842646 0.682578800780715 0.853790623703203 9.99999973123551e-11
0.68026596081546 0.68026764358768 0.680269326946515 0.680271010892713 0.680272695427016 0.680274380550175 0.680276066262936 0.68027775256605 0.680279439460271 0.680281126946352 0.861874864094238 9.99999970970062e-11
0.249872441791928 0.249867840620635 0.249863241065597 0.249858643130236 0.249854046817978 0.249849452132261 0.249844859076529 0.249840267654236 0.249835677868844 0.249831089723823 0.109869293957816 9.9999990650604e-11
0.680083096370639 0.68008455426262 0.680086012686185 0.680087471642044 0.6800889311309 0.680090391153463 0.680091851710445 0.680093312802556 0.68009477443051 0.680096236595024 0.866133233554312 9.99999970652789e-11
0.315867354277882 0.315867683062029 0.315868012421068 0.315868342355537 0.315868672865975 0.315869003952922 0.315869335616919 0.315869667858508 0.31587000067823 0.315870334076628 0.162091631488044 9.99999924630816e-11
0.681981320483217 0.681982879572959 0.681984439253931 0.681985999526964 0.681987560392896 0.681989121852564 0.681990683906807 0.681992246556468 0.68199380980239 0.681995373645421 0.844368008086065 9.99999974296358e-11
0.679512704492146 0.679514190320461 0.679515676596044 0.679517163319317 0.679518650490699 0.679520138110612 0.679521626179476 0.679523114697714 0.679524603665751 0.679526093084008 0.878285240706101 9.99999968939504e-11
0.322058753281843 0.322059125920024 0.32205949938332 0.322059873672677 0.322060248789043 0.322060624733368 0.322061001506607 0.322061379109714 0.322061757543646 0.322062136809361 0.171916778053236 9.99999916675032e-11
0.684322240690661 0.684323741792399 0.68432524348848 0.684326745779861 0.684328248667505 0.684329752152374 0.684331256235435 0.684332760917658 0.684334266200013 0.684335772083475 0.847227218295223 9.99999975168657e-11
0.265619269200599 0.265617139057252 0.265615009584426 0.265612880782991 0.265610752653819 0.265608625197782 0.265606498415753 0.265604372308609 0.265602246877226 0.265600122122482 0.120873250865253 9.99999929668365e-11
0.678898211793972 0.678899860916046 0.678901510673077 0.67890316106589 0.678904812095315 0.678906463762182 0.678908116067323 0.678909769011574 0.678911422595772 0.678913076820754 0.864047980536901 9.99999971283828e-11
0.270352694767111 0.270345454627872 0.27033821412097 0.270330973247219 0.270323732007439 0.270316490402452 0.270309248433083 0.270302006100158 0.27029476340451 0.27028752034697 0.130468000430666 9.99999905413475e-11
0.310974422819597 0.310974865926294 0.310975309785959 0.310975754399259 0.310976199766862 0.310976645889437 0.310977092767653 0.310977540402182 0.310977988793695 0.310978437942867 0.156999342565551 9.99999925334507e-11
0.68005258061486 0.680054139906812 0.68005569979699 0.680057260286162 0.680058821375096 0.680060383064561 0.680061945355331 0.680063508248179 0.68006507174388 0.68006663584321 0.869910372396271 9.99999970199407e-11
0.287907285628317 0.287905756704481 0.287904229374524 0.287902703641047 0.287901179506655 0.287899656973961 0.287898136045585 0.287896616724156 0.287895099012307 0.28789358291268 0.139775759612428 9.99999911657985e-11
0.251461588162002 0.25145535800463 0.251449128336251 0.251442899159642 0.251436670477591 0.251430442292891 0.251424214608349 0.25141798742678 0.251411760751007 0.251405534583864 0.111599541690343 9.99999929899004e-11
0.68101872732293 0.681020219209635 0.681021711570633 0.681023204406435 0.68102469771755 0.681026191504493 0.681027685767775 0.68102918050791 0.681030675725414 0.6810321714208 0.849622349280754 9.99999973783783e-11
0.680057643611779 0.680059181894003 0.680060720677892 0.680062259964019 0.680063799752957 0.680065340045278 0.680066880841559 0.680068422142377 0.680069963948309 0.680071506259936 0.875551507500207 9.99999969332061e-11
0.264299684357776 0.264287560500485 0.264275434557362 0.264263306528503 0.264251176414005 0.264239044213967 0.264226909928491 0.264214773557681 0.264202635101644 0.264190494560486 0.124154470306692 9.99999914549123e-11
0.272376384565958 0.27237398175495 0.27237158254662 0.272369186948024 0.272366794966232 0.272364406608339 0.272362021881457 0.272359640792715 0.272357263349265 0.272354889558278 0.127102821372001 9.99999924540117e-11
0.211146026527038 0.211124431233107 0.211102826537919 0.211081212431591 0.21105958890422 0.211037955945878 0.21101631354662 0.210994661696475 0.210973000385452 0.210951329603539 0.0906857313740035 9.9999990444234e-11
0.332193052244757 0.332193833141649 0.332194615206217 0.332195398440043 0.332196182844703 0.332196968421787 0.332197755172883 0.332198543099585 0.332199332203491 0.332200122486203 0.175893426436925 9.99999926354055e-11
0.300896385552986 0.300897320027726 0.300898255408319 0.30089919169581 0.300900128891251 0.300901066995692 0.300902006010187 0.300902945935793 0.300903886773569 0.300904828524575 0.149967575273179 9.99999922270542e-11
0.682949211279318 0.682951161310834 0.682953112125145 0.682955063723242 0.682957016106113 0.682958969274752 0.682960923230155 0.682962877973319 0.682964833505244 0.682966789826935 0.853533054908343 9.9999997304221e-11
0.289581453023778 0.289579498911663 0.289577545710467 0.289575593421256 0.289573642045096 0.289571691583057 0.28956974203621 0.289567793405628 0.289565845692386 0.289563898897563 0.138701437659402 9.99999928347676e-11
0.312798483338936 0.312798339453551 0.312798195879845 0.312798052618046 0.312797909668382 0.31279776703108 0.312797624706368 0.312797482694474 0.312797340995626 0.312797199610053 0.162290548692204 9.99999918709098e-11
0.261524628154144 0.261518913103843 0.26151319801286 0.26150748288226 0.261501767713113 0.261496052506492 0.261490337263471 0.261484621985128 0.261478906672548 0.261473191326813 0.119868937363833 9.99999911790493e-11
0.301220264805899 0.301222403525661 0.301224543697316 0.301226685322565 0.301228828403115 0.301230972940676 0.301233118936961 0.301235266393691 0.301237415312589 0.301239565695382 0.143457287263103 9.99999932262268e-11
0.676381070569074 0.676382100103886 0.676383130020673 0.676384160319979 0.676385191002353 0.676386222068338 0.676387253518486 0.676388285353346 0.67638931757347 0.676390350179408 0.885310094000438 9.99999968424644e-11
0.315609458142665 0.315609712970396 0.3156099687876 0.315610225595478 0.315610483395236 0.315610742188081 0.315611001975223 0.315611262757873 0.315611524537245 0.315611787314556 0.163467258848145 9.99999921944677e-11
0.290069454131795 0.290066900222079 0.290064347137407 0.290061794879164 0.290059243448743 0.290056692847538 0.290054143076948 0.290051594138373 0.290049046033219 0.290046498762894 0.138365945573083 9.99999916191054e-11
0.326290672938505 0.32629109909329 0.326291526261431 0.326291954443907 0.326292383641702 0.326292813855799 0.326293245087182 0.326293677336839 0.326294110605757 0.326294544894928 0.169115117031959 9.99999931249322e-11
0.211832548854985 0.211826072762058 0.211819596807453 0.21181312099227 0.211806645317608 0.211800169784571 0.211793694394264 0.211787219147796 0.211780744046278 0.211774269090824 0.0866905635951219 9.99999916666687e-11
