-0.47153 -0.00215797 0.00253325 -0.00291744 -0.000628852 -0.00971855 -0.00275371 -0.00222415 0.500226 -0.0115807 
-0.498642 -0.00149791 0.00178259 -0.00146909 0.000482196 -0.00848318 -0.0019304 -0.0022624 0.491397 -0.00661333 
-0.498642 -0.00149791 0.00178259 -0.00146909 0.000482196 -0.00848318 -0.0019304 -0.0022624 0.491397 -0.00661333 
-0.47153 -0.00215797 0.00253325 -0.00291744 -0.000628852 -0.00971855 -0.00275371 -0.00222415 0.500226 -0.0115807 
-0.934526 -0.20153 -0.173205 0.138621 -0.100591 0.0710904 -0.0836915 -0.0477191 -0.121608 0.00422933 
-0.498642 -0.00149791 0.00178259 -0.00146909 0.000482196 -0.00848318 -0.0019304 -0.0022624 0.491397 -0.00661333 
-0.814868 0.275613 -0.0553802 0.0367691 -0.0766981 0.0868411 0.0403952 0.0645242 0.0310388 -0.0279849 
-0.45981 -0.0037873 0.00875761 -0.00100743 0.00473958 -0.0352047 -0.0180645 0.00378209 0.492395 -0.104662 
-0.468155 -0.00240548 0.00309152 -0.00354903 -0.000752829 -0.010543 -0.00370614 -0.00254908 0.504343 -0.0161727 
-0.498642 -0.00149791 0.00178259 -0.00146909 0.000482196 -0.00848318 -0.0019304 -0.0022624 0.491397 -0.00661333 
-0.358783 -0.000387075 0.0056906 -0.00706717 -0.038664 0.0744791 -0.0341884 0.0242632 0.629379 0.0467044 
-0.416672 -0.0036276 -0.000653171 -0.0148393 -0.0169998 0.0137573 0.026309 -0.0292705 0.562419 0.0354504 
-0.302245 -0.0104368 -0.0129699 -0.0306226 -0.0526491 0.0309207 0.0833304 -0.0727151 0.647853 0.0970462 
-0.498642 -0.00149791 0.00178259 -0.00146909 0.000482196 -0.00848318 -0.0019304 -0.0022624 0.491397 -0.00661333 
-0.498642 -0.00149791 0.00178259 -0.00146909 0.000482196 -0.00848318 -0.0019304 -0.0022624 0.491397 -0.00661333 
-0.498642 -0.00149791 0.00178259 -0.00146909 0.000482196 -0.00848318 -0.0019304 -0.0022624 0.491397 -0.00661333 
-0.559434 -0.0600121 -0.0250351 0.0125829 0.0207147 0.0556426 -0.00694948 -0.0254698 0.408421 -0.0248059 
-0.596917 0.0859152 -0.0474252 -0.0544366 0.0289677 -0.0216428 -0.00600509 0.012232 0.364576 0.0190727 
-0.498642 -0.00149791 0.00178259 -0.00146909 0.000482196 -0.00848318 -0.0019304 -0.0022624 0.491397 -0.00661333 
-0.572718 0.0967825 -0.0535849 -0.0555214 0.0197775 -0.0182594 -0.0267035 0.0187849 0.37125 0.0230798 
-0.515154 0.00949809 0.0199623 0.0918439 0.0653184 -0.0210218 0.0108816 0.0104244 0.453271 0.0227189 
-0.47153 -0.00215797 0.00253325 -0.00291744 -0.000628852 -0.00971855 -0.00275371 -0.00222415 0.500226 -0.0115807 
-0.498642 -0.00149791 0.00178259 -0.00146909 0.000482196 -0.00848318 -0.0019304 -0.0022624 0.491397 -0.00661333 
-0.498642 -0.00149791 0.00178259 -0.00146909 0.000482196 -0.00848318 -0.0019304 -0.0022624 0.491397 -0.00661333 
-0.498642 -0.00149791 0.00178259 -0.00146909 0.000482196 -0.00848318 -0.0019304 -0.0022624 0.491397 -0.00661333 
-0.358783 -0.000387075 0.0056906 -0.00706717 -0.038664 0.0744791 -0.0341884 0.0242632 0.629379 0.0467044 
-0.454523 -0.00329683 0.00628307 -0.00229493 0.00184236 -0.0245449 -0.0116504 0.00178255 0.497787 -0.066786 
-0.525985 0.0442674 0.0259788 0.00190491 -0.0286668 -0.0059875 0.0117211 0.00231247 0.420837 -0.0413132 
-0.437168 0.0392594 0.00984865 0.0536184 -0.0961608 0.121193 -0.0683813 0.0264648 0.526457 0.0568968 
-0.498642 -0.00149791 0.00178259 -0.00146909 0.000482196 -0.00848318 -0.0019304 -0.0022624 0.491397 -0.00661333 
-0.60984 0.125511 -0.152357 -0.123362 0.11103 0.0370892 0.0277243 0.0410432 0.292826 0.0231049 
-0.487945 -0.00575929 0.0204239 -0.0129227 0.00243464 -0.0266365 -0.00244203 -0.0274181 0.481759 -0.00354077 
-0.298922 -0.00130858 0.00693373 -0.0119865 -0.0486256 0.0969185 -0.0417352 0.0325471 0.6753 0.0603263 
-0.533591 0.0117038 0.0235 -0.0299842 0.0253755 0.0412655 0.0205785 -0.00564823 0.435672 -0.0116758 
-0.480268 -0.00273085 0.00572314 -0.000965617 0.00322664 -0.0238774 -0.0111907 0.000976556 0.490885 -0.0624007 
-0.498642 -0.00149791 0.00178259 -0.00146909 0.000482196 -0.00848318 -0.0019304 -0.0022624 0.491397 -0.00661333 
-0.596917 0.0859152 -0.0474252 -0.0544366 0.0289677 -0.0216428 -0.00600509 0.012232 0.364576 0.0190727 
-0.498642 -0.00149791 0.00178259 -0.00146909 0.000482196 -0.00848318 -0.0019304 -0.0022624 0.491397 -0.00661333 
-0.498642 -0.00149791 0.00178259 -0.00146909 0.000482196 -0.00848318 -0.0019304 -0.0022624 0.491397 -0.00661333 
-0.572498 -0.0530843 -0.0657166 0.0253197 -0.0670797 -0.0739469 0.0759615 -0.0245048 0.367434 0.000326496 
-0.822475 -0.192729 0.0448144 -0.0565508 -0.0861969 -0.146241 0.0542245 0.110947 0.030487 0.0681765 
-0.468155 -0.00240548 0.00309152 -0.00354903 -0.000752829 -0.010543 -0.00370614 -0.00254908 0.504343 -0.0161727 
-0.44241 -0.00297146 0.00365145 -0.00487834 -0.00213711 -0.0112104 -0.00416587 -0.00174309 0.511245 -0.020558 
-0.498642 -0.00149791 0.00178259 -0.00146909 0.000482196 -0.00848318 -0.0019304 -0.0022624 0.491397 -0.00661333 
-0.70779 -0.115261 -0.173718 0.0375544 -0.0118893 0.0894138 0.109609 -0.0363551 0.188029 -0.0388904 
-0.841228 -0.233768 0.0563821 -0.0962251 0.129466 0.224832 -0.00305087 -0.00297423 -0.0113683 -0.0113655 
-0.498642 -0.00149791 0.00178259 -0.00146909 0.000482196 -0.00848318 -0.0019304 -0.0022624 0.491397 -0.00661333 
-0.679637 0.112407 -0.166211 -0.0838472 0.0762963 -0.131011 -0.155775 -0.0571289 0.185712 0.0725663 
-0.47153 -0.00215797 0.00253325 -0.00291744 -0.000628852 -0.00971855 -0.00275371 -0.00222415 0.500226 -0.0115807 
-0.47153 -0.00215797 0.00253325 -0.00291744 -0.000628852 -0.00971855 -0.00275371 -0.00222415 0.500226 -0.0115807 
-0.58956 -0.046471 0.137348 -0.0772929 0.0162961 -0.0697039 0.0037843 -0.0901925 0.307407 0.0298461 
-0.626762 0.140533 -0.0925474 -0.114172 0.0792567 0.0749015 0.0863146 0.0423649 0.276046 -0.000343616 
-0.498642 -0.00149791 0.00178259 -0.00146909 0.000482196 -0.00848318 -0.0019304 -0.0022624 0.491397 -0.00661333 
-0.498642 -0.00149791 0.00178259 -0.00146909 0.000482196 -0.00848318 -0.0019304 -0.0022624 0.491397 -0.00661333 
-0.416672 -0.0036276 -0.000653171 -0.0148393 -0.0169998 0.0137573 0.026309 -0.0292705 0.562419 0.0354504 
-0.47153 -0.00215797 0.00253325 -0.00291744 -0.000628852 -0.00971855 -0.00275371 -0.00222415 0.500226 -0.0115807 
-1.04166 0.261765 0.201059 -0.0391678 -0.0767229 0.0659674 0.0155591 -0.0479827 -0.279058 0.0156671 
-0.498642 -0.00149791 0.00178259 -0.00146909 0.000482196 -0.00848318 -0.0019304 -0.0022624 0.491397 -0.00661333 
-0.658061 -0.0166023 0.123945 -0.0548796 0.00154178 -0.0312748 0.00722722 -0.0479748 0.275819 0.0233761 
-0.498642 -0.00149791 0.00178259 -0.00146909 0.000482196 -0.00848318 -0.0019304 -0.0022624 0.491397 -0.00661333 
-0.476864 0.0121388 0.036699 0.185226 0.16271 -0.0480478 0.0372933 0.0237751 0.431917 0.0595319 
-0.552828 0.0490158 -0.000219049 0.0581317 -0.0662047 0.041614 -0.0568218 0.00649202 0.395149 0.00758622 
-0.47153 -0.00215797 0.00253325 -0.00291744 -0.000628852 -0.00971855 -0.00275371 -0.00222415 0.500226 -0.0115807 
-0.498642 -0.00149791 0.00178259 -0.00146909 0.000482196 -0.00848318 -0.0019304 -0.0022624 0.491397 -0.00661333 
-0.477242 0.0122329 0.0357584 0.181269 0.156888 -0.0458015 0.0358107 0.0237942 0.431177 0.0594824 
-0.498642 -0.00149791 0.00178259 -0.00146909 0.000482196 -0.00848318 -0.0019304 -0.0022624 0.491397 -0.00661333 
-0.434408 -0.00320353 -0.000225994 -0.0110973 -0.012763 0.00616313 0.0192186 -0.0216122 0.542146 0.0225986 
-0.515154 0.00949809 0.0199623 0.0918439 0.0653184 -0.0210218 0.0108816 0.0104244 0.453271 0.0227189 
-0.57239 0.0540716 0.0322242 0.0365758 -0.028233 0.00287353 0.00639805 0.00658565 0.391557 -0.0246887 
-0.474443 0.00936937 -0.00437711 -0.0025539 -0.00870794 -0.00509984 -0.0226288 0.00429043 0.498071 -0.00260622 
-0.57239 0.0540716 0.0322242 0.0365758 -0.028233 0.00287353 0.00639805 0.00658565 0.391557 -0.0246887 
-0.620518 -0.0345847 0.0862511 -0.0461975 0.0111362 -0.0226983 0.00422295 -0.0262606 0.338082 0.0191775 
-0.498642 -0.00149791 0.00178259 -0.00146909 0.000482196 -0.00848318 -0.0019304 -0.0022624 0.491397 -0.00661333 
-0.498642 -0.00149791 0.00178259 -0.00146909 0.000482196 -0.00848318 -0.0019304 -0.0022624 0.491397 -0.00661333 
-0.498642 -0.00149791 0.00178259 -0.00146909 0.000482196 -0.00848318 -0.0019304 -0.0022624 0.491397 -0.00661333 
-0.47153 -0.00215797 0.00253325 -0.00291744 -0.000628852 -0.00971855 -0.00275371 -0.00222415 0.500226 -0.0115807 
-0.514701 -0.0253416 0.0101353 -0.0188429 -0.0241375 -0.0577622 0.00345825 0.0694218 0.451021 0.00793515 
-0.468155 -0.00240548 0.00309152 -0.00354903 -0.000752829 -0.010543 -0.00370614 -0.00254908 0.504343 -0.0161727 
-0.476375 0.00137432 0.00613725 -0.00213994 -0.00484229 -0.0122185 -0.000239826 -0.0010785 0.495231 -0.0240581 
-0.498642 -0.00149791 0.00178259 -0.00146909 0.000482196 -0.00848318 -0.0019304 -0.0022624 0.491397 -0.00661333 
-0.588189 -0.0745461 0.00596192 -0.0107534 -0.00268034 -0.00535693 -0.0276364 0.0558424 0.374004 0.00528377 
-0.498642 -0.00149791 0.00178259 -0.00146909 0.000482196 -0.00848318 -0.0019304 -0.0022624 0.491397 -0.00661333 
-0.523704 0.0190192 0.0285424 -0.00447851 -0.0110503 -0.0112156 -9.30523e-05 -0.0167968 0.443164 -0.00925236 
-0.585797 -0.0485682 -0.0572768 0.0234307 -0.0548084 -0.0561348 0.0582527 -0.017492 0.374198 0.00549159 
-0.484236 -0.0106661 -0.0102264 -0.0295858 0.0410525 0.0355293 0.00377965 0.00786072 0.489276 -0.00779749 
-0.498642 -0.00149791 0.00178259 -0.00146909 0.000482196 -0.00848318 -0.0019304 -0.0022624 0.491397 -0.00661333 
-0.468155 -0.00240548 0.00309152 -0.00354903 -0.000752829 -0.010543 -0.00370614 -0.00254908 0.504343 -0.0161727 
-0.667287 0.104714 0.0545619 0.190574 -0.0208936 0.0370488 -0.0149829 0.0214741 0.25051 0.014836 
-0.482323 -0.0010189 0.00664026 0.0239543 0.0278586 -0.016649 0.00538609 0.00120323 0.488392 0.00209919 
-0.498642 -0.00149791 0.00178259 -0.00146909 0.000482196 -0.00848318 -0.0019304 -0.0022624 0.491397 -0.00661333 
-0.586923 -0.10664 0.0167704 -0.0345227 -0.0343396 -0.066401 -0.0280023 0.162099 0.331094 0.0202713 
-0.498642 -0.00149791 0.00178259 -0.00146909 0.000482196 -0.00848318 -0.0019304 -0.0022624 0.491397 -0.00661333 
-0.498642 -0.00149791 0.00178259 -0.00146909 0.000482196 -0.00848318 -0.0019304 -0.0022624 0.491397 -0.00661333 
-0.480268 -0.00273085 0.00572314 -0.000965617 0.00322664 -0.0238774 -0.0111907 0.000976556 0.490885 -0.0624007 
-0.54487 -0.00928109 -0.0472976 0.0137285 0.000142259 -0.053745 -0.0822024 -0.0495555 0.397334 0.00250557 
-0.498642 -0.00149791 0.00178259 -0.00146909 0.000482196 -0.00848318 -0.0019304 -0.0022624 0.491397 -0.00661333 
-0.535603 -0.0536717 -0.0675849 0.0172757 -0.0772125 -0.0536177 0.0941251 -0.0415868 0.408883 0.0378754 
-0.498642 -0.00149791 0.00178259 -0.00146909 0.000482196 -0.00848318 -0.0019304 -0.0022624 0.491397 -0.00661333 
-0.485344 -0.006014 -0.00665727 0.000419873 -0.0117891 -0.0262953 0.0157783 -0.00927515 0.484633 -0.0117784 
-0.776652 -0.198084 0.0802327 -0.0564133 0.0566225 0.0857851 -0.034962 0.00991201 0.112815 0.00880534 
