-0.471681 -0.00218969 0.00241267 -0.00374031 -0.00123945 -0.00468468 -0.00260014 -0.00197705 0.501364 -0.0110424 
-0.499321 -0.00151749 0.00171664 -0.00204231 8.07456e-05 -0.00412504 -0.00184031 -0.00210324 0.49184 -0.0063129 
-0.499321 -0.00151749 0.00171664 -0.00204231 8.07456e-05 -0.00412504 -0.00184031 -0.00210324 0.49184 -0.0063129 
-0.471681 -0.00218969 0.00241267 -0.00374031 -0.00123945 -0.00468468 -0.00260014 -0.00197705 0.501364 -0.0110424 
-0.936006 -0.200877 -0.173926 0.140214 -0.0984794 0.0552782 -0.0839627 -0.0491851 -0.127965 0.00201744 
-0.499321 -0.00151749 0.00171664 -0.00204231 8.07456e-05 -0.00412504 -0.00184031 -0.00210324 0.49184 -0.0063129 
-0.824022 0.275281 -0.0557926 0.0397054 -0.0748601 0.0704429 0.0406128 0.0635618 0.0158884 -0.0281708 
-0.453804 -0.00372064 0.00745833 -0.00380912 0.00245865 -0.0254675 -0.0179083 0.00325178 0.501494 -0.105192 
-0.467688 -0.00243989 0.00291321 -0.00455181 -0.00151788 -0.00506798 -0.00350781 -0.00225668 0.506214 -0.0154759 
-0.499321 -0.00151749 0.00171664 -0.00204231 8.07456e-05 -0.00412504 -0.00184031 -0.00210324 0.49184 -0.0063129 
-0.374788 -0.000374531 0.00593589 -0.00676217 -0.0381644 0.0680196 -0.0339101 0.0241372 0.609587 0.0501777 
-0.423384 -0.00379271 0.000106284 -0.0148735 -0.0168958 0.0153504 0.0263853 -0.0268174 0.55546 0.0347288 
-0.316669 -0.0108616 -0.0108885 -0.0296856 -0.0517287 0.030152 0.0833928 -0.0673984 0.631962 0.0951582 
-0.499321 -0.00151749 0.00171664 -0.00204231 8.07456e-05 -0.00412504 -0.00184031 -0.00210324 0.49184 -0.0063129 
-0.499321 -0.00151749 0.00171664 -0.00204231 8.07456e-05 -0.00412504 -0.00184031 -0.00210324 0.49184 -0.0063129 
-0.499321 -0.00151749 0.00171664 -0.00204231 8.07456e-05 -0.00412504 -0.00184031 -0.00210324 0.49184 -0.0063129 
-0.562308 -0.0598421 -0.0253446 0.0113606 0.0200733 0.051067 -0.0068093 -0.0254092 0.403113 -0.024166 
-0.599211 0.0858658 -0.0473549 -0.0532102 0.0295889 -0.0190811 -0.00576992 0.0120425 0.363286 0.0186352 
-0.499321 -0.00151749 0.00171664 -0.00204231 8.07456e-05 -0.00412504 -0.00184031 -0.00210324 0.49184 -0.0063129 
-0.575884 0.0967435 -0.0536422 -0.0542671 0.0204316 -0.0160665 -0.0263861 0.0187338 0.368884 0.0227928 
-0.512244 0.00940885 0.0203186 0.0918765 0.0660634 -0.0163693 0.010162 0.00922043 0.458333 0.0200976 
-0.471681 -0.00218969 0.00241267 -0.00374031 -0.00123945 -0.00468468 -0.00260014 -0.00197705 0.501364 -0.0110424 
-0.499321 -0.00151749 0.00171664 -0.00204231 8.07456e-05 -0.00412504 -0.00184031 -0.00210324 0.49184 -0.0063129 
-0.499321 -0.00151749 0.00171664 -0.00204231 8.07456e-05 -0.00412504 -0.00184031 -0.00210324 0.49184 -0.0063129 
-0.499321 -0.00151749 0.00171664 -0.00204231 8.07456e-05 -0.00412504 -0.00184031 -0.00210324 0.49184 -0.0063129 
-0.374788 -0.000374531 0.00593589 -0.00676217 -0.0381644 0.0680196 -0.0339101 0.0241372 0.609587 0.0501777 
-0.451007 -0.00327601 0.00546696 -0.00432958 0.000207577 -0.0166243 -0.0114733 0.00160797 0.503668 -0.0667734 
-0.52402 0.0441635 0.0255808 0.00091545 -0.0296277 -0.00153196 0.0119336 0.00280191 0.42381 -0.0406063 
-0.457134 0.0392837 0.00985646 0.0545999 -0.0948404 0.106517 -0.0683251 0.0260711 0.499765 0.0599648 
-0.499321 -0.00151749 0.00171664 -0.00204231 8.07456e-05 -0.00412504 -0.00184031 -0.00210324 0.49184 -0.0063129 
-0.619322 0.125467 -0.152092 -0.121146 0.112159 0.0298979 0.0285682 0.0402281 0.280528 0.024117 
-0.486933 -0.00577216 0.0203885 -0.0137044 0.0017999 -0.0199486 -0.002424 -0.0280455 0.484887 -0.0025324 
-0.319177 -0.00129495 0.00726805 -0.0115296 -0.0479654 0.0877995 -0.0413647 0.0323735 0.649967 0.0648784 
-0.538474 0.0117405 0.0235269 -0.0303787 0.0250143 0.0382889 0.0206511 -0.00511517 0.428875 -0.0110866 
-0.477158 -0.00269888 0.00495405 -0.00278978 0.00177107 -0.0164965 -0.0110736 0.000724721 0.496239 -0.0626256 
-0.499321 -0.00151749 0.00171664 -0.00204231 8.07456e-05 -0.00412504 -0.00184031 -0.00210324 0.49184 -0.0063129 
-0.599211 0.0858658 -0.0473549 -0.0532102 0.0295889 -0.0190811 -0.00576992 0.0120425 0.363286 0.0186352 
-0.499321 -0.00151749 0.00171664 -0.00204231 8.07456e-05 -0.00412504 -0.00184031 -0.00210324 0.49184 -0.0063129 
-0.499321 -0.00151749 0.00171664 -0.00204231 8.07456e-05 -0.00412504 -0.00184031 -0.00210324 0.49184 -0.0063129 
-0.568776 -0.0532818 -0.0651126 0.0259999 -0.0667631 -0.0633279 0.0761081 -0.0260026 0.3754 0.00160393 
-0.824997 -0.192106 0.0458836 -0.0499152 -0.081925 -0.135911 0.0530461 0.109367 0.0335948 0.0647076 
-0.467688 -0.00243989 0.00291321 -0.00455181 -0.00151788 -0.00506798 -0.00350781 -0.00225668 0.506214 -0.0154759 
-0.441538 -0.00301701 0.00342612 -0.00609161 -0.00308137 -0.00519581 -0.00390749 -0.00137343 0.513644 -0.0196237 
-0.499321 -0.00151749 0.00171664 -0.00204231 8.07456e-05 -0.00412504 -0.00184031 -0.00210324 0.49184 -0.0063129 
-0.713771 -0.115222 -0.173383 0.0378057 -0.011556 0.0764911 0.110188 -0.0384892 0.176902 -0.0359193 
-0.861175 -0.232565 0.0561512 -0.0948349 0.130755 0.189922 -0.0037302 -0.00252914 -0.0452187 -0.0122601 
-0.499321 -0.00151749 0.00171664 -0.00204231 8.07456e-05 -0.00412504 -0.00184031 -0.00210324 0.49184 -0.0063129 
-0.669186 0.112549 -0.166716 -0.0822702 0.0772752 -0.117132 -0.155383 -0.05765 0.202975 0.0689836 
-0.471681 -0.00218969 0.00241267 -0.00374031 -0.00123945 -0.00468468 -0.00260014 -0.00197705 0.501364 -0.0110424 
-0.471681 -0.00218969 0.00241267 -0.00374031 -0.00123945 -0.00468468 -0.00260014 -0.00197705 0.501364 -0.0110424 
-0.587523 -0.0462023 0.137705 -0.0768696 0.0162332 -0.0613155 0.00298681 -0.0928433 0.312961 0.0310312 
-0.639112 0.140388 -0.0920982 -0.112067 0.0801705 0.0631216 0.0870336 0.0418782 0.258724 0.00151905 
-0.499321 -0.00151749 0.00171664 -0.00204231 8.07456e-05 -0.00412504 -0.00184031 -0.00210324 0.49184 -0.0063129 
-0.499321 -0.00151749 0.00171664 -0.00204231 8.07456e-05 -0.00412504 -0.00184031 -0.00210324 0.49184 -0.0063129 
-0.423384 -0.00379271 0.000106284 -0.0148735 -0.0168958 0.0153504 0.0263853 -0.0268174 0.55546 0.0347288 
-0.471681 -0.00218969 0.00241267 -0.00374031 -0.00123945 -0.00468468 -0.00260014 -0.00197705 0.501364 -0.0110424 
-1.04906 0.261891 0.200971 -0.0349511 -0.0742425 0.0468951 0.0142074 -0.0485144 -0.29263 0.0124229 
-0.499321 -0.00151749 0.00171664 -0.00204231 8.07456e-05 -0.00412504 -0.00184031 -0.00210324 0.49184 -0.0063129 
-0.659103 -0.0163528 0.124246 -0.0538123 0.00205953 -0.0285512 0.00643552 -0.0486909 0.276014 0.0225132 
-0.499321 -0.00151749 0.00171664 -0.00204231 8.07456e-05 -0.00412504 -0.00184031 -0.00210324 0.49184 -0.0063129 
-0.468791 0.0119449 0.0376874 0.18579 0.164601 -0.0407989 0.0357121 0.0208192 0.444157 0.0539713 
-0.558341 0.0490183 -0.000650094 0.0582629 -0.0657525 0.0373868 -0.0568715 0.00652199 0.387615 0.00763178 
-0.471681 -0.00218969 0.00241267 -0.00374031 -0.00123945 -0.00468468 -0.00260014 -0.00197705 0.501364 -0.0110424 
-0.499321 -0.00151749 0.00171664 -0.00204231 8.07456e-05 -0.00412504 -0.00184031 -0.00210324 0.49184 -0.0063129 
-0.469771 0.0120454 0.0367343 0.181881 0.158789 -0.0389368 0.0342523 0.0209307 0.442635 0.0539773 
-0.499321 -0.00151749 0.00171664 -0.00204231 8.07456e-05 -0.00412504 -0.00184031 -0.00210324 0.49184 -0.0063129 
-0.439252 -0.00333247 0.000296025 -0.011314 -0.0128332 0.00877071 0.0193095 -0.0198483 0.537526 0.0222458 
-0.512244 0.00940885 0.0203186 0.0918765 0.0660634 -0.0163693 0.010162 0.00922043 0.458333 0.0200976 
-0.571808 0.0539757 0.0319564 0.036234 -0.0284402 0.00470895 0.00625473 0.0067862 0.392508 -0.0253879 
-0.475994 0.00936015 -0.00457066 -0.00309919 -0.00907652 -0.00111047 -0.0224565 0.00458806 0.497437 -0.00215537 
-0.571808 0.0539757 0.0319564 0.036234 -0.0284402 0.00470895 0.00625473 0.0067862 0.392508 -0.0253879 
-0.622494 -0.0343398 0.0864904 -0.0453536 0.0115886 -0.0201519 0.00364528 -0.0269143 0.337097 0.0186522 
-0.499321 -0.00151749 0.00171664 -0.00204231 8.07456e-05 -0.00412504 -0.00184031 -0.00210324 0.49184 -0.0063129 
-0.499321 -0.00151749 0.00171664 -0.00204231 8.07456e-05 -0.00412504 -0.00184031 -0.00210324 0.49184 -0.0063129 
-0.499321 -0.00151749 0.00171664 -0.00204231 8.07456e-05 -0.00412504 -0.00184031 -0.00210324 0.49184 -0.0063129 
-0.471681 -0.00218969 0.00241267 -0.00374031 -0.00123945 -0.00468468 -0.00260014 -0.00197705 0.501364 -0.0110424 
-0.515755 -0.0252599 0.0102349 -0.0175633 -0.023413 -0.0487581 0.00338794 0.0697148 0.453226 0.00713942 
-0.467688 -0.00243989 0.00291321 -0.00455181 -0.00151788 -0.00506798 -0.00350781 -0.00225668 0.506214 -0.0154759 
-0.475092 0.00132884 0.00589205 -0.00326155 -0.00574075 -0.00634924 -1.44772e-05 -0.000711678 0.498042 -0.0233219 
-0.499321 -0.00151749 0.00171664 -0.00204231 8.07456e-05 -0.00412504 -0.00184031 -0.00210324 0.49184 -0.0063129 
-0.591731 -0.07421 0.00579265 -0.00968414 -0.0018421 -0.0042752 -0.0278418 0.0564652 0.370685 0.00373935 
-0.499321 -0.00151749 0.00171664 -0.00204231 8.07456e-05 -0.00412504 -0.00184031 -0.00210324 0.49184 -0.0063129 
-0.523374 0.018983 0.0284533 -0.00503759 -0.0115243 -0.00692488 -0.000110517 -0.0164764 0.444657 -0.00919617 
-0.583987 -0.0486962 -0.0567554 0.0242084 -0.0543248 -0.0481109 0.0583163 -0.0186371 0.379219 0.00616415 
-0.489192 -0.010595 -0.0102732 -0.0301527 0.0406579 0.0339658 0.00400521 0.00822131 0.482903 -0.00701121 
-0.499321 -0.00151749 0.00171664 -0.00204231 8.07456e-05 -0.00412504 -0.00184031 -0.00210324 0.49184 -0.0063129 
-0.467688 -0.00243989 0.00291321 -0.00455181 -0.00151788 -0.00506798 -0.00350781 -0.00225668 0.506214 -0.0154759 
-0.667079 0.10456 0.0544789 0.191515 -0.0191335 0.0309619 -0.016158 0.0200438 0.249178 0.0108097 
-0.48134 -0.00107095 0.00673457 0.0234515 0.0277102 -0.011327 0.00525566 0.000890044 0.491125 0.00165961 
-0.499321 -0.00151749 0.00171664 -0.00204231 8.07456e-05 -0.00412504 -0.00184031 -0.00210324 0.49184 -0.0063129 
-0.591179 -0.106152 0.0167164 -0.0311224 -0.0320983 -0.0593093 -0.0283645 0.163206 0.329728 0.0172094 
-0.499321 -0.00151749 0.00171664 -0.00204231 8.07456e-05 -0.00412504 -0.00184031 -0.00210324 0.49184 -0.0063129 
-0.499321 -0.00151749 0.00171664 -0.00204231 8.07456e-05 -0.00412504 -0.00184031 -0.00210324 0.49184 -0.0063129 
-0.477158 -0.00269888 0.00495405 -0.00278978 0.00177107 -0.0164965 -0.0110736 0.000724721 0.496239 -0.0626256 
-0.537485 -0.00919569 -0.0478691 0.0125884 -0.000517441 -0.044065 -0.082054 -0.0494212 0.408484 0.00139819 
-0.499321 -0.00151749 0.00171664 -0.00204231 8.07456e-05 -0.00412504 -0.00184031 -0.00210324 0.49184 -0.0063129 
-0.537341 -0.0539502 -0.0663296 0.018668 -0.0762438 -0.046205 0.094174 -0.041473 0.410036 0.0380347 
-0.499321 -0.00151749 0.00171664 -0.00204231 8.07456e-05 -0.00412504 -0.00184031 -0.00210324 0.49184 -0.0063129 
-0.48411 -0.00610308 -0.00664053 -0.000250852 -0.0123575 -0.0193421 0.0159514 -0.0094688 0.488021 -0.0108731 
-0.786742 -0.19712 0.0800227 -0.0547587 0.0580212 0.0705033 -0.035857 0.0100207 0.0969022 0.00664185 
