1.08912 -0.0619894 0.10268 -0.246269 0.0112447 0.423524 -0.0665615 4.36416e-05 -0.857152 -0.219772 
1.09068 -0.0940915 0.177107 -0.209966 0.0614369 0.389003 -0.167199 0.0125092 -0.840875 -0.491406 
1.09068 -0.0940915 0.177107 -0.209966 0.0614369 0.389003 -0.167199 0.0125092 -0.840875 -0.491406 
1.08787 -0.0837497 0.152155 -0.216906 0.0479381 0.390909 -0.136434 -0.00437147 -0.838922 -0.38557 
1.08912 -0.0619894 0.10268 -0.246269 0.0112447 0.423524 -0.0665615 4.36416e-05 -0.857152 -0.219772 
0.872545 0.673772 -1.72236 -0.885104 0.940866 0.195145 -1.75324 -0.393964 -0.931052 0.184396 
1.08912 -0.0619894 0.10268 -0.246269 0.0112447 0.423524 -0.0665615 4.36416e-05 -0.857152 -0.219772 
1.08912 -0.0619894 0.10268 -0.246269 0.0112447 0.423524 -0.0665615 4.36416e-05 -0.857152 -0.219772 
1.05369 -0.197529 0.856286 -0.503105 0.0256108 0.253617 0.58443 -1.57316 -0.855664 -1.14856 
1.08912 -0.0619894 0.10268 -0.246269 0.0112447 0.423524 -0.0665615 4.36416e-05 -0.857152 -0.219772 
0.680258 0.742303 1.72375 -0.583554 -0.569499 0.456541 0.448315 -1.13349 -1.15522 0.263441 
1.04102 -0.567869 0.166377 -0.564359 -0.654794 0.0556511 0.851271 1.09525 -1.00715 0.483858 
0.755518 0.768878 1.11947 -0.417582 -0.526867 0.535674 0.160991 -0.49913 -1.10046 0.20576 
1.08912 -0.0619894 0.10268 -0.246269 0.0112447 0.423524 -0.0665615 4.36416e-05 -0.857152 -0.219772 
0.211832 1.59685 0.17009 0.596149 -3.01463 1.47464 -1.87015 0.505118 -1.17986 0.930984 
0.595579 -1.39136 0.841922 -0.728809 0.962119 1.09417 -0.44153 0.109292 -0.868411 0.55871 
1.08912 -0.0619894 0.10268 -0.246269 0.0112447 0.423524 -0.0665615 4.36416e-05 -0.857152 -0.219772 
1.08912 -0.0619894 0.10268 -0.246269 0.0112447 0.423524 -0.0665615 4.36416e-05 -0.857152 -0.219772 
1.08912 -0.0619894 0.10268 -0.246269 0.0112447 0.423524 -0.0665615 4.36416e-05 -0.857152 -0.219772 
1.08912 -0.0619894 0.10268 -0.246269 0.0112447 0.423524 -0.0665615 4.36416e-05 -0.857152 -0.219772 
1.09541 0.0400909 0.158519 0.228736 0.994062 0.426555 0.703511 0.270295 -0.87439 0.605403 
1.08912 -0.0619894 0.10268 -0.246269 0.0112447 0.423524 -0.0665615 4.36416e-05 -0.857152 -0.219772 
0.361394 2.24509 1.52259 0.353056 -1.46722 0.843507 0.383845 1.0603 -1.38202 0.51371 
1.08912 -0.0619894 0.10268 -0.246269 0.0112447 0.423524 -0.0665615 4.36416e-05 -0.857152 -0.219772 
0.971287 0.384456 -0.422756 -0.592832 0.434862 0.556321 0.890464 0.537383 -0.766161 -0.540977 
1.08787 -0.0837497 0.152155 -0.216906 0.0479381 0.390909 -0.136434 -0.00437147 -0.838922 -0.38557 
1.08912 -0.0619894 0.10268 -0.246269 0.0112447 0.423524 -0.0665615 4.36416e-05 -0.857152 -0.219772 
1.08912 -0.0619894 0.10268 -0.246269 0.0112447 0.423524 -0.0665615 4.36416e-05 -0.857152 -0.219772 
1.09411 -0.14502 0.304338 -0.161851 0.149705 0.353523 -0.33258 0.0511167 -0.828864 -1.01686 
1.08912 -0.0619894 0.10268 -0.246269 0.0112447 0.423524 -0.0665615 4.36416e-05 -0.857152 -0.219772 
1.08912 -0.0619894 0.10268 -0.246269 0.0112447 0.423524 -0.0665615 4.36416e-05 -0.857152 -0.219772 
1.09142 -0.169275 0.364195 -0.131104 0.197801 0.321876 -0.417312 0.0460796 -0.811668 -1.23864 
1.44294 0.0678228 0.0635688 -0.525509 -1.69661 1.37365 -1.48088 0.561916 0.405028 -0.644801 
1.09422 0.0403779 0.127862 0.145417 0.795434 0.45121 0.590686 0.249626 -0.88754 0.592319 
1.08912 -0.0619894 0.10268 -0.246269 0.0112447 0.423524 -0.0665615 4.36416e-05 -0.857152 -0.219772 
1.08787 -0.0837497 0.152155 -0.216906 0.0479381 0.390909 -0.136434 -0.00437147 -0.838922 -0.38557 
1.26481 0.159853 -0.38977 -0.531231 -0.47363 0.521233 0.807256 -1.68302 -0.311243 3.6962 
1.08912 -0.0619894 0.10268 -0.246269 0.0112447 0.423524 -0.0665615 4.36416e-05 -0.857152 -0.219772 
1.20826 0.000495391 -0.722582 -0.418335 -0.791809 0.364759 1.73638 -1.43862 -0.559164 2.30279 
1.08912 -0.0619894 0.10268 -0.246269 0.0112447 0.423524 -0.0665615 4.36416e-05 -0.857152 -0.219772 
1.08912 -0.0619894 0.10268 -0.246269 0.0112447 0.423524 -0.0665615 4.36416e-05 -0.857152 -0.219772 
1.08912 -0.0619894 0.10268 -0.246269 0.0112447 0.423524 -0.0665615 4.36416e-05 -0.857152 -0.219772 
1.08912 -0.0619894 0.10268 -0.246269 0.0112447 0.423524 -0.0665615 4.36416e-05 -0.857152 -0.219772 
1.08787 -0.0837497 0.152155 -0.216906 0.0479381 0.390909 -0.136434 -0.00437147 -0.838922 -0.38557 
1.0404 0.0316113 0.398195 -0.13897 -0.044568 0.346701 -0.070468 0.139484 -0.899615 -0.75476 
0.0514865 -1.29326 3.57918 -1.77271 -0.274053 0.585517 1.78126 -1.53525 -1.34871 1.19791 
1.21568 0.0949328 -0.26741 -0.448518 -0.3579 0.485276 0.644945 -1.20907 -0.478747 2.50918 
0.245433 -3.07554 0.108234 -0.908429 -0.624382 0.669684 -1.38079 3.16423 -1.30262 2.66109 
0.997321 0.588561 0.48428 1.43068 2.06469 0.644151 1.58403 1.08235 -1.0242 2.73334 
1.09117 -0.0994935 0.192519 -0.206732 0.0726712 0.388874 -0.185181 0.0211027 -0.842051 -0.568966 
1.08912 -0.0619894 0.10268 -0.246269 0.0112447 0.423524 -0.0665615 4.36416e-05 -0.857152 -0.219772 
1.09584 -0.397548 0.196772 -0.402817 -0.204801 0.212787 -0.566065 1.79182 -0.890598 0.553229 
1.08787 -0.0837497 0.152155 -0.216906 0.0479381 0.390909 -0.136434 -0.00437147 -0.838922 -0.38557 
1.08912 -0.0619894 0.10268 -0.246269 0.0112447 0.423524 -0.0665615 4.36416e-05 -0.857152 -0.219772 
1.08912 -0.0619894 0.10268 -0.246269 0.0112447 0.423524 -0.0665615 4.36416e-05 -0.857152 -0.219772 
1.08912 -0.0619894 0.10268 -0.246269 0.0112447 0.423524 -0.0665615 4.36416e-05 -0.857152 -0.219772 
1.08912 -0.0619894 0.10268 -0.246269 0.0112447 0.423524 -0.0665615 4.36416e-05 -0.857152 -0.219772 
1.05225 -0.174901 0.743092 -0.490202 0.00643759 0.30654 0.499298 -1.2268 -0.874745 -0.804354 
0.97158 0.277695 -0.853511 -0.494149 0.372082 0.12928 -2.0277 -0.832403 -1.0249 0.33718 
1.08912 -0.0619894 0.10268 -0.246269 0.0112447 0.423524 -0.0665615 4.36416e-05 -0.857152 -0.219772 
1.08912 -0.0619894 0.10268 -0.246269 0.0112447 0.423524 -0.0665615 4.36416e-05 -0.857152 -0.219772 
0.648172 -0.380744 -2.00612 -0.0666075 -0.27793 0.205541 -4.0191 -1.87227 -1.36489 0.615205 
1.07436 -0.982214 0.313694 -0.787923 -1.00715 -0.3177 0.347394 3.64774 -1.04033 1.44167 
1.08787 -0.0837497 0.152155 -0.216906 0.0479381 0.390909 -0.136434 -0.00437147 -0.838922 -0.38557 
1.20978 -0.060912 0.0853547 -0.376336 -0.38097 0.675897 -0.355993 0.16998 -0.479927 -0.405524 
0.603875 -1.78303 -2.99459 -0.0136534 -2.67058 0.0655822 4.46191 -0.548469 -1.3801 -0.451195 
0.0830571 -2.51652 -1.12286 -0.209234 0.333311 1.6338 -0.0347248 -0.811298 -1.13849 -0.276399 
1.08912 -0.0619894 0.10268 -0.246269 0.0112447 0.423524 -0.0665615 4.36416e-05 -0.857152 -0.219772 
1.08912 -0.0619894 0.10268 -0.246269 0.0112447 0.423524 -0.0665615 4.36416e-05 -0.857152 -0.219772 
0.659974 -0.4326 -0.47701 -0.989171 1.52828 1.05023 0.177477 0.568638 -0.660831 -0.156344 
1.08912 -0.0619894 0.10268 -0.246269 0.0112447 0.423524 -0.0665615 4.36416e-05 -0.857152 -0.219772 
1.03825 -0.115543 -0.113264 -0.15579 0.0435635 0.30453 -1.1149 -0.582936 -0.957215 -0.183853 
1.08912 -0.0619894 0.10268 -0.246269 0.0112447 0.423524 -0.0665615 4.36416e-05 -0.857152 -0.219772 
1.08912 -0.0619894 0.10268 -0.246269 0.0112447 0.423524 -0.0665615 4.36416e-05 -0.857152 -0.219772 
1.05225 -0.174901 0.743092 -0.490202 0.00643759 0.30654 0.499298 -1.2268 -0.874745 -0.804354 
1.08912 -0.0619894 0.10268 -0.246269 0.0112447 0.423524 -0.0665615 4.36416e-05 -0.857152 -0.219772 
0.727654 0.818186 1.29897 -0.391829 -0.553415 0.49316 0.122417 -0.666459 -1.11909 0.126424 
1.08912 -0.0619894 0.10268 -0.246269 0.0112447 0.423524 -0.0665615 4.36416e-05 -0.857152 -0.219772 
1.02196 0.377322 -0.182109 -0.271403 -0.359334 0.455051 -1.43672 0.307481 -0.747965 -0.135707 
1.08787 -0.0837497 0.152155 -0.216906 0.0479381 0.390909 -0.136434 -0.00437147 -0.838922 -0.38557 
1.08912 -0.0619894 0.10268 -0.246269 0.0112447 0.423524 -0.0665615 4.36416e-05 -0.857152 -0.219772 
1.08323 -0.203152 -0.320684 -0.15078 -0.428951 0.19703 1.22214 -0.335509 -0.921635 -0.961214 
0.514191 1.71732 1.05234 -0.305585 -1.10676 0.671526 0.572198 0.512258 -1.2297 -0.289183 
1.08912 -0.0619894 0.10268 -0.246269 0.0112447 0.423524 -0.0665615 4.36416e-05 -0.857152 -0.219772 
1.08912 -0.0619894 0.10268 -0.246269 0.0112447 0.423524 -0.0665615 4.36416e-05 -0.857152 -0.219772 
0.27888 0.523322 1.06289 -1.10928 0.764844 1.23106 1.27653 0.0401036 -0.943823 0.128843 
1.08748 -0.112944 0.221552 -0.182453 0.0982985 0.357485 -0.233949 -0.00112136 -0.822502 -0.635621 
0.0861208 3.62211 -2.38788 -1.86693 0.674448 0.416934 -0.813481 0.932802 -1.12552 0.371666 
0.97158 0.277695 -0.853511 -0.494149 0.372082 0.12928 -2.0277 -0.832403 -1.0249 0.33718 
0.816581 -0.666874 -0.833987 0.0907935 -0.671086 0.61878 -1.00962 -0.456848 -1.09708 0.0223355 
1.08912 -0.0619894 0.10268 -0.246269 0.0112447 0.423524 -0.0665615 4.36416e-05 -0.857152 -0.219772 
1.08748 -0.112944 0.221552 -0.182453 0.0982985 0.357485 -0.233949 -0.00112136 -0.822502 -0.635621 
1.09525 0.041659 0.128698 0.153387 0.826493 0.451793 0.619914 0.250663 -0.888071 0.594887 
0.34684 -1.70671 -1.45905 -0.0977458 -0.0775494 1.33026 0.424095 -0.677767 -1.10784 -0.521699 
0.889919 0.776583 -0.175747 -0.198707 -0.482168 0.596177 0.293557 0.900111 -0.941175 -0.41252 
1.08912 -0.0619894 0.10268 -0.246269 0.0112447 0.423524 -0.0665615 4.36416e-05 -0.857152 -0.219772 
1.08787 -0.0837497 0.152155 -0.216906 0.0479381 0.390909 -0.136434 -0.00437147 -0.838922 -0.38557 
1.10035 0.144026 0.153879 0.545073 1.61068 0.479478 1.27716 0.500246 -0.918459 1.40698 
1.09422 0.0403779 0.127862 0.145417 0.795434 0.45121 0.590686 0.249626 -0.88754 0.592319 
0.510421 1.30102 -2.51426 -0.832829 0.413545 1.01478 2.98581 1.63033 -0.792633 -1.74561 
