-0.469232 -0.00217231 0.00270502 -0.00202112 -2.21407e-05 -0.0279229 -0.00290149 -0.00248381 0.495331 -0.0121379 
-0.495799 -0.00151397 0.00187892 -0.000826753 0.00087676 -0.0255856 -0.0020181 -0.00243284 0.487472 -0.00692597 
-0.495799 -0.00151397 0.00187892 -0.000826753 0.00087676 -0.0255856 -0.0020181 -0.00243284 0.487472 -0.00692597 
-0.469232 -0.00217231 0.00270502 -0.00202112 -2.21407e-05 -0.0279229 -0.00290149 -0.00248381 0.495331 -0.0121379 
-0.937542 -0.202557 -0.172628 0.137729 -0.103053 0.0998103 -0.0834822 -0.0463253 -0.111047 0.00621559 
-0.495799 -0.00151397 0.00187892 -0.000826753 0.00087676 -0.0255856 -0.0020181 -0.00243284 0.487472 -0.00692597 
-0.811932 0.276523 -0.0550033 0.0340292 -0.0786961 0.118432 0.0400686 0.065482 0.0507758 -0.0280894 
-0.460201 -0.00406679 0.0103213 0.00177035 0.0067175 -0.0642022 -0.0180159 0.00431454 0.479153 -0.103739 
-0.466472 -0.00242585 0.00333914 -0.00246409 9.69977e-06 -0.0296178 -0.00389711 -0.00285861 0.49849 -0.0169034 
-0.495799 -0.00151397 0.00187892 -0.000826753 0.00087676 -0.0255856 -0.0020181 -0.00243284 0.487472 -0.00692597 
-0.348259 -0.000358252 0.00540865 -0.00747033 -0.0391507 0.0891761 -0.0345372 0.0246738 0.650625 0.0431165 
-0.410034 -0.003387 -0.00156754 -0.0148824 -0.0171015 0.00483323 0.0261355 -0.031953 0.567023 0.0362526 
-0.289638 -0.00977333 -0.0154773 -0.0317923 -0.0535375 0.0287781 0.0830672 -0.0785056 0.662405 0.0991577 
-0.495799 -0.00151397 0.00187892 -0.000826753 0.00087676 -0.0255856 -0.0020181 -0.00243284 0.487472 -0.00692597 
-0.495799 -0.00151397 0.00187892 -0.000826753 0.00087676 -0.0255856 -0.0020181 -0.00243284 0.487472 -0.00692597 
-0.495799 -0.00151397 0.00187892 -0.000826753 0.00087676 -0.0255856 -0.0020181 -0.00243284 0.487472 -0.00692597 
-0.560468 -0.0603157 -0.0246765 0.0138102 0.0212014 0.0639127 -0.0070773 -0.0255909 0.413875 -0.0255443 
-0.591036 0.0861221 -0.0475635 -0.0558746 0.0284263 -0.0386122 -0.00632898 0.0124194 0.362878 0.0193333 
-0.495799 -0.00151397 0.00187892 -0.000826753 0.00087676 -0.0255856 -0.0020181 -0.00243284 0.487472 -0.00692597 
-0.566335 0.0969855 -0.0535933 -0.0569906 0.0192081 -0.0339515 -0.0271458 0.018841 0.370807 0.0231631 
-0.514141 0.00959208 0.0195319 0.092316 0.0646417 -0.0395055 0.0115856 0.0115717 0.445108 0.025393 
-0.469232 -0.00217231 0.00270502 -0.00202112 -2.21407e-05 -0.0279229 -0.00290149 -0.00248381 0.495331 -0.0121379 
-0.495799 -0.00151397 0.00187892 -0.000826753 0.00087676 -0.0255856 -0.0020181 -0.00243284 0.487472 -0.00692597 
-0.495799 -0.00151397 0.00187892 -0.000826753 0.00087676 -0.0255856 -0.0020181 -0.00243284 0.487472 -0.00692597 
-0.495799 -0.00151397 0.00187892 -0.000826753 0.00087676 -0.0255856 -0.0020181 -0.00243284 0.487472 -0.00692597 
-0.348259 -0.000358252 0.00540865 -0.00747033 -0.0391507 0.0891761 -0.0345372 0.0246738 0.650625 0.0431165 
-0.453931 -0.00346275 0.00728003 -0.000241339 0.00330268 -0.0491966 -0.011706 0.00195342 0.487856 -0.0665831 
-0.526324 0.0443975 0.0265003 0.00304209 -0.0277618 -0.0229205 0.0115353 0.00175916 0.414087 -0.0420448 
-0.426711 0.0393659 0.00976195 0.0527978 -0.0975865 0.156958 -0.0685723 0.0271618 0.558023 0.0537092 
-0.495799 -0.00151397 0.00187892 -0.000826753 0.00087676 -0.0255856 -0.0020181 -0.00243284 0.487472 -0.00692597 
-0.60235 0.125849 -0.152738 -0.126301 0.110031 0.045956 0.026743 0.0419257 0.306204 0.021589 
-0.485002 -0.00579839 0.0205122 -0.0121149 0.00306033 -0.0502071 -0.00239728 -0.0266623 0.474383 -0.00453705 
-0.286286 -0.00126327 0.0065524 -0.0126014 -0.0492597 0.119939 -0.0421931 0.0330946 0.70334 0.0556264 
-0.531454 0.0117075 0.0234938 -0.0297746 0.0256797 0.0441811 0.0204987 -0.00625991 0.441753 -0.0123439 
-0.479199 -0.00289929 0.00665416 0.000872714 0.00450327 -0.0477347 -0.0111888 0.00122501 0.481707 -0.0619511 
-0.495799 -0.00151397 0.00187892 -0.000826753 0.00087676 -0.0255856 -0.0020181 -0.00243284 0.487472 -0.00692597 
-0.591036 0.0861221 -0.0475635 -0.0558746 0.0284263 -0.0386122 -0.00632898 0.0124194 0.362878 0.0193333 
-0.495799 -0.00151397 0.00187892 -0.000826753 0.00087676 -0.0255856 -0.0020181 -0.00243284 0.487472 -0.00692597 
-0.495799 -0.00151397 0.00187892 -0.000826753 0.00087676 -0.0255856 -0.0020181 -0.00243284 0.487472 -0.00692597 
-0.567514 -0.0529545 -0.0663461 0.0250384 -0.0673407 -0.112073 0.0759836 -0.0227643 0.353438 -0.000944516 
-0.804076 -0.193603 0.0435116 -0.0631296 -0.0901772 -0.197628 0.0555439 0.112648 0.02041 0.0718775 
-0.466472 -0.00242585 0.00333914 -0.00246409 9.69977e-06 -0.0296178 -0.00389711 -0.00285861 0.49849 -0.0169034 
-0.441204 -0.00298931 0.00396501 -0.00357814 -0.00119089 -0.0310798 -0.00441436 -0.0021302 0.504638 -0.0215354 
-0.495799 -0.00151397 0.00187892 -0.000826753 0.00087676 -0.0255856 -0.0020181 -0.00243284 0.487472 -0.00692597 
-0.708374 -0.115408 -0.174067 0.0374321 -0.0124383 0.116957 0.109214 -0.0340055 0.202829 -0.0421586 
-0.841387 -0.235266 0.0565401 -0.0986375 0.127822 0.309841 -0.00238559 -0.00372892 0.0341145 -0.0107114 
-0.495799 -0.00151397 0.00187892 -0.000826753 0.00087676 -0.0255856 -0.0020181 -0.00243284 0.487472 -0.00692597 
-0.676181 0.112341 -0.165902 -0.0856647 0.0755112 -0.184273 -0.156483 -0.0566933 0.160566 0.0757562 
-0.469232 -0.00217231 0.00270502 -0.00202112 -2.21407e-05 -0.0279229 -0.00290149 -0.00248381 0.495331 -0.0121379 
-0.469232 -0.00217231 0.00270502 -0.00202112 -2.21407e-05 -0.0279229 -0.00290149 -0.00248381 0.495331 -0.0121379 
-0.583186 -0.0468219 0.137004 -0.0780476 0.0163351 -0.102986 0.00480867 -0.0871119 0.29705 0.0288352 
-0.620159 0.141057 -0.0930689 -0.116973 0.0783977 0.0972774 0.0855369 0.0428989 0.29613 -0.00264315 
-0.495799 -0.00151397 0.00187892 -0.000826753 0.00087676 -0.0255856 -0.0020181 -0.00243284 0.487472 -0.00692597 
-0.495799 -0.00151397 0.00187892 -0.000826753 0.00087676 -0.0255856 -0.0020181 -0.00243284 0.487472 -0.00692597 
-0.410034 -0.003387 -0.00156754 -0.0148824 -0.0171015 0.00483323 0.0261355 -0.031953 0.567023 0.0362526 
-0.469232 -0.00217231 0.00270502 -0.00202112 -2.21407e-05 -0.0279229 -0.00290149 -0.00248381 0.495331 -0.0121379 
-1.03872 0.262275 0.200999 -0.0436587 -0.0794937 0.0975964 0.0168479 -0.0475862 -0.26073 0.018923 
-0.495799 -0.00151397 0.00187892 -0.000826753 0.00087676 -0.0255856 -0.0020181 -0.00243284 0.487472 -0.00692597 
-0.652458 -0.0168476 0.123596 -0.056191 0.000978822 -0.0499623 0.00810924 -0.0471823 0.272512 0.0243884 
-0.495799 -0.00151397 0.00187892 -0.000826753 0.00087676 -0.0255856 -0.0020181 -0.00243284 0.487472 -0.00692597 
-0.477966 0.0123669 0.0355238 0.185611 0.161032 -0.0733706 0.0388575 0.0266606 0.416193 0.0651925 
-0.549551 0.0490736 0.000202474 0.0583254 -0.0667772 0.0468568 -0.05687 0.0064768 0.402799 0.00749665 
-0.469232 -0.00217231 0.00270502 -0.00202112 -2.21407e-05 -0.0279229 -0.00290149 -0.00248381 0.495331 -0.0121379 
-0.495799 -0.00151397 0.00187892 -0.000826753 0.00087676 -0.0255856 -0.0020181 -0.00243284 0.487472 -0.00692597 
-0.477965 0.0124569 0.0345932 0.181581 0.155191 -0.0701908 0.03735 0.0265859 0.416369 0.0650933 
-0.495799 -0.00151397 0.00187892 -0.000826753 0.00087676 -0.0255856 -0.0020181 -0.00243284 0.487472 -0.00692597 
-0.428902 -0.00303231 -0.000845971 -0.0109121 -0.0126912 -0.00560726 0.0190631 -0.023536 0.544005 0.023005 
-0.514141 0.00959208 0.0195319 0.092316 0.0646417 -0.0395055 0.0115856 0.0115717 0.445108 0.025393 
-0.571827 0.0542348 0.0325409 0.0371975 -0.0281032 -0.00836515 0.00653962 0.00628573 0.387986 -0.0239552 
-0.471099 0.00934948 -0.00415083 -0.00194274 -0.00834145 -0.0209249 -0.0228349 0.00398878 0.495401 -0.00309611 
-0.571827 0.0542348 0.0325409 0.0371975 -0.0281032 -0.00836515 0.00653962 0.00628573 0.387986 -0.0239552 
-0.614777 -0.0348734 0.0859765 -0.047248 0.0106633 -0.0396018 0.0048732 -0.0255336 0.336146 0.0198027 
-0.495799 -0.00151397 0.00187892 -0.000826753 0.00087676 -0.0255856 -0.0020181 -0.00243284 0.487472 -0.00692597 
-0.495799 -0.00151397 0.00187892 -0.000826753 0.00087676 -0.0255856 -0.0020181 -0.00243284 0.487472 -0.00692597 
-0.495799 -0.00151397 0.00187892 -0.000826753 0.00087676 -0.0255856 -0.0020181 -0.00243284 0.487472 -0.00692597 
-0.469232 -0.00217231 0.00270502 -0.00202112 -2.21407e-05 -0.0279229 -0.00290149 -0.00248381 0.495331 -0.0121379 
-0.50687 -0.0254982 0.0100284 -0.0200156 -0.0247101 -0.0910846 0.00351868 0.0690913 0.443096 0.00877162 
-0.466472 -0.00242585 0.00333914 -0.00246409 9.69977e-06 -0.0296178 -0.00389711 -0.00285861 0.49849 -0.0169034 
-0.475372 0.00136466 0.00647237 -0.000915774 -0.00395583 -0.0322627 -0.000448844 -0.00147567 0.488254 -0.0248229 
-0.495799 -0.00151397 0.00187892 -0.000826753 0.00087676 -0.0255856 -0.0020181 -0.00243284 0.487472 -0.00692597 
-0.58278 -0.0750463 0.00610522 -0.0118086 -0.00348512 -0.0172075 -0.0274876 0.0550626 0.374719 0.00682716 
-0.495799 -0.00151397 0.00187892 -0.000826753 0.00087676 -0.0255856 -0.0020181 -0.00243284 0.487472 -0.00692597 
-0.521725 0.0190636 0.0286647 -0.00385212 -0.0106091 -0.02873 -6.98387e-05 -0.0171583 0.438051 -0.00929706 
-0.580519 -0.0485002 -0.057844 0.0229837 -0.0552575 -0.0872611 0.0583114 -0.0161728 0.364197 0.00483177 
-0.481415 -0.0107645 -0.0101543 -0.0292065 0.041427 0.0355071 0.00353066 0.00745638 0.494588 -0.00869296 
-0.495799 -0.00151397 0.00187892 -0.000826753 0.00087676 -0.0255856 -0.0020181 -0.00243284 0.487472 -0.00692597 
-0.466472 -0.00242585 0.00333914 -0.00246409 9.69977e-06 -0.0296178 -0.00389711 -0.00285861 0.49849 -0.0169034 
-0.668621 0.105065 0.0545471 0.190608 -0.0227741 0.0454966 -0.0138918 0.0227783 0.25302 0.0189566 
-0.480267 -0.000997684 0.0065517 0.0246511 0.0280421 -0.0361187 0.00552001 0.00150175 0.481968 0.00253574 
-0.495799 -0.00151397 0.00187892 -0.000826753 0.00087676 -0.0255856 -0.0020181 -0.00243284 0.487472 -0.00692597 
-0.575224 -0.107356 0.0167632 -0.037862 -0.0363308 -0.098709 -0.0277339 0.160758 0.32691 0.0233914 
-0.495799 -0.00151397 0.00187892 -0.000826753 0.00087676 -0.0255856 -0.0020181 -0.00243284 0.487472 -0.00692597 
-0.495799 -0.00151397 0.00187892 -0.000826753 0.00087676 -0.0255856 -0.0020181 -0.00243284 0.487472 -0.00692597 
-0.479199 -0.00289929 0.00665416 0.000872714 0.00450327 -0.0477347 -0.0111888 0.00122501 0.481707 -0.0619511 
-0.545921 -0.00950339 -0.0467102 0.0150941 0.000781761 -0.0868007 -0.0824387 -0.0497711 0.380333 0.00352334 
-0.495799 -0.00151397 0.00187892 -0.000826753 0.00087676 -0.0255856 -0.0020181 -0.00243284 0.487472 -0.00692597 
-0.527021 -0.0533682 -0.0690289 0.0161592 -0.0781255 -0.0832945 0.0941619 -0.0416222 0.403045 0.0378058 
-0.495799 -0.00151397 0.00187892 -0.000826753 0.00087676 -0.0255856 -0.0020181 -0.00243284 0.487472 -0.00692597 
-0.482794 -0.00596832 -0.0066232 0.00122789 -0.0112065 -0.0503974 0.0156541 -0.00902436 0.476714 -0.0127023 
-0.773201 -0.199366 0.0803733 -0.0585806 0.0550404 0.115606 -0.0340627 0.00960053 0.132551 0.0109704 
