1.12547 -0.0211412 0.0306887 -0.134868 0.00973146 0.397249 -0.036746 -0.0271831 -0.863508 -0.222181 
1.13346 -0.0402972 0.0824844 -0.116456 0.0345137 0.342795 -0.104379 -0.0613021 -0.832375 -0.558259 
1.13346 -0.0402972 0.0824844 -0.116456 0.0345137 0.342795 -0.104379 -0.0613021 -0.832375 -0.558259 
1.12825 -0.0336652 0.0626141 -0.122713 0.0295567 0.356779 -0.0796684 -0.065021 -0.830953 -0.408325 
1.12547 -0.0211412 0.0306887 -0.134868 0.00973146 0.397249 -0.036746 -0.0271831 -0.863508 -0.222181 
0.930109 0.82282 -2.0106 -1.04037 1.44818 0.155448 -1.63814 -0.219772 -1.06027 0.956609 
1.12547 -0.0211412 0.0306887 -0.134868 0.00973146 0.397249 -0.036746 -0.0271831 -0.863508 -0.222181 
1.12547 -0.0211412 0.0306887 -0.134868 0.00973146 0.397249 -0.036746 -0.0271831 -0.863508 -0.222181 
1.07085 -0.208199 1.02718 -0.460647 0.205799 0.164171 0.176778 -1.27748 -0.92301 -0.259679 
1.12547 -0.0211412 0.0306887 -0.134868 0.00973146 0.397249 -0.036746 -0.0271831 -0.863508 -0.222181 
0.689754 0.876114 2.01948 -0.568444 -0.646548 0.430015 0.326975 -1.26323 -1.25614 0.436365 
1.03025 -0.680664 0.22168 -0.521058 -0.821708 -0.0117442 0.687069 1.45531 -1.09797 0.784137 
0.775531 0.928393 1.26396 -0.334832 -0.650027 0.520087 0.170969 -0.676259 -1.17269 0.132744 
1.12547 -0.0211412 0.0306887 -0.134868 0.00973146 0.397249 -0.036746 -0.0271831 -0.863508 -0.222181 
0.154871 1.88995 0.256231 1.52073 -3.76613 1.57251 -1.97535 0.499608 -1.31273 0.989523 
0.671315 -1.57685 0.899928 -0.824874 1.40768 1.20379 -0.467711 -0.0616031 -0.920994 -0.000281063 
1.12547 -0.0211412 0.0306887 -0.134868 0.00973146 0.397249 -0.036746 -0.0271831 -0.863508 -0.222181 
1.12547 -0.0211412 0.0306887 -0.134868 0.00973146 0.397249 -0.036746 -0.0271831 -0.863508 -0.222181 
1.12547 -0.0211412 0.0306887 -0.134868 0.00973146 0.397249 -0.036746 -0.0271831 -0.863508 -0.222181 
1.12547 -0.0211412 0.0306887 -0.134868 0.00973146 0.397249 -0.036746 -0.0271831 -0.863508 -0.222181 
1.09119 0.0405866 0.214533 0.717735 1.46971 0.342906 0.557619 0.418776 -0.882903 0.857705 
1.12547 -0.0211412 0.0306887 -0.134868 0.00973146 0.397249 -0.036746 -0.0271831 -0.863508 -0.222181 
0.321475 2.67851 1.69229 0.904735 -1.93719 0.836304 0.560277 0.648714 -1.45101 -0.33473 
1.12547 -0.0211412 0.0306887 -0.134868 0.00973146 0.397249 -0.036746 -0.0271831 -0.863508 -0.222181 
1.03863 0.493679 -0.584548 -0.666039 0.605798 0.592495 0.95953 0.566302 -0.802247 -0.433751 
1.12825 -0.0336652 0.0626141 -0.122713 0.0295567 0.356779 -0.0796684 -0.065021 -0.830953 -0.408325 
1.12547 -0.0211412 0.0306887 -0.134868 0.00973146 0.397249 -0.036746 -0.0271831 -0.863508 -0.222181 
1.12547 -0.0211412 0.0306887 -0.134868 0.00973146 0.397249 -0.036746 -0.0271831 -0.863508 -0.222181 
1.12694 -0.0997418 0.288178 -0.00709693 0.18407 0.238985 -0.3791 0.114809 -0.845593 -2.2157 
1.12547 -0.0211412 0.0306887 -0.134868 0.00973146 0.397249 -0.036746 -0.0271831 -0.863508 -0.222181 
1.12547 -0.0211412 0.0306887 -0.134868 0.00973146 0.397249 -0.036746 -0.0271831 -0.863508 -0.222181 
1.11845 -0.125009 0.373257 0.0399791 0.25635 0.183579 -0.498 0.144233 -0.834029 -2.86019 
1.54705 0.106061 0.181036 -0.333355 -2.06038 1.63325 -1.95309 1.74539 0.397562 1.50192 
1.09558 0.0442323 0.170325 0.587181 1.19253 0.383326 0.467274 0.384137 -0.90039 0.821867 
1.12547 -0.0211412 0.0306887 -0.134868 0.00973146 0.397249 -0.036746 -0.0271831 -0.863508 -0.222181 
1.12825 -0.0336652 0.0626141 -0.122713 0.0295567 0.356779 -0.0796684 -0.065021 -0.830953 -0.408325 
1.39076 0.0321073 -0.408707 -0.59615 -0.884067 0.59377 1.38313 -2.4817 -0.289844 2.90212 
1.12547 -0.0211412 0.0306887 -0.134868 0.00973146 0.397249 -0.036746 -0.0271831 -0.863508 -0.222181 
1.28273 -0.137375 -0.779908 -0.363296 -1.19138 0.375743 2.00164 -1.91366 -0.579083 2.06236 
1.12547 -0.0211412 0.0306887 -0.134868 0.00973146 0.397249 -0.036746 -0.0271831 -0.863508 -0.222181 
1.12547 -0.0211412 0.0306887 -0.134868 0.00973146 0.397249 -0.036746 -0.0271831 -0.863508 -0.222181 
1.12547 -0.0211412 0.0306887 -0.134868 0.00973146 0.397249 -0.036746 -0.0271831 -0.863508 -0.222181 
1.12547 -0.0211412 0.0306887 -0.134868 0.00973146 0.397249 -0.036746 -0.0271831 -0.863508 -0.222181 
1.12825 -0.0336652 0.0626141 -0.122713 0.0295567 0.356779 -0.0796684 -0.065021 -0.830953 -0.408325 
1.07828 0.124565 0.301801 -0.0476209 -0.162625 0.276847 0.0467424 -0.047375 -0.883254 -1.16701 
0.0283231 -1.62156 4.4595 -2.14822 0.14397 0.605728 0.935053 -1.07618 -1.66183 2.0281 
1.31519 0.0144074 -0.302914 -0.458629 -0.655696 0.525653 1.0494 -1.77095 -0.46663 1.98175 
0.224457 -3.61361 0.161758 -0.924371 -0.66926 0.725204 -1.48284 3.4722 -1.48886 1.87262 
0.885204 0.574227 0.825716 2.85329 3.19141 0.488975 1.15601 1.46522 -1.04139 3.19102 
1.1282 -0.0541091 0.13549 -0.0846756 0.0775537 0.327106 -0.174911 0.0186414 -0.847407 -1.01844 
1.12547 -0.0211412 0.0306887 -0.134868 0.00973146 0.397249 -0.036746 -0.0271831 -0.863508 -0.222181 
1.12122 -0.410494 0.131936 -0.375519 -0.352702 0.176503 -0.430356 1.94392 -0.91011 0.278395 
1.12825 -0.0336652 0.0626141 -0.122713 0.0295567 0.356779 -0.0796684 -0.065021 -0.830953 -0.408325 
1.12547 -0.0211412 0.0306887 -0.134868 0.00973146 0.397249 -0.036746 -0.0271831 -0.863508 -0.222181 
1.12547 -0.0211412 0.0306887 -0.134868 0.00973146 0.397249 -0.036746 -0.0271831 -0.863508 -0.222181 
1.12547 -0.0211412 0.0306887 -0.134868 0.00973146 0.397249 -0.036746 -0.0271831 -0.863508 -0.222181 
1.12547 -0.0211412 0.0306887 -0.134868 0.00973146 0.397249 -0.036746 -0.0271831 -0.863508 -0.222181 
1.07229 -0.18407 0.88514 -0.436349 0.157684 0.235148 0.171006 -0.984995 -0.938816 -0.0951382 
1.00134 0.36909 -1.02294 -0.467896 0.610413 0.0412131 -1.93625 -0.806756 -1.10634 0.8307 
1.12547 -0.0211412 0.0306887 -0.134868 0.00973146 0.397249 -0.036746 -0.0271831 -0.863508 -0.222181 
1.12547 -0.0211412 0.0306887 -0.134868 0.00973146 0.397249 -0.036746 -0.0271831 -0.863508 -0.222181 
0.635357 -0.392129 -2.36195 0.2548 -0.17001 0.0594842 -3.92523 -2.0543 -1.48562 1.07522 
1.04495 -1.16197 0.381994 -0.876779 -1.40584 -0.408468 0.317301 4.29274 -1.14718 1.43491 
1.12825 -0.0336652 0.0626141 -0.122713 0.0295567 0.356779 -0.0796684 -0.065021 -0.830953 -0.408325 
1.27101 -0.0271801 0.0643973 -0.274274 -0.458381 0.72801 -0.473138 0.503919 -0.48617 0.240005 
0.504935 -2.24937 -3.32902 0.493637 -3.35294 -0.0726797 3.8824 -0.307719 -1.57859 0.450854 
0.129597 -2.89981 -1.4125 0.0510169 0.699218 1.77243 -0.199186 -1.26277 -1.22485 -0.988854 
1.12547 -0.0211412 0.0306887 -0.134868 0.00973146 0.397249 -0.036746 -0.0271831 -0.863508 -0.222181 
1.12547 -0.0211412 0.0306887 -0.134868 0.00973146 0.397249 -0.036746 -0.0271831 -0.863508 -0.222181 
0.775262 -0.451114 -0.650903 -1.25135 2.17386 1.19223 0.254179 0.536543 -0.725394 -0.294759 
1.12547 -0.0211412 0.0306887 -0.134868 0.00973146 0.397249 -0.036746 -0.0271831 -0.863508 -0.222181 
1.06677 -0.0673393 -0.234609 -0.0129489 0.0583662 0.230995 -1.039 -0.702395 -0.967549 -0.141465 
1.12547 -0.0211412 0.0306887 -0.134868 0.00973146 0.397249 -0.036746 -0.0271831 -0.863508 -0.222181 
1.12547 -0.0211412 0.0306887 -0.134868 0.00973146 0.397249 -0.036746 -0.0271831 -0.863508 -0.222181 
1.07229 -0.18407 0.88514 -0.436349 0.157684 0.235148 0.171006 -0.984995 -0.938816 -0.0951382 
1.12547 -0.0211412 0.0306887 -0.134868 0.00973146 0.397249 -0.036746 -0.0271831 -0.863508 -0.222181 
0.748254 0.994501 1.45274 -0.327572 -0.713224 0.468352 0.161788 -0.91734 -1.18073 0.0112286 
1.12547 -0.0211412 0.0306887 -0.134868 0.00973146 0.397249 -0.036746 -0.0271831 -0.863508 -0.222181 
1.06046 0.516356 -0.303466 -0.15937 -0.468271 0.445747 -1.34075 0.35599 -0.773279 0.102075 
1.12825 -0.0336652 0.0626141 -0.122713 0.0295567 0.356779 -0.0796684 -0.065021 -0.830953 -0.408325 
1.12547 -0.0211412 0.0306887 -0.134868 0.00973146 0.397249 -0.036746 -0.0271831 -0.863508 -0.222181 
1.09448 -0.208908 -0.449104 0.00686684 -0.579698 0.107389 1.11346 -0.321105 -0.943417 -0.641122 
0.526453 2.06668 1.12919 -0.168144 -1.48148 0.666069 0.712256 0.223664 -1.31968 -0.858355 
1.12547 -0.0211412 0.0306887 -0.134868 0.00973146 0.397249 -0.036746 -0.0271831 -0.863508 -0.222181 
1.12547 -0.0211412 0.0306887 -0.134868 0.00973146 0.397249 -0.036746 -0.0271831 -0.863508 -0.222181 
0.378832 0.643876 1.16032 -1.40715 1.15305 1.39784 1.35932 -0.298966 -1.05558 -0.309795 
1.13024 -0.0517526 0.114557 -0.101161 0.0637538 0.303078 -0.152748 -0.111821 -0.80578 -0.742568 
0.160438 4.2377 -2.70343 -2.42273 1.27561 0.508803 -0.521307 1.17739 -1.45932 1.42687 
1.00134 0.36909 -1.02294 -0.467896 0.610413 0.0412131 -1.93625 -0.806756 -1.10634 0.8307 
0.818191 -0.736162 -1.04302 0.465909 -0.819326 0.581774 -1.02347 -0.599518 -1.13875 -0.0583755 
1.12547 -0.0211412 0.0306887 -0.134868 0.00973146 0.397249 -0.036746 -0.0271831 -0.863508 -0.222181 
1.13024 -0.0517526 0.114557 -0.101161 0.0637538 0.303078 -0.152748 -0.111821 -0.80578 -0.742568 
1.09467 0.0438504 0.176181 0.605678 1.24049 0.37943 0.486705 0.389818 -0.904229 0.81966 
0.382409 -1.96493 -1.78906 0.220515 0.0956146 1.4143 0.28699 -1.00768 -1.18468 -0.911883 
0.919008 0.968299 -0.307804 -0.0254528 -0.646914 0.605428 0.398353 0.865755 -0.975915 -0.630244 
1.12547 -0.0211412 0.0306887 -0.134868 0.00973146 0.397249 -0.036746 -0.0271831 -0.863508 -0.222181 
1.12825 -0.0336652 0.0626141 -0.122713 0.0295567 0.356779 -0.0796684 -0.065021 -0.830953 -0.408325 
1.06478 0.109224 0.315818 1.32773 2.42329 0.365507 0.990725 0.801138 -0.941111 1.86371 
1.09558 0.0442323 0.170325 0.587181 1.19253 0.383326 0.467274 0.384137 -0.90039 0.821867 
0.596838 1.54915 -3.01804 -0.948261 0.710234 1.15905 3.03907 1.74762 -0.918938 -1.51526 
