1.64513475714652e-248 -2.47650456882221e-249 3.36185350147747e-249 -5.69885530658881e-250 -3.96041197198619e-249 2.39533502204622e-249 -7.95355717793027e-250 1.68216382795981e-249 -1.44351280367142e-249 1.05640857627706e-249 0.999999999771877 -4.96714969766587
6.22640564329692e-246 -3.06166063616671e-246 6.59069252310572e-247 -4.74452205477824e-247 -1.60981322873362e-248 -8.16237540784577e-247 3.75725476542593e-247 -2.25885625083077e-247 -8.63396288920928e-247 -2.18854268680575e-247 0.999999999943949 -11.6977380544047
1.83499932400352e-244 -7.69786025951871e-246 4.47189093546019e-245 -1.17052671078367e-245 -6.65359733057588e-246 2.69325537091866e-246 -5.7087288336771e-246 -8.92844192151173e-246 6.52923517427923e-246 7.92464911228603e-246 0.999999999943886 -11.6332117669749
1.28915306643204e-248 -2.13539979352374e-249 2.83448775037932e-249 -2.21118658510706e-250 -2.98740140439511e-249 1.9034086971662e-249 -6.46777048807668e-250 1.15849588622141e-249 -1.18494365371779e-249 9.03876814462523e-250 0.99999999977432 -4.89963240482693
1.12885387548672e-248 -1.46587894866684e-249 1.60305574302863e-249 -6.07920983675412e-250 -2.78724451049015e-249 1.3783780891525e-249 -4.17841849034882e-250 1.31977760572367e-249 -9.51591512353754e-250 7.19153192464153e-250 0.999999999699011 -2.67349483187207
6.17899907369452e-244 9.09071467925621e-245 1.78515440985743e-244 -1.29954361913774e-244 8.93045557632761e-245 2.22356354866466e-244 -2.32563727406154e-244 1.34046945238942e-244 3.13015023026177e-245 1.91211124331002e-244 0.999999999943813 -11.6041773814328
9.2354285940637e-249 -1.75954521402626e-249 1.98534700130566e-249 -2.12979034234632e-250 -1.84434426816739e-249 1.34882069211782e-249 -2.95870495493064e-250 9.01803104022062e-250 -7.95510368511219e-250 6.22482516873204e-250 0.999999999754785 -2.82995350491837
1.530797714203e-248 -1.98770879886104e-249 2.50694911093078e-249 -6.73275010622919e-250 -3.79256069925396e-249 2.10171742828381e-249 -8.18569878649975e-250 1.71766975020013e-249 -1.35231767697088e-249 1.06139686142881e-249 0.999999999720256 -4.29641434353331
1.30045551963985e-248 -1.9105553498058e-249 2.69283832739607e-249 -3.61374793416095e-250 -2.65035083026953e-249 1.85562518747141e-249 -4.28379617826333e-250 1.30356192730717e-249 -9.90896356168205e-250 8.4503590975566e-250 0.99999999975572 -5.04906505679196
2.72175283751328e-245 1.99821630228992e-246 3.19918879537114e-246 4.48342262900066e-246 -7.55119579513478e-246 1.00852735200716e-246 1.20884866257305e-245 4.68428014013444e-246 1.90766731800424e-247 -1.24782138558928e-246 0.999999999944862 -11.6522086609918
1.23392889238977e-248 -1.77580437869512e-249 2.40414005658674e-249 -3.83608646967172e-250 -2.73990044681017e-249 1.75970277360314e-249 -6.24376476932687e-250 1.24361872617192e-249 -1.04146146491422e-249 8.7878932467044e-250 0.999999999828057 -5.01373140769284
1.85500971667402e-248 -2.40311088586747e-249 3.47247070720376e-249 -6.7912233268243e-250 -4.30242667930624e-249 2.62094141927051e-249 -9.01942704387805e-250 1.94389696596112e-249 -1.56333375046513e-249 1.33663872176564e-249 0.999999999960065 -4.85438272502269
7.89486422293789e-249 -1.2249509977285e-249 1.68363206844814e-249 -1.70141233316352e-250 -1.51774108611912e-249 1.13263047306116e-249 -1.49455134939336e-250 7.37238321875995e-250 -5.96440349941774e-250 6.22287739524425e-250 0.99999999947906 -3.96126619278464
1.97563987338567e-246 -5.44719638124765e-247 7.1740529662804e-247 -1.36192041667253e-247 1.36219447694092e-248 3.63301434739587e-247 -3.14252072261698e-247 5.29914194638659e-247 -5.33254896574378e-247 -4.35792478209707e-247 0.999999999944447 -11.7076090764297
1.02890580443781e-245 1.03794348698466e-246 2.4332001387529e-247 1.55113468218317e-246 -1.95314402595513e-246 1.0868663944467e-246 -3.38507062097298e-247 -5.41034202607163e-247 -2.64965619930404e-247 5.26569784011446e-249 0.999999999944969 -11.6624899729823
5.06208631563135e-246 -1.98213987952691e-246 2.11966746595039e-246 1.58982041572817e-247 -5.39332001124294e-247 3.36026256272616e-247 -6.81337948954062e-247 2.43026276631221e-248 -3.37188370798414e-247 5.04427020686871e-247 0.999999999945339 -11.6897603346761
1.46280444028601e-248 -2.00264202564073e-249 2.80567680143156e-249 -5.02164076741022e-250 -3.39097388008721e-249 2.06771617179924e-249 -6.54422398554032e-250 1.50977743682853e-249 -1.22604773323567e-249 9.97212474083692e-250 0.999999999842147 -4.96579261143314
1.4012373014331e-248 -1.95667494524497e-249 2.59081359560376e-249 -4.99674548655631e-250 -3.16135419919202e-249 1.8838197849756e-249 -5.11942366091864e-250 1.49438678471388e-249 -1.14138298048102e-249 9.26866793302664e-250 0.999999999920439 -5.03798174937667
2.35941004600693e-244 3.78829615462935e-245 4.81250235230127e-245 2.35477687656328e-245 -1.38163267240969e-245 9.72033130795521e-245 1.38609588149587e-245 2.54538688308462e-245 -1.21245311640689e-245 6.6514960535303e-245 0.999999999943602 -11.6238161871651
1.07063262649938e-248 -1.28838713217456e-249 1.97738468419298e-249 -4.56497647912629e-250 -2.30998118101785e-249 1.45393447078481e-249 -4.83140669274803e-250 1.22383351695486e-249 -8.27840557820236e-250 7.09161577102494e-250 0.999999999999551 -4.17034234748832
2.08048424451604e-248 -2.90387027890033e-249 3.54278599211548e-249 -7.51109130634343e-250 -5.0496692975022e-249 2.75016659731964e-249 -8.91102296794549e-250 2.26321582988304e-249 -1.79947607663815e-249 1.32905380569389e-249 0.999999999964388 -5.04225910314593
2.10878699564709e-248 -2.57261105405566e-249 3.61916819617399e-249 -7.97097301073588e-250 -5.00655318165225e-249 2.85635650494006e-249 -9.59582720150734e-250 2.26495848826039e-249 -1.77774840106325e-249 1.47717731888762e-249 0.999999999724935 -4.96500583350324
1.32120060980739e-245 2.66214148210444e-246 2.81563768190335e-246 -1.54836324496696e-247 -1.23948671263862e-246 8.08593079340033e-247 2.43218890819803e-246 1.53754268625898e-246 -3.69210773447717e-247 9.80345142623405e-247 0.999999999945317 -11.6708308888583
5.12230888843954e-246 6.26305392573936e-247 1.92669670000307e-246 -1.13654702020974e-246 -1.57471825992242e-246 7.40923874341874e-247 9.79805341448945e-247 1.87707628920104e-246 -6.72179740140851e-247 -2.0847494334232e-246 0.999999999945116 -11.664778898482
2.04198208956132e-244 -1.66362603195036e-245 -7.42790108702574e-246 1.08310731280609e-245 -2.25493811146067e-246 2.37447659642278e-246 -3.01805175633169e-245 3.05494298549215e-245 -9.32943765245466e-246 -1.00806785272687e-246 0.999999999945335 -11.6317503374897
1.77258683451962e-248 -2.62109705780691e-249 3.37481466158739e-249 -5.98941673839512e-250 -3.79125874949478e-249 2.46415131658622e-249 -5.96501067289844e-250 1.84742349099464e-249 -1.41776650923e-249 1.17930810368829e-249 0.999999999917885 -4.87405888160038
9.53026463518715e-249 -1.59899299087389e-249 2.10406125302895e-249 -2.32562025720984e-250 -2.12858545735172e-249 1.36519267981718e-249 -4.73201089606793e-250 8.86769008871791e-250 -8.22781293783947e-250 6.5473639774281e-250 0.999999999585553 -4.44443648738569
1.32380291217616e-248 -1.87899588404457e-249 2.284586582227e-249 -5.31751004080997e-250 -3.09092788151436e-249 1.72081357114933e-249 -4.41557946766582e-250 1.48110400230955e-249 -1.10283949042679e-249 8.14700517190382e-250 0.999999999967875 -4.09246890675629
1.38996787514887e-248 -2.03913334604225e-249 2.8291989100988e-249 -3.61452952630416e-250 -3.36800438095933e-249 2.10005032190873e-249 -9.05627596140677e-250 1.33829074656388e-249 -1.2883919646472e-249 1.06908125754952e-249 1.00000000004252 -4.02045968196056
1.71818549394816e-245 -1.95380680770707e-247 -1.51449151299846e-246 -6.55871335958816e-247 -6.27219939015375e-247 -3.10727034137407e-246 4.4209501293864e-247 1.86115785998221e-246 -6.33367684657347e-246 8.86823083300124e-247 0.999999999944464 -11.6603314692111
1.17508668612516e-248 -1.47145742882179e-249 2.14734992681286e-249 -4.72537827716137e-250 -3.09398507668053e-249 1.6789851848592e-249 -7.06981668285438e-250 1.27499503184817e-249 -1.05800103734662e-249 7.68460594931889e-250 1.00000000030662 -3.19547457164976
1.61679069786793e-248 -2.09393368882761e-249 2.72499965891607e-249 -7.01334097372174e-250 -3.66250837073373e-249 2.16166297156802e-249 -6.05214556269719e-250 1.83557914169946e-249 -1.3068034527447e-249 1.06703407818436e-249 0.999999999827815 -5.07451652192461
1.74238730477625e-248 -2.48673570254695e-249 3.23263196736268e-249 -4.88738015281869e-250 -3.87415322980429e-249 2.48077937803564e-249 -7.62858692364649e-250 1.78839642141351e-249 -1.46253355366978e-249 1.27489999687481e-249 0.999999999873774 -4.14956181149376
1.36255057870321e-248 -2.19976332432407e-249 2.78675601862908e-249 -2.92462067182498e-250 -3.04524289744609e-249 1.95524474492639e-249 -5.80506232276206e-250 1.34012738103264e-249 -1.12874705495405e-249 9.03759474007876e-250 0.999999999987718 -4.84692523765245
1.45218193206578e-248 -1.9477345946252e-249 2.81464143466919e-249 -4.62835006558189e-250 -3.71600190753447e-249 2.15746930002168e-249 -1.0237460802695e-249 1.44507714588606e-249 -1.30902690765247e-249 1.0900451687024e-249 0.999999999814326 -4.91347363351633
4.24729054214113e-244 -1.68431275146863e-244 1.91181919844339e-244 1.81230160687361e-245 -1.33438916215778e-244 5.85260890417786e-245 4.41184655329203e-245 7.00956181764098e-245 -3.23505143945222e-245 1.46649472435947e-245 0.999999999943713 -11.6144972255796
1.51720456933682e-248 -1.99488849083816e-249 2.72903156290475e-249 -6.13760914917357e-250 -3.64917540580704e-249 2.04614725756146e-249 -7.23846592984057e-250 1.66995881056086e-249 -1.30073302061601e-249 1.02467823278022e-249 1.00000000010904 -4.86303314782101
1.96150241706151e-245 1.43377461656772e-246 -3.96892534543957e-246 -3.61261299953429e-247 -3.68721780225338e-246 2.45103548937275e-246 -1.44508479517618e-246 6.39299855532598e-246 -1.56724193138217e-246 -2.39441598163774e-246 0.999999999944919 -11.6564776313471
4.05829028904638e-245 -3.87033351531059e-248 3.06326948383193e-246 2.74380779747773e-246 -8.31388432997772e-246 8.56839101134127e-246 -3.35304520504628e-246 6.20146331575719e-246 -9.2061159234078e-246 -2.12581783636383e-245 0.999999999944296 -11.6332366658508
8.96310010335277e-249 -1.6206416949536e-249 1.92580407082064e-249 -1.37325050867293e-250 -1.83969940628889e-249 1.28739749028827e-249 -2.04075983806397e-250 8.03340628924497e-250 -7.87298356786816e-250 6.46600499238302e-250 0.999999999976077 -4.17146960029006
1.05429408265681e-248 -1.21664459958488e-249 1.7140902785072e-249 -4.6475557703573e-250 -2.53636955306517e-249 1.29104621124654e-249 -3.40221542793558e-250 1.19490373104988e-249 -8.96511876950465e-250 5.5655078870424e-250 1.00000000023133 -3.06233861946611
1.58391414125721e-248 -2.31438161724582e-249 3.18592997938643e-249 -5.18862703939886e-250 -3.88248551505412e-249 2.3118477122499e-249 -1.01554192130222e-249 1.64427529847437e-249 -1.41594096077153e-249 1.11239829492714e-249 0.999999999853915 -5.06526612333413
1.17790039689558e-248 -1.52775751644721e-249 2.1047208262449e-249 -3.64410636397826e-250 -2.66992299084701e-249 1.54891110708089e-249 -4.25394135967427e-250 1.13517318565716e-249 -9.68422379141296e-250 7.94987904153209e-250 0.999999999400806 -4.22102804185163
8.81396808210387e-246 4.60470491603e-247 -9.44296000026255e-247 -1.4174038989612e-246 -2.20799892997817e-247 1.37111028609639e-247 4.99928908956004e-247 1.61192087489309e-246 -4.69365266382674e-247 1.70644375607835e-246 0.999999999944047 -11.6688646381607
9.6513040578865e-249 -1.66145534119775e-249 2.0627495544111e-249 -1.82425687355528e-250 -2.67664630302342e-249 1.51863974743185e-249 -8.60083076626495e-250 8.87754213415061e-250 -9.65779897752754e-250 6.7108739776799e-250 0.999999999989147 -3.41877742493801
6.03623265070519e-249 -6.91340496972304e-250 1.22805094715213e-249 -3.28510978397534e-250 -1.18385708008436e-249 9.16748120843366e-250 -2.5610244426566e-250 7.08041010502964e-250 -2.55850608717736e-250 4.0759955155198e-250 1.00000000013391 -2.77145191927463
2.61760051301989e-245 6.47918074542485e-246 2.8156530290026e-247 -3.0283570974522e-246 -4.80038288074291e-246 7.20562077352323e-246 1.05615031203355e-246 -7.61002239266269e-247 1.69139100574695e-246 1.37912885979623e-246 0.999999999945079 -11.6767251750762
5.08486407035884e-249 -8.44567885654859e-250 1.12243892836009e-249 -7.4318706824441e-251 -1.71436585570785e-249 7.7071242872371e-250 -4.90181110635437e-250 4.47802468503334e-250 -6.40494831711447e-250 2.80619667478986e-250 0.999999999710067 -3.01266608885307
1.73132429675332e-248 -2.41430980129569e-249 3.43188559037231e-249 -5.10652132362622e-250 -4.26123526324513e-249 2.48588560488522e-249 -9.85679695781064e-250 1.7007748406881e-249 -1.57602614992251e-249 1.21270031053733e-249 0.999999999699504 -4.7910307109045
1.47751924556988e-248 -2.09196195607844e-249 2.83694144702572e-249 -4.87050915255512e-250 -3.21347680269069e-249 2.0343061482836e-249 -4.23851687020822e-250 1.53672175711197e-249 -1.16277928099197e-249 9.67274580464113e-250 0.99999999978028 -4.99436038133143
9.63007777923844e-249 -1.33452744846235e-249 2.13067662816286e-249 -1.75218405135233e-250 -2.65364482237941e-249 1.48813684361568e-249 -7.05259682295037e-250 9.14375928014295e-250 -9.21077124604222e-250 6.85215917453667e-250 0.999999999534237 -3.42961955575376
1.16643613647676e-248 -2.03825546849688e-249 2.18630488397331e-249 -2.48567874986913e-250 -2.6159124160183e-249 1.55310387379559e-249 -2.78257383423173e-250 1.19868024343824e-249 -1.00869816330879e-249 7.35459787257577e-250 1.00000000004204 -3.20534647940096
5.04523399297747e-245 -2.96058820062305e-245 2.43819331576384e-246 1.26752388350121e-245 -1.28164904900904e-245 1.08606744404596e-245 2.66149550396455e-246 7.04937184147413e-246 2.96074975216084e-246 1.34221242449321e-245 0.999999999945263 -11.630543086062
1.46871722908011e-244 1.32312130491448e-245 4.63143742363452e-245 -5.56741966177298e-246 -9.80196329962941e-246 -1.89211735259741e-245 -2.2730604837038e-245 1.63369806443568e-245 -7.06382699180691e-246 -2.07654631270809e-245 0.99999999994412 -11.6456598385608
1.24952303221092e-248 -1.93320644791883e-249 2.51939856558033e-249 -2.26219223268225e-250 -2.81073196978402e-249 1.79096327744102e-249 -5.68915261505628e-250 1.16669527312662e-249 -1.04246682475633e-249 8.66149812082627e-250 0.999999999818608 -4.99870244348395
1.23755856730172e-248 -1.74718534514382e-249 2.44748214647857e-249 -4.07245053517134e-250 -2.85048214207172e-249 1.78375558457276e-249 -6.51926987164709e-250 1.2591241986404e-249 -1.03924146135745e-249 9.24111116605975e-250 0.999999999703667 -4.96191163983695
1.27330088242048e-248 -2.0724962530718e-249 2.44396458013073e-249 -4.30513008677903e-250 -2.72849846809105e-249 1.6404458414484e-249 -5.82422953143597e-250 1.31692740506402e-249 -1.06313066933727e-249 8.72237709092237e-250 0.999999999099709 -2.61932047671367
4.29939542210759e-245 -3.85635086348624e-246 -4.98188488971893e-246 -1.5021020802824e-245 -8.66456192423549e-246 3.67296395344503e-246 3.02663503850248e-246 1.38294467518954e-245 -4.24154866305075e-245 -2.26642541880875e-246 0.999999999944361 -11.6527063122942
7.96351014566761e-249 -1.12049163396622e-249 1.66628506974087e-249 -2.01009811380248e-250 -1.92126763201226e-249 1.17431474972286e-249 -4.82360552803349e-250 7.57202121069122e-250 -6.75053080988532e-250 5.31547244804473e-250 1.00000000010159 -4.21160122085193
2.16445671838854e-244 -2.75012803365216e-245 -6.97523327229857e-246 -1.34211388397709e-245 -5.55046383597875e-245 2.51660083408697e-245 4.9115886717073e-246 6.14024289994109e-246 -1.01830281375688e-245 -3.96328940629594e-246 0.999999999945698 -11.6339740778752
1.19432234268013e-248 -1.70752194208962e-249 2.40000184081311e-249 -4.58036937912295e-250 -2.83912990154199e-249 1.74839348305512e-249 -7.02229799053751e-250 1.26095385100702e-249 -1.03091546774579e-249 8.11715933277567e-250 0.999999999857011 -3.54775334997386
2.28466148480997e-248 -2.85915813509135e-249 3.68109354922012e-249 -1.04405203922752e-249 -5.54287746931589e-249 3.03997328100556e-249 -9.54355078161691e-250 2.61163990527411e-249 -1.90784870215651e-249 1.51692316695901e-249 1.00000000001114 -4.05384565867966
2.14213538283953e-248 -2.80108236623499e-249 3.86290388106685e-249 -8.23119423091635e-250 -5.36385768211617e-249 3.02375312774334e-249 -1.15343845120975e-249 2.30886914039482e-249 -1.88430820749386e-249 1.54042950284394e-249 0.999999999809468 -4.89629245483904
1.12354725561385e-244 -6.27865141928179e-246 -1.04265682458971e-246 -2.65777028074394e-245 -1.18482928043772e-246 4.02312197466795e-246 -6.02221043755999e-247 5.96555692063552e-246 6.80516860281537e-246 1.77329059047269e-246 0.999999999944877 -11.6436472560845
5.86242178987486e-249 -8.39784616982594e-250 1.31037508731449e-249 -8.87626426912605e-251 -1.22605228534779e-249 8.61631537308244e-250 -1.0200571069084e-250 5.52400526402498e-250 -4.66951181155101e-250 4.68305892431394e-250 0.999999999348429 -3.74631542925893
1.5245116178638e-245 3.79650055247926e-246 1.67650354896214e-246 2.16671391935898e-247 -2.14933383843324e-246 -1.12698696524341e-246 -3.75818433439254e-247 -2.96906388432708e-248 -2.11400939491836e-247 2.52930646639965e-246 0.999999999944331 -11.6696012120359
1.29180290385686e-248 -1.58173794578667e-249 2.43394540787803e-249 -4.89688007697168e-250 -2.7943063043404e-249 1.79251874643905e-249 -4.34136260447726e-250 1.37739089615823e-249 -9.81458125048317e-250 8.99294332715275e-250 0.99999999982623 -4.90303266318296
1.54431832641736e-248 -2.22661796018861e-249 3.00588187481205e-249 -4.34091747603333e-250 -3.43985010903709e-249 2.10584708571634e-249 -5.02800879478451e-250 1.57269587902727e-249 -1.22846807392373e-249 1.01718853026419e-249 0.999999999995115 -5.06850914864035
1.44043367392e-248 -2.25093905878334e-249 2.96297420805951e-249 -3.52569792634897e-250 -3.19562192574918e-249 2.05226083931622e-249 -5.70406947922706e-250 1.40923595423654e-249 -1.24710009452019e-249 1.00718345849995e-249 0.999999999976002 -4.83475388703345
1.51919422819385e-248 -2.22072148973043e-249 3.15669260358991e-249 -4.19534951224984e-250 -3.58015615576661e-249 2.23042768253338e-249 -9.67233200124281e-250 1.51044325115376e-249 -1.29651287740344e-249 1.01957138770311e-249 0.999999999835204 -5.01730254389764
1.92062637381304e-248 -2.73260634620105e-249 3.53364642479134e-249 -7.33698991134394e-250 -4.55912028569523e-249 2.65764561369363e-249 -8.54517680566467e-250 2.06950422661034e-249 -1.6789713688484e-249 1.3505036006336e-249 0.999999999832047 -4.94619493738041
1.4464365238867e-248 -1.9332460775627e-249 2.46496731647434e-249 -5.45847770127467e-250 -3.38677255786079e-249 1.91437605005644e-249 -5.35026863960712e-250 1.57655256622777e-249 -1.19446515503023e-249 8.97144821041303e-250 1.00000000002319 -4.95588747848629
7.78526234459045e-245 -2.49069468163071e-245 3.97852306047345e-245 1.32896888705296e-245 -1.71349308940545e-245 8.67043107671616e-246 5.88592529430593e-247 1.25229750916602e-247 3.67856953524453e-246 4.15294752482353e-246 0.99999999994379 -11.6712242372331
1.51281795822938e-245 -3.30585768977248e-246 5.37570807952591e-246 1.74596684803523e-246 -2.29079834138038e-246 2.30707573231126e-246 -6.29934244323902e-247 -3.13170823742979e-247 -1.8289125602821e-246 3.79061867026703e-247 0.999999999944963 -11.6518619098555
4.04793472744381e-244 1.58343465311896e-245 1.04714215143465e-244 1.27535036538923e-246 -3.39332307023481e-245 1.64939739063475e-245 -3.25556911002354e-245 1.9340401798586e-245 3.32209572062254e-245 2.37739390973616e-245 0.999999999944236 -11.6305850229104
1.4384806104456e-248 -1.95596491128791e-249 2.60136281025039e-249 -5.00629733630655e-250 -3.46701245952444e-249 2.02278767817673e-249 -7.0265304997613e-250 1.55214539386691e-249 -1.25900626324402e-249 9.64536856890332e-250 0.999999999774989 -4.84467221868065
1.58627357994709e-248 -2.26385663454616e-249 2.89994483128327e-249 -4.58925350025028e-250 -3.95746198860388e-249 2.22368563660771e-249 -8.7523393000095e-250 1.60044500684219e-249 -1.39718309759958e-249 1.03352931750378e-249 0.999999999965741 -4.95022167064265
1.98167764352642e-248 -2.34233355684952e-249 3.38109442506207e-249 -9.49884695513221e-250 -4.55606611286329e-249 2.63542620786384e-249 -7.82615569095304e-250 2.26718873763625e-249 -1.58311857990556e-249 1.25153744873988e-249 0.999999999828721 -4.95553166275372
2.51026825705706e-248 -3.53779722569924e-249 4.38390115269415e-249 -1.02537959377735e-249 -6.53175941591689e-249 3.47906209121157e-249 -1.49139654988296e-249 2.73510690592438e-249 -2.32103412308327e-249 1.68623819217444e-249 0.999999999931132 -4.83105286701282
2.87006491591363e-246 1.22650092820202e-246 1.85126840949487e-247 -3.84748945817238e-247 -5.20755497399332e-247 1.58789590807613e-247 -6.54319319467133e-248 2.99791519810641e-248 -1.71408714324748e-247 -4.38869070758151e-249 0.999999999944394 -11.6786842610711
1.72800478455991e-248 -2.25400999959671e-249 3.01713054107991e-249 -6.7248711442769e-250 -4.0351362360524e-249 2.33871952425713e-249 -7.5974947084289e-250 1.90760666272654e-249 -1.43636961860006e-249 1.16570005396492e-249 0.999999999933339 -5.09433394874826
7.7828073486901e-244 -5.37798132190015e-244 2.51582070504281e-244 6.64750677886302e-245 -5.30638295206211e-245 1.28607747403214e-244 -1.43096359108113e-245 -1.17531560372277e-245 -1.6986462601915e-244 1.09769394657752e-244 0.999999999944481 -11.6141969000277
1.68495771482958e-248 -2.66551227082488e-249 3.53983736764496e-249 -4.94454274540159e-250 -4.00837846828662e-249 2.45649619448621e-249 -9.06762869975461e-250 1.68794850405338e-249 -1.47479740556e-249 1.15150233382483e-249 0.999999999836023 -5.03904931398179
1.32434278246202e-248 -1.93645522591808e-249 2.32410731148917e-249 -3.9663770176519e-250 -3.16447674395768e-249 1.7358376548891e-249 -4.51455821081316e-250 1.36896476899457e-249 -1.16159347547373e-249 8.28005245122063e-250 0.999999999992279 -5.05306788181107
1.64259990530523e-248 -2.20003221211193e-249 3.04850513941641e-249 -6.75406036628626e-250 -4.01737185474833e-249 2.34305933493975e-249 -9.63013695217477e-250 1.78090737436978e-249 -1.41038951574795e-249 1.18682842396373e-249 0.999999999888042 -4.88082586001672
1.6288446753499e-245 -3.95176572704213e-246 2.53738315774e-247 -1.22772315380758e-245 -1.23982644941421e-245 4.09287559792891e-247 -2.58550393370267e-246 -2.57278086239609e-247 -2.97016611589125e-246 3.94242268781261e-246 0.99999999994472 -11.6699422391057
1.47106107011994e-248 -2.07429860101961e-249 2.6471141265932e-249 -5.53413778304278e-250 -3.40237810895842e-249 2.02623676076674e-249 -6.28052202179453e-250 1.61261796106032e-249 -1.22973323371737e-249 9.84545915032982e-250 0.999999999843005 -4.97523077627283
1.4255820468779e-248 -2.171985040161e-249 2.68766275967711e-249 -4.49589080820227e-250 -3.40784390984948e-249 2.06214116355527e-249 -6.7477783696814e-250 1.50458957442983e-249 -1.25836731108678e-249 1.00229919977694e-249 0.999999999907111 -3.73015151057831
2.3763194620033e-248 -2.93595468866088e-249 4.0403802471274e-249 -1.00885656045318e-249 -5.68714515194884e-249 3.06180871822464e-249 -9.51911764332737e-250 2.61420250410044e-249 -1.88794743111138e-249 1.50609390626284e-249 0.999999999893774 -4.96036377080181
1.92903475888465e-244 -1.7402474125354e-244 3.51427774233323e-245 2.49967333420538e-245 -8.18945047610804e-245 1.40166457788165e-245 7.79046613455172e-248 2.19399440610307e-246 -7.54738110584481e-246 -6.08521929754143e-246 0.999999999944691 -11.6191683351151
6.57278500815771e-249 -7.8032943276638e-250 1.34144677800004e-249 -1.4067277145243e-250 -1.46248333352e-249 9.43994981321455e-250 -3.53855920783649e-250 6.22266713712739e-250 -5.18146891956384e-250 4.32374152539204e-250 0.999999999844743 -3.91715893392115
3.82415447058072e-245 -2.1246001009727e-246 2.64942943818677e-246 -2.26716368302135e-245 -2.99409892328578e-245 -3.65975433925106e-248 -1.87522458232277e-246 -1.43660568959391e-246 -4.17005503424297e-246 1.49217136141548e-246 0.999999999944234 -11.6488829149662
9.2221799679435e-245 1.89932702844919e-245 -9.76615871321021e-246 4.13662622058775e-246 -2.46838514015781e-245 1.31387713664631e-246 -5.909320656574e-246 1.09793782179114e-245 -1.95952018832595e-245 -1.14544157238253e-247 0.999999999944073 -11.6515898642847
1.50421614082526e-248 -2.10318859295531e-249 3.03122587944468e-249 -4.82156107594454e-250 -3.59219352190272e-249 2.22884496577576e-249 -9.02495680210027e-250 1.52703359027149e-249 -1.27929874501879e-249 1.07259047994952e-249 0.999999999784406 -5.0029506509947
8.07552047521544e-249 -1.22143559955213e-249 1.6327803301338e-249 -1.8596168332232e-250 -1.90304387337403e-249 1.16565580172549e-249 -3.6377974223613e-250 7.27936081088262e-250 -6.85395802143087e-250 5.16689206346511e-250 0.99999999965709 -4.27858788123599
9.45355641515704e-246 3.28444730754224e-246 2.41989272537909e-246 -1.44948799560671e-246 -2.67467094796518e-247 3.02062980389648e-246 -2.70238897070023e-246 1.41496179307725e-246 1.37805944694938e-247 1.05386099139579e-246 0.999999999943286 -11.6682867733183
1.33076066204556e-248 -2.01977350852869e-249 2.41543747180359e-249 -3.04422102665984e-250 -3.06812515289831e-249 1.74332924140599e-249 -3.92121672380218e-250 1.34232046181577e-249 -1.16373057474083e-249 8.76076560299018e-250 0.99999999985175 -4.12128315056377
6.58725777722539e-246 2.12808556789544e-247 1.62573368554421e-246 -3.04799798591968e-246 -2.8021933361058e-246 4.65757517684159e-247 -6.91067923550255e-247 1.24569750657625e-246 1.60982424996626e-247 7.03503013989618e-247 0.999999999944175 -11.6831617325916
1.76929148582682e-248 -2.87932379465721e-249 3.62172079886239e-249 -4.3500334265441e-250 -4.15279061011257e-249 2.59769833261556e-249 -9.191287912114e-250 1.76021761615496e-249 -1.58381352095513e-249 1.2392717023391e-249 0.999999999884484 -4.91461369855294
1.7236552680502e-248 -1.96378102452154e-249 3.14292016298632e-249 -8.68361646733443e-250 -4.25669923533597e-249 2.45333946108288e-249 -1.2515951948871e-249 1.96557235889768e-249 -1.41687561536313e-249 1.18572162122448e-249 0.999999999735776 -3.3537836195466
