2.50796652608505e-28 -2.16335357222501e-28 3.03248611615193e-28 -1.36411023354698e-28 -1.75486321424348e-28 1.13062603192959e-28 -5.31101122200628e-29 7.47206814102289e-29 2.95467515242363e-29 3.45581917715102e-29 0.99999999980996 0.573201338590135
4.89281879899247e-24 -2.55005828167725e-24 4.77683410544246e-25 -3.87453918450304e-25 8.43133774150939e-26 -7.51157973107963e-25 3.39585868353105e-25 -2.3591038304242e-25 -7.016969538084e-25 -2.12719504890718e-25 0.999999999906301 -2.50985200365463
2.8504084335156e-24 -1.09341636860578e-25 6.96353420182591e-25 -1.83058721225168e-25 -8.25676947080595e-26 3.00589796455111e-26 -8.68798593688574e-26 -1.54890856067055e-25 1.12643883921811e-25 1.20632076411639e-25 0.999999999911964 -2.50616615791861
1.08373591596053e-27 -2.86917664794877e-28 3.82853307841751e-28 -5.27553419227759e-29 -3.26872448726903e-28 1.26304903855381e-28 -1.01596274443056e-28 1.46557873579204e-28 -7.69954393889607e-29 1.20677157757729e-28 0.999999999761131 0.428017049392697
1.64822966274365e-28 -4.73108190682567e-28 6.14681873043107e-28 -1.30860654026717e-28 -1.89740637558361e-28 3.0816493795547e-28 7.48673058329759e-29 5.63262133103674e-29 5.63310013630552e-29 4.15174629788082e-29 0.999999999915038 2.92773436971971
3.60440206476803e-24 5.399655788192e-25 1.04312937753274e-24 -7.63177558160128e-25 5.33682034332094e-25 1.30447031855865e-24 -1.36718040264432e-24 7.85211275832343e-25 1.86571698467487e-25 1.12313862820462e-24 0.999999999908301 -2.45275067016009
-2.12004864449979e-27 3.98319631907207e-28 -2.84114834051027e-28 -1.02638556774371e-28 9.54215879533877e-29 -1.45173330507742e-28 -9.70758854720933e-29 -1.57853162819595e-28 4.14341537356419e-28 2.86146950337612e-28 1.00000000044508 2.924788109895
-9.4504908987042e-28 -4.85115489898288e-29 6.57158011382277e-29 1.55991707681354e-28 7.10188033440022e-29 5.54801462437186e-29 -1.51026926512435e-28 -1.86708082332623e-29 2.20067359392928e-28 7.50850203704723e-29 1.0000000000888 1.48179691184917
7.39058652942693e-28 -3.88774259069598e-28 3.71095342824376e-28 -5.72958042169451e-29 -3.64958794265184e-28 6.1200354155477e-29 -1.25270470283442e-28 1.07433154742416e-28 -4.57543100062427e-29 1.1654939196754e-28 0.999999999861581 0.56095266694726
3.05117089891739e-24 3.0603109791983e-25 3.22791423893847e-25 5.83085050694647e-25 -8.63905603875963e-25 7.68967647472667e-26 1.5393796819072e-24 5.52093491765772e-25 5.38246405442195e-26 -1.78497309024751e-25 0.999999999903672 -2.46157820435446
9.97077025109299e-28 -2.11833772165394e-28 2.94879898663745e-28 1.85270432537763e-30 -3.43370172763009e-28 9.90125515787385e-29 -2.30464785846831e-29 1.21291976859975e-28 4.74050925842501e-29 1.30428726362273e-28 0.999999999776518 0.516452070033851
-3.56258864459812e-28 -3.57611054552039e-30 6.5156378707294e-29 -9.30191720799106e-29 -7.98534317032061e-29 -3.04039162674277e-30 -4.49025685095192e-29 -2.9881440567841e-31 1.36133919031177e-28 3.46352304245282e-29 0.99999999994296 0.635515625556498
2.43210929087333e-28 -1.81867028891408e-28 1.62542911567113e-28 1.29992197252081e-28 -8.10632008418678e-30 7.37492892135053e-29 1.00211676248247e-29 3.4723619367294e-29 3.91948146915234e-29 -3.52811790777204e-29 0.999999999620545 1.64698183668561
1.60813819447709e-23 -4.70179278898078e-24 6.18080401330976e-24 -1.17785759545681e-24 5.87946439956236e-25 3.04695528338949e-24 -2.7754821174107e-24 4.63621833099788e-24 -4.70330900933428e-24 -4.10769092845594e-24 0.999999999910319 -2.44244536685053
1.16220602914449e-24 2.21834919249653e-25 -5.23730810557464e-26 2.60913253557589e-25 -1.99772243062965e-25 1.10546684031759e-25 -3.22063317488662e-26 -1.31202012544222e-25 -5.28157337411852e-27 -2.81483881512447e-26 0.999999999907995 -2.48766365100352
4.22350150578445e-24 -1.87761352581238e-24 1.96510933312203e-24 1.95162699955439e-25 -3.33004215598822e-25 2.18427406658621e-25 -6.47595758663967e-25 -6.90666501186927e-26 -2.67620287240357e-25 4.52596441545336e-25 0.999999999910996 -2.50088090206087
-5.81893133793079e-28 -3.49004590135411e-29 5.35014382149065e-29 -2.35218219808801e-29 -6.88103763573428e-29 -2.51356345604161e-29 -1.80713649953816e-29 -2.1946246872481e-29 1.58568654177127e-28 6.08511264358954e-29 1.00000000000879 0.600923654415313
-1.6582460239665e-27 1.62125723653158e-28 -8.25271061116758e-29 -6.37715366919734e-29 4.22476671476785e-29 -5.89733358206453e-29 -9.16367118753552e-29 -1.52036620532561e-28 3.4820742552204e-28 2.14503787242813e-28 1.00000000003513 0.632224729064117
3.76384268507217e-24 6.14494688941832e-25 7.6453075481659e-25 3.81135998016716e-25 -2.13487400103948e-25 1.5587821759349e-24 2.24666645179842e-25 4.05101689523981e-25 -1.93074595974627e-25 1.06701354602662e-24 0.999999999908676 -2.45238308090371
-2.25694673018344e-28 -1.34460657858124e-28 1.32373712954102e-28 -6.91007253831734e-29 -1.2830494318307e-28 6.40021448984978e-29 -7.20280085911822e-29 -3.78664909097266e-29 1.58973929404388e-28 1.43340415741639e-28 0.99999999981391 1.4593081474645
-2.00792865697011e-28 -1.57432623351408e-28 1.90818994698039e-28 1.12962357372406e-28 -4.19805493849966e-29 7.23157588733877e-32 -1.09657024736441e-28 3.28015879948922e-29 1.79998844165889e-28 9.55715473706918e-29 0.999999999903251 0.542278924257564
5.54615118709179e-28 -2.58507587780481e-28 2.80765702141238e-28 -1.42447197890512e-28 -1.9403147222672e-28 1.66445783729943e-28 -3.28832174675141e-29 1.28538195391636e-28 5.3134463347227e-29 1.37117467068779e-28 0.99999999978037 0.512574200270175
1.64335021006398e-23 3.56281420573589e-24 3.50777128584675e-24 -1.70867277510866e-25 -1.43875785219868e-24 9.51480197745346e-25 3.19051273235968e-24 1.92365729959733e-24 -4.20298379468545e-25 1.2312228718011e-24 0.999999999913511 -2.44016407677627
3.21872008238115e-24 6.13651179657914e-25 1.36773351430684e-24 -8.72920202936031e-25 -1.05405661119558e-24 4.73533567847265e-25 8.14843127562128e-25 1.40352958695022e-24 -4.63313402179523e-25 -1.70893427109517e-24 0.999999999908469 -2.45716570505919
1.40227602567227e-23 -1.13747593417213e-24 -5.30019640541839e-25 7.5173462981011e-25 -1.36975628995381e-25 1.53570517206422e-25 -2.08065208231135e-24 2.10128825505134e-24 -6.38238898708917e-25 -7.42718669252024e-26 0.999999999910278 -2.43545655280832
1.0138749189274e-28 -2.37744094234503e-29 1.25747667002662e-28 -2.65349887845336e-29 -2.19953122782191e-28 3.72256559661561e-29 5.19016407028062e-30 3.80484696906361e-29 9.01256130560853e-29 1.57160301227925e-28 0.999999999967109 0.529408219647909
9.75384782331934e-28 -4.5874146518083e-28 4.31589972861391e-28 -1.30678600135121e-28 -3.98296575779083e-28 1.70533166938568e-28 -4.69839732453701e-29 1.71205969439752e-28 -9.80511763030427e-29 8.44801111956791e-29 0.999999999741511 1.4306773357295
1.44429669268343e-27 -3.15623490282595e-28 3.80550663226419e-28 -2.58161318452211e-28 -5.85754401101782e-28 1.36389766476806e-28 -6.10607450168174e-29 1.71582363183434e-28 -9.34530233713532e-29 1.97688970972695e-28 0.999999999648786 1.42639891931099
-2.77412096209331e-28 -1.78032959734111e-29 -6.98797954251757e-29 -8.62908957604785e-29 -1.37383450981443e-28 -6.10463290788889e-29 -2.78246629317023e-29 -1.40903649417684e-29 1.05137568337589e-28 1.23691714455469e-28 1.00000000009513 1.33154716811327
1.17173590315001e-23 -5.45314710812174e-26 -1.21077607042191e-24 -4.45346230933155e-25 -3.02910922366376e-25 -2.31440825467548e-24 3.45530377872387e-25 1.27089543887138e-24 -4.49707476064611e-24 5.98097217787961e-25 0.99999999990377 -2.43738336180092
-9.78588290198545e-29 1.28428999262924e-28 -1.38097554061317e-28 -1.25462896935731e-28 -5.19335562471952e-29 1.07867058289898e-29 -3.68909110522557e-29 -3.25590152548006e-29 -1.80739936599719e-29 7.60638556383247e-29 0.999999999626978 2.11449175830952
2.4246880218993e-28 -2.32094620677194e-29 1.14211474306414e-28 -1.37481414292077e-28 -1.58219287836243e-28 6.51213396783609e-30 -3.1298196945565e-29 3.95205887459633e-29 4.04108485861195e-29 1.30574193760725e-28 0.999999999889952 0.586034910483022
-2.58030716639268e-28 7.212406622585e-29 -6.74634073029574e-29 2.90883262205586e-29 -2.90457515853296e-29 -1.64123865463174e-29 -1.78882562173859e-29 -1.7427445558438e-29 1.31510844677535e-28 1.34913417887082e-28 0.999999999917614 1.50870722412371
-4.30484751303418e-28 3.72109798832649e-29 -6.96575475577965e-29 -1.37646511226318e-29 -6.54095306598211e-30 -3.39709271045861e-30 -2.07675719212244e-29 -5.0476120450473e-29 1.49237310269341e-28 2.01713689864375e-28 1.00000000002081 0.631301763307418
-1.39520077272956e-28 -2.85949637633858e-28 2.1070494617068e-28 5.61710991958653e-29 -2.62599545943427e-29 8.15547338709329e-29 1.84349968967887e-29 7.65797412571067e-30 1.42850412223619e-28 8.57707714461605e-29 0.999999999981023 0.573995133627037
2.6968777268703e-23 -1.07183549488745e-23 1.2160423429009e-23 1.15976917094515e-24 -8.47961505259397e-24 3.71672324157102e-24 2.81536634155891e-24 4.4559999973698e-24 -2.05421614375381e-24 9.28827137570254e-25 0.999999999905854 -2.39047128919839
-2.54726617293354e-27 2.05178858156471e-28 -2.51720152912498e-28 -7.54654363204021e-30 1.52002137794571e-28 -1.25223289027465e-28 -9.89551303696756e-29 -2.64568764169889e-28 5.33094856061772e-28 1.39888800727972e-28 1.00000000005535 0.587008277256565
3.52911401324975e-24 3.34968299761929e-25 -8.62063339387802e-25 -5.56114653654288e-26 -6.44908910663731e-25 4.3758697146182e-25 -2.70152510504771e-25 1.22972229862173e-24 -2.81800137580956e-25 -4.97590914586928e-25 0.999999999909304 -2.47325516786159
6.38072377617708e-24 2.19762065170254e-26 4.54948499599888e-25 4.54187799843993e-25 -1.30139406968998e-24 1.36296875179828e-24 -5.3612515387143e-25 9.85449793638986e-25 -1.47740872788886e-24 -3.45961284263164e-24 0.999999999904427 -2.42344261991171
3.97769951973318e-28 -1.51505030719085e-28 2.71940521577926e-28 1.56031453745656e-30 -9.96057413144939e-29 4.60728739390411e-29 -4.8219494013267e-29 2.70188845547423e-29 -3.26277929263376e-29 1.3789148334994e-28 0.99999999983605 1.29720514762791
3.25066731553844e-27 -4.49170879707431e-28 9.2643383296194e-28 7.89950323086839e-29 -3.67523066380516e-28 3.17923425883019e-28 -1.13932757431354e-29 4.37618858964967e-28 -3.04594569452e-28 -1.46415507963068e-30 0.999999999457585 2.46095004697932
5.33489414841374e-28 -2.28397738612654e-28 2.49980128131494e-28 -4.31816256922564e-29 -1.21178293622892e-28 1.01836030199108e-28 2.70156549349656e-29 9.99265017027477e-29 4.26102916423186e-30 7.99445856971967e-29 0.999999999936971 0.598196483812083
1.77523126268085e-27 -1.68470011750466e-28 2.79557452603519e-28 -2.12687674219667e-28 -5.85935342896865e-28 9.55009811069082e-29 -4.36493711242248e-29 1.52595256423695e-28 -1.15130582307781e-28 1.69643012212968e-28 0.999999999433454 1.2872532669995
6.84274751624404e-24 6.81678314316846e-25 -1.24913133316223e-24 -1.31138436715694e-24 1.90061420584379e-25 -9.95126169715828e-26 5.63243414501002e-25 1.38700675805739e-24 -3.13430492003158e-25 1.54802746204144e-24 0.999999999909006 -2.44335157509634
1.59086629600904e-27 -2.22955466892101e-28 3.1433394795e-28 -1.65129438395076e-29 -3.49574912424368e-28 1.30321247699215e-28 -2.0285078472282e-29 1.43881501842687e-28 -1.44442191400435e-28 8.67741173153319e-29 0.999999999737748 2.29859573559142
2.682658980168e-27 -4.08300128176011e-28 9.50329887932668e-28 -1.53736662649814e-28 -3.52624205650458e-28 4.74272641551524e-28 1.89072492250994e-28 4.90189546808945e-28 -1.40037553212919e-28 1.45919061796532e-28 0.999999999576769 2.59748508946293
6.27354755520236e-24 1.606840106786e-24 4.00986710221259e-26 -7.35928677970573e-25 -1.14235894031152e-24 1.74623968595363e-24 2.65742060884872e-25 -2.01290032387018e-25 4.25621594728597e-25 3.28499153628373e-25 0.999999999908286 -2.47282402674347
-3.37848189778495e-28 -1.31259563788488e-28 1.95994050820837e-28 -1.22584047225799e-28 -6.068421759243e-29 1.37716283071064e-28 -9.20430901806019e-29 7.83175661883334e-29 1.07168423953049e-28 2.6033423235519e-29 0.999999999622961 2.60583854757717
4.38171164688942e-28 -1.37926968217953e-28 1.82966432913395e-28 -4.46831585721696e-29 -2.14793164778937e-28 7.38777822007526e-29 -7.76624861937935e-29 6.28446307607558e-29 3.32562661042916e-29 9.82216388728161e-29 0.999999999847896 0.63602409269069
7.18077912247761e-28 -3.10068000529239e-28 3.12113116879346e-28 -8.51038277968065e-29 -3.23963777575771e-28 7.94643959545516e-29 -3.53246158009928e-29 6.5479289994394e-29 3.87262270745463e-29 1.13417774730616e-28 0.999999999762469 0.524063251723151
4.51236516658791e-27 -9.93175639076688e-28 1.29882780482102e-27 -2.25169060005539e-28 -1.00534644270781e-27 3.48253158782637e-28 -2.31176602910266e-29 4.73593021712826e-28 -3.24225878921166e-28 2.08265284670846e-28 0.999999999075079 1.93138086097108
-1.21572911051335e-27 -1.46885290161976e-29 -2.59075116960832e-29 8.63716387568607e-29 1.2281509427224e-28 -3.45254300844645e-29 -8.33418531672782e-30 -8.51574075230418e-29 2.54981096250022e-28 3.03953435443461e-28 1.00000000002934 2.19356785750982
7.68248483647576e-24 -4.58925756019362e-24 3.43921674410106e-25 1.98287074093474e-24 -1.95399720278712e-24 1.66808946349627e-24 4.2352552519258e-25 1.07949538740175e-24 4.76506074969218e-25 2.07996022356458e-24 0.999999999910776 -2.40497682874308
6.89933231052284e-24 6.43525008173055e-25 2.18366778328607e-24 -2.6037422569389e-25 -4.43989835617713e-25 -9.13160254621088e-25 -1.07782885281846e-24 7.67389958053852e-25 -3.29368055952784e-25 -9.94596519366515e-25 0.999999999908431 -2.47854139559996
-5.26852834652596e-29 -1.43021835283339e-28 1.73520260614276e-28 -7.35974881106861e-29 -1.5439529745231e-28 3.12459839420922e-29 -7.78838760144199e-29 6.95288150828538e-29 1.08395298889533e-28 6.1426610301083e-30 0.999999999896868 0.517036293820331
8.20295887633274e-28 -2.77437856639641e-28 3.00760933202059e-28 -1.80214998371714e-29 -2.17419316234238e-28 1.2844192371378e-28 -4.74900942223026e-29 1.15591648423341e-28 -5.9711706094141e-29 7.82480419300713e-29 0.999999999766633 0.607217563405842
-6.56330916854276e-28 -1.61438544103166e-28 -3.21512677462408e-29 -5.60097909176413e-29 -3.36969898259306e-28 9.56490105431224e-29 5.72540181387418e-29 -1.45909049389147e-28 2.93817248763874e-28 2.71327157695462e-28 0.999999999893773 3.21676022947348
3.3164491511017e-24 -2.91729341339285e-25 -4.19496947952584e-25 -1.18810563591087e-24 -6.63735908304892e-25 2.78422773203048e-25 2.45458467625367e-25 1.08757338018241e-24 -3.36389387515018e-24 -1.867891796377e-25 0.999999999910069 -2.48449231386955
7.15990966558864e-28 -5.57969575093951e-28 5.14888778555235e-28 1.43081530073013e-28 -1.88201568496264e-28 9.02668708331758e-29 -2.34871713722453e-29 9.17116740155475e-29 5.39900527575409e-29 5.33692909411236e-29 0.999999999839469 1.24790112867499
3.15317192199e-24 -3.98821740744769e-25 -1.19131385162376e-25 -1.94904033050666e-25 -8.08252740860996e-25 3.65503257252634e-25 7.58635922170951e-26 8.37948956490259e-26 -1.46983958525997e-25 -6.28586899952291e-26 0.999999999908269 -2.48777353835087
2.68957803601207e-27 -4.06681961582683e-28 5.05057641573323e-28 -1.32869747997628e-28 -8.65051733822969e-28 2.21554380004753e-28 -2.15644730291233e-28 3.08395346020723e-28 -1.67747675101681e-28 1.39062863653906e-28 0.999999999236386 1.95374596839914
-2.1549385258711e-28 -8.33032861849741e-29 1.40351050700422e-29 -9.90226576662281e-29 -1.49874216559846e-28 -2.00211139941351e-29 -1.42157941816144e-28 -9.29185511297823e-31 4.68234989843981e-29 9.1118485438181e-29 1.00000000004223 1.25092041772387
4.30439372945497e-28 -2.25808485768506e-28 2.42909236572557e-28 -1.36194548970385e-28 -2.56965174627879e-28 8.07481268765734e-29 -3.41670018941805e-29 6.06897393165102e-29 -4.12089413295292e-29 1.25011685804367e-28 0.999999999798019 0.498706220764341
8.80779064165676e-24 -4.74834178839126e-25 -1.26694164513941e-25 -2.12474294165169e-24 -4.45962377827768e-26 2.94505449703925e-25 -3.84508585656901e-26 4.56159874073991e-25 5.6364213718478e-25 1.28612424158123e-25 0.999999999908929 -2.46470051088788
2.76266537757843e-28 -1.58561984062627e-28 2.93890920364223e-28 1.24713177498658e-28 9.39004285298037e-29 5.79462245805852e-29 -5.04420701071262e-29 6.77105913698973e-29 1.23928728876087e-28 1.51494394270473e-28 0.999999999683739 2.20196771073503
4.8501201365963e-24 1.30481369766762e-24 5.10129425987724e-25 8.24682904387803e-26 -6.59823842721761e-25 -4.10912711004624e-25 -1.14421410645652e-25 -3.62711586749923e-26 -5.04518350750254e-26 8.29848089673501e-25 0.999999999905009 -2.48058550705838
3.90865451416927e-28 -7.00356789024241e-29 2.07656476418147e-28 1.9987724402041e-29 -1.65534000306658e-28 5.01964133336485e-29 -7.01942289487233e-29 9.68482318561088e-29 4.57109115125336e-29 1.24201331348717e-28 0.999999999803649 0.527657553449667
-9.20216493391889e-28 -1.9610087264626e-29 8.23526047749787e-29 1.72876181748524e-28 1.47283433891707e-28 -2.92299910743379e-29 -2.46152887474112e-29 -6.86662876982825e-29 2.42131334584498e-28 1.74330839298948e-28 1.00000000008514 0.563326512902724
-1.05562708669552e-27 5.613196749776e-29 8.03940619658719e-30 -2.83862155523988e-29 3.50086997544198e-29 -6.79637379245285e-29 -5.3020405064074e-29 -1.86527834105096e-29 2.19612648268123e-28 4.12442654342046e-29 1.00000000008688 0.66899615973216
5.62925084369875e-28 -2.53611173054655e-28 3.75895053437115e-28 -6.56471314528281e-29 -2.62100996038082e-28 9.49707155620287e-29 -4.25779026091985e-29 8.97204260416786e-29 2.80949748745309e-29 1.08938784116148e-28 0.999999999903507 0.559736348268665
-8.02299763788054e-28 1.59887309966671e-28 3.79122834217355e-29 -1.40681490100481e-29 -4.92497930940506e-29 -3.52302220459719e-29 -5.31966718747076e-29 -1.13481980298705e-29 1.40311434696925e-28 2.63125550896719e-29 1.00000000003678 0.588476334599975
4.23464612089459e-29 -3.19514217305837e-28 3.32286643716562e-28 6.95175155222042e-29 -5.94693544325776e-29 9.85153773536888e-29 -2.17789604991823e-29 7.34915008196741e-29 1.59858338418049e-28 5.01744887803259e-29 1.00000000003605 0.494750541903012
5.79245724867036e-24 -1.85824345374261e-24 2.96744500956342e-24 9.97021266861671e-25 -1.2725878763596e-24 6.4409862043875e-25 4.63859383703992e-26 4.64259629303837e-27 2.77543024352314e-25 3.0767813238059e-25 0.999999999912981 -2.50085972201439
7.88672287212681e-24 -1.8137924087231e-24 2.9747852590507e-24 1.08107774907723e-24 -1.10462429604769e-24 1.2246998629453e-24 -3.24362530128018e-25 -2.98345075865605e-25 -9.94913300016876e-25 1.60958657143077e-25 0.999999999904057 -2.43611666894216
3.87641356370561e-24 1.63588397642002e-25 1.00317754862913e-24 1.62409997798645e-26 -3.14410683720342e-25 1.52225495927668e-25 -3.13654027367148e-25 1.80653363059267e-25 3.27595536312846e-25 2.27101930160374e-25 0.99999999990684 -2.49746216889459
6.43049400519721e-28 -1.94702238570765e-28 2.46043035725449e-28 -4.68322860318176e-29 -2.73956038378507e-28 5.74361592092009e-29 -7.73272588200337e-29 1.06462379955681e-28 -5.25711994779636e-29 5.2315921821157e-29 0.999999999785014 0.514252076729972
7.70507531108207e-28 -2.00230126286819e-28 2.80731017405512e-28 -5.82545048537969e-29 -2.90324143652023e-28 5.7874471007987e-29 2.50065022975572e-29 1.03480659661082e-28 3.69296719200878e-30 1.2211528912996e-28 0.999999999913538 0.533914246085666
1.23049946594769e-27 -4.84831152520068e-28 4.41367086783751e-28 -1.07704315504296e-28 -4.071853691829e-28 1.5448225272675e-28 -8.42381272523966e-29 1.82776080093435e-28 -1.09042396304563e-28 2.29879834771134e-29 0.999999999830375 0.590949259611713
2.13032612711646e-28 -2.89299176151593e-28 2.25023519659514e-28 -3.70740344642071e-29 -1.30647929460758e-28 6.82267484430219e-29 -4.35704673524578e-29 8.0868677757924e-29 -2.25086933802225e-29 6.94020971317166e-29 0.999999999965945 0.677596341194544
3.73930690626388e-24 2.82093325927584e-24 -3.22153751745514e-26 -7.09493180610962e-25 -5.70784246353604e-25 3.95536485032067e-26 -3.96438849416053e-26 -1.60759215937971e-25 -1.72850444702786e-25 -1.40436573188134e-25 0.999999999913081 -2.45789384266283
-1.06318216479027e-27 -2.22615502270131e-28 1.75335788190041e-28 1.17552626132056e-28 1.90667504446806e-28 5.35472440026286e-29 -6.68003032117598e-29 -9.89651354201853e-30 1.88292786727991e-28 2.13988013058232e-29 0.999999999942452 0.483459634635234
1.523223259297e-23 -1.05625212241059e-23 4.92929043123244e-24 1.31073938783532e-24 -1.02547174001839e-24 2.51911988131035e-24 -2.77629898861726e-25 -2.39229892853602e-25 -3.33471720594917e-24 2.15318550987227e-24 0.999999999910683 -2.4376528384977
1.57569198539635e-27 -3.83568139996229e-28 4.76703582065364e-28 3.2981983107269e-30 -3.03040217431749e-28 1.57230865654446e-28 -7.15109331125397e-29 1.77108665665875e-28 -1.37249710533124e-28 1.26710773807289e-28 0.999999999773933 0.541354077364535
-1.0688045325227e-27 3.22064702137194e-29 -4.51819129416095e-29 1.28708435506507e-28 2.34042375603785e-28 -4.65605456571125e-29 -5.90461180793387e-29 -3.95351870572314e-29 1.2153763712737e-28 2.10184223054461e-28 0.99999999999471 0.570077667513146
6.03188305635622e-28 -3.54664246564652e-29 1.13985551263679e-28 -1.03530300849719e-28 -2.90264686081336e-28 7.92470183555455e-29 -8.98880687965886e-29 6.3929552948317e-29 6.85544824789111e-30 7.88461078847437e-29 0.999999999845475 0.580871034295408
3.0302406133727e-24 -7.42400404042314e-25 3.27134377939473e-26 -2.33599383646908e-24 -2.34451774731838e-24 6.79398643514802e-26 -4.89161243443415e-25 -5.70724690368031e-26 -5.60172993010207e-25 7.46256890328202e-25 0.999999999907889 -2.47927093617072
6.39606056192838e-28 -2.92421848244411e-28 3.16938182349971e-28 -1.60200191985502e-29 -1.30346597395662e-28 1.03887956094854e-28 -1.09066554820814e-29 1.44532443036727e-28 1.64850824286873e-29 7.99109148218557e-29 0.99999999990385 0.578444676357575
-1.77004424081915e-27 1.43723701353022e-28 -1.50859219296179e-30 -8.6824019017486e-29 1.68247599292319e-28 -1.25288015793084e-28 -7.61461569915841e-29 -3.4106077902667e-29 2.45760943679173e-28 5.29910327701007e-29 1.00000000024812 1.83692255377047
1.42422065822908e-29 -1.14075513952721e-28 1.22454418641793e-28 3.24988572863224e-30 -1.31967383729711e-28 7.28089432789442e-29 -8.1200434569418e-29 6.67215448218572e-29 5.84948802043517e-29 7.34974876143317e-29 0.999999999869405 0.602143246307008
4.07154995641624e-24 -3.73284201992032e-24 7.36097790915261e-25 5.42933617059467e-25 -1.7420393332122e-24 2.90850613409667e-25 5.64798230659635e-27 3.77822028616383e-26 -1.56835059202438e-25 -1.36384391786464e-25 0.999999999911645 -2.44376849803549
1.66817262696413e-28 -1.18756871543024e-28 1.33316865278651e-28 -2.77367846306313e-29 -3.07857054996103e-29 -3.28820356761176e-31 -1.46404724686131e-29 -4.3007706675457e-29 5.24219728404561e-29 1.09513390645495e-29 0.999999999811882 1.93034259589102
1.87306388953627e-23 -1.02365708960035e-24 1.26973670552986e-24 -1.1212683429518e-23 -1.47727623302983e-23 -4.44846186719766e-26 -9.18968768558998e-25 -7.32030700942657e-25 -2.04841117858826e-24 7.26857041348027e-25 0.999999999903677 -2.41017767656694
1.56313778933914e-23 3.25490896261928e-24 -1.6870743305147e-24 7.0992890361869e-25 -4.18653616474829e-24 2.10304295030115e-25 -1.00315090673636e-24 1.86221020637611e-24 -3.3348014388804e-24 -2.63785332560225e-26 0.999999999903988 -2.4351290326901
4.78290295878905e-28 -3.91905769110447e-28 4.35007235809024e-28 6.84604097216224e-29 -1.66867417542248e-28 9.00422651173467e-29 -1.39101110145083e-29 1.06973907318251e-28 4.84956013676143e-29 1.29890378960441e-28 0.99999999989518 0.655731496373107
1.7992729005039e-27 -3.66528285321011e-28 6.13859830323321e-28 -9.69385625887315e-29 -5.23289828191918e-28 2.05078309549276e-28 -2.90638682601571e-29 2.4809552268241e-28 -9.62069347514528e-29 7.33186617471534e-29 0.999999999652332 1.33268420994284
7.96549599389115e-24 3.13636162163209e-24 2.0864938439473e-24 -1.30954305540693e-24 -6.80717826049672e-26 2.68590760893297e-24 -2.46057003206169e-24 1.22848752762053e-24 1.90780329461605e-25 9.26025808339467e-25 0.999999999909681 -2.44641604903827
-1.16907134141249e-27 1.38073134965089e-28 -1.10642405781045e-28 8.30951610548182e-29 1.94835396164421e-28 -7.69799953055122e-29 -8.81765115645003e-29 -8.8299434998178e-29 1.5336479081925e-28 1.32856891268649e-28 1.00000000015744 1.38492678346287
1.8373110970918e-24 9.32659026643976e-26 4.62618986506021e-25 -9.33142607517882e-25 -8.18206369274097e-25 1.17197370049842e-25 -2.03872741537123e-25 3.63820250347875e-25 6.58278716921188e-26 2.04597627415636e-25 0.999999999911401 -2.51088112067064
1.20824002657881e-28 -2.32412386659786e-28 3.54999867527031e-28 7.44459206501769e-29 -5.27373550092545e-29 9.05712625402906e-29 -6.25476658694832e-30 4.96322299208496e-29 1.4376859244304e-28 1.26690473666029e-28 0.999999999897509 0.597944742423518
1.65544486908449e-27 -7.87897887439918e-28 1.01297596458926e-27 -6.88535133622469e-29 -4.35547524491499e-28 2.23485481824727e-28 1.15205117631873e-28 2.05349254249066e-28 -1.00053066492833e-28 -3.96906904245616e-29 0.999999999957652 2.44988069306245
