1.2295444391642e-226 -1.66369437948326e-227 2.31443553257417e-227 -2.76445689130446e-228 -2.91885560986696e-227 1.71159759806253e-227 -5.45912305103977e-228 1.22008679103714e-227 -1.05877143422657e-227 8.14599043876147e-228 0.99999999980725 -4.28226055423319
1.08163209686878e-223 -5.46380608326933e-224 1.11099712854499e-224 -8.42315149298308e-225 6.97917757299137e-226 -1.52968773485306e-224 6.98440621604489e-225 -4.49980739787518e-225 -1.52149681672352e-224 -4.22052149112307e-225 0.999999999942645 -10.8334566813287
1.55492022528432e-222 -6.49826542822029e-224 3.79079339443735e-223 -9.92672601951563e-224 -5.58754192171936e-224 2.25090363930206e-224 -4.83328090391664e-224 -7.60410640980064e-224 5.56319310981328e-224 6.7095436721903e-224 0.999999999944021 -10.7803496975453
1.56379510766339e-226 -2.08215935391979e-227 2.74906959244187e-227 -6.30080884468671e-228 -3.87888290305614e-227 2.11623670484596e-227 -8.18506406227969e-228 1.6880021334714e-227 -1.36120062984014e-227 1.04180778462783e-227 0.999999999674061 -4.27994492428697
9.26047003778766e-227 -1.61037245007452e-227 1.96106499611597e-227 -1.16688978480773e-228 -1.82767831694069e-227 1.3191119571079e-227 -1.44166931378747e-228 8.66723214669849e-228 -7.44049804504764e-228 5.93669252016211e-228 0.999999999279452 -2.12187752061048
2.18647963886521e-222 3.2197162129633e-223 6.3179242477058e-223 -4.6003406559791e-223 3.16397107197151e-223 7.87048084342951e-223 -8.23277036325949e-223 4.74450658549893e-223 1.10900607937303e-223 6.76861209370112e-223 0.99999999994266 -10.7631460675518
8.92370574967924e-227 -1.31222508578104e-227 1.55101492509269e-227 -2.82250779994248e-228 -2.01847496845406e-227 1.19090181331585e-227 -1.54975481217886e-228 8.90410778046981e-228 -6.66581145579488e-228 4.99027546175613e-228 1.00000000003568 -2.17874638869803
1.12395531278994e-226 -1.53702309434982e-227 2.15747953242524e-227 -3.97677807862325e-228 -2.38545747814244e-227 1.55069787572978e-227 -3.32006857759346e-228 1.21229746165651e-227 -8.35604428003069e-228 7.47752842324497e-228 0.999999999849587 -3.58585985909608
1.27793399157355e-226 -1.72182818115944e-227 2.49353103164354e-227 -3.34878378796553e-228 -2.87810795942118e-227 1.86181090740789e-227 -7.66217268480374e-228 1.2271437748162e-227 -1.12548696118163e-227 8.67673982419813e-228 0.999999999840781 -4.20740762924831
5.7318477634358e-223 4.27733032596491e-224 6.71575329433302e-224 9.50817256607013e-224 -1.59161087575975e-223 2.09071865308421e-224 2.56208081598553e-223 9.88729711974468e-224 4.32120454457751e-225 -2.66497241857404e-224 0.999999999942256 -10.7845275110432
1.56042206052339e-226 -2.20063313274648e-227 2.98529023874743e-227 -3.93691657280901e-228 -3.72956341961486e-227 2.27568167134492e-227 -9.0219586449177e-228 1.46662825396303e-227 -1.36489491050044e-227 1.05026743751648e-227 0.999999999949773 -4.28251872305278
1.52138961775736e-226 -2.15762802397115e-227 2.94189497525276e-227 -4.51820860421123e-228 -3.50886514886827e-227 2.08270309706119e-227 -7.17876962469804e-228 1.51033354968287e-227 -1.24932203606913e-227 1.01384877727042e-227 0.999999999800349 -4.46611772760178
1.32200864930829e-226 -1.84062668713058e-227 2.51158808745554e-227 -4.53879861356378e-228 -3.01981285694782e-227 1.832911035058e-227 -4.58656244807447e-228 1.40590669111274e-227 -1.1009808300347e-227 8.21148713172666e-228 0.9999999998255 -2.87684151695182
4.12092918356273e-224 -1.18049488890347e-224 1.55336893339933e-224 -2.95916447439795e-225 1.07497840235141e-225 7.72490446997674e-225 -6.9103126555987e-225 1.1588136008018e-224 -1.17215475162558e-224 -1.00203829306234e-224 0.999999999943599 -10.8405912195294
7.6521471692327e-224 8.31466083008153e-225 1.40291648248207e-225 1.19833079498272e-224 -1.43964724187258e-224 7.99787517932651e-225 -2.46505346657962e-225 -4.40370227953535e-225 -1.81807728178225e-225 -1.22215963384828e-226 0.999999999942921 -10.8126152608856
2.32449161470772e-224 -9.53878528638774e-225 1.01422958374214e-224 8.43358027998589e-226 -2.24295115264366e-225 1.42019957461279e-225 -3.27296582772058e-225 -6.13417908928967e-227 -1.51373313386429e-225 2.37446129791095e-225 0.999999999942584 -10.8493530838906
1.69324641161206e-226 -2.12449266399138e-227 3.04925090086341e-227 -6.62940844432632e-228 -3.86484970717633e-227 2.1991013874654e-227 -6.95007306847297e-228 1.76700822224544e-227 -1.31827057779937e-227 1.0051851613768e-227 0.999999999839925 -4.2465349060558
1.28904846447816e-226 -1.76134424596987e-227 2.34270042895517e-227 -3.78516800041064e-228 -2.81738721761887e-227 1.68256283954991e-227 -3.5229311847348e-228 1.31551988144343e-227 -9.83209831405456e-228 7.89668890250297e-228 1.00000000008427 -4.03266966562572
3.11325005957872e-222 5.00746196567139e-223 6.35070551211746e-223 3.11108688071705e-223 -1.81764472583415e-223 1.28340648309623e-222 1.83221523047444e-223 3.35874243571687e-223 -1.59879110369716e-223 8.7830251874093e-223 0.99999999994214 -10.7616201961518
1.26096311573654e-226 -1.8150640326142e-227 2.2510135346701e-227 -4.43432700450255e-228 -3.02116262629327e-227 1.65862536029067e-227 -5.53040390982999e-228 1.3317617378093e-227 -1.01401597129078e-227 8.04541002257155e-228 1.00000000001474 -3.34861759995865
1.3758951334565e-226 -1.72261632829668e-227 2.60283370464249e-227 -4.37905209401048e-228 -3.08954321730487e-227 1.89856251705303e-227 -6.76021559164361e-228 1.37327544790487e-227 -1.15036801528505e-227 8.89861508058228e-228 0.999999999970218 -4.21463013516359
2.06476542718099e-226 -2.84919664324614e-227 3.7035778426446e-227 -7.50471967040899e-228 -5.37529303932968e-227 2.855984902074e-227 -1.25933966483966e-227 2.12753272573896e-227 -1.88355041767444e-227 1.29159451877116e-227 0.99999999975462 -4.15413612560908
4.1313144159526e-223 8.50229289190312e-224 8.81751703700309e-224 -4.73655903536246e-225 -3.80223868235775e-224 2.48805695650875e-224 7.72552344663128e-224 4.81467211006902e-224 -1.12464355729251e-224 3.06962631573754e-224 0.999999999942411 -10.7950684494726
3.56906633462753e-224 5.00496240468905e-225 1.38934594834812e-224 -8.38128229198072e-225 -1.11369226032091e-224 5.17804471937679e-225 7.42288312162478e-225 1.37249019525989e-224 -4.79494598321126e-225 -1.56894045325982e-224 0.999999999942721 -10.8171678383053
3.53479636936284e-222 -2.87817995576321e-223 -1.29207798262424e-223 1.87730284612459e-223 -3.84079997595375e-224 4.07475095208038e-224 -5.22720013348213e-223 5.28957181251184e-223 -1.61388580087055e-223 -1.76484516905028e-224 0.999999999941932 -10.7668937970237
1.52574579265587e-226 -2.06258631470972e-227 2.71817838495209e-227 -4.90261463076048e-228 -3.49519706469578e-227 2.09759674674511e-227 -5.27431580556196e-228 1.47762873374e-227 -1.26162770212739e-227 9.35484012554009e-228 0.999999999867565 -4.28952926979922
1.52273440018627e-226 -1.99732516343364e-227 2.61119862079207e-227 -6.3695817846399e-228 -3.51915593217885e-227 2.0637794465737e-227 -6.98500482942182e-228 1.62434709034264e-227 -1.20227563624296e-227 9.96822718681083e-228 0.99999999948298 -3.57234280922788
1.43498246471641e-226 -1.81454801246445e-227 2.51417885884273e-227 -4.6559781767386e-228 -3.3116387615193e-227 1.93111516709002e-227 -6.82023101889915e-228 1.41911793761374e-227 -1.15022026852827e-227 8.93096447853079e-228 0.99999999994914 -3.57674976230962
1.46150521551756e-226 -1.75994137441735e-227 2.34499880456996e-227 -5.49429799176767e-228 -3.58690746649253e-227 1.99762641092759e-227 -6.97564098870197e-228 1.52330467412019e-227 -1.26577654477708e-227 9.56812848033489e-228 0.999999999963492 -3.34560907427982
1.9191444834176e-223 -1.773721532306e-225 -1.78046126498503e-224 -7.34038765815801e-225 -6.33799224379837e-225 -3.57473999898867e-224 5.19070958823852e-225 2.08011686641311e-224 -7.16622042750579e-224 9.85647862014498e-225 0.999999999942688 -10.8041262489725
6.82570723038133e-227 -1.1123066493961e-227 1.3100643895371e-227 -2.02120997213357e-228 -1.8333682738213e-227 9.94656472619315e-228 -4.77950318292531e-228 6.28475239211561e-228 -6.52227091643839e-228 3.97356006256296e-228 0.999999999873067 -2.59119165118196
1.27062754177906e-226 -1.86188235808516e-227 2.5129427005155e-227 -3.32114049940946e-228 -2.97062882654862e-227 1.84819921113519e-227 -6.0366004144047e-228 1.26109047610935e-227 -1.05379206001891e-227 8.85571544626345e-228 0.999999999810933 -4.21580034152868
1.85957664950433e-226 -2.13367945386717e-227 2.70870100173101e-227 -8.88906638412096e-228 -4.66566203296868e-227 2.43192796279738e-227 -9.38213044481293e-228 2.10355030705561e-227 -1.60555107942167e-227 1.17471196174175e-227 0.999999999658319 -3.5227861529458
1.74531013745005e-226 -2.53029638226942e-227 3.26916970689593e-227 -6.30898053221053e-228 -3.8292463339136e-227 2.3739728935257e-227 -5.68274048953101e-228 1.81526799176227e-227 -1.42943565213344e-227 1.04734374659884e-227 0.999999999984552 -4.20973106618658
1.78921385714247e-226 -2.36083526166462e-227 3.05633186689714e-227 -6.82699063727062e-228 -4.17026887264677e-227 2.36202174769106e-227 -7.78721649588351e-228 1.96444072075943e-227 -1.4801288253701e-227 1.15794608406837e-227 0.99999999987442 -4.160666503616
6.58572854394835e-222 -2.61230248362935e-222 2.96508754315374e-222 2.81205323156925e-223 -2.06925625354266e-222 9.07489551558587e-223 6.84475206736164e-223 1.08703566055199e-222 -5.01593494021964e-223 2.2731132379314e-223 0.999999999943016 -10.7482104912394
1.67579878031812e-226 -2.23705915068975e-227 2.90726369900046e-227 -5.58491082240473e-228 -3.83481189760293e-227 2.21103721819937e-227 -6.20678032541333e-228 1.77211515502982e-227 -1.31053217150932e-227 1.06815065018638e-227 1.00000000001402 -4.33240265245414
1.05382212189775e-223 8.04249430480092e-225 -2.19470405896159e-224 -1.919794637525e-225 -1.97273272222109e-224 1.31450652189327e-224 -7.79919464026698e-225 3.47036413652725e-224 -8.41000369491435e-225 -1.31649893870377e-224 0.999999999943595 -10.8120411988081
4.97197495681336e-223 -1.39743125018323e-226 3.72634198206178e-224 3.38554569313927e-224 -1.01772015952378e-223 1.05144595971633e-223 -4.11543145591424e-224 7.60924272547524e-224 -1.13121658811836e-223 -2.61847838850083e-223 0.999999999942641 -10.773680906228
1.12592654754196e-226 -1.49855041428909e-227 2.10767986904515e-227 -3.93063872196328e-228 -2.56450095550732e-227 1.54965866652469e-227 -4.32367253000389e-228 1.19725684063345e-227 -9.44638330424542e-228 7.36739582661595e-228 0.99999999984886 -3.37581945874884
5.95894772661199e-227 -1.00593624530666e-227 1.57062300591538e-227 -7.25535830024817e-229 -1.23213756302916e-227 8.65288136719592e-228 -9.22507615927804e-229 5.5678961631553e-228 -4.78230347483022e-228 3.67382937019154e-228 1.00000000001532 -2.63274736557176
1.73978511925459e-226 -2.23145968696651e-227 3.13337598470946e-227 -6.56510858554633e-228 -4.07539647217269e-227 2.30004505851781e-227 -6.88335133353693e-228 1.81717383013969e-227 -1.45055519152878e-227 1.07507263674045e-227 0.99999999989157 -4.15060861548311
1.07441264654653e-226 -1.23383133723374e-227 1.88629861407612e-227 -4.11528160755339e-228 -2.41955183560035e-227 1.42017948920203e-227 -3.62578456314897e-228 1.07438597262774e-227 -7.76770381786133e-228 6.69604052931284e-228 0.999999999422652 -3.56747076606073
2.46983727924344e-224 1.49505153415339e-225 -2.95680528682279e-225 -4.10702431499379e-225 -3.81739230044857e-226 2.52175902975839e-226 1.51808823430113e-225 4.60020478792414e-225 -1.2782502606122e-225 4.92000970173469e-225 0.99999999994334 -10.8347020913763
2.53716558386564e-226 -2.71227882127809e-227 3.62506924043236e-227 -1.45502402773035e-227 -6.4034707192588e-227 3.23742464295672e-227 -9.15407495662563e-228 3.14185300629329e-227 -2.16065144341798e-227 1.56647753038254e-227 0.999999999895239 -2.81196080058227
1.48281838936473e-226 -2.51687140290695e-227 3.49651562651414e-227 -1.93277703506233e-228 -3.53587656384992e-227 2.38986824655072e-227 -9.73365108582611e-228 1.26103083615467e-227 -1.34856128690836e-227 1.04298940358019e-227 0.999999999546453 -2.27724100025051
5.03419574244029e-223 1.25806499608421e-223 4.85782516783826e-225 -5.85006795282904e-224 -9.21364528805722e-224 1.38991541511849e-223 2.06097665844642e-224 -1.50395030349034e-224 3.29983092581277e-224 2.64756272966958e-224 0.999999999942436 -10.8087791956079
8.68094969053449e-227 -1.37112716921448e-227 1.56213118889431e-227 -2.83255979832021e-228 -2.03841424858603e-227 1.07648801960792e-227 -1.90770009561541e-228 7.65974491394021e-228 -6.92826288619795e-228 5.31546286463383e-228 0.999999998948516 -2.45294619975483
1.48987983326784e-226 -1.87909575742084e-227 2.59509889103659e-227 -5.27028885501111e-228 -3.33761482545701e-227 2.01013611235338e-227 -5.10622176237978e-228 1.65394748449912e-227 -1.17461208106918e-227 9.64080089090751e-228 0.999999999769909 -4.28529322511273
1.27315292267725e-226 -1.65539326467046e-227 2.09672945656844e-227 -5.14154587619319e-228 -2.98496946954239e-227 1.67904230435055e-227 -4.54248320124337e-228 1.33788622077271e-227 -1.01701630987967e-227 7.95456398667486e-228 0.999999999753425 -4.4089084913415
1.23080008581918e-226 -1.60631307821559e-227 2.13021161663136e-227 -5.39525544224604e-228 -2.93220164196004e-227 1.58639935278624e-227 -5.26799319223084e-228 1.40033398697701e-227 -1.03976561247438e-227 7.9807571554897e-228 0.999999999326071 -2.71243996813584
1.39907999352224e-226 -2.23194965894273e-227 2.81413889664999e-227 -3.86501246795205e-228 -3.9154174943173e-227 2.07515442385391e-227 -1.13248783809481e-227 1.37961188233849e-227 -1.4579529810897e-227 9.51995493841218e-228 0.999999999955966 -2.54619363594944
1.94123815109275e-223 -1.1453854996641e-223 9.1917917668689e-225 4.91681743094699e-224 -4.93257533555662e-224 4.18934124070795e-224 1.0388589336168e-224 2.71724986084026e-224 1.15965013626808e-224 5.1921175433858e-224 0.999999999942194 -10.7909058101835
1.63338318813091e-222 1.47546288392457e-223 5.15298621696646e-223 -6.19247908787483e-224 -1.08708162483377e-223 -2.10893651592021e-223 -2.52977122883221e-223 1.81699070754541e-223 -7.84912525942168e-224 -2.31299745401429e-223 0.999999999942411 -10.7879642453102
1.82072835676391e-226 -2.78126167601777e-227 3.91899852543038e-227 -3.94998492227013e-228 -4.49728920174871e-227 2.75686984217562e-227 -1.17272971901488e-227 1.6556491327221e-227 -1.66982320350363e-227 1.25236955594473e-227 0.999999999911543 -4.15454674224663
1.15365539604702e-226 -1.48283543738418e-227 2.18855031937363e-227 -3.65274170249644e-228 -2.78050797118198e-227 1.67608935919071e-227 -4.97246367109468e-228 1.24037643298905e-227 -1.00595618140967e-227 7.93525418944025e-228 0.999999999733056 -4.10982485056864
8.84696776302059e-227 -8.33646619798571e-228 1.5288754720293e-227 -4.95009639634318e-228 -1.67950450058007e-227 8.44874764156391e-228 -3.27942911995546e-228 9.22109318166579e-228 -2.56324034454733e-228 3.97635754344856e-228 1.00000000037179 -1.49593096966036
1.05415182903965e-222 -9.43171707661913e-224 -1.2357045429301e-223 -3.69785387454725e-223 -2.12281415306631e-223 8.98086462730651e-224 7.47579725344819e-224 3.40104852321387e-223 -1.04421720353133e-222 -5.61258208658758e-224 0.999999999942747 -10.7807493349559
1.26979584707953e-226 -1.65714403493405e-227 2.45386184256849e-227 -4.69188752483584e-228 -3.10427462375966e-227 1.74278323174201e-227 -4.1706252992531e-228 1.29379222030018e-227 -9.78081326976618e-228 7.68589755078081e-228 0.999999999967009 -3.4959315589803
4.18531488067345e-222 -5.31744283696614e-223 -1.35478052930126e-223 -2.59599634691661e-223 -1.0733137794531e-222 4.86559844969272e-223 9.5173230143317e-224 1.18527451608435e-223 -1.96796042140939e-223 -7.68688316595087e-224 0.999999999941874 -10.769021253556
9.16984077979443e-227 -8.29469964172653e-228 1.83988443601922e-227 -3.00418906068454e-228 -2.01630121357102e-227 1.29658205894559e-227 -5.10508089012114e-228 9.21284541629398e-228 -5.41817631791839e-228 5.30874248363951e-228 0.99999999991748 -2.43331017378624
1.22796498030431e-226 -2.04098734849668e-227 2.59742374503506e-227 -3.04598853817256e-228 -2.94406513321109e-227 1.80923909968436e-227 -7.2141945308904e-228 1.16649805003896e-227 -1.09818954074598e-227 8.11361740068681e-228 1.00000000006876 -3.41308845605934
1.13778156146513e-226 -1.54179059562038e-227 2.04031465710627e-227 -4.5344611271733e-228 -2.57918081142161e-227 1.50178802692968e-227 -3.86912712048329e-228 1.25671309977901e-227 -8.61745475219332e-228 7.33391855387448e-228 0.999999999831082 -4.26406919692085
5.25209108274439e-223 -2.92051407562908e-224 -5.22353624112252e-225 -1.24605489012977e-223 -5.12552767296423e-225 1.86230645689565e-224 -2.73622562408384e-225 2.77939392336806e-224 3.20746503748775e-224 8.19921962284245e-225 0.999999999942511 -10.802914932126
1.09668092186435e-226 -1.48261528719824e-227 2.35133639295848e-227 -2.15682686272544e-228 -2.88640872040972e-227 1.72100747759372e-227 -1.00797361107093e-227 9.40117253020945e-228 -1.0853842974261e-227 8.09622435815507e-228 0.999999999656589 -2.78581640259998
1.35168579020044e-223 3.45397567297849e-224 1.46872156610432e-224 2.02291365933781e-225 -1.88434986404579e-224 -1.04721633466364e-224 -3.2805635565337e-225 -4.97929913544096e-226 -1.7139069255269e-225 2.26525554662439e-224 0.999999999943335 -10.8177317638375
1.04861208857804e-226 -1.3814743335298e-227 2.07240592299599e-227 -2.93576110098689e-228 -2.4157224136779e-227 1.41881214051209e-227 -4.11952846717549e-228 9.76705847397065e-228 -8.79401497289859e-228 6.26772120333886e-228 0.999999999900465 -4.26419044262249
1.19552311816695e-226 -1.62456718633981e-227 2.49028650802815e-227 -3.38491452622745e-228 -2.76818733377864e-227 1.76603664731661e-227 -6.52213855741181e-228 1.08073666099958e-227 -9.97189653289078e-228 8.04950469231338e-228 0.999999999917653 -4.29133679465428
1.60944749137101e-226 -2.21831191299929e-227 2.9977127208528e-227 -5.09169700099674e-228 -3.78068458977409e-227 2.22945110278178e-227 -7.89957197529126e-228 1.64028618647042e-227 -1.40195606257838e-227 1.04237838871492e-227 0.99999999997686 -4.25738048900713
1.59651861984005e-226 -2.37258263980787e-227 2.98314534571599e-227 -5.38923793226261e-228 -3.69899263529377e-227 2.18512589422967e-227 -6.82246939151597e-228 1.65935996006321e-227 -1.3406370512294e-227 9.9529101471146e-228 0.99999999987128 -4.2296566892498
1.46811753274228e-226 -1.84095903676845e-227 2.67875414270215e-227 -4.78287324276831e-228 -3.28872562437663e-227 1.98662989834917e-227 -5.86052719115826e-228 1.55018641473017e-227 -1.24668418032545e-227 9.3228912783551e-228 0.999999999986668 -4.12065382414766
1.0965438732364e-226 -1.50706605733377e-227 2.26636989779813e-227 -3.05829401416814e-228 -2.46321824717491e-227 1.46137840427475e-227 -3.61387551945591e-228 1.06393996923972e-227 -8.91959367369494e-228 6.3241894823947e-228 1.00000000004757 -4.14771879128285
3.71680688548658e-222 -1.19004390194294e-222 1.90112163297372e-222 6.35549394085242e-223 -8.17912839518945e-223 4.13789196392253e-223 2.84288890013916e-224 5.43691029682281e-225 1.7633469134682e-223 1.98198036245354e-223 0.999999999941129 -10.785069070394
9.75728938333029e-224 -2.15077271803671e-224 3.50667049675874e-224 1.16029981921991e-224 -1.45779117787285e-224 1.49149396903749e-224 -4.05390722456461e-225 -2.30659390575986e-225 -1.18785248934314e-224 2.35229226512559e-225 0.999999999942179 -10.8046330392352
3.538788719892e-222 1.38769387154698e-223 9.15578165645821e-223 1.12211885652136e-224 -2.96354544133944e-223 1.4400781343271e-223 -2.84672767941475e-223 1.68969116086915e-223 2.90746178915228e-223 2.07824169663645e-223 0.999999999942728 -10.776707928698
1.33372433457727e-226 -1.95201122029124e-227 2.74955961030953e-227 -2.86096410379264e-228 -3.0382153393138e-227 1.94126738529003e-227 -6.27789272993643e-228 1.32805478348167e-227 -1.14006629258124e-227 9.51232492783196e-228 0.999999999796836 -4.33661685313984
2.04326803892246e-226 -2.44817818867322e-227 3.38517071062758e-227 -9.27544506416463e-228 -4.75018847005538e-227 2.60121466279503e-227 -8.73224695872232e-228 2.21053038937943e-227 -1.63385459573551e-227 1.27899697008457e-227 0.999999999945993 -4.26224306088967
1.58447950262758e-226 -1.85490078466466e-227 2.71721227103024e-227 -5.9386303144116e-228 -3.64559288259386e-227 2.18154924192172e-227 -7.41917221175716e-228 1.66412145123713e-227 -1.30070501845286e-227 1.09167263389541e-227 0.999999999753553 -4.27642772351564
1.73052346057056e-226 -2.32999484584831e-227 3.34376933525643e-227 -5.2286871604523e-228 -4.12944074540379e-227 2.43000575925018e-227 -1.00687813025447e-227 1.70542192387621e-227 -1.52074874853337e-227 1.09696757861031e-227 0.999999999875957 -4.23007079915431
4.92636083598041e-224 2.21827455315054e-224 2.92941033134534e-225 -6.80801590300071e-225 -8.82207947553076e-225 2.55776038891878e-225 -1.06724183169019e-225 3.33533774801388e-226 -2.88823718756585e-225 -2.1026798198165e-226 0.999999999942955 -10.8153989522977
1.21250512289647e-226 -1.84885631549328e-227 2.50196688383199e-227 -2.94310838641406e-228 -2.68038473864607e-227 1.70413180909855e-227 -4.58025490826497e-228 1.13332538855795e-227 -9.77270799169028e-228 7.56442118905701e-228 0.999999999959491 -4.16217279477833
4.98289821565082e-222 -3.44450315505698e-222 1.61106066137038e-222 4.25878010077082e-223 -3.39341186891303e-223 8.23467849628902e-223 -9.15429111971329e-224 -7.55248147324756e-224 -1.08785573550497e-222 7.02969689781711e-223 0.999999999942484 -10.7648957025893
1.5625547028347e-226 -2.20474729255824e-227 2.95063171969205e-227 -5.39602627888639e-228 -3.45191792101821e-227 2.03198758916317e-227 -3.88759207038079e-228 1.56175942399495e-227 -1.16533424052294e-227 9.04528867714874e-228 0.999999999870228 -4.24945858928399
1.41490325783387e-226 -1.96175038468093e-227 2.62351893457267e-227 -4.4080892754453e-228 -3.12262120379269e-227 1.86162347816687e-227 -5.47600470421116e-228 1.40383217383914e-227 -1.11123525042926e-227 8.99206858323203e-228 0.999999999984219 -4.20262554233864
1.05761568716245e-226 -1.27733471151903e-227 1.74673246892514e-227 -3.99451015455759e-228 -2.42339808330178e-227 1.42085129223099e-227 -3.9777734377012e-228 1.15809227179613e-227 -9.01008407304074e-228 7.02060815506024e-228 0.999999999870941 -4.37998951094213
4.27072488450735e-223 -1.0395548247066e-223 6.08353823801507e-225 -3.24293043015937e-223 -3.26810675300793e-223 1.03521515181444e-224 -6.81536900939054e-224 -7.1460902111016e-225 -7.81963878965113e-224 1.03950385867559e-223 0.9999999999436 -10.8013268103757
1.7826194589053e-226 -2.14717227890969e-227 2.95171629245063e-227 -7.99692765161491e-228 -4.35975711977251e-227 2.32050711003049e-227 -7.43139618633837e-228 1.95932944380124e-227 -1.48478153664766e-227 1.14695837046044e-227 0.999999999881508 -4.18206381562809
1.35224081370503e-226 -1.63060111768429e-227 2.53723389881304e-227 -4.68782937937351e-228 -3.09322094203549e-227 1.83127908494876e-227 -5.89623923209376e-228 1.25250397751294e-227 -9.7860080660308e-228 7.78192764988624e-228 0.9999999999209 -2.98561745626551
1.64684243008842e-226 -2.16668320201942e-227 2.96526601027126e-227 -5.08201539537456e-228 -3.80022419862081e-227 2.20071536550197e-227 -7.04384321447992e-228 1.72680881688319e-227 -1.39056348622389e-227 1.00952099923237e-227 0.999999999776207 -4.26143544774917
3.11154932273445e-222 -2.80961302567498e-222 5.6683595074261e-223 4.03744355059861e-223 -1.32159491896931e-222 2.25864615972431e-223 1.42691839439644e-225 3.50824799421695e-224 -1.21580864113788e-223 -9.84865704921728e-224 0.999999999941785 -10.7537518146457
7.129862470811e-227 -1.19476346965851e-227 1.50900084779792e-227 -1.36839358628191e-228 -1.6322463296643e-227 1.00578273337399e-227 -4.34971926438269e-228 6.20311086557057e-228 -5.80207594538022e-228 5.12925419369457e-228 0.999999999507174 -2.86355728828344
2.56643739251158e-222 -1.42029909688495e-223 1.77025795247313e-223 -1.52522511499438e-222 -2.01297904963024e-222 -3.38408566294097e-225 -1.25838909230298e-223 -9.73498054478215e-224 -2.80010867529987e-223 9.99568665392783e-224 0.999999999942623 -10.7604492414048
8.8094106750132e-223 1.82154416791643e-223 -9.3899276259652e-224 3.96774522191265e-224 -2.35843230422076e-223 1.22898508878035e-224 -5.64731239412073e-224 1.04911457932248e-223 -1.87442562675352e-223 -1.23587624870272e-225 0.999999999942423 -10.7969548175572
1.65031671127781e-226 -2.10035040012832e-227 2.87775682147531e-227 -5.93101942494835e-228 -3.79606920507566e-227 2.18658569647911e-227 -6.11748061471966e-228 1.80390545915076e-227 -1.32023697749498e-227 1.05967351670521e-227 0.999999999882708 -4.20802068835902
1.02967591277168e-226 -1.43301710083566e-227 1.88667325891418e-227 -3.82889664666002e-228 -2.27890773504506e-227 1.2858676448933e-227 -3.84172401767538e-228 1.11388233997122e-227 -7.61301857171192e-228 6.12428188343711e-228 0.999999999806499 -3.63802327898991
9.77332162006841e-224 3.51020934380917e-224 2.51828399548946e-224 -1.52658211538327e-224 -2.25870647617436e-225 3.16526699020725e-224 -2.8486596118821e-224 1.47356136955104e-224 1.66392496829429e-225 1.10022868609054e-224 0.999999999941864 -10.8141350607863
2.07485042379579e-226 -2.64740217424031e-227 3.46143556300796e-227 -9.28680646131934e-228 -5.19193918728204e-227 2.7752642829029e-227 -1.06529261185665e-227 2.32336814520847e-227 -1.8133301885544e-227 1.36636427907412e-227 0.999999999869327 -3.53375029284773
1.0103916178908e-223 3.82594605672845e-225 2.511763128295e-224 -4.81375594323146e-224 -4.35725115574666e-224 6.91939439556064e-225 -1.07638585704234e-224 1.93852566604623e-224 2.82918090288013e-225 1.09191244596709e-224 0.999999999942612 -10.822590441842
1.59719200880061e-226 -1.9839924964804e-227 2.74833980581925e-227 -6.08010339471338e-228 -3.83469821800587e-227 2.1287728303144e-227 -6.64546252528335e-228 1.7574229322146e-227 -1.33523757501409e-227 1.00013739017717e-227 0.999999999958684 -4.2283016920114
7.35668126527695e-227 -1.24605155616225e-227 1.84291045867675e-227 -9.65233356039449e-229 -1.83133558901484e-227 1.18890948509914e-227 -4.80214352588001e-228 7.06818217970398e-228 -6.89742455898656e-228 5.19445810688709e-228 1.00000000031796 -2.5574648702411
