2.32210853545386e-322 -2.32210853545386e-322 2.32210853545386e-322 -2.37151510003798e-322 -2.32210853545386e-322 2.32210853545386e-322 -2.42092166462211e-322 2.32210853545386e-322 -2.32210853545386e-322 2.32210853545386e-322 0.999999999788258 -10.338869383849
2.42092166462211e-322 -2.42092166462211e-322 2.42092166462211e-322 -2.42092166462211e-322 -2.42092166462211e-322 -2.42092166462211e-322 2.42092166462211e-322 2.42092166462211e-322 -2.42092166462211e-322 -2.42092166462211e-322 0.99999999995687 -17.6632532848351
2.42092166462211e-322 -2.42092166462211e-322 2.42092166462211e-322 -2.42092166462211e-322 -2.42092166462211e-322 2.42092166462211e-322 -2.42092166462211e-322 -2.42092166462211e-322 2.42092166462211e-322 2.42092166462211e-322 0.999999999957167 -17.6117338907833
1.92685601878086e-322 -1.92685601878086e-322 1.92685601878086e-322 -2.22329540628561e-322 -1.92685601878086e-322 1.92685601878086e-322 -2.17388884170148e-322 1.92685601878086e-322 -1.92685601878086e-322 1.87744945419674e-322 0.999999999800806 -10.3553841504368
3.90311860214585e-322 -4.24896455423472e-322 3.50786608547285e-322 2.86558074587923e-322 -3.90311860214585e-322 4.0019317313141e-322 -8.39911597930119e-323 3.65608577922522e-322 -4.05133829589822e-322 3.2114266979681e-322 0.999999999946418 -8.23137375385991
2.42092166462211e-322 2.42092166462211e-322 2.42092166462211e-322 -2.42092166462211e-322 2.42092166462211e-322 2.42092166462211e-322 -2.42092166462211e-322 2.42092166462211e-322 2.42092166462211e-322 2.42092166462211e-322 0.999999999957043 -17.6043210493222
-1.72922976044436e-322 1.97626258336499e-322 -1.87744945419674e-322 1.82804288961261e-322 1.97626258336499e-322 -2.02566914794911e-322 2.47032822920623e-322 -1.53160350210786e-322 1.08694442085074e-322 -8.39911597930119e-323 1.00000000021517 -8.28016073433128
-1.53160350210786e-322 1.63041663127611e-322 -1.82804288961261e-322 -1.92685601878086e-322 1.77863632502849e-322 2.07507571253324e-322 2.51973479379036e-322 4.94065645841247e-323 -2.32210853545386e-322 2.32210853545386e-322 0.999999999838624 -9.68066809611098
2.32210853545386e-322 -2.32210853545386e-322 2.32210853545386e-322 -2.12448227711736e-322 -2.32210853545386e-322 2.32210853545386e-322 -2.47032822920623e-322 2.32210853545386e-322 -2.27270197086973e-322 2.32210853545386e-322 0.999999999875596 -10.3676004317473
2.42092166462211e-322 2.42092166462211e-322 2.42092166462211e-322 2.42092166462211e-322 -2.42092166462211e-322 2.42092166462211e-322 2.42092166462211e-322 2.42092166462211e-322 2.42092166462211e-322 -2.42092166462211e-322 0.999999999957502 -17.6338451096987
2.02566914794911e-322 -2.02566914794911e-322 2.02566914794911e-322 -2.37151510003798e-322 -2.02566914794911e-322 1.97626258336499e-322 -2.32210853545386e-322 1.97626258336499e-322 -1.97626258336499e-322 1.97626258336499e-322 0.999999999935699 -10.3250221923043
2.32210853545386e-322 -2.27270197086973e-322 2.32210853545386e-322 -2.32210853545386e-322 -2.32210853545386e-322 2.27270197086973e-322 2.32210853545386e-322 2.22329540628561e-322 -2.17388884170148e-322 2.07507571253324e-322 0.999999999929958 -10.3550429178666
2.96439387504748e-322 -2.61854792295861e-322 2.71736105212686e-322 3.2114266979681e-322 -2.81617418129511e-322 2.51973479379036e-322 2.71736105212686e-322 2.32210853545386e-322 -1.23516411460312e-322 1.63041663127611e-322 0.999999999707015 -9.26615504759027
2.42092166462211e-322 -2.42092166462211e-322 2.42092166462211e-322 -2.42092166462211e-322 -2.42092166462211e-322 2.42092166462211e-322 -2.42092166462211e-322 2.42092166462211e-322 -2.42092166462211e-322 -2.42092166462211e-322 0.999999999956536 -17.6876029004167
2.42092166462211e-322 -2.42092166462211e-322 2.42092166462211e-322 2.42092166462211e-322 -2.42092166462211e-322 2.42092166462211e-322 -2.42092166462211e-322 2.42092166462211e-322 -2.42092166462211e-322 2.42092166462211e-322 0.999999999957293 -17.7164929808881
2.42092166462211e-322 -2.42092166462211e-322 2.42092166462211e-322 2.42092166462211e-322 -2.42092166462211e-322 2.42092166462211e-322 -2.42092166462211e-322 2.42092166462211e-322 -2.42092166462211e-322 2.42092166462211e-322 0.999999999957892 -17.6849355512852
2.37151510003798e-322 -2.32210853545386e-322 2.32210853545386e-322 -2.37151510003798e-322 -2.32210853545386e-322 2.32210853545386e-322 -2.12448227711736e-322 2.32210853545386e-322 -2.32210853545386e-322 2.32210853545386e-322 0.999999999942186 -10.4037421161106
2.22329540628561e-322 -2.22329540628561e-322 2.22329540628561e-322 -2.37151510003798e-322 -2.22329540628561e-322 2.22329540628561e-322 2.32210853545386e-322 2.22329540628561e-322 -2.12448227711736e-322 2.12448227711736e-322 1.00000000003133 -10.3795209752775
2.42092166462211e-322 2.42092166462211e-322 2.42092166462211e-322 2.42092166462211e-322 -2.42092166462211e-322 2.42092166462211e-322 2.42092166462211e-322 2.42092166462211e-322 -2.42092166462211e-322 2.42092166462211e-322 0.999999999957049 -17.6498353964997
1.97626258336499e-322 -1.87744945419674e-322 1.92685601878086e-322 -2.32210853545386e-322 -1.92685601878086e-322 1.82804288961261e-322 -2.32210853545386e-322 2.42092166462211e-322 -2.42092166462211e-322 2.42092166462211e-322 0.999999999992655 -9.61768836051262
2.37151510003798e-322 -2.42092166462211e-322 2.37151510003798e-322 -2.42092166462211e-322 -2.37151510003798e-322 2.37151510003798e-322 -2.32210853545386e-322 2.27270197086973e-322 -1.82804288961261e-322 1.77863632502849e-322 0.99999999996271 -10.5319905523797
2.32210853545386e-322 -2.32210853545386e-322 2.32210853545386e-322 2.42092166462211e-322 -2.32210853545386e-322 2.32210853545386e-322 2.42092166462211e-322 2.32210853545386e-322 -2.27270197086973e-322 2.32210853545386e-322 0.999999999783998 -10.3623017428605
2.42092166462211e-322 2.42092166462211e-322 2.42092166462211e-322 -2.42092166462211e-322 -2.42092166462211e-322 2.42092166462211e-322 2.42092166462211e-322 2.42092166462211e-322 -2.42092166462211e-322 2.42092166462211e-322 0.999999999956917 -17.6333927016901
2.42092166462211e-322 2.42092166462211e-322 2.42092166462211e-322 -2.42092166462211e-322 -2.42092166462211e-322 2.42092166462211e-322 2.42092166462211e-322 2.42092166462211e-322 -2.42092166462211e-322 -2.42092166462211e-322 0.999999999957239 -17.652232980888
2.42092166462211e-322 -2.42092166462211e-322 -2.42092166462211e-322 2.42092166462211e-322 -2.42092166462211e-322 2.42092166462211e-322 -2.42092166462211e-322 2.42092166462211e-322 -2.42092166462211e-322 -2.42092166462211e-322 0.999999999955873 -17.6053034957894
1.72922976044436e-322 -1.33397724377137e-322 1.63041663127611e-322 -2.47032822920623e-322 -1.63041663127611e-322 1.38338380835549e-322 -2.47032822920623e-322 1.28457067918724e-322 -1.03753785626662e-322 1.03753785626662e-322 0.99999999994165 -10.4729988853683
-1.97626258336499e-322 1.92685601878086e-322 -2.02566914794911e-322 -2.12448227711736e-322 1.97626258336499e-322 -1.53160350210786e-322 2.81617418129511e-322 -1.92685601878086e-322 -2.12448227711736e-322 2.22329540628561e-322 0.99999999974396 -9.35527798964719
-2.37151510003798e-322 2.42092166462211e-322 -1.28457067918724e-322 -1.28457067918724e-322 2.42092166462211e-322 -1.72922976044436e-322 2.47032822920623e-322 1.48219693752374e-322 -2.07507571253324e-322 2.07507571253324e-322 0.999999999859195 -9.66282634111444
-1.08694442085074e-322 -1.13635098543487e-322 6.4228533959362e-323 2.27270197086973e-322 3.45845952088873e-323 9.88131291682493e-323 -2.47032822920623e-322 4.94065645841247e-323 -1.97626258336499e-322 1.92685601878086e-322 0.999999999988451 -9.65585775354528
2.42092166462211e-322 -2.42092166462211e-322 -2.42092166462211e-322 -2.42092166462211e-322 -2.42092166462211e-322 -2.42092166462211e-322 2.42092166462211e-322 2.42092166462211e-322 -2.42092166462211e-322 2.42092166462211e-322 0.999999999956492 -17.6495444423069
-9.88131291682493e-323 1.13635098543487e-322 -1.08694442085074e-322 -2.02566914794911e-322 1.18575755001899e-322 -1.23516411460312e-322 -2.12448227711736e-322 -1.28457067918724e-322 1.67982319586024e-322 -1.43279037293961e-322 1.00000000018964 -8.56205098871415
2.47032822920623e-322 -2.42092166462211e-322 2.42092166462211e-322 2.47032822920623e-322 -2.47032822920623e-322 2.37151510003798e-322 -2.02566914794911e-322 2.37151510003798e-322 -2.07507571253324e-322 1.82804288961261e-322 0.999999999867722 -10.2492777808453
-6.4228533959362e-323 3.95252516672997e-323 -1.08694442085074e-322 -1.67982319586024e-322 8.39911597930119e-323 1.28457067918724e-322 -1.63041663127611e-322 -4.44659081257122e-323 -4.94065645841247e-323 2.37151510003798e-322 0.999999999732124 -9.59188682274186
2.42092166462211e-322 -2.42092166462211e-322 2.42092166462211e-322 -2.02566914794911e-322 -2.42092166462211e-322 2.42092166462211e-322 2.42092166462211e-322 2.42092166462211e-322 -2.42092166462211e-322 2.42092166462211e-322 0.999999999889771 -10.4020505436312
2.32210853545386e-322 -2.32210853545386e-322 2.27270197086973e-322 2.56914135837448e-322 -2.32210853545386e-322 2.27270197086973e-322 2.42092166462211e-322 2.22329540628561e-322 -1.82804288961261e-322 2.17388884170148e-322 0.999999999892885 -10.3638260998938
2.42092166462211e-322 -2.42092166462211e-322 2.42092166462211e-322 2.42092166462211e-322 -2.42092166462211e-322 2.42092166462211e-322 2.42092166462211e-322 2.42092166462211e-322 -2.42092166462211e-322 2.42092166462211e-322 0.999999999956936 -17.5526413405918
2.27270197086973e-322 -2.27270197086973e-322 2.27270197086973e-322 -2.42092166462211e-322 -2.27270197086973e-322 2.27270197086973e-322 1.92685601878086e-322 2.27270197086973e-322 -2.17388884170148e-322 2.27270197086973e-322 1.00000000003049 -10.5080470906
2.42092166462211e-322 2.42092166462211e-322 -2.42092166462211e-322 -2.42092166462211e-322 -2.42092166462211e-322 2.42092166462211e-322 -2.42092166462211e-322 2.42092166462211e-322 -2.42092166462211e-322 -2.42092166462211e-322 0.999999999956667 -17.6583198451091
2.42092166462211e-322 -2.42092166462211e-322 2.42092166462211e-322 2.42092166462211e-322 -2.42092166462211e-322 2.42092166462211e-322 -2.42092166462211e-322 2.42092166462211e-322 -2.42092166462211e-322 -2.42092166462211e-322 0.999999999957217 -17.6335247302681
2.47032822920623e-323 -1.03753785626662e-322 -2.96439387504748e-323 -2.47032822920623e-322 -1.13635098543487e-322 8.39911597930119e-323 -1.97626258336499e-322 2.27270197086973e-322 -2.22329540628561e-322 2.22329540628561e-322 0.999999999971183 -9.58710741868245
-1.48219693752374e-323 -9.88131291682493e-324 4.94065645841247e-324 -1.18575755001899e-322 -2.47032822920623e-323 -9.88131291682493e-324 -6.91691904177745e-323 -3.45845952088873e-323 6.91691904177745e-323 -7.4109846876187e-323 1.00000000001563 -8.6345450870791
2.32210853545386e-322 -2.32210853545386e-322 2.27270197086973e-322 -2.42092166462211e-322 -2.32210853545386e-322 2.27270197086973e-322 2.42092166462211e-322 2.07507571253324e-322 -1.28457067918724e-322 1.33397724377137e-322 0.999999999873791 -10.432777312811
-2.61854792295861e-322 2.61854792295861e-322 -2.61854792295861e-322 -2.12448227711736e-322 2.61854792295861e-322 -2.61854792295861e-322 1.63041663127611e-322 4.94065645841247e-323 -1.92685601878086e-322 1.92685601878086e-322 0.999999999650338 -9.58672538456474
2.42092166462211e-322 2.42092166462211e-322 -2.42092166462211e-322 -2.42092166462211e-322 -2.42092166462211e-322 2.42092166462211e-322 2.42092166462211e-322 2.42092166462211e-322 -2.42092166462211e-322 2.42092166462211e-322 0.999999999956376 -17.7190836980727
5.68175492717434e-322 -5.18768928133309e-322 5.23709584591721e-322 1.87744945419674e-322 -5.43472210425371e-322 4.89124989382834e-322 -1.97626258336499e-323 4.84184332924422e-322 -3.6066792146411e-322 3.70549234380935e-322 0.999999999876238 -9.13699842884752
4.94065645841247e-322 -4.54540394173947e-322 4.84184332924422e-322 3.45845952088873e-323 -4.99006302299659e-322 4.79243676466009e-322 2.27270197086973e-322 4.44659081257122e-322 -4.24896455423472e-322 4.10074486048235e-322 0.999999999930192 -7.99714971715478
2.42092166462211e-322 2.42092166462211e-322 2.42092166462211e-322 -2.42092166462211e-322 -2.42092166462211e-322 2.42092166462211e-322 2.42092166462211e-322 -2.32210853545386e-322 2.42092166462211e-322 2.42092166462211e-322 0.999999999957007 -17.6854791788573
-3.85371203756172e-322 4.0019317313141e-322 -3.95252516672997e-322 -1.87744945419674e-322 3.90311860214585e-322 -3.65608577922522e-322 6.4228533959362e-323 -3.45845952088873e-322 2.76676761671098e-322 -3.2114266979681e-322 0.999999999878205 -8.42742184528469
2.27270197086973e-322 -2.27270197086973e-322 2.27270197086973e-322 -2.27270197086973e-322 -2.27270197086973e-322 2.27270197086973e-322 -2.37151510003798e-322 2.27270197086973e-322 -2.27270197086973e-322 2.27270197086973e-322 0.999999999789652 -10.312368355485
2.42092166462211e-322 -2.37151510003798e-322 2.42092166462211e-322 -2.32210853545386e-322 -2.37151510003798e-322 2.37151510003798e-322 -2.42092166462211e-322 2.37151510003798e-322 -2.37151510003798e-322 2.37151510003798e-322 0.999999999789042 -10.3679596964444
7.90505033345994e-323 -1.82804288961261e-322 8.39911597930119e-323 2.81617418129511e-322 -1.92685601878086e-322 1.82804288961261e-322 -2.42092166462211e-322 1.48219693752374e-322 -1.13635098543487e-322 1.23516411460312e-322 0.999999999653978 -8.84853803743142
1.08694442085074e-322 -1.28457067918724e-322 1.33397724377137e-322 -2.27270197086973e-322 -1.38338380835549e-322 1.28457067918724e-322 1.77863632502849e-322 1.23516411460312e-322 -8.89318162514244e-323 8.89318162514244e-323 0.999999999917572 -9.03476285417309
2.42092166462211e-322 -2.42092166462211e-322 2.42092166462211e-322 2.42092166462211e-322 -2.42092166462211e-322 2.42092166462211e-322 2.42092166462211e-322 2.42092166462211e-322 2.42092166462211e-322 2.42092166462211e-322 0.99999999995638 -17.5872750800079
2.42092166462211e-322 2.42092166462211e-322 2.42092166462211e-322 -2.42092166462211e-322 -2.42092166462211e-322 -2.42092166462211e-322 -2.42092166462211e-322 2.42092166462211e-322 -2.42092166462211e-322 -2.42092166462211e-322 0.999999999957138 -17.6516737138157
2.37151510003798e-322 -2.37151510003798e-322 2.37151510003798e-322 -2.42092166462211e-322 -2.37151510003798e-322 2.37151510003798e-322 2.42092166462211e-322 2.37151510003798e-322 -2.27270197086973e-322 2.37151510003798e-322 0.999999999903084 -10.5095428453518
2.66795448754273e-322 -2.51973479379036e-322 2.61854792295861e-322 -2.12448227711736e-322 -2.66795448754273e-322 2.47032822920623e-322 -2.02566914794911e-322 2.47032822920623e-322 -2.17388884170148e-322 2.27270197086973e-322 0.999999999764048 -10.307589899571
-3.2114266979681e-322 3.0138004396316e-322 -2.91498731046335e-322 -1.48219693752374e-323 3.35964639172048e-322 -2.86558074587923e-322 7.90505033345994e-323 -3.16202013338398e-322 2.96439387504748e-322 -3.16202013338398e-322 1.00000000011481 -7.85793105148718
2.42092166462211e-322 -2.42092166462211e-322 -2.42092166462211e-322 -2.42092166462211e-322 -2.42092166462211e-322 2.42092166462211e-322 2.42092166462211e-322 2.42092166462211e-322 -2.42092166462211e-322 -2.42092166462211e-322 0.999999999956335 -17.6448712976481
1.92685601878086e-322 -2.07507571253324e-322 2.07507571253324e-322 1.28457067918724e-322 -2.07507571253324e-322 1.97626258336499e-322 2.32210853545386e-322 2.56914135837448e-322 -2.42092166462211e-322 2.47032822920623e-322 0.999999999893223 -9.66811692982705
2.42092166462211e-322 -2.42092166462211e-322 -2.42092166462211e-322 -2.42092166462211e-322 -2.42092166462211e-322 2.42092166462211e-322 2.42092166462211e-322 2.42092166462211e-322 -2.42092166462211e-322 -2.42092166462211e-322 0.999999999956868 -17.602123566329
1.97626258336499e-322 -2.02566914794911e-322 1.97626258336499e-322 -1.23516411460312e-322 -1.97626258336499e-322 2.07507571253324e-322 2.12448227711736e-322 2.02566914794911e-322 -1.87744945419674e-322 1.87744945419674e-322 0.999999999741489 -8.84876388593172
-1.13635098543487e-322 1.13635098543487e-322 -1.08694442085074e-322 2.12448227711736e-322 1.13635098543487e-322 -3.45845952088873e-323 -1.63041663127611e-322 2.22329540628561e-322 -2.32210853545386e-322 2.37151510003798e-322 0.999999999965695 -9.44620235796746
2.27270197086973e-322 -2.27270197086973e-322 2.27270197086973e-322 -2.42092166462211e-322 -2.27270197086973e-322 2.27270197086973e-322 -2.27270197086973e-322 2.27270197086973e-322 -2.12448227711736e-322 2.12448227711736e-322 0.999999999766638 -10.3488039711107
2.42092166462211e-322 -2.42092166462211e-322 -2.42092166462211e-322 -2.42092166462211e-322 -2.42092166462211e-322 2.42092166462211e-322 -2.42092166462211e-322 2.42092166462211e-322 2.42092166462211e-322 2.42092166462211e-322 0.999999999956755 -17.6174714831452
8.39911597930119e-323 -1.77863632502849e-322 1.72922976044436e-322 -1.58101006669199e-322 -1.82804288961261e-322 1.77863632502849e-322 2.37151510003798e-322 1.72922976044436e-322 -1.53160350210786e-322 1.63041663127611e-322 0.999999999679006 -8.93090699215568
2.42092166462211e-322 2.42092166462211e-322 2.42092166462211e-322 2.42092166462211e-322 -2.42092166462211e-322 -2.42092166462211e-322 -2.42092166462211e-322 2.42092166462211e-322 -2.42092166462211e-322 2.42092166462211e-322 0.999999999956975 -17.665809102343
2.61854792295861e-322 -2.61854792295861e-322 2.61854792295861e-322 2.56914135837448e-322 -2.61854792295861e-322 2.61854792295861e-322 -1.97626258336499e-322 2.61854792295861e-322 -2.47032822920623e-322 2.51973479379036e-322 0.999999999869188 -10.4343186458544
1.92685601878086e-322 -1.92685601878086e-322 1.92685601878086e-322 -2.47032822920623e-322 -1.92685601878086e-322 1.92685601878086e-322 -2.47032822920623e-322 1.92685601878086e-322 -1.87744945419674e-322 1.87744945419674e-322 0.999999999997836 -10.3551489872862
2.42092166462211e-322 -2.42092166462211e-322 2.42092166462211e-322 2.51973479379036e-322 -2.42092166462211e-322 2.42092166462211e-322 -2.27270197086973e-322 2.42092166462211e-322 -2.37151510003798e-322 2.37151510003798e-322 0.999999999952766 -10.3735306133327
2.22329540628561e-322 -2.17388884170148e-322 2.17388884170148e-322 -2.27270197086973e-322 -2.17388884170148e-322 2.17388884170148e-322 -2.37151510003798e-322 2.12448227711736e-322 -2.07507571253324e-322 2.12448227711736e-322 0.999999999903257 -10.3418011337972
2.37151510003798e-322 -2.37151510003798e-322 2.37151510003798e-322 2.42092166462211e-322 -2.37151510003798e-322 2.37151510003798e-322 -2.27270197086973e-322 2.37151510003798e-322 -2.37151510003798e-322 2.37151510003798e-322 0.999999999938107 -10.4148587410824
2.07507571253324e-322 -1.92685601878086e-322 1.97626258336499e-322 -2.42092166462211e-322 -2.07507571253324e-322 1.82804288961261e-322 -2.42092166462211e-322 1.77863632502849e-322 -1.33397724377137e-322 1.48219693752374e-322 1.00000000002955 -10.2977007919549
2.42092166462211e-322 -2.42092166462211e-322 2.42092166462211e-322 2.42092166462211e-322 -2.42092166462211e-322 2.42092166462211e-322 2.42092166462211e-322 2.42092166462211e-322 2.42092166462211e-322 2.42092166462211e-322 0.99999999995693 -17.6416508808265
2.42092166462211e-322 -2.42092166462211e-322 2.42092166462211e-322 2.42092166462211e-322 -2.42092166462211e-322 2.42092166462211e-322 -2.42092166462211e-322 -2.37151510003798e-322 -2.42092166462211e-322 2.42092166462211e-322 0.999999999956735 -17.6563787961535
2.42092166462211e-322 2.42092166462211e-322 2.42092166462211e-322 2.42092166462211e-322 -2.42092166462211e-322 2.42092166462211e-322 -2.42092166462211e-322 2.42092166462211e-322 2.42092166462211e-322 2.42092166462211e-322 0.999999999957126 -17.6429566845753
1.67982319586024e-322 -1.67982319586024e-322 1.67982319586024e-322 2.42092166462211e-322 -1.67982319586024e-322 1.67982319586024e-322 2.42092166462211e-322 1.63041663127611e-322 -1.33397724377137e-322 1.63041663127611e-322 0.999999999777961 -10.3440650925529
2.37151510003798e-322 -2.02566914794911e-322 2.27270197086973e-322 -2.37151510003798e-322 -2.37151510003798e-322 1.87744945419674e-322 -2.42092166462211e-322 2.12448227711736e-322 -1.48219693752374e-322 1.58101006669199e-322 0.99999999991459 -10.3692041541144
2.47032822920623e-322 -2.32210853545386e-322 2.42092166462211e-322 -2.42092166462211e-322 -2.47032822920623e-322 2.42092166462211e-322 -2.27270197086973e-322 2.42092166462211e-322 -1.87744945419674e-322 1.92685601878086e-322 0.999999999877811 -10.4770711619807
2.22329540628561e-322 -2.22329540628561e-322 2.22329540628561e-322 -2.47032822920623e-322 -2.22329540628561e-322 2.22329540628561e-322 -2.47032822920623e-322 2.22329540628561e-322 -2.17388884170148e-322 2.17388884170148e-322 0.99999999981071 -10.4591553822131
2.42092166462211e-322 2.42092166462211e-322 2.42092166462211e-322 -2.42092166462211e-322 -2.42092166462211e-322 2.42092166462211e-322 -2.42092166462211e-322 2.42092166462211e-322 -2.42092166462211e-322 2.42092166462211e-322 0.999999999956794 -17.6491237266853
2.37151510003798e-322 -2.37151510003798e-322 2.37151510003798e-322 -7.90505033345994e-323 -2.37151510003798e-322 2.37151510003798e-322 2.42092166462211e-322 2.37151510003798e-322 -2.37151510003798e-322 2.37151510003798e-322 0.999999999955348 -10.2923733594137
2.42092166462211e-322 -2.42092166462211e-322 2.42092166462211e-322 2.42092166462211e-322 -2.42092166462211e-322 2.42092166462211e-322 -2.42092166462211e-322 -2.42092166462211e-322 -2.42092166462211e-322 2.42092166462211e-322 0.999999999957253 -17.5737948373864
2.27270197086973e-322 -2.27270197086973e-322 2.27270197086973e-322 -2.47032822920623e-322 -2.27270197086973e-322 2.27270197086973e-322 -2.42092166462211e-322 2.27270197086973e-322 -2.27270197086973e-322 2.27270197086973e-322 0.999999999846735 -10.5223594096678
2.37151510003798e-322 -2.17388884170148e-322 2.17388884170148e-322 -2.37151510003798e-322 -2.27270197086973e-322 2.12448227711736e-322 -2.37151510003798e-322 2.17388884170148e-322 -1.53160350210786e-322 1.63041663127611e-322 0.999999999985975 -10.5030738919073
2.07507571253324e-322 -2.07507571253324e-322 2.07507571253324e-322 -2.47032822920623e-322 -2.07507571253324e-322 2.07507571253324e-322 -2.47032822920623e-322 2.07507571253324e-322 -2.07507571253324e-322 2.07507571253324e-322 0.999999999924584 -10.4430409328233
2.42092166462211e-322 -2.42092166462211e-322 2.42092166462211e-322 -2.42092166462211e-322 -2.42092166462211e-322 2.42092166462211e-322 -2.42092166462211e-322 2.42092166462211e-322 -2.42092166462211e-322 2.42092166462211e-322 0.999999999957506 -17.6881536094449
2.51973479379036e-322 -2.51973479379036e-322 2.51973479379036e-322 -2.12448227711736e-322 -2.51973479379036e-322 2.51973479379036e-322 2.47032822920623e-322 2.51973479379036e-322 -2.51973479379036e-322 2.51973479379036e-322 0.999999999841151 -10.460388458335
-1.63041663127611e-322 2.42092166462211e-322 -2.02566914794911e-322 2.12448227711736e-322 1.87744945419674e-322 -2.51973479379036e-322 -2.56914135837448e-322 -2.51973479379036e-322 -2.47032822920623e-323 -2.81617418129511e-322 1.00000000012963 -9.05497097529318
2.51973479379036e-322 -2.47032822920623e-322 2.51973479379036e-322 -1.58101006669199e-322 -2.51973479379036e-322 2.47032822920623e-322 -2.22329540628561e-322 2.42092166462211e-322 -2.42092166462211e-322 2.37151510003798e-322 0.999999999851139 -10.2694129292762
2.42092166462211e-322 -2.42092166462211e-322 2.42092166462211e-322 2.42092166462211e-322 -2.42092166462211e-322 2.42092166462211e-322 2.27270197086973e-322 2.42092166462211e-322 -2.42092166462211e-322 -2.42092166462211e-322 0.999999999957724 -17.6082958457775
-9.88131291682493e-323 1.03753785626662e-322 -1.03753785626662e-322 -2.27270197086973e-322 1.03753785626662e-322 -1.13635098543487e-322 2.42092166462211e-322 -1.18575755001899e-322 1.63041663127611e-322 -1.72922976044436e-322 0.999999999898331 -9.11218576903937
2.42092166462211e-322 -2.42092166462211e-322 2.42092166462211e-322 -2.42092166462211e-322 -2.42092166462211e-322 2.42092166462211e-322 -2.42092166462211e-322 -2.42092166462211e-322 -2.42092166462211e-322 2.42092166462211e-322 0.999999999957129 -17.6661021714962
2.42092166462211e-322 2.42092166462211e-322 -2.42092166462211e-322 2.42092166462211e-322 -2.42092166462211e-322 2.42092166462211e-322 -2.42092166462211e-322 2.42092166462211e-322 -2.42092166462211e-322 2.42092166462211e-322 0.999999999956981 -17.6310003092831
1.87744945419674e-322 -1.87744945419674e-322 1.87744945419674e-322 2.42092166462211e-322 -1.87744945419674e-322 1.87744945419674e-322 2.42092166462211e-322 1.87744945419674e-322 -1.72922976044436e-322 1.87744945419674e-322 0.999999999895539 -10.4008452623551
-2.76676761671098e-322 2.61854792295861e-322 -2.61854792295861e-322 2.17388884170148e-322 2.61854792295861e-322 -1.48219693752374e-322 2.17388884170148e-322 -1.63041663127611e-322 -1.82804288961261e-322 1.82804288961261e-322 0.999999999814024 -9.43008465358514
2.42092166462211e-322 2.42092166462211e-322 2.42092166462211e-322 -2.42092166462211e-322 -2.42092166462211e-322 2.42092166462211e-322 -2.42092166462211e-322 2.42092166462211e-322 -2.42092166462211e-322 2.42092166462211e-322 0.999999999957121 -17.6822297703731
8.89318162514244e-323 -2.32210853545386e-322 -9.88131291682493e-324 -1.92685601878086e-322 -2.27270197086973e-322 2.17388884170148e-322 2.22329540628561e-322 -7.4109846876187e-323 -2.47032822920623e-322 2.51973479379036e-322 0.999999999828925 -9.80780089497549
2.42092166462211e-322 -2.42092166462211e-322 2.42092166462211e-322 -2.42092166462211e-322 -2.42092166462211e-322 2.42092166462211e-322 -2.42092166462211e-322 2.42092166462211e-322 -2.42092166462211e-322 2.42092166462211e-322 0.999999999957241 -17.6426157496264
2.37151510003798e-322 -2.37151510003798e-322 2.37151510003798e-322 -2.42092166462211e-322 -2.37151510003798e-322 2.37151510003798e-322 -2.27270197086973e-322 2.37151510003798e-322 -2.32210853545386e-322 2.37151510003798e-322 0.999999999815143 -10.4723750249471
1.53160350210786e-322 -8.89318162514244e-323 1.13635098543487e-322 1.43279037293961e-322 -1.33397724377137e-322 5.92878775009496e-323 -9.88131291682493e-324 6.4228533959362e-323 2.47032822920623e-323 -4.44659081257122e-323 1.00000000007631 -8.79058130286043
