2.27270197086973e-322 -2.27270197086973e-322 2.27270197086973e-322 -2.32210853545386e-322 -2.27270197086973e-322 2.27270197086973e-322 -2.32210853545386e-322 2.27270197086973e-322 -2.27270197086973e-322 2.27270197086973e-322 0.999999999778308 -9.53836406772014
2.42092166462211e-322 -2.42092166462211e-322 2.42092166462211e-322 -2.42092166462211e-322 -2.42092166462211e-322 -2.42092166462211e-322 2.42092166462211e-322 2.42092166462211e-322 -2.42092166462211e-322 -2.42092166462211e-322 0.999999999955695 -16.8012412488082
2.42092166462211e-322 -2.42092166462211e-322 2.42092166462211e-322 -2.42092166462211e-322 -2.42092166462211e-322 2.42092166462211e-322 -2.42092166462211e-322 -2.42092166462211e-322 2.42092166462211e-322 2.42092166462211e-322 0.99999999995555 -16.7451169178779
2.51973479379036e-322 -2.51973479379036e-322 2.51973479379036e-322 -1.97626258336499e-322 -2.51973479379036e-322 2.51973479379036e-322 -2.17388884170148e-322 2.47032822920623e-322 -2.47032822920623e-322 2.47032822920623e-322 0.999999999730922 -9.68586090929366
2.86558074587923e-322 -3.2114266979681e-322 2.71736105212686e-322 4.24896455423472e-322 -2.86558074587923e-322 3.45845952088873e-322 2.02566914794911e-322 2.66795448754273e-322 -2.66795448754273e-322 2.66795448754273e-322 1.00000000009367 -7.12324106219095
2.42092166462211e-322 2.42092166462211e-322 2.42092166462211e-322 -2.42092166462211e-322 2.42092166462211e-322 2.42092166462211e-322 -2.42092166462211e-322 2.42092166462211e-322 2.42092166462211e-322 2.42092166462211e-322 0.999999999955274 -16.7435101154624
4.94065645841247e-324 1.48219693752374e-323 9.88131291682493e-324 2.61854792295861e-322 4.94065645841247e-324 -2.96439387504748e-323 2.32210853545386e-322 4.44659081257122e-323 -9.88131291682493e-324 -1.97626258336499e-323 1.00000000011413 -7.64855590982873
1.48219693752374e-323 -1.08694442085074e-322 4.94065645841247e-324 -7.90505033345994e-323 0 1.53160350210786e-322 2.51973479379036e-322 2.17388884170148e-322 -2.37151510003798e-322 2.37151510003798e-322 0.999999999794493 -8.86840881094061
2.02566914794911e-322 -1.87744945419674e-322 1.97626258336499e-322 -2.27270197086973e-322 -1.97626258336499e-322 1.82804288961261e-322 -2.27270197086973e-322 1.92685601878086e-322 -1.82804288961261e-322 1.82804288961261e-322 0.999999999841489 -9.52156845152349
2.42092166462211e-322 2.42092166462211e-322 2.42092166462211e-322 2.42092166462211e-322 -2.42092166462211e-322 2.42092166462211e-322 2.42092166462211e-322 2.42092166462211e-322 2.42092166462211e-322 -2.42092166462211e-322 0.999999999954854 -16.796576761733
2.02566914794911e-322 -1.87744945419674e-322 1.97626258336499e-322 -2.42092166462211e-322 -1.92685601878086e-322 1.97626258336499e-322 -2.42092166462211e-322 1.82804288961261e-322 -1.72922976044436e-322 1.77863632502849e-322 0.999999999947023 -9.62024922408405
2.42092166462211e-322 -2.27270197086973e-322 2.27270197086973e-322 -2.22329540628561e-322 -2.32210853545386e-322 2.32210853545386e-322 2.42092166462211e-322 2.27270197086973e-322 -2.22329540628561e-322 2.17388884170148e-322 0.999999999923623 -9.52994072637685
1.63041663127611e-322 -1.58101006669199e-322 1.58101006669199e-322 2.02566914794911e-322 -1.58101006669199e-322 1.48219693752374e-322 2.37151510003798e-322 1.48219693752374e-322 -1.43279037293961e-322 1.43279037293961e-322 0.999999999705221 -8.46341547512389
2.42092166462211e-322 -2.42092166462211e-322 2.42092166462211e-322 -2.42092166462211e-322 -2.42092166462211e-322 2.42092166462211e-322 -2.42092166462211e-322 2.42092166462211e-322 -2.42092166462211e-322 -2.42092166462211e-322 0.999999999955142 -16.8455423955083
2.42092166462211e-322 -2.42092166462211e-322 2.42092166462211e-322 2.42092166462211e-322 -2.42092166462211e-322 2.42092166462211e-322 -2.42092166462211e-322 2.42092166462211e-322 -2.42092166462211e-322 2.42092166462211e-322 0.999999999955528 -16.8616073813102
2.42092166462211e-322 -2.42092166462211e-322 2.42092166462211e-322 2.42092166462211e-322 -2.42092166462211e-322 2.42092166462211e-322 -2.42092166462211e-322 2.42092166462211e-322 -2.42092166462211e-322 2.42092166462211e-322 0.999999999954396 -16.8403937326933
2.42092166462211e-322 -2.42092166462211e-322 2.42092166462211e-322 -2.27270197086973e-322 -2.42092166462211e-322 2.42092166462211e-322 -2.17388884170148e-322 2.42092166462211e-322 -2.42092166462211e-322 2.37151510003798e-322 0.999999999901709 -9.592071254591
2.51973479379036e-322 -2.12448227711736e-322 2.32210853545386e-322 -2.02566914794911e-322 -2.27270197086973e-322 2.17388884170148e-322 2.47032822920623e-322 2.22329540628561e-322 -1.53160350210786e-322 1.58101006669199e-322 1.00000000004228 -9.56927905180233
2.42092166462211e-322 2.42092166462211e-322 2.42092166462211e-322 2.42092166462211e-322 -2.42092166462211e-322 2.42092166462211e-322 2.42092166462211e-322 2.42092166462211e-322 -2.42092166462211e-322 2.42092166462211e-322 0.999999999955779 -16.7832705158064
1.87744945419674e-322 -1.63041663127611e-322 1.63041663127611e-322 -1.87744945419674e-322 -1.72922976044436e-322 1.48219693752374e-322 -1.43279037293961e-322 2.22329540628561e-322 -2.27270197086973e-322 2.27270197086973e-322 0.999999999953862 -8.99788267483348
2.27270197086973e-322 -2.17388884170148e-322 2.17388884170148e-322 -2.42092166462211e-322 -2.22329540628561e-322 2.02566914794911e-322 -2.37151510003798e-322 2.07507571253324e-322 -1.48219693752374e-322 1.53160350210786e-322 0.999999999969999 -9.654282297161
1.38338380835549e-322 -1.33397724377137e-322 1.38338380835549e-322 2.42092166462211e-322 -1.33397724377137e-322 1.38338380835549e-322 2.42092166462211e-322 1.33397724377137e-322 -7.4109846876187e-323 8.89318162514244e-323 0.999999999796383 -9.5864938400868
2.42092166462211e-322 2.42092166462211e-322 2.42092166462211e-322 -2.42092166462211e-322 -2.42092166462211e-322 2.42092166462211e-322 2.42092166462211e-322 2.42092166462211e-322 -2.42092166462211e-322 2.42092166462211e-322 0.999999999954778 -16.7920809775873
2.42092166462211e-322 2.42092166462211e-322 2.42092166462211e-322 -2.42092166462211e-322 -2.42092166462211e-322 2.42092166462211e-322 2.42092166462211e-322 2.42092166462211e-322 -2.42092166462211e-322 -2.42092166462211e-322 0.99999999995543 -16.794670858487
2.42092166462211e-322 -2.42092166462211e-322 -2.42092166462211e-322 2.42092166462211e-322 -2.42092166462211e-322 2.42092166462211e-322 -2.42092166462211e-322 2.42092166462211e-322 -2.42092166462211e-322 -2.42092166462211e-322 0.999999999955555 -16.7523260494683
6.91691904177745e-323 -6.4228533959362e-323 6.4228533959362e-323 -2.37151510003798e-322 -6.91691904177745e-323 6.4228533959362e-323 -2.32210853545386e-322 6.4228533959362e-323 -4.94065645841247e-323 4.44659081257122e-323 1.00000000000576 -9.51218578051465
-2.37151510003798e-322 1.28457067918724e-322 -2.56914135837448e-322 -2.47032822920623e-322 2.51973479379036e-322 1.58101006669199e-322 2.32210853545386e-322 -1.97626258336499e-322 -1.92685601878086e-322 1.97626258336499e-322 0.999999999676836 -8.85291957271437
-4.94065645841247e-324 -7.4109846876187e-323 2.02566914794911e-322 -1.38338380835549e-322 5.43472210425371e-323 1.97626258336499e-322 2.42092166462211e-322 2.12448227711736e-322 -2.27270197086973e-322 2.32210853545386e-322 0.999999999819064 -8.78136258765602
-2.51973479379036e-322 -1.72922976044436e-322 4.44659081257122e-323 2.02566914794911e-322 2.96439387504748e-323 1.72922976044436e-322 -2.47032822920623e-322 1.97626258336499e-323 -1.77863632502849e-322 1.58101006669199e-322 1.00000000008173 -8.82208653024802
2.42092166462211e-322 -2.42092166462211e-322 -2.42092166462211e-322 -2.42092166462211e-322 -2.42092166462211e-322 -2.42092166462211e-322 2.42092166462211e-322 2.42092166462211e-322 -2.42092166462211e-322 2.42092166462211e-322 0.999999999955491 -16.7720150716441
5.33590897508546e-322 -5.03946958758071e-322 5.03946958758071e-322 -1.03753785626662e-322 -5.13828271674896e-322 5.03946958758071e-322 3.11261356879985e-322 4.74303020007597e-322 -3.95252516672997e-322 4.10074486048235e-322 0.999999999725925 -8.25131546104711
2.37151510003798e-322 -2.37151510003798e-322 2.37151510003798e-322 2.42092166462211e-322 -2.37151510003798e-322 2.37151510003798e-322 -2.17388884170148e-322 2.37151510003798e-322 -2.32210853545386e-322 2.37151510003798e-322 0.999999999805626 -9.66115516783583
-2.32210853545386e-322 -9.88131291682493e-324 -1.97626258336499e-322 -2.27270197086973e-322 1.82804288961261e-322 9.38724727098368e-323 -2.22329540628561e-322 4.94065645841247e-324 5.92878775009496e-323 1.72922976044436e-322 0.999999999803101 -8.64381760785565
2.42092166462211e-322 -2.07507571253324e-322 2.22329540628561e-322 -2.27270197086973e-322 -2.42092166462211e-322 1.82804288961261e-322 2.37151510003798e-322 1.82804288961261e-322 -1.08694442085074e-322 1.08694442085074e-322 0.999999999954884 -9.44525453355912
2.32210853545386e-322 -2.12448227711736e-322 2.22329540628561e-322 2.42092166462211e-322 -2.27270197086973e-322 2.07507571253324e-322 2.42092166462211e-322 2.12448227711736e-322 -1.77863632502849e-322 1.58101006669199e-322 0.999999999922074 -9.59943381241847
2.42092166462211e-322 -2.42092166462211e-322 2.42092166462211e-322 2.42092166462211e-322 -2.42092166462211e-322 2.42092166462211e-322 2.42092166462211e-322 2.42092166462211e-322 -2.42092166462211e-322 2.42092166462211e-322 0.999999999954912 -16.701930964191
1.92685601878086e-322 -1.87744945419674e-322 1.87744945419674e-322 -2.42092166462211e-322 -1.87744945419674e-322 1.87744945419674e-322 2.42092166462211e-322 1.87744945419674e-322 -1.77863632502849e-322 1.77863632502849e-322 1.00000000004841 -9.57925825430569
2.42092166462211e-322 2.42092166462211e-322 -2.42092166462211e-322 -2.42092166462211e-322 -2.42092166462211e-322 2.42092166462211e-322 -2.42092166462211e-322 2.42092166462211e-322 -2.42092166462211e-322 -2.42092166462211e-322 0.999999999955808 -16.8130530466374
2.42092166462211e-322 -2.42092166462211e-322 2.42092166462211e-322 2.42092166462211e-322 -2.42092166462211e-322 2.42092166462211e-322 -2.42092166462211e-322 2.42092166462211e-322 -2.42092166462211e-322 -2.42092166462211e-322 0.999999999955437 -16.779688766675
2.27270197086973e-322 -2.37151510003798e-322 2.22329540628561e-322 -3.95252516672997e-323 -2.51973479379036e-322 2.22329540628561e-322 -3.95252516672997e-323 3.75489890839347e-322 -3.31023982713635e-322 3.2114266979681e-322 0.999999999882868 -8.76544417102265
1.43279037293961e-322 -1.58101006669199e-322 1.63041663127611e-322 -1.53160350210786e-322 -1.63041663127611e-322 1.38338380835549e-322 -1.38338380835549e-322 1.33397724377137e-322 -8.89318162514244e-323 6.4228533959362e-323 0.99999999993002 -7.80760617471185
1.77863632502849e-322 -1.77863632502849e-322 1.82804288961261e-322 -2.37151510003798e-322 -1.77863632502849e-322 1.77863632502849e-322 2.37151510003798e-322 1.82804288961261e-322 -1.72922976044436e-322 1.67982319586024e-322 0.999999999874499 -9.62121567365185
-2.66795448754273e-322 2.66795448754273e-322 -2.66795448754273e-322 -2.17388884170148e-322 2.66795448754273e-322 -2.71736105212686e-322 1.63041663127611e-322 -1.23516411460312e-322 -1.63041663127611e-322 1.72922976044436e-322 0.999999999706451 -8.62467661838325
2.42092166462211e-322 2.42092166462211e-322 -2.42092166462211e-322 -2.42092166462211e-322 -2.42092166462211e-322 2.42092166462211e-322 2.42092166462211e-322 2.42092166462211e-322 -2.42092166462211e-322 2.42092166462211e-322 0.999999999956118 -16.8388925644247
3.95252516672997e-323 4.94065645841247e-324 1.97626258336499e-323 -2.37151510003798e-322 -1.48219693752374e-323 -1.48219693752374e-323 -1.23516411460312e-322 -1.97626258336499e-323 8.89318162514244e-323 -7.4109846876187e-323 1.00000000009728 -8.02557574444174
4.74303020007597e-322 -5.13828271674896e-322 4.79243676466009e-322 3.65608577922522e-322 -5.13828271674896e-322 4.79243676466009e-322 3.11261356879985e-322 4.79243676466009e-322 -4.24896455423472e-322 4.10074486048235e-322 0.999999999711402 -7.74745035820268
2.42092166462211e-322 2.42092166462211e-322 2.42092166462211e-322 -2.42092166462211e-322 -2.42092166462211e-322 2.42092166462211e-322 2.42092166462211e-322 -2.32210853545386e-322 2.42092166462211e-322 2.42092166462211e-322 0.999999999955374 -16.8280729387813
-1.97626258336499e-323 5.43472210425371e-323 -3.95252516672997e-323 -1.97626258336499e-323 3.95252516672997e-323 -4.94065645841247e-323 3.35964639172048e-322 -1.97626258336499e-323 2.47032822920623e-323 -3.45845952088873e-323 0.999999999555476 -7.81700411941068
2.37151510003798e-322 -2.37151510003798e-322 2.37151510003798e-322 -2.17388884170148e-322 -2.37151510003798e-322 2.37151510003798e-322 -2.07507571253324e-322 2.37151510003798e-322 -2.37151510003798e-322 2.37151510003798e-322 0.999999999746451 -9.62459121033643
2.07507571253324e-322 -2.02566914794911e-322 2.02566914794911e-322 -2.42092166462211e-322 -2.07507571253324e-322 2.02566914794911e-322 -2.42092166462211e-322 2.02566914794911e-322 -1.43279037293961e-322 1.82804288961261e-322 0.999999999803744 -9.49570813136372
2.96439387504748e-323 -1.08694442085074e-322 7.90505033345994e-323 2.42092166462211e-322 -1.13635098543487e-322 1.13635098543487e-322 -3.0138004396316e-322 9.88131291682493e-323 -8.39911597930119e-323 9.38724727098368e-323 0.999999999754897 -7.75158077018754
-3.45845952088873e-323 -4.94065645841247e-323 4.94065645841247e-323 -2.56914135837448e-322 -5.43472210425371e-323 3.45845952088873e-323 3.95252516672997e-323 3.95252516672997e-323 0 4.94065645841247e-324 0.999999999980646 -7.75337667153555
2.42092166462211e-322 -2.42092166462211e-322 2.42092166462211e-322 2.42092166462211e-322 -2.42092166462211e-322 2.42092166462211e-322 2.42092166462211e-322 2.42092166462211e-322 2.42092166462211e-322 2.42092166462211e-322 0.999999999954793 -16.7306376386747
2.42092166462211e-322 2.42092166462211e-322 2.42092166462211e-322 -2.42092166462211e-322 -2.42092166462211e-322 -2.42092166462211e-322 -2.42092166462211e-322 2.42092166462211e-322 -2.42092166462211e-322 -2.42092166462211e-322 0.999999999955473 -16.7813884617248
1.82804288961261e-322 -1.77863632502849e-322 1.82804288961261e-322 -2.47032822920623e-322 -1.82804288961261e-322 1.72922976044436e-322 2.42092166462211e-322 1.72922976044436e-322 -1.43279037293961e-322 1.43279037293961e-322 0.999999999957003 -9.35855764848203
2.51973479379036e-322 -2.51973479379036e-322 2.51973479379036e-322 -2.27270197086973e-322 -2.51973479379036e-322 2.51973479379036e-322 -1.77863632502849e-322 2.47032822920623e-322 -2.47032822920623e-322 2.47032822920623e-322 0.999999999712093 -9.62749256398003
5.48412866883784e-322 -5.18768928133309e-322 5.68175492717434e-322 5.73116149175846e-322 -5.23709584591721e-322 5.28650241050134e-322 -3.16202013338398e-322 4.94065645841247e-322 -5.08887615216484e-322 4.54540394173947e-322 1.00000000023094 -7.04545373767551
2.42092166462211e-322 -2.42092166462211e-322 -2.42092166462211e-322 -2.42092166462211e-322 -2.42092166462211e-322 2.42092166462211e-322 2.42092166462211e-322 2.42092166462211e-322 -2.42092166462211e-322 -2.42092166462211e-322 0.999999999955325 -16.8030460203681
-1.53160350210786e-322 4.44659081257122e-323 -2.96439387504748e-323 9.88131291682493e-323 2.96439387504748e-323 -8.89318162514244e-323 9.38724727098368e-323 2.42092166462211e-322 -2.37151510003798e-322 2.32210853545386e-322 0.999999999950563 -8.79685192279933
2.42092166462211e-322 -2.42092166462211e-322 -2.42092166462211e-322 -2.42092166462211e-322 -2.42092166462211e-322 2.42092166462211e-322 2.42092166462211e-322 2.42092166462211e-322 -2.42092166462211e-322 -2.42092166462211e-322 0.999999999954476 -16.7230781623427
-3.06320700421573e-322 2.56914135837448e-322 -2.56914135837448e-322 -2.42092166462211e-322 2.56914135837448e-322 -2.56914135837448e-322 -9.88131291682493e-324 -2.56914135837448e-322 2.86558074587923e-322 -2.81617418129511e-322 0.999999999911506 -7.60435054511546
1.18575755001899e-322 -1.87744945419674e-322 1.87744945419674e-322 2.22329540628561e-322 -1.87744945419674e-322 1.92685601878086e-322 -2.27270197086973e-322 2.12448227711736e-322 -2.12448227711736e-322 2.12448227711736e-322 0.999999999961947 -8.80534842556818
2.47032822920623e-322 -2.47032822920623e-322 2.47032822920623e-322 -2.22329540628561e-322 -2.47032822920623e-322 2.47032822920623e-322 -2.17388884170148e-322 2.47032822920623e-322 -2.47032822920623e-322 2.47032822920623e-322 0.999999999747824 -9.54888765628185
2.42092166462211e-322 -2.42092166462211e-322 -2.42092166462211e-322 -2.42092166462211e-322 -2.42092166462211e-322 2.42092166462211e-322 -2.42092166462211e-322 2.42092166462211e-322 2.42092166462211e-322 2.42092166462211e-322 0.999999999955317 -16.7754924114166
2.22329540628561e-322 -3.65608577922522e-322 3.26083326255223e-322 1.08694442085074e-322 -3.8043054729776e-322 3.50786608547285e-322 6.4228533959362e-322 3.4090529563046e-322 -2.76676761671098e-322 2.91498731046335e-322 0.99999999933515 -8.14998435254821
2.42092166462211e-322 2.42092166462211e-322 2.42092166462211e-322 2.42092166462211e-322 -2.42092166462211e-322 -2.42092166462211e-322 -2.42092166462211e-322 2.42092166462211e-322 -2.42092166462211e-322 2.42092166462211e-322 0.99999999995576 -16.7862666682689
2.37151510003798e-322 -2.37151510003798e-322 2.37151510003798e-322 2.42092166462211e-322 -2.37151510003798e-322 2.37151510003798e-322 -2.32210853545386e-322 2.37151510003798e-322 -2.37151510003798e-322 2.37151510003798e-322 0.999999999828164 -9.61095554103465
2.37151510003798e-322 -2.37151510003798e-322 2.37151510003798e-322 -2.42092166462211e-322 -2.37151510003798e-322 2.37151510003798e-322 -2.42092166462211e-322 2.27270197086973e-322 -2.07507571253324e-322 2.07507571253324e-322 0.999999999964963 -9.63501001821603
2.42092166462211e-322 -2.42092166462211e-322 2.42092166462211e-322 2.42092166462211e-322 -2.42092166462211e-322 2.42092166462211e-322 -2.37151510003798e-322 2.42092166462211e-322 -2.07507571253324e-322 2.32210853545386e-322 0.99999999996894 -9.49602738733288
2.47032822920623e-322 -2.47032822920623e-322 2.47032822920623e-322 -2.32210853545386e-322 -2.47032822920623e-322 2.47032822920623e-322 -2.37151510003798e-322 2.47032822920623e-322 -2.27270197086973e-322 2.27270197086973e-322 0.999999999904282 -9.51313687771295
1.43279037293961e-322 -1.43279037293961e-322 1.43279037293961e-322 2.42092166462211e-322 -1.43279037293961e-322 1.43279037293961e-322 -2.47032822920623e-322 1.38338380835549e-322 -1.33397724377137e-322 1.23516411460312e-322 0.999999999998597 -9.51964188038993
1.53160350210786e-322 -1.43279037293961e-322 1.48219693752374e-322 -2.47032822920623e-322 -1.48219693752374e-322 1.38338380835549e-322 -2.47032822920623e-322 1.43279037293961e-322 -9.38724727098368e-323 1.13635098543487e-322 1.00000000003388 -9.55749715098825
2.42092166462211e-322 -2.42092166462211e-322 2.42092166462211e-322 2.42092166462211e-322 -2.42092166462211e-322 2.42092166462211e-322 2.42092166462211e-322 2.42092166462211e-322 2.42092166462211e-322 2.42092166462211e-322 0.999999999955682 -16.7851120908575
2.42092166462211e-322 -2.42092166462211e-322 2.42092166462211e-322 2.42092166462211e-322 -2.42092166462211e-322 2.42092166462211e-322 -2.42092166462211e-322 -2.37151510003798e-322 -2.42092166462211e-322 2.42092166462211e-322 0.999999999955621 -16.7934145729588
2.42092166462211e-322 2.42092166462211e-322 2.42092166462211e-322 2.42092166462211e-322 -2.42092166462211e-322 2.42092166462211e-322 -2.42092166462211e-322 2.42092166462211e-322 2.42092166462211e-322 2.42092166462211e-322 0.999999999955628 -16.789665281915
2.51973479379036e-322 -2.51973479379036e-322 2.51973479379036e-322 2.42092166462211e-322 -2.51973479379036e-322 2.51973479379036e-322 2.42092166462211e-322 2.47032822920623e-322 -2.02566914794911e-322 1.77863632502849e-322 0.9999999997782 -9.62420900320178
2.32210853545386e-322 -2.32210853545386e-322 2.32210853545386e-322 -2.42092166462211e-322 -2.32210853545386e-322 2.32210853545386e-322 -2.22329540628561e-322 2.32210853545386e-322 -1.77863632502849e-322 1.87744945419674e-322 0.99999999984941 -9.46096403018872
2.27270197086973e-322 -2.27270197086973e-322 2.27270197086973e-322 -2.47032822920623e-322 -2.27270197086973e-322 2.27270197086973e-322 -2.47032822920623e-322 2.27270197086973e-322 -2.12448227711736e-322 2.02566914794911e-322 0.999999999851209 -9.51533078786892
2.22329540628561e-322 -2.22329540628561e-322 2.22329540628561e-322 -2.47032822920623e-322 -2.22329540628561e-322 2.22329540628561e-322 -2.47032822920623e-322 2.22329540628561e-322 -2.12448227711736e-322 2.12448227711736e-322 0.999999999809514 -9.67652669452952
2.42092166462211e-322 2.42092166462211e-322 2.42092166462211e-322 -2.42092166462211e-322 -2.42092166462211e-322 2.42092166462211e-322 -2.42092166462211e-322 2.42092166462211e-322 -2.42092166462211e-322 2.42092166462211e-322 0.999999999955815 -16.7993686238447
2.42092166462211e-322 -2.42092166462211e-322 2.42092166462211e-322 3.45845952088873e-323 -2.42092166462211e-322 2.42092166462211e-322 2.42092166462211e-322 2.42092166462211e-322 -2.42092166462211e-322 2.42092166462211e-322 0.999999999959351 -9.45821711628919
2.42092166462211e-322 -2.42092166462211e-322 2.42092166462211e-322 2.42092166462211e-322 -2.42092166462211e-322 2.42092166462211e-322 -2.42092166462211e-322 -2.42092166462211e-322 -2.42092166462211e-322 2.42092166462211e-322 0.99999999995501 -16.7269799821966
2.27270197086973e-322 -2.27270197086973e-322 2.27270197086973e-322 -2.42092166462211e-322 -2.27270197086973e-322 2.27270197086973e-322 -2.47032822920623e-322 2.27270197086973e-322 -2.27270197086973e-322 2.27270197086973e-322 0.999999999834949 -9.58377471810689
2.32210853545386e-322 -2.32210853545386e-322 2.32210853545386e-322 -2.32210853545386e-322 -2.32210853545386e-322 2.27270197086973e-322 -2.37151510003798e-322 2.22329540628561e-322 -2.17388884170148e-322 2.17388884170148e-322 1.00000000000098 -9.50581772648111
2.17388884170148e-322 -2.07507571253324e-322 2.17388884170148e-322 -2.47032822920623e-322 -2.17388884170148e-322 1.97626258336499e-322 -2.47032822920623e-322 1.92685601878086e-322 -1.33397724377137e-322 1.63041663127611e-322 0.999999999938465 -9.60440792751472
2.42092166462211e-322 -2.42092166462211e-322 2.42092166462211e-322 -2.42092166462211e-322 -2.42092166462211e-322 2.42092166462211e-322 -2.42092166462211e-322 2.42092166462211e-322 -2.42092166462211e-322 2.42092166462211e-322 0.999999999954934 -16.8250198500216
2.42092166462211e-322 -2.42092166462211e-322 2.42092166462211e-322 -2.32210853545386e-322 -2.42092166462211e-322 2.42092166462211e-322 2.42092166462211e-322 2.42092166462211e-322 -1.97626258336499e-322 1.92685601878086e-322 0.99999999985075 -9.56065462394659
-1.33397724377137e-322 2.47032822920623e-322 -2.07507571253324e-322 2.42092166462211e-322 2.02566914794911e-322 -2.61854792295861e-322 -2.56914135837448e-322 -2.61854792295861e-322 -3.45845952088873e-323 -2.76676761671098e-322 1.00000000018426 -8.39856110366248
2.47032822920623e-322 -2.47032822920623e-322 2.47032822920623e-322 -4.44659081257122e-323 -2.47032822920623e-322 2.47032822920623e-322 -2.17388884170148e-322 2.47032822920623e-322 -1.97626258336499e-322 2.37151510003798e-322 0.99999999984778 -9.52023372216819
2.42092166462211e-322 -2.42092166462211e-322 2.42092166462211e-322 2.42092166462211e-322 -2.42092166462211e-322 2.42092166462211e-322 2.27270197086973e-322 2.42092166462211e-322 -2.42092166462211e-322 -2.42092166462211e-322 0.999999999955003 -16.7500986886796
1.87744945419674e-322 -1.48219693752374e-322 1.63041663127611e-322 -1.23516411460312e-322 -1.67982319586024e-322 1.18575755001899e-322 2.42092166462211e-322 1.18575755001899e-322 -7.4109846876187e-323 4.94065645841247e-323 0.999999999663307 -8.28853570028598
2.42092166462211e-322 -2.42092166462211e-322 2.42092166462211e-322 -2.42092166462211e-322 -2.42092166462211e-322 2.42092166462211e-322 -2.42092166462211e-322 -2.42092166462211e-322 -2.42092166462211e-322 2.42092166462211e-322 0.999999999955113 -16.8030930941256
2.42092166462211e-322 2.42092166462211e-322 -2.42092166462211e-322 2.42092166462211e-322 -2.42092166462211e-322 2.42092166462211e-322 -2.42092166462211e-322 2.42092166462211e-322 -2.42092166462211e-322 2.42092166462211e-322 0.999999999955372 -16.7899195274523
2.56914135837448e-322 -2.56914135837448e-322 2.56914135837448e-322 2.42092166462211e-322 -2.56914135837448e-322 2.56914135837448e-322 2.42092166462211e-322 2.56914135837448e-322 -2.42092166462211e-322 2.42092166462211e-322 0.999999999894445 -9.43230283251342
4.94065645841247e-324 5.92878775009496e-323 -1.97626258336499e-323 2.47032822920623e-322 9.88131291682493e-324 9.88131291682493e-323 2.47032822920623e-322 2.61854792295861e-322 -2.71736105212686e-322 2.66795448754273e-322 0.99999999967701 -8.8878223066218
2.42092166462211e-322 2.42092166462211e-322 2.42092166462211e-322 -2.42092166462211e-322 -2.42092166462211e-322 2.42092166462211e-322 -2.42092166462211e-322 2.42092166462211e-322 -2.42092166462211e-322 2.42092166462211e-322 0.999999999954815 -16.8242214133898
1.72922976044436e-322 -1.43279037293961e-322 1.58101006669199e-322 -2.22329540628561e-322 -1.53160350210786e-322 1.38338380835549e-322 2.32210853545386e-322 1.28457067918724e-322 -2.12448227711736e-322 2.22329540628561e-322 0.999999999936067 -8.88515849968756
2.42092166462211e-322 -2.42092166462211e-322 2.42092166462211e-322 -2.42092166462211e-322 -2.42092166462211e-322 2.42092166462211e-322 -2.42092166462211e-322 2.42092166462211e-322 -2.42092166462211e-322 2.42092166462211e-322 0.999999999955122 -16.7857030987273
2.22329540628561e-322 -2.22329540628561e-322 2.22329540628561e-322 -2.12448227711736e-322 -2.22329540628561e-322 2.12448227711736e-322 -2.22329540628561e-322 2.22329540628561e-322 -2.12448227711736e-322 2.17388884170148e-322 0.999999999870314 -9.53677491698192
1.28457067918724e-322 -1.13635098543487e-322 1.18575755001899e-322 1.63041663127611e-322 -1.28457067918724e-322 1.03753785626662e-322 2.02566914794911e-322 9.88131291682493e-323 -7.4109846876187e-323 7.4109846876187e-323 0.999999999977428 -8.09062822500127
