1.73065734341994e-160 -2.00973866827761e-161 2.89323082015777e-161 -8.54468710739792e-162 -3.93891190884529e-161 2.10152383775537e-161 -9.8629121724881e-162 1.99422409926393e-161 -1.3597381886016e-161 8.89861400305882e-162 0.999999999694708 -2.21226391462827
8.13808104587797e-157 -4.17898446973898e-157 8.19823598248925e-158 -6.42352596623711e-158 9.59440149089127e-159 -1.20210375897365e-157 5.45252950359995e-158 -3.64622246052465e-158 -1.15544127644428e-157 -3.36450915371604e-158 0.999999999936317 -8.22438229268697
3.68275927419312e-157 -1.49409621034207e-158 9.00680844373506e-158 -2.36513775091788e-158 -1.22769086342417e-158 4.74299608064152e-159 -1.14005778620522e-158 -1.875861883656e-158 1.37662030176726e-158 1.58008747432059e-158 0.999999999935778 -8.22566683699532
2.18451355963398e-160 -3.00742682770987e-161 4.16570993009871e-161 -7.36187462276709e-162 -4.72880934808941e-161 2.51539732556647e-161 -1.10044569532056e-161 2.1146075033929e-161 -1.60351196814139e-161 1.0230235850993e-161 0.999999999644391 -2.20782570473141
2.19680328004783e-160 -1.66712686830175e-161 3.52289097402036e-161 -8.54394692145039e-162 -3.65813951210798e-161 3.56756718276689e-161 -1.0552168226972e-161 2.04271890095764e-161 -2.31087480694898e-161 1.60782719092632e-161 0.999999999653395 0.0807876952305382
2.07309584637807e-156 3.07168301223653e-157 5.99759919029461e-157 -4.37367469911618e-157 3.02547740937804e-157 7.47797611161972e-157 -7.82866161409882e-157 4.50627163315994e-157 1.06070968689508e-157 6.43459243053752e-157 0.999999999935152 -8.18205317909193
8.17124661050809e-161 -5.11445876819216e-162 1.29859421093903e-161 -1.72816021545729e-162 -1.6462836287663e-161 1.43891690213022e-161 -2.22460130054881e-162 8.47452878805134e-162 -7.95976323757154e-162 6.67786121132013e-162 1.00000000025375 -0.0654471549279407
1.85200385459563e-160 -2.69267008891928e-161 4.04040624288961e-161 -7.95759636984304e-162 -3.98449799785466e-161 2.37606203322446e-161 -6.61574534463228e-162 1.83507755342222e-161 -1.51185160942076e-161 9.03202294977748e-162 0.999999999777428 -1.43947892201804
1.61209480422467e-160 -1.75894019592554e-161 2.67896943169209e-161 -5.29787724998347e-162 -3.18609533879531e-161 1.9814408892426e-161 -7.34676959560332e-162 1.588009187116e-161 -1.32782768693993e-161 8.01438860785559e-162 0.999999999816224 -2.16966173759343
3.15799947169798e-157 2.64770380407192e-158 3.60370862414171e-158 5.5222064936038e-158 -8.83977871391987e-158 1.01749456419849e-158 1.48038951313709e-157 5.5475744580548e-158 3.65121318634729e-159 -1.62249422959879e-158 0.999999999937214 -8.21230876018505
1.82348651553715e-160 -2.56351261448383e-161 3.58543857198367e-161 -4.526790992725e-162 -3.73285779166431e-161 2.25755621284962e-161 -7.50163962534182e-162 1.67959916818819e-161 -1.25393613954565e-161 8.97299062287557e-162 0.999999999764813 -2.24015038758914
1.93862834473001e-160 -3.07691948575616e-161 3.68711838509971e-161 -6.24367602675038e-162 -4.22371898156537e-161 2.46818244719793e-161 -8.79556897276358e-162 1.89394592900245e-161 -1.62075746626e-161 1.08562898707662e-161 0.999999999876729 -2.22110711051424
1.47902891752412e-160 -2.34107933599582e-161 3.42189373896255e-161 -1.33329049452414e-162 -2.88936826814441e-161 1.99269553538546e-161 -2.85590486937699e-162 1.21230386710796e-161 -1.04253578139391e-161 7.54764005543988e-162 0.999999999706644 -0.83106281168629
1.90565197539002e-156 -5.56296990522735e-157 7.31560301000567e-157 -1.39500675125293e-157 6.78509491623907e-158 3.6069526216815e-157 -3.28102068984472e-157 5.48297441756926e-157 -5.55925762750048e-157 -4.84729113576602e-157 0.999999999936109 -8.1993038335009
5.24109513158307e-158 8.56728150322149e-159 -1.07320583325599e-159 1.05407069691857e-158 -9.38288116848355e-159 5.15501633195474e-159 -1.56258631831864e-159 -4.91725154119872e-159 -5.19369815189076e-160 -8.51130815750496e-160 0.999999999936137 -8.24289182109038
6.2148731625267e-157 -2.69331731827699e-157 2.84056661258824e-157 2.60571911935916e-158 -5.31051073594079e-158 3.4015622289224e-158 -9.27558892619335e-158 -6.9946616941306e-159 -3.95508426092626e-158 6.55320613107358e-158 0.999999999935836 -8.21630431590304
1.63993724590178e-160 -1.88052859355065e-161 2.87593291424195e-161 -8.52079675318266e-162 -3.49029345408779e-161 2.23872133449052e-161 -4.66241906455897e-162 1.76613632296829e-161 -1.31527149020332e-161 8.92310373672016e-162 1.00000000001093 -2.23942876511572
2.06460527505318e-160 -2.98444627866962e-161 4.31677752631396e-161 -4.54202116114139e-162 -4.39126052682192e-161 2.83529994208229e-161 -8.04391403975966e-162 1.81331806989071e-161 -1.72026193571551e-161 1.2018834896664e-161 1.00000000004764 -2.16468431723413
4.11976582462377e-155 6.63306521582729e-156 8.40423668563098e-156 4.11989109517246e-156 -2.40138807578438e-156 1.69895529953784e-155 2.42686377610107e-156 4.44479218681451e-156 -2.11494259031084e-156 1.16275303083357e-155 0.999999999937964 -8.13022320064791
1.32183254047593e-160 -2.55666095524644e-161 2.76801257240436e-161 -5.63730004891901e-162 -2.951696267781e-161 1.28630864222817e-161 -5.61374845163342e-162 1.12989617280727e-161 -1.14034019127573e-161 3.18829149909442e-162 1.00000000020506 -1.41364712554143
1.60298968905014e-160 -2.70896690777056e-161 3.13119719441243e-161 -6.79405594420707e-162 -3.55759477219602e-161 1.54241635782544e-161 -7.67663516207839e-162 1.42690021231069e-161 -1.27772691430267e-161 3.73998252378454e-162 1.00000000000431 -2.16401352105185
1.63807756297857e-160 -2.98959279849836e-161 3.51953481816245e-161 -4.35802848680962e-162 -3.75988129464026e-161 1.94797212044399e-161 -7.34463354058899e-162 1.36710453442279e-161 -1.22300691417764e-161 7.39856691777787e-162 0.999999999701914 -2.25349365268133
1.20919907057427e-156 2.53759311285015e-157 2.58416954191066e-157 -1.35579026553587e-158 -1.09273828908377e-157 7.1735803242013e-158 2.29464963292186e-157 1.411549579185e-157 -3.20887073460268e-158 8.99903513859638e-158 0.999999999936626 -8.19341842659151
1.2506821373814e-157 2.28511605316387e-158 5.25370371950003e-158 -3.3265116422791e-158 -4.06940126483216e-158 1.83497701068526e-158 3.07742205598355e-158 5.35666018492499e-158 -1.77979101249444e-158 -6.46442234364086e-158 0.999999999937473 -8.21745003954001
4.4940208599557e-156 -3.65609957338442e-157 -1.65689181619956e-157 2.39254725257648e-157 -4.74087704992493e-158 5.10253145871589e-158 -6.65244437145609e-157 6.72809624435234e-157 -2.04937077443209e-157 -2.28644159118714e-158 0.999999999936033 -8.18410115545009
1.99192619850201e-160 -2.30609007435641e-161 3.65294923532497e-161 -8.68936364475281e-162 -4.38187191582657e-161 2.53297050176006e-161 -6.0923213082481e-162 2.00946502946322e-161 -1.37410169075523e-161 1.07368758623758e-161 0.999999999916168 -2.15579475676349
1.61945037318803e-160 -3.09208599574225e-161 3.06402580674987e-161 -1.12417630270921e-161 -3.96521636832617e-161 1.11193003560567e-161 -9.83942550862013e-162 1.7301154188437e-161 -1.55757527256295e-161 1.9427758050688e-162 0.999999999667952 -1.33435637345796
1.59118544611768e-160 -1.80699008666078e-161 2.97574075424899e-161 -2.69685471360985e-162 -3.47700661558048e-161 2.16340038971646e-161 -5.03844876695306e-162 1.59631786400815e-161 -1.27275979725859e-161 1.11275323919633e-161 0.99999999987195 -1.51017897368299
1.6329756517502e-160 -1.25922072210108e-161 2.78898052795533e-161 -5.92434969379546e-162 -3.6043578787859e-161 2.30893029211577e-161 -6.05068447446534e-162 1.78516098045548e-161 -1.08931573706484e-161 1.11327115730777e-161 1.00000000009072 -1.52535462974674
9.86634164686632e-157 -6.48948137067386e-159 -9.74309188641092e-158 -3.78048477165278e-158 -2.83703241699172e-158 -1.90596849967449e-157 2.81445004918346e-158 1.07062008645289e-157 -3.74602140144364e-157 5.04327286451031e-158 0.999999999937107 -8.19728107957342
1.35475611180145e-160 -1.79976014346133e-161 1.77533269673233e-161 -1.02587165488888e-161 -3.52832741163438e-161 1.15851469818215e-161 -6.89315477397814e-162 1.38410265445095e-161 -1.25492963188375e-161 4.73098631503625e-162 1.00000000012382 -0.756340470679643
2.09210999280522e-160 -2.60470298308113e-161 3.48317730725835e-161 -1.0834784252302e-161 -4.73321024599967e-161 2.65993139925149e-161 -1.00249033233576e-161 2.24200093668837e-161 -2.03692382003401e-161 1.1107164092488e-161 0.99999999979501 -2.15530069115908
6.55263633330351e-161 -1.53326952312855e-161 1.24658268065422e-161 -6.23050485239699e-162 -1.97431226057143e-161 3.02207179304343e-162 -5.6578432983971e-162 5.69027437090836e-162 -5.27597135885847e-162 -7.32024532960429e-163 0.99999999991343 -1.3769723321521
1.9103651984095e-160 -1.9784901887994e-161 3.49003612044324e-161 -6.45157787664764e-162 -3.87995564349954e-161 2.7769045415348e-161 -7.83444221935897e-162 1.76708283798825e-161 -1.72586113143225e-161 1.14423322285874e-161 0.999999999949434 -2.20514017376049
2.09475138457032e-160 -2.87062043323297e-161 4.26415720767263e-161 -4.79730217645721e-162 -4.57418612220682e-161 2.89509937293378e-161 -6.97376012490584e-162 1.96150973006847e-161 -1.61532135193418e-161 1.27553273306728e-161 0.999999999882865 -2.21383899011092
1.31723148205053e-155 -5.22686718949361e-156 5.93248920331061e-156 5.63008951102368e-157 -4.13940408925854e-156 1.81512873509555e-156 1.37009877659628e-156 2.17467822560594e-156 -1.00320200117309e-156 4.54451143250022e-157 0.999999999935468 -8.15013064901997
2.16079318932535e-160 -3.36311477281244e-161 4.35413322720881e-161 -7.20844067106192e-162 -4.69326742385912e-161 2.6968917039833e-161 -7.06659832476399e-162 2.16479122520729e-161 -1.68245060541492e-161 1.17700313976098e-161 1.00000000015337 -2.09225160728292
2.47029977595186e-157 2.11216568967107e-158 -5.56953360929435e-158 -4.31757294921198e-159 -4.57556271318673e-158 3.07096281655773e-158 -1.86122618805457e-158 8.38038996621789e-158 -1.96686792282157e-158 -3.2893994775206e-158 0.999999999937406 -8.21532891845327
6.20934726490292e-157 5.69980021926131e-160 4.59135709839949e-158 4.28832551403773e-158 -1.26963613545049e-157 1.31772465030046e-157 -5.16345196497915e-158 9.53228918832249e-158 -1.4210380894379e-157 -3.30400718949903e-157 0.999999999936599 -8.18161540486652
1.54197783056924e-160 -2.37239727587544e-161 3.30397863854555e-161 -3.86279284015729e-162 -2.92196359291499e-161 2.35028707947804e-161 -4.31163161636382e-162 1.47284850721639e-161 -1.25907160656731e-161 1.20207732097971e-161 0.999999999699169 -1.48466087424233
2.56293902578971e-160 -2.625471286485e-161 3.79536375131403e-161 -1.52711184929967e-161 -6.15664447138869e-161 3.29744849394816e-161 -1.42193249055035e-161 3.08068909886657e-161 -2.25477727111495e-161 1.54759553071424e-161 1.00000000043695 -0.1290212685148
2.22332012871285e-160 -2.6873446998062e-161 4.07949571413308e-161 -6.55698883317688e-162 -5.05849917821579e-161 3.09732572757395e-161 -7.80282019174944e-162 2.11723609605794e-161 -1.70163438655226e-161 1.24687831101061e-161 0.999999999787928 -2.19883727114111
1.59153395342601e-160 -9.60910672708558e-162 2.04712425277813e-161 -7.21658386496973e-162 -3.28687932383584e-161 2.06906046094232e-161 -8.94215481043672e-162 1.78404345013142e-161 -1.36903623011351e-161 9.18932343327313e-162 0.999999999522593 -1.40587532561476
4.62289526094995e-157 4.21854232710168e-158 -7.77291029172195e-158 -8.65582129627987e-158 8.54547893257698e-159 -4.41572441406481e-159 3.60643433141314e-158 9.22928705542129e-158 -2.15939901558103e-158 1.01967831705765e-157 0.999999999934787 -8.20099866084821
1.48283483862943e-160 -1.36983001613269e-161 2.65794174800064e-161 -5.56354016024178e-162 -2.48484894854303e-161 2.61076178290294e-161 -2.11240240476853e-162 1.41094967392931e-161 -1.36078544659391e-161 1.31801471173249e-161 0.999999999411732 -0.596994238428677
1.69187327787347e-160 -1.6104031622287e-161 2.25011472704583e-161 -1.36494633353034e-161 -4.513268981206e-161 1.95973513300955e-161 -1.78283598120152e-161 2.13923945490198e-161 -1.73738923790182e-161 8.83445520741182e-162 1.00000000064135 0.372134692967671
6.0384037610619e-157 1.5307552238802e-157 4.83079821033307e-159 -7.06348338093377e-158 -1.10250596096246e-157 1.67528775380284e-157 2.52001907821695e-158 -1.87850001674212e-158 4.04333668380634e-158 3.17049650253428e-158 0.99999999993593 -8.22540214869983
6.56213044233213e-161 -1.06407500532258e-161 1.33360694526436e-161 -4.38910496119924e-162 -1.60654726336242e-161 8.27879719421204e-162 -1.48401554324749e-162 4.55856733673421e-162 -5.32417453999377e-162 2.38231054794548e-162 0.999999999992423 -0.191275037218457
2.18956444908812e-160 -2.91746089786122e-161 3.96541717177447e-161 -8.23505981713905e-162 -4.58314597072545e-161 3.25780336942704e-161 -8.31443629759111e-162 2.42336443407631e-161 -1.62008957410485e-161 1.53982999805103e-161 0.999999999800244 -2.05951936207914
2.1025725427456e-160 -3.159103697613e-161 4.04893650177113e-161 -8.41332820343248e-162 -4.50412815693081e-161 2.51768037747626e-161 -9.7526217511295e-162 1.98015028002403e-161 -1.81406262277416e-161 9.97495366814599e-162 0.999999999647676 -2.1486876449215
8.65159955463757e-161 -1.01677983834043e-161 1.55594366006149e-161 -6.15022790318147e-162 -1.79321108567423e-161 1.06156835675644e-161 -6.27561600739777e-162 1.09074435572406e-161 -9.24277429807161e-162 1.81980345075958e-162 1.00000000003088 -0.624324281139199
1.568595989609e-160 -2.24729666190804e-161 3.15405066661885e-161 -7.64406327993803e-162 -3.3763650013764e-161 2.08155970130687e-161 -1.57506125234036e-162 1.39206319919206e-161 -1.07183017581538e-161 9.36591962758884e-162 0.999999999377353 -0.646965946202521
1.47420102361704e-156 -8.78701015356168e-157 6.70682992145382e-158 3.78997701745744e-157 -3.75023407251558e-157 3.19719829917885e-157 8.07674319050337e-158 2.07103008664768e-157 9.0862631219051e-158 3.98269542358336e-157 0.999999999936171 -8.17305422700504
1.26488886524739e-156 1.15603178454231e-157 3.99823901352831e-157 -4.79718738772809e-158 -8.32128045397249e-158 -1.64896129248978e-157 -1.9659117384326e-157 1.40764773668758e-157 -6.05761071710029e-158 -1.80347871643213e-157 0.999999999937122 -8.21152839602018
2.07533267417269e-160 -3.11097742695692e-161 3.88354369978495e-161 -6.31765357208185e-162 -4.3512053743695e-161 2.76672790324727e-161 -1.00305309681596e-161 2.02627797125692e-161 -1.68331336613072e-161 1.34811485905574e-161 0.999999999838089 -2.16663069540789
1.57108695928292e-160 -2.04021954484703e-161 3.09800639832839e-161 -5.68026525096689e-162 -3.50967986007156e-161 1.93844774377351e-161 -7.53680613068429e-162 1.47885377090606e-161 -1.29861479515737e-161 7.905682054784e-162 0.999999999758549 -1.98430339706542
1.96108687503023e-160 -4.61744825294059e-161 5.93838242366346e-161 7.09458914861446e-162 -3.62048423963895e-161 2.62057474804967e-161 -6.92899314267383e-163 1.55869336827851e-161 -1.13902355447218e-161 1.26951663217786e-161 0.999999999801512 0.34534542045236
1.2675830114238e-156 -1.13037799518634e-157 -1.51251357760502e-157 -4.47428301774245e-157 -2.55008488340966e-157 1.07563478515768e-157 9.08991347552662e-158 4.10902906211481e-157 -1.26360551067484e-156 -6.85103544645946e-158 0.999999999936987 -8.19601556089732
2.22430452981552e-160 -2.23233717806871e-161 4.01394532574241e-161 -5.04216550699146e-162 -4.4710617469463e-161 2.97540691733714e-161 -9.41042549234109e-162 2.279726397358e-161 -1.96026493788179e-161 1.41020986756859e-161 0.999999999409214 -1.39620658921488
9.82039136224482e-156 -1.24755913411541e-156 -3.21607610254994e-157 -6.09600073198057e-157 -2.51881945231181e-156 1.1413339036149e-156 2.24446698959802e-157 2.7685020869886e-157 -4.61118596462163e-157 -1.81755029836736e-157 0.999999999937125 -8.16667481048934
6.52771787220814e-161 -2.38537877368602e-161 1.82917073414486e-161 -3.73215765340208e-162 -2.00369702804081e-161 -1.11432395636945e-162 -5.46094682991147e-162 3.3653777078106e-162 -7.668622428821e-162 -4.45189635584563e-162 0.999999999767732 -0.646224335109817
1.87653046498678e-160 -1.9959021333836e-161 2.96526014524951e-161 -8.28347625398854e-162 -4.25231397400801e-161 2.56710532060845e-161 -7.83810400316938e-162 2.18502441728384e-161 -1.70969874116279e-161 1.23046039195414e-161 0.999999999824603 -1.58507378256717
2.12950598259832e-160 -2.93381989942128e-161 3.7073796751156e-161 -1.22446109211405e-161 -5.23060459861337e-161 2.37410751553262e-161 -8.89948122247514e-162 2.33466137309431e-161 -1.59979579912104e-161 9.39560215952837e-162 0.999999999696306 -2.17234265840228
7.73955947536086e-157 -4.21606787565835e-158 -9.92590788252109e-159 -1.85926211359771e-157 -5.03939679065293e-159 2.63211565307148e-158 -3.59900999840404e-159 4.03969003640628e-158 4.8918693727682e-158 1.1545412947202e-158 0.999999999936675 -8.21409112439365
1.13053681682234e-160 -2.71317575204464e-161 2.04116920452117e-161 -8.33138358940961e-162 -3.41596024590682e-161 5.87820178311865e-162 -1.19918824096614e-161 1.31949904731018e-161 -9.99156948309087e-162 -1.67652490847413e-162 1.00000000010042 -0.508434170146397
1.00543841632365e-156 2.66341979915377e-157 1.07382839966014e-157 1.6242391754675e-158 -1.379953171584e-157 -8.30237352952316e-158 -2.39705023462705e-158 -6.24857914833686e-159 -1.10331697310815e-158 1.71040221988798e-157 0.99999999993784 -8.20513349008636
2.01402222386321e-160 -2.78384681390987e-161 3.69990262324525e-161 -6.48920697733808e-162 -4.64719961299862e-161 2.44027660401407e-161 -1.06422743011836e-161 2.03311015926668e-161 -1.61892155916351e-161 1.06432795525558e-161 0.999999999863387 -2.16746167519008
2.00629202626313e-160 -2.89553522927606e-161 4.2159550911792e-161 -4.46283736358295e-162 -4.11695014310181e-161 2.70218846084623e-161 -5.71262230634374e-162 1.7345801515357e-161 -1.48940604830325e-161 1.04017653062682e-161 0.999999999849168 -2.21194047971196
1.74806358447021e-160 -1.87898465467786e-161 3.24204489145034e-161 -4.20012790584332e-162 -3.6678088390961e-161 2.69888792439044e-161 -4.01689880696808e-162 1.73668566015089e-161 -1.51318572821715e-161 1.21980984323822e-161 0.999999999898692 -2.16496874394168
2.55335775208905e-160 -3.84025946531352e-161 4.85469974853228e-161 -9.92633328918629e-162 -5.69577456835967e-161 2.98483520084373e-161 -9.69517176085937e-162 2.49494499707327e-161 -2.22355458252475e-161 1.17194409354329e-161 0.999999999917447 -2.14536175738604
2.06268490690811e-160 -2.97247562365756e-161 3.99201917392718e-161 -8.90865016272612e-162 -4.51138979436777e-161 2.71779852275742e-161 -1.07643264372002e-161 2.080056468611e-161 -1.82845539008665e-161 1.06609345481988e-161 1.0000000000622 -2.21117542260036
2.13782450425924e-160 -2.38354901796975e-161 3.91890833564112e-161 -7.1243581241738e-162 -4.66871588123998e-161 2.8010941435635e-161 -1.36291922063755e-161 2.19129312026318e-161 -2.00912168725658e-161 1.27935782175217e-161 0.999999999976024 -2.15395793902806
2.09223840141564e-155 -6.70278046948003e-156 1.07083742085074e-155 3.5818362575594e-156 -4.60393889608067e-156 2.32875827018589e-156 1.61086659586876e-157 2.85503600976383e-158 9.95358272469195e-157 1.11546931477203e-156 0.99999999993458 -8.17162173304153
1.07742041808038e-157 -2.42741186191169e-158 3.97341984734507e-158 1.3702809540851e-158 -1.56236629428078e-158 1.65881865485983e-158 -4.44840595644879e-159 -3.26756476321528e-159 -1.33250323308391e-158 2.38245462995751e-159 0.999999999935975 -8.22397128951269
2.11181839428778e-156 8.42699063665052e-158 5.46993340376043e-157 7.01626182743103e-159 -1.75637869540778e-157 8.51617578814318e-158 -1.70230141942478e-157 1.00385240292455e-157 1.74901259092127e-157 1.23998943872489e-157 0.999999999937794 -8.20138248479632
2.40599789729257e-160 -3.27794997635959e-161 4.51721521142926e-161 -1.09638388976864e-161 -5.69959382792087e-161 3.05421042311164e-161 -1.11255102007942e-161 2.46017369222372e-161 -2.20165721836413e-161 1.19840613375507e-161 0.999999999693708 -2.22020711843954
2.56473850323422e-160 -2.8860888560409e-161 4.88020980365537e-161 -7.26687647404342e-162 -5.49864603322176e-161 3.68796032276745e-161 -1.02622401803168e-161 2.66153829840777e-161 -2.13132242493226e-161 1.6871832144429e-161 0.99999999987144 -2.16073339720601
1.43624960496706e-160 -1.81754216397026e-161 2.6810139929319e-161 -4.30154556016097e-162 -2.89823500136142e-161 1.78089535372794e-161 -4.39902106720802e-162 1.33400575544977e-161 -1.09459246176112e-161 7.17430009745073e-162 0.999999999843494 -2.2042916835077
2.05232449027508e-160 -2.80325823359659e-161 3.9630794539736e-161 -6.27891081435397e-162 -4.37791003645783e-161 2.7468507130185e-161 -7.8104933312832e-162 2.0424308592369e-161 -1.5984397030729e-161 1.18129756933215e-161 0.999999999845457 -2.03191166909241
2.63542306346998e-158 1.66910062216843e-158 5.3167972420202e-160 -4.48897547449603e-159 -4.2982943551743e-159 7.01338258847085e-160 -3.93396949280346e-160 -6.10539028305835e-160 -1.33330677868334e-159 -6.56379809316322e-160 0.999999999935632 -8.24918428238603
1.7624726191601e-160 -2.12285742585291e-161 3.41574312528776e-161 -6.55669002512999e-162 -3.54931503260602e-161 2.9253930480871e-161 -7.41189226084781e-162 1.920178001573e-161 -1.32107434767617e-161 1.42378026162422e-161 1.00000000002086 -2.01464859596865
9.28133251224903e-156 -6.42334928298208e-156 3.00268200301442e-156 7.94869762049518e-157 -6.2990089261951e-157 1.5342511734261e-156 -1.70165300696468e-157 -1.42245246403878e-157 -2.02807545728848e-156 1.31042446029897e-156 0.99999999993598 -8.17012290451083
2.27473099381931e-160 -3.29111210914552e-161 4.47198730729832e-161 -6.75337178903196e-162 -4.73228893076095e-161 2.92419421430639e-161 -8.88883501866923e-162 2.17342335584829e-161 -1.87784226328267e-161 1.35963173541179e-161 0.999999999766766 -2.26008675068675
2.20879933848816e-160 -3.2699451444889e-161 4.23759756199315e-161 -8.16749232994975e-162 -4.90829536132079e-161 2.9361212499145e-161 -9.61895635430359e-162 2.40677353206542e-161 -1.77857713812119e-161 1.3539419245137e-161 1.00000000004517 -2.20901590149293
1.58496570094272e-160 -2.63145555936754e-161 3.24035869490017e-161 -7.06945360511744e-162 -3.42619467958577e-161 1.77255518983441e-161 -6.02596108752392e-162 1.38129651758716e-161 -1.20378102571189e-161 6.90637171440826e-162 0.999999999793384 -2.25063769808714
1.51792867048983e-156 -3.7091520034785e-157 1.9382310736596e-158 -1.16207301383832e-156 -1.16855038325562e-156 3.53575720020889e-158 -2.43779209799759e-157 -2.69330809042104e-158 -2.79235490189644e-157 3.7181659763755e-157 0.999999999936749 -8.19683279196722
2.382101809056e-160 -3.09796220642897e-161 4.49858963896963e-161 -6.97693168782726e-162 -5.22752230645254e-161 3.34035969859105e-161 -8.45068156748427e-162 2.43583592092228e-161 -1.85354799374068e-161 1.42518839223625e-161 0.999999999903259 -2.05596403189673
9.66213755938147e-161 -1.78389824995552e-161 2.01982620595877e-161 -4.21123283466922e-162 -2.60129898771485e-161 1.02541332383126e-161 -7.10434149735894e-162 9.0508726474358e-162 -9.62736867912038e-162 2.72657598517484e-162 1.00000000017375 -0.916349406236994
1.78670692204528e-160 -2.66649358339925e-161 3.20939724676139e-161 -8.14165714836449e-162 -3.97911376788494e-161 1.82468829886108e-161 -8.40048496103888e-162 1.69447639049299e-161 -1.45928172904298e-161 6.87246183533436e-162 0.999999999932462 -2.13178866647502
8.14887175668137e-157 -7.37980641625237e-157 1.48442977031073e-157 1.0620450351803e-157 -3.46665127872923e-157 5.89852262633309e-158 4.92861615195973e-160 8.93709684607841e-159 -3.17165274263562e-158 -2.6050214046375e-158 0.999999999936047 -8.18887023413947
1.39926588289795e-160 -1.94392101028936e-161 2.59100112433396e-161 -3.26134043825223e-162 -2.89371618457419e-161 1.94271387074132e-161 -4.52189657423551e-162 1.26036712224089e-161 -1.17960363868004e-161 8.19103547411317e-162 0.999999999705986 -1.0703914701016
1.76629908923716e-156 -9.74694537507622e-158 1.21409447684482e-157 -1.05175415914493e-156 -1.38741885700748e-156 -2.82477151591391e-159 -8.66248057677043e-158 -6.75074209436964e-158 -1.928029272249e-157 6.87086624928076e-158 0.999999999935893 -8.17978387820027
8.7794112638952e-156 1.82330413483535e-156 -9.42678362534276e-157 3.97282270764048e-157 -2.35128422530735e-156 1.19665553882875e-157 -5.63317743095822e-157 1.04597084402553e-156 -1.8710679918114e-156 -1.38256445119546e-158 0.999999999936119 -8.17321305226624
2.72731199608581e-160 -3.33968748043325e-161 5.29103303542326e-161 -6.30281604468707e-162 -5.66336989126757e-161 3.58003766488897e-161 -1.01764111877582e-161 2.64595816128198e-161 -2.19051389575279e-161 1.61509634735042e-161 0.999999999857372 -2.12571667742877
1.23301173926204e-160 -3.24348083634677e-161 2.87838691008335e-161 -7.81657474018508e-162 -2.88463717987752e-161 4.80230919726533e-162 -6.39630233666096e-162 9.43993185322442e-162 -1.06159174016719e-161 -3.70098579534823e-162 0.999999999767692 -1.33342905163714
3.47115519385744e-157 1.33348517882006e-157 9.06864713005746e-158 -5.63672214187686e-158 -4.36605896433219e-159 1.15761118900924e-157 -1.0555954807309e-157 5.3213763110863e-158 7.69170126830694e-159 3.9958300731007e-158 0.999999999936565 -8.21402836877528
1.6515310684708e-160 -1.74644637650998e-161 3.2077304556611e-161 -2.84407766776712e-162 -3.1508843925088e-161 2.6843626120294e-161 -5.54611071869039e-162 1.68972441823321e-161 -1.22517133822749e-161 1.36307168023514e-161 0.99999999980385 -1.26690484462913
2.63820763776918e-157 1.20957559739791e-158 6.63724315860477e-158 -1.31117578718961e-157 -1.16238761236737e-157 1.72697803913449e-158 -2.88879551489552e-158 5.1714630003791e-158 8.76184994326624e-159 2.90716624427949e-158 0.999999999937889 -8.23230915013912
2.07255231618548e-160 -2.42587380985267e-161 3.36495224293224e-161 -1.20626696675487e-161 -4.84811425749752e-161 2.33416845038982e-161 -1.19816158017091e-161 2.0338788612588e-161 -2.00629464324899e-161 8.45072420189113e-162 0.999999999830041 -2.22420556273843
1.05162217091783e-160 -1.06929391823933e-161 1.80009030851737e-161 -5.68623099486126e-162 -2.04371544118221e-161 1.31725789359861e-161 -2.87921337132696e-162 1.26827783670369e-161 -8.5087817746693e-162 3.26080704079252e-162 1.00000000042709 -0.200415312563852
