3.239490982574e-182 -3.57147538777205e-183 5.60676667964584e-183 -1.41580526035069e-183 -7.41838717224352e-183 4.03100995005675e-183 -1.29978682067019e-183 3.32443887457391e-183 -2.71065110033987e-183 2.20464717308133e-183 0.999999999761993 -2.77102169964748
7.26248539359038e-179 -3.7195433411396e-179 7.33779440197132e-180 -5.72185059426482e-180 7.95412427892581e-181 -1.0656974777089e-179 4.83730452553698e-180 -3.21729474616045e-180 -1.02964165258713e-179 -2.97680379022423e-180 0.99999999993823 -9.091014783107
5.560808632675e-179 -2.28837054009248e-180 1.35764198526017e-179 -3.56185097338028e-180 -1.92621705856692e-180 7.59850435427786e-181 -1.72473682656981e-180 -2.77518716640525e-180 2.03383502947661e-180 2.39184367549449e-180 0.999999999939324 -9.08226296455903
2.14444156272493e-182 -2.77187414428143e-183 3.6696940886939e-183 -1.19039229421227e-183 -4.99633248941918e-183 2.26357648632786e-183 -9.99753186462981e-184 2.15994377613928e-183 -1.68768971785216e-183 1.18927725090596e-183 0.999999999856538 -2.85961366021392
1.94785410568224e-182 -2.16521478098108e-183 3.76783227563312e-183 -6.78196564593663e-184 -5.10516234550676e-183 2.72025725428003e-183 -2.06270455061219e-183 2.01168432509629e-183 -2.05345872316117e-183 1.06501081524865e-183 1.00000000079481 -0.33306273409319
2.19017213906293e-178 3.23678479057195e-179 6.33282877356539e-179 -4.6154089009221e-179 3.18484848040911e-179 7.89312793868916e-179 -8.2605212422911e-179 4.75727495386718e-179 1.1164417299798e-179 6.79024334950066e-179 0.999999999938832 -9.04691691457578
1.93128154834914e-182 -2.22616921886173e-183 3.01206116439974e-183 -9.04837681216901e-184 -4.83252248998521e-183 2.49463036477893e-183 -9.02554520372774e-184 1.92707377775897e-183 -1.67672459499839e-183 1.56837219029162e-183 0.999999999908374 -0.948793241545264
1.07747346374254e-182 -8.68982562219705e-184 1.91161990322951e-183 -3.41492911944607e-184 -1.85361970421729e-183 1.58912882576275e-183 -5.02209678009567e-184 9.4099977509489e-184 -8.66493597835754e-184 9.36030330685561e-184 0.999999999778634 -2.12247900037671
2.56839910693884e-182 -3.35798421496125e-183 4.52809971581536e-183 -1.17417974265367e-183 -5.9605486981728e-183 3.16267671047557e-183 -9.2147677394148e-184 2.65504807932092e-183 -2.02017614690834e-183 1.60398604438022e-183 0.999999999825566 -2.8470961472364
1.25744758713146e-179 9.99055663695395e-181 1.4531259489781e-180 2.14448158285996e-180 -3.50652966223442e-180 4.30572559245303e-181 5.76273041179869e-180 2.18979375084496e-180 1.21078140400607e-181 -6.16927997535433e-181 0.999999999938233 -9.09415080933568
1.80387470371066e-182 -2.88152903605782e-183 3.580760295647e-183 -6.05452613912609e-184 -4.56324666385265e-183 2.17737826569551e-183 -1.05369696335069e-183 1.68960299426374e-183 -1.69839005984267e-183 9.21508070173058e-184 0.999999999855754 -2.93281093275613
1.85387885870777e-182 -2.58243401236297e-183 3.78792033135692e-183 -4.27289202259573e-184 -3.94925867232229e-183 2.41682051472961e-183 -7.02464313949251e-184 1.6226975086462e-183 -1.52337656776222e-183 1.31156012581676e-183 0.999999999925786 -2.81123078327159
1.30312453185385e-182 -1.17862955017064e-183 2.14041260769315e-183 -4.27091691664477e-184 -2.68049565998853e-183 1.91011116615191e-183 -3.9700895887008e-184 1.45137074441934e-183 -9.72182011939111e-184 1.05028938021589e-183 0.999999999715034 -1.774928968928
6.60272308432707e-179 -1.92513793775557e-179 2.53187811326099e-179 -4.82858556298995e-180 2.31320324110827e-180 1.24893173609194e-179 -1.13505129009418e-179 1.89712662916241e-179 -1.92327139773528e-179 -1.67504847359699e-179 0.999999999938645 -9.08064784441251
1.75730397310207e-180 2.25236224570103e-181 8.24858716058402e-183 3.02332573692373e-181 -3.24805789435931e-181 1.79457328668373e-181 -5.54734225456145e-182 -1.23775274936078e-181 -3.33046829806554e-182 -1.19701619386458e-182 0.999999999940367 -9.12492084425777
2.03741293476467e-179 -8.78502520595749e-180 9.27251767240211e-180 8.42792818762205e-181 -1.761348159522e-180 1.12595318694204e-180 -3.02550997609076e-180 -2.13181958127224e-181 -1.29965532250817e-180 2.14161353490854e-180 0.999999999938414 -9.10051337713763
1.81271133535843e-182 -2.46022336274791e-183 3.70247290565313e-183 -5.50529190717012e-184 -3.92681382931814e-183 2.31004993429353e-183 -4.88940305901031e-184 1.6598762781836e-183 -1.33991066030065e-183 1.22016028872263e-183 0.999999999895527 -2.88949343808952
1.6351198892681e-182 -1.97280945279543e-183 2.91864483262429e-183 -6.77756117404099e-184 -3.4701530984371e-183 2.27563412739776e-183 -5.83625059065713e-184 1.53781976533968e-183 -1.32466095372475e-183 1.34289018915409e-183 1.00000000007271 -2.83690441335788
2.79320465900245e-177 4.49639629108882e-178 5.69799574989181e-178 2.79287846606346e-178 -1.62864837690612e-178 1.15181035771392e-177 1.6451089980177e-178 3.01356293353145e-178 -1.43403253300708e-178 7.88282224034278e-178 0.999999999938889 -9.00712937496994
1.44410766930493e-182 -1.90753537700173e-183 2.39892896920528e-183 -7.56285080474471e-184 -3.34237243589263e-183 1.92153630022614e-183 -4.64492172630817e-184 1.50475243781365e-183 -1.31002569695705e-183 9.04038206289593e-184 0.999999999843735 -2.13620867721293
1.89878553256904e-182 -2.4978951228899e-183 3.73171229744003e-183 -4.85196545348312e-184 -4.39162809755881e-183 2.55088707558133e-183 -8.50303210975087e-184 1.96059792466109e-183 -1.7376643379066e-183 1.16754433771558e-183 0.999999999947248 -2.86762770561893
1.39344565370097e-182 -1.73288979703603e-183 2.03745937946055e-183 -8.48574662562079e-184 -3.40438736347444e-183 1.22410948815207e-183 -9.62671432350397e-184 1.31107657081073e-183 -1.2606574127221e-183 4.12580108783057e-184 0.999999999774968 -2.91734782698329
6.45600267806065e-179 1.34966950374832e-179 1.37923922159213e-179 -7.27800687575963e-181 -5.8556381998828e-180 3.84096297500499e-180 1.22154429116507e-179 7.53392625207999e-180 -1.72203270628744e-180 4.80266651305112e-180 0.999999999939402 -9.0685478418636
8.22528880326619e-180 1.42783602163301e-180 3.39858588448758e-180 -2.13187753980956e-180 -2.65162842718349e-180 1.20267483235109e-180 1.9534356748169e-180 3.44291996033432e-180 -1.15650873022193e-180 -4.11199354976761e-180 0.999999999938824 -9.08780391874217
7.38294579592632e-178 -6.00850834440655e-179 -2.71110099891625e-179 3.92580883936009e-179 -7.90108201611316e-180 8.44242048981741e-180 -1.09236706761331e-178 1.10507230750552e-178 -3.36880511773235e-179 -3.72411546309275e-180 0.999999999938775 -9.03906494031713
1.6536925513171e-182 -2.75330235020443e-183 3.34649140195433e-183 -5.05047421647193e-184 -3.91028966451066e-183 1.99484033109642e-183 -7.38613156762484e-184 1.56256254878705e-183 -1.37444155755898e-183 9.47807399307604e-184 0.999999999898134 -2.8236268890211
1.16017569867854e-182 -7.16771566310198e-184 1.21044835971142e-183 -8.4422121330924e-184 -2.54515092231937e-183 1.46426740575789e-183 -7.16525218941519e-184 1.20492723356036e-183 -9.62084798061273e-184 7.90666327338461e-184 0.999999999572369 -2.11227846038592
1.56748531747514e-182 -2.11465356796945e-183 3.13879829235675e-183 -3.27492523387227e-184 -3.18343175059637e-183 2.11138449819356e-183 -3.41433878460277e-184 1.33507729792972e-183 -1.18737270525433e-183 9.39546134401113e-184 0.999999999604808 -2.1865567442617
1.4467695956306e-182 -2.28790072228245e-183 2.8092347357722e-183 -6.92468180056581e-184 -3.48406540656203e-183 1.60615732304372e-183 -6.17605119058517e-184 1.31413699718978e-183 -1.21205767794501e-183 6.95225068178439e-184 0.999999999819118 -2.09579990382385
6.65479645712638e-179 -4.76353104099346e-181 -6.48041990554475e-180 -2.55043547350677e-180 -1.98037117981649e-180 -1.2749613259713e-179 1.87424497364542e-180 7.21928646824423e-180 -2.51695337469172e-179 3.40438363807446e-180 0.999999999939602 -9.06874827044902
1.06664619885974e-182 -1.38747955821298e-183 1.96320440231762e-183 -4.260850947173e-184 -2.49296766552748e-183 1.55090956843307e-183 -8.97678391230008e-184 9.65940294394634e-184 -1.08633410807201e-183 8.37084950252109e-184 0.99999999958906 -1.43687534846199
2.22315658054014e-182 -3.01265576095914e-183 4.3160823598177e-183 -7.59579554474953e-184 -4.96055513312209e-183 2.75599746521532e-183 -9.63562605562762e-184 2.20410594685468e-183 -1.7976417235856e-183 1.48345407361608e-183 0.999999999789355 -2.82901580291492
1.42006758356943e-182 -2.54779260707178e-183 2.72731006347779e-183 -6.53089177056091e-184 -3.75189370120965e-183 1.5565435801818e-183 -1.0785510629062e-183 1.38150957130405e-183 -1.33451965377621e-183 7.61570866376302e-184 0.999999999672301 -2.01783103495069
2.08310450971205e-182 -2.57183832004542e-183 3.75711600112749e-183 -7.49470816985661e-184 -4.69695241627453e-183 2.66029255090306e-183 -9.08109387321493e-184 2.1259241662859e-183 -1.74562732852207e-183 1.23008681782221e-183 0.999999999894374 -2.82573840651453
1.79186283839549e-182 -2.13858925149924e-183 3.25524047653927e-183 -6.14640746181715e-184 -3.77637615963588e-183 2.28111770571072e-183 -7.10509164773656e-184 1.65992154229448e-183 -1.34982110270909e-183 1.23845751683582e-183 1.00000000000971 -2.84225417464788
1.99580317352138e-177 -7.91865759777979e-178 8.98778821978875e-178 8.52793820726839e-179 -6.27154809509701e-178 2.75016588278822e-178 2.07545166251972e-178 3.29476688942296e-178 -1.52002555894426e-178 6.88632868548266e-179 0.99999999993998 -9.00893624434921
2.05706149729521e-182 -2.46243073128664e-183 3.86821236221247e-183 -6.77515302342983e-184 -4.26355920538024e-183 2.68558850637686e-183 -7.32070605000236e-184 1.85790854123499e-183 -1.71210211634478e-183 1.45427467643413e-183 1.00000000017141 -2.80637732431274
3.60315513887364e-179 2.98638175075345e-180 -7.94496489431329e-180 -6.40241384351129e-181 -6.69406905759063e-180 4.48139223222537e-180 -2.70041891560792e-180 1.21194642886581e-179 -2.87061692394244e-180 -4.71242781552954e-180 0.999999999938683 -9.07566950409337
8.89231207912967e-179 3.69209662897205e-182 6.6116964437435e-180 6.10067466747153e-180 -1.81909901081911e-179 1.88396908185381e-179 -7.3794169466141e-180 1.3633268213178e-179 -2.02976286403757e-179 -4.71005068613417e-179 0.999999999938146 -9.04443734784118
1.33974534542621e-182 -1.61314815718582e-183 2.39255181201123e-183 -3.05460365123956e-184 -3.03136626202137e-183 1.91517565076327e-183 -4.00255779466178e-184 1.31461651331127e-183 -9.73334501450347e-184 9.26688558916239e-184 0.999999999846638 -2.13723487288919
6.02794549387387e-183 -2.24603266477586e-184 1.20685349927261e-183 3.34794184748971e-184 -8.31432158164964e-184 9.72017430125955e-184 -8.26576791341772e-185 7.24598609988953e-184 -2.36523238211594e-184 7.69224109142683e-184 1.00000000032797 -0.862237244383193
2.04547578592686e-182 -2.43870258010353e-183 3.64119183877355e-183 -8.64613152277746e-184 -4.7998126182583e-183 2.79848795198367e-183 -7.22598620387358e-184 2.14590230746793e-183 -1.76005505532312e-183 1.32011972803091e-183 0.999999999861079 -2.78569669010852
1.4788132291712e-182 -1.61166937447716e-183 2.79751208026404e-183 -5.82302620705218e-184 -3.21498969511056e-183 1.78670779847237e-183 -4.85770860506617e-184 1.39938563596966e-183 -1.18420447888297e-183 1.03411900601191e-183 0.999999999496695 -2.15828833999536
8.05624256045106e-180 7.03002299504699e-181 -1.30295413547788e-180 -1.4865531309687e-180 1.12561910347909e-181 -5.6413880227346e-182 6.10857643177375e-181 1.59381205690873e-180 -3.81610008113192e-181 1.75350134013231e-180 0.999999999939476 -9.09506509926476
8.64180650507433e-183 -8.03939393629378e-184 1.608268398682e-183 -1.62416347810781e-184 -1.60033540463894e-183 1.30955187373143e-183 -4.68516056302297e-184 7.76013892835285e-184 -6.4746355800408e-184 7.95905230958246e-184 0.999999999894119 -1.3683650399136
1.74062927416301e-182 -2.24564336245516e-183 3.72712361868813e-183 5.01072561248918e-184 -3.05549398178474e-183 3.13066298489293e-183 -3.28939250618539e-184 1.65676571412858e-183 -1.46250069115144e-183 1.58209093154322e-183 1.00000000025071 -0.496803516142054
1.24083970580624e-178 3.12972293473607e-179 1.06326206935156e-180 -1.44829696565118e-179 -2.2675950899809e-179 3.4363016319075e-179 5.14131114895216e-180 -3.80374792632169e-180 8.24441297070245e-180 6.51740655320812e-180 0.999999999937904 -9.07711706641064
1.25038734146612e-182 -1.36133580049458e-183 2.26439976948128e-183 -5.91049568070087e-184 -2.87373215480645e-183 1.83489339331023e-183 -3.24494345608442e-184 1.58467692000372e-183 -8.81903535610949e-184 1.24363424661359e-183 0.999999999736254 -1.09833767034981
2.23685968414559e-182 -2.44666615056389e-183 3.63473195650211e-183 -1.05823356698624e-183 -5.24840109257838e-183 2.74183656543173e-183 -1.37800952160834e-183 2.16711592548217e-183 -1.93563498655759e-183 1.3893258916325e-183 0.999999999796931 -2.82022250477345
2.14189324970821e-182 -2.64364796250515e-183 3.86707693955564e-183 -8.55847030268524e-184 -4.88140973929879e-183 2.70671099599621e-183 -9.57396255622363e-184 2.11122666367238e-183 -1.72322413739313e-183 1.39968247355011e-183 0.999999999694448 -2.84998670884783
9.32233753460296e-183 -1.78583503434974e-183 2.22296821794722e-183 -4.68399067559416e-185 -1.90346026134854e-183 8.39736397440873e-184 -2.96267505670483e-184 7.751741199046e-184 -6.47747961355251e-184 3.57189321416904e-184 0.999999998973161 -1.44322787759966
7.96974526638419e-183 -7.07191593550623e-184 1.06128124775991e-183 -7.40705450837499e-184 -1.90948985571712e-183 9.95656393619937e-184 -6.17202987564893e-184 6.40240238594222e-184 -7.89206390041041e-184 6.08019620257546e-184 0.9999999998197 -0.99537580722088
5.59608935973033e-179 -3.3277037399251e-179 2.56876019622528e-180 1.43371798053728e-179 -1.42322685848696e-179 1.21221913668042e-179 3.04920795913752e-180 7.85505344680596e-180 3.42466092777978e-180 1.50833421221092e-179 0.999999999936919 -9.05600325407237
1.23337658573977e-178 1.12268445181836e-179 3.89588044765944e-179 -4.67791673410265e-180 -8.1470066140068e-180 -1.60249122218389e-179 -1.91453431793164e-179 1.37237866028446e-179 -5.91363334612595e-180 -1.75436770861702e-179 0.999999999938349 -9.07688477984282
1.89764986195278e-182 -2.33396534673941e-183 3.44879666678144e-183 -6.8984715984179e-184 -4.29744596060299e-183 2.59841259747591e-183 -7.45982459804263e-184 1.93151510317939e-183 -1.68443141688303e-183 1.22110674968749e-183 0.999999999953087 -2.75170176200344
1.78326884499551e-182 -2.21166131208261e-183 3.37701367394525e-183 -7.01821870895784e-184 -3.9842371510194e-183 2.33223376273805e-183 -6.89717160595523e-184 1.69226514938083e-183 -1.44759793619573e-183 1.15331852356184e-183 0.999999999704105 -2.91344399621736
8.92364710841888e-183 -2.52185280266844e-183 2.42371459347769e-183 -3.22389525946311e-184 -2.60624910249592e-183 7.2159575379324e-184 1.41957845636886e-185 9.28867874234915e-184 -7.0969218156458e-184 4.0310006678239e-184 1.00000000011861 -0.254908842491431
1.19975987237965e-178 -1.07068780563848e-179 -1.42438776285682e-179 -4.22721116448711e-179 -2.41442856176231e-179 1.01916020754253e-179 8.57448334102034e-180 3.88376881758059e-179 -1.1937461932109e-178 -6.45627147428986e-180 0.999999999939291 -9.06241133147762
1.97268308079021e-182 -2.8990082660595e-183 3.48742958813405e-183 -6.79550931841306e-184 -4.61266228686447e-183 2.20621062297857e-183 -6.86962965601988e-184 2.23679343045978e-183 -1.69993406155022e-183 9.68861965873204e-184 1.00000000007623 -2.04435169213629
7.51344070601735e-178 -9.54491707401146e-179 -2.45530397301951e-179 -4.66338187679047e-179 -1.92705447879321e-178 8.73254576788934e-179 1.71549741983793e-179 2.11994004532071e-179 -3.52889806161945e-179 -1.3886630023841e-179 0.999999999939197 -9.03916937483059
9.80924722326537e-183 -1.59439323095844e-183 1.65173234484657e-183 -6.01959710737746e-184 -2.63370245370171e-183 7.89113945421361e-184 -3.20369848546822e-184 1.24319719286208e-183 -8.50732013894406e-184 1.78728119436478e-184 1.00000000000992 -1.2189314925766
1.75053770750138e-182 -2.38994105808643e-183 2.95956767399072e-183 -1.08072240164055e-183 -4.38908911871963e-183 1.96704644129435e-183 -5.70414327611959e-184 1.81587625195895e-183 -1.5748071661674e-183 9.96566163624396e-184 1.00000000001708 -1.9627323085849
1.84274762967553e-182 -3.20324583947428e-183 3.83021969822372e-183 -5.39047874273059e-184 -4.60476223363991e-183 2.26568929137068e-183 -1.08165372977074e-183 1.70544642146383e-183 -1.6413421563253e-183 1.10913129632457e-183 0.999999999715547 -2.90116716246013
7.87066876234401e-179 -4.30709732103e-180 -9.56953228762366e-181 -1.88524322684898e-179 -5.73390479051037e-181 2.70295168502577e-180 -3.77006155035623e-181 4.12219929749865e-180 4.93458037174059e-180 1.18659580813562e-180 0.999999999938679 -9.07947278606253
3.2186577129464e-183 9.40001057534294e-185 3.61466700702205e-184 -8.63443545221059e-184 -1.21756444450645e-183 1.71246953475316e-184 -1.49343343233016e-184 2.57771619636296e-184 -2.91135845538114e-184 1.28189105625933e-184 0.999999999717183 -0.808075733059805
4.44978013330029e-179 1.16887228162168e-179 4.77065550267007e-180 7.04590496390941e-181 -6.1301865680567e-180 -3.62066990929559e-180 -1.06604798568103e-180 -2.49121925676573e-181 -5.06847862199364e-181 7.54172077160598e-180 0.99999999993879 -9.08333146392616
2.0135523328883e-182 -2.16432084518136e-183 3.53729319420964e-183 -7.67641067910992e-184 -4.57719525838317e-183 2.66002921254231e-183 -1.13146185625935e-183 1.93677412690428e-183 -1.71651839905604e-183 1.38771727773687e-183 0.999999999746809 -2.97405622640794
1.7522402441733e-182 -2.22777236287316e-183 3.41958518542734e-183 -3.46621107559788e-184 -3.9334342383153e-183 2.47992192490467e-183 -5.60966881789922e-184 1.99821794377191e-183 -1.47803572576151e-183 1.26952790180377e-183 1.00000000000356 -2.82775301333081
1.74042374477208e-182 -2.48285377727459e-183 3.6154759822034e-183 -4.52075110170413e-184 -3.79482100748157e-183 2.19134141511831e-183 -5.08738170789187e-184 1.75389985734622e-183 -1.3721981377903e-183 1.14101861546569e-183 0.999999999834939 -2.96202061699947
2.06325092914526e-182 -3.40591522189758e-183 4.32249369196919e-183 -8.50924557611152e-184 -5.05287994798601e-183 2.39265560109073e-183 -8.61031242115152e-184 1.89168668077014e-183 -1.89627818794079e-183 1.0912693293842e-183 0.999999999830158 -2.86557486139236
1.71296051643163e-182 -2.55915947750997e-183 3.9043360594572e-183 -3.81838317517111e-184 -3.70552887657079e-183 2.25552011302505e-183 -5.24537266522764e-184 1.56471063569755e-183 -1.32169320963226e-183 1.23138322393023e-183 1.00000000000019 -2.74086215727449
1.9377246695847e-182 -2.8012388660635e-183 3.79823997797766e-183 -3.51180090799694e-184 -4.0491288169967e-183 2.42624732889134e-183 -4.34285619315029e-184 2.01922405378032e-183 -1.47131379012442e-183 1.11057840253168e-183 0.999999999819016 -2.91179767617043
8.16290070425318e-178 -2.61474465098765e-178 4.17728419347993e-178 1.39707178995069e-178 -1.79624617923351e-178 9.08603914530235e-179 6.27613068404283e-180 1.13197962845342e-180 3.88100208700698e-179 4.35213103467329e-179 0.999999999937757 -9.0541053106012
1.76855601046386e-179 -3.93157455240119e-180 6.42282679145781e-180 2.16239398713987e-180 -2.609737577948e-180 2.70989331958837e-180 -7.33706779739724e-181 -4.66988583975392e-181 -2.16780403521841e-180 4.10438707393131e-181 0.999999999938597 -9.07856326911947
1.68401009501028e-178 6.67663721729917e-180 4.35995848994672e-179 5.49041887388876e-181 -1.40421252134104e-179 6.81377341228182e-180 -1.35641793067578e-179 8.01838305418175e-180 1.39048246704916e-179 9.88769319860665e-180 0.999999999939442 -9.07014976587544
2.01022469391423e-182 -2.75268661813309e-183 3.25745894224198e-183 -1.05801141916727e-183 -4.93889690801133e-183 2.10990967015789e-183 -1.41845376056876e-183 1.98586931133578e-183 -1.74485670777341e-183 9.58181106809336e-184 0.999999999787989 -2.95806199039998
1.87586677825673e-182 -2.25983302388525e-183 3.52794821796574e-183 -5.85024636013479e-184 -4.35279930508073e-183 2.74574776271956e-183 -6.13688099889364e-184 2.01270683184142e-183 -1.57339421951283e-183 1.34705140401795e-183 0.999999999807654 -2.90902608395569
1.77272362065678e-182 -2.1556918058869e-183 3.09978820668064e-183 -7.93213555739236e-184 -4.00208959950792e-183 2.18371627446663e-183 -7.19684326719843e-184 1.82785592795588e-183 -1.45154121617849e-183 9.45024161459106e-184 0.999999999900961 -2.83069063044697
1.74202656009476e-182 -2.11337468817993e-183 3.12773241292201e-183 -5.19653986128673e-184 -3.9613667156803e-183 2.31818475244636e-183 -7.97114419149878e-184 1.64531788886979e-183 -1.4481052857994e-183 1.29479790753966e-183 0.99999999979897 -2.94850602780396
3.12792513164537e-180 1.6541561547849e-180 1.32180075147173e-181 -4.76570554480363e-181 -5.38567504755968e-181 1.27604871205169e-181 -5.84491054350916e-182 -1.86836102191272e-182 -1.72610158102383e-181 -4.24366866030109e-182 0.999999999938667 -9.10947366300683
1.94959409312036e-182 -2.41250388571474e-183 3.88906032548878e-183 -4.15126272531735e-184 -4.07119980598706e-183 2.74672384149353e-183 -6.64676572209842e-184 1.87559781326596e-183 -1.50933756849048e-183 1.55540860053217e-183 0.999999999983206 -2.80500281124269
8.34088791832361e-178 -5.77037199751407e-178 2.69788261110678e-178 7.1385741958779e-179 -5.66674970467003e-179 1.37865169740397e-178 -1.53027876397244e-179 -1.27391625017024e-179 -1.82207825592684e-178 1.17734231519415e-178 0.999999999939424 -9.03880366065433
1.43576646073378e-182 -1.97895850008869e-183 2.72436732255409e-183 -4.03270085532795e-184 -3.06406766127494e-183 1.83006048291263e-183 -8.06558570632979e-184 1.35099447044556e-183 -1.238862023591e-183 8.95834574014917e-184 0.999999999806927 -2.82986521116358
2.03653547290887e-182 -2.2732109443882e-183 3.71575161441985e-183 -7.49236644440345e-184 -4.56431824996565e-183 2.70296972696207e-183 -1.05368279960207e-183 1.85923853259526e-183 -1.81307750096812e-183 1.2661493990193e-183 0.999999999838871 -2.87786190607537
1.76069213743238e-182 -2.22066171299939e-183 3.21062005053922e-183 -6.39544274541538e-184 -3.82623508841795e-183 2.34864910034258e-183 -6.34576474637399e-184 1.77650641708201e-183 -1.49035121416939e-183 1.33868903707041e-183 0.99999999990767 -2.90437977253452
3.11316397757809e-178 -7.6019426493815e-179 4.05052520687348e-180 -2.38008890332123e-178 -2.39419043332105e-178 7.29887313397947e-180 -4.99448762841691e-179 -5.4705375284358e-180 -5.72241430089946e-179 7.61741520053385e-179 0.999999999939079 -9.05030095794887
2.76747994871362e-182 -3.44632596100727e-183 4.91414619043608e-183 -1.2302340722634e-183 -6.65795377284006e-183 3.58727316352294e-183 -1.16850172579865e-183 2.81932086420561e-183 -2.34390827250999e-183 1.83619800353555e-183 0.999999999792212 -2.83834476834944
2.4394262465944e-182 -3.07014406543605e-183 4.26951319757925e-183 -1.26144756105956e-183 -6.12573091067167e-183 2.82900531013925e-183 -8.49967741792127e-184 2.8331860555014e-183 -2.15685646504679e-183 1.3199101484927e-183 0.999999999956423 -1.80198611859563
2.07135994016153e-182 -2.66554701539578e-183 4.03175155434968e-183 -5.36043081076573e-184 -4.79965704765154e-183 2.70446972299568e-183 -1.09721737798253e-183 2.11226906278298e-183 -1.77763848187943e-183 1.25025762613762e-183 0.999999999857698 -2.86041587731641
2.42595953129248e-178 -2.1927990886823e-178 4.41923502814601e-179 3.15260981286986e-179 -1.03096168169746e-178 1.75912686804322e-179 1.23967175070924e-181 2.70902927208591e-180 -9.46614953040893e-180 -7.7066880604897e-180 0.999999999938289 -9.03792662844794
1.10470413786092e-182 -1.24919164940186e-183 2.15770184587436e-183 -1.12085356173622e-184 -2.27277967881435e-183 1.48526714017458e-183 -3.04988446359384e-184 1.26487907612435e-183 -9.56467614855049e-184 6.46797993594218e-184 0.999999999868061 -1.43363373960485
4.38221020219922e-178 -2.42089768490486e-179 3.01649085133475e-179 -2.60729415665603e-178 -3.44009903177934e-178 -6.50149366997327e-181 -2.14921967970395e-179 -1.66957779954754e-179 -4.78259823731692e-179 1.70546298196184e-179 0.999999999938116 -9.03025908267396
4.31849961192016e-178 8.95715183463889e-179 -4.62694839439546e-179 1.95126140439145e-179 -1.15644258016528e-178 5.92610499899246e-180 -2.77016617969139e-179 5.14437497317935e-179 -9.19914888772517e-179 -6.58858654978018e-181 0.999999999939564 -9.05098473542937
1.90398254455277e-182 -2.23792659143391e-183 3.37864014648937e-183 -6.65944814561688e-184 -4.1907459216398e-183 2.49435105654815e-183 -8.90388320242313e-184 1.8223894738947e-183 -1.48572195237854e-183 1.4013441862545e-183 0.999999999906801 -2.98076676590838
1.37090307077426e-182 -1.82092962111262e-183 2.37710061442437e-183 -6.63898976222912e-184 -3.58913259065306e-183 1.70636309361116e-183 -1.06349512483443e-183 1.50957257486325e-183 -1.22702514284715e-183 7.76860236872144e-184 0.999999999913655 -1.86597137772666
1.7977786743559e-179 6.79511560147074e-180 4.6795386148347e-180 -2.89238603497914e-180 -2.73159333435747e-181 5.95078185686043e-180 -5.4103834108231e-180 2.74462583092531e-180 3.75003839450666e-181 2.05732059306819e-180 0.999999999937634 -9.08965824316625
1.29215661962781e-182 -1.58731367128674e-183 2.58601830603227e-183 -1.89747384232613e-184 -2.82610273962039e-183 1.94551556467576e-183 -1.59816360725009e-184 1.28331821732386e-183 -9.03869409140014e-184 8.03098172515052e-184 0.999999999808689 -2.05303420103076
1.96556779311016e-179 8.53695319905616e-181 4.92519109988406e-180 -9.64387738265186e-180 -8.60303072159449e-180 1.30413576796395e-180 -2.13455426974551e-180 3.82747802659847e-180 6.20709274022766e-181 2.1520914382061e-180 0.999999999937802 -9.10084957119349
1.7144434571657e-182 -2.4060933320071e-183 3.35547425975598e-183 -4.78359744450506e-184 -3.75099800393832e-183 2.18247718123239e-183 -4.69947990999853e-184 1.75732726447778e-183 -1.22209861310459e-183 1.09633042243338e-183 0.9999999999257 -2.71278164477524
1.5307923332898e-182 -2.0481404856093e-183 3.01600656522308e-183 -1.17113323148887e-184 -3.07293736031262e-183 2.36305467266689e-183 -1.47143773413246e-184 1.71194160009037e-183 -1.22785072790492e-183 1.21483678280231e-183 1.00000000007373 -1.19697811166593
