2.06640647789624e-292 -2.63368653453024e-293 3.25573190117791e-293 -9.49304005009939e-294 -5.52320988832375e-293 2.77253267306205e-293 -1.27004303775065e-293 2.38407380941973e-293 -1.90853806636664e-293 1.40054715495491e-293 0.999999999737879 -6.45479123858635
3.34083241438971e-290 -1.52551002781475e-290 3.77980487027578e-291 -2.41820484244200e-291 -9.31655514616165e-292 -3.47695534043486e-291 1.60943237233163e-291 -7.3436919735151e-292 -4.47672034133285e-291 -8.24740350779578e-292 0.999999999949026 -13.4094803879139
4.05049928773002e-288 -1.70483665855027e-289 9.86737862520339e-289 -2.58217999851218e-289 -1.48113159003115e-289 6.01831773536131e-290 -1.26154802272545e-289 -1.961686330911e-289 1.43392636188689e-289 1.75081873508592e-289 0.999999999947716 -13.3247267896554
3.22677459906885e-292 -4.25279525510537e-293 5.38247161250681e-293 -1.42838142767681e-293 -8.7260102530557e-293 4.49036992356295e-293 -2.22187531022179e-293 3.64947523832432e-293 -3.03870961989354e-293 2.26058290413998e-293 0.99999999981709 -6.3244031182791
6.59140929842795e-293 -8.64604926619884e-294 9.74550704960007e-294 -3.54745849446832e-294 -1.67376057014234e-293 8.67780386312935e-294 -2.63519473338843e-294 8.47647835044705e-294 -5.75784375871573e-294 4.27235800298818e-294 1.00000000045051 -3.897433458561
4.01176124190811e-289 5.87024392313646e-290 1.15778286007313e-289 -8.41811554280348e-290 5.75330538774506e-290 1.44120737369331e-289 -1.50640625031608e-289 8.69094930603445e-290 2.01641656694637e-290 1.23878302674539e-289 0.999999999948172 -13.3547404511433
2.62372257795083e-293 -3.65311026150816e-295 4.94226601897757e-294 -1.79343235296135e-294 -6.18057452296396e-294 3.54760771079197e-294 -5.28596640841156e-295 3.55498325648748e-294 -1.17874981313464e-294 1.14724916745495e-294 1.00000000013717 -4.6283014335226
9.61854618554807e-293 -1.59329729960819e-293 1.88961635678071e-293 -2.71991437091761e-294 -2.67825478707888e-293 1.42156520871212e-293 -8.22000956136405e-294 9.39400403288314e-294 -9.94556512235974e-294 6.98342913165224e-294 0.999999999788692 -5.64184990066682
1.00204338700324e-292 -1.63059777567831e-293 2.1168944469821e-293 -2.26024991983518e-294 -2.58673682499039e-293 1.53105255948844e-293 -8.48654682999713e-294 8.71269225061737e-294 -9.8179368558328e-294 7.9280617028724e-294 0.999999999863834 -6.38488854372516
4.22921758146257e-289 2.99726774447188e-290 5.00282384788953e-290 6.86269060880243e-290 -1.17206661778899e-289 1.61990442232902e-290 1.85259758614174e-289 7.24552211752722e-290 2.46590631374152e-291 -1.87943482686646e-290 0.999999999948171 -13.3449222959738
2.28735794090265e-292 -3.69709109236582e-293 4.68116220268955e-293 -5.98717911033171e-294 -6.35522551576733e-293 3.52333558331203e-293 -2.05665521908226e-293 2.24134188400503e-293 -2.31339653435665e-293 1.71245402606171e-293 0.999999999917657 -6.45301842240524
2.8784407637592e-292 -3.85309365605085e-293 4.88163774917419e-293 -1.25414063499798e-293 -7.6421755399589e-293 3.96962545861115e-293 -1.84704376318065e-293 3.25376647068957e-293 -2.68756066598518e-293 2.01220552709735e-293 0.999999999913475 -6.45878342200359
3.89209910516581e-293 -1.05063531561894e-293 9.44328976377178e-294 -5.57207061662828e-295 -7.62925523162354e-294 5.99966070840816e-294 -5.88352886632768e-295 3.62970249103718e-294 -4.00452614803571e-294 2.7543079854331e-294 0.999999999535008 -5.22524029056409
6.77419538543517e-291 -1.53613122873553e-291 2.01488130700812e-291 -3.86026445277801e-292 -6.09169399939665e-292 1.14295782010594e-291 -8.4953474084776e-292 1.41829262264199e-291 -1.39288707014431e-291 -7.76356968346875e-292 0.999999999947985 -13.4302550258979
1.29831359537875e-290 9.71351671309649e-292 5.25896267900462e-292 1.69214235263428e-291 -2.56260932567732e-291 1.42138319760603e-291 -4.70999599534235e-292 -4.57249336070056e-292 -4.27665321327167e-292 1.05003753017281e-292 0.999999999947788 -13.4017640099562
5.46986502896941e-290 -2.07381887946624e-290 2.22707456840217e-290 1.53459168402751e-291 -6.22178035593069e-291 3.83652276440559e-291 -7.15917343912061e-291 5.37214786984531e-292 -3.70875897734265e-291 5.36965287486827e-291 0.999999999947933 -13.3906289230164
1.31744982611782e-292 -1.77448589059997e-293 2.40944890599134e-293 -5.05411127863102e-294 -3.37865083383863e-293 1.85776968279587e-293 -8.69253131368595e-294 1.4054033010296e-293 -1.19194334697598e-293 9.32453746735892e-294 0.999999999918073 -6.45100053074542
1.49131832440459e-292 -2.11282009517435e-293 2.77420256543537e-293 -4.90352211296298e-294 -3.67901567948311e-293 2.11761836349508e-293 -8.41006269851176e-294 1.57699869124654e-293 -1.32767288151295e-293 1.10577956272763e-293 1.00000000002856 -6.3642467164937
1.9233039654398e-289 3.03539535491146e-290 3.91787603028619e-290 1.89481511468214e-290 -1.16121575959051e-290 7.87532006066995e-290 1.10897537879697e-290 2.07519876576224e-290 -9.95289305535835e-291 5.38459210849516e-290 0.999999999947952 -13.369897121266
2.20975522677991e-292 -2.45809004311864e-293 2.93475314934467e-293 -1.28497434713027e-293 -5.67012248119045e-293 2.73565043193996e-293 -1.04108170995979e-293 2.71183193072309e-293 -1.92330723074246e-293 1.46308499280217e-293 0.999999999991948 -5.65666911742354
1.49982858857039e-292 -2.16448855471127e-293 2.858995848156e-293 -5.15666525846254e-294 -4.10671196617001e-293 2.19275928787117e-293 -1.23059062429924e-293 1.5419200892534e-293 -1.43726424489922e-293 1.08504611718564e-293 0.99999999992897 -6.40803300989247
1.64844634499673e-292 -2.47483763952003e-293 3.06090703712311e-293 -6.19559525777593e-294 -4.16552915745245e-293 2.36938607486869e-293 -9.68553949466294e-294 1.7953927066008e-293 -1.52930077662776e-293 1.1812741544689e-293 0.999999999787764 -6.41392881883636
2.83358553907606e-289 5.49015976491729e-290 6.02004662193989e-290 -3.4752613267302e-291 -2.75940019524498e-290 1.78578482219526e-290 5.06033892122717e-290 3.29090382058632e-290 -8.31630691468784e-291 2.10033367729095e-290 0.999999999946862 -13.3657383834027
3.03858693276818e-290 3.28370828069847e-291 1.11309603674844e-290 -6.43909181963116e-291 -9.26903715716832e-291 4.39632851957484e-291 5.39052469902507e-291 1.07124036864298e-290 -3.92832099471924e-291 -1.15976625655832e-290 0.999999999947849 -13.3731882321082
1.21102663415115e-288 -9.8927765599774e-290 -4.3050242319352e-290 6.38190397531209e-290 -1.44958019399403e-290 1.46792456811568e-290 -1.78588499742135e-289 1.80982515225205e-289 -5.55392897812485e-290 -5.63013245844809e-291 0.999999999947614 -13.3450732944147
1.70670190848739e-292 -2.62544714680561e-293 3.31673797185722e-293 -5.02934242404095e-294 -4.63812647745236e-293 2.52458590031296e-293 -1.37870750487097e-293 1.69263694010323e-293 -1.66437031548623e-293 1.26066152701163e-293 0.999999999906762 -6.40939997665148
7.12970308749251e-293 -1.26693420385463e-293 1.61777189648319e-293 -3.2755968730758e-295 -1.69746101855031e-293 1.11095889040121e-293 -4.26376362711974e-294 6.3598128517533e-294 -6.54198400980073e-294 5.72097122447917e-294 0.9999999996369 -5.80651550232934
1.28411635346e-292 -2.13154792645688e-293 2.67130310407173e-293 -3.21036161423974e-294 -3.32982767144537e-293 1.9673678109445e-293 -9.43929093977528e-294 1.26240278087932e-293 -1.23183017757552e-293 1.01591995735329e-293 0.999999999857547 -5.52084827513222
3.48074404532365e-292 -4.57641415356873e-293 5.62734867626e-293 -1.62337270339406e-293 -9.79238267474245e-293 4.76206265965742e-293 -2.64292867867814e-293 3.89442165927807e-293 -3.3835247883456e-293 2.42558032178377e-293 0.999999999803319 -5.76975775918347
7.2786676551931e-290 -1.18765696137963e-291 -5.6619140039733e-291 -2.77718573572145e-291 -3.28679967695816e-291 -1.22590335676157e-290 1.61343356506392e-291 7.88100293463557e-291 -2.60599245297211e-290 3.81167930097109e-291 0.999999999947039 -13.3774007733002
2.92942575227377e-292 -4.80503952939384e-293 6.02969573815876e-293 -7.74779301639518e-294 -8.76164818608986e-293 4.59479590177566e-293 -3.17080842283776e-293 2.81735134811088e-293 -3.20326488034937e-293 2.22148947454087e-293 1.00000000000531 -4.7069499243327
1.50029268244391e-292 -2.66151107165061e-293 3.48866888608424e-293 -2.19310149187569e-294 -4.2412414879506e-293 2.45293560658372e-293 -1.52866498349846e-293 1.35988625291508e-293 -1.55847043388527e-293 1.19338896632494e-293 0.999999999925747 -6.46539140500032
1.91877140173203e-292 -3.0915333740703e-293 3.89476971872956e-293 -5.52812126546778e-294 -5.69306399597171e-293 2.97653749272685e-293 -2.03564506762789e-293 1.88900606564397e-293 -2.03101617755289e-293 1.41927462420415e-293 0.999999999692445 -5.85206804314848
1.72322748571673e-292 -2.46180566396488e-293 3.06937455303103e-293 -6.79407858595302e-294 -4.45243921121543e-293 2.44714200088626e-293 -1.08646307955402e-293 1.91682693858713e-293 -1.59256759264648e-293 1.25730638729002e-293 0.99999999992973 -6.3970634988034
2.6864694074253e-292 -3.67727937992074e-293 4.51937980272386e-293 -1.13598520346261e-293 -7.22034193535022e-293 3.71679579154116e-293 -1.8284105185495e-293 2.99507544365094e-293 -2.52545318455802e-293 1.89753995423319e-293 0.999999999922682 -6.35418635715672
8.3052850621249e-288 -3.29169386468717e-288 3.73647772950107e-288 3.53793524609888e-289 -2.60886236411507e-288 1.14444352042271e-288 8.61564454902146e-289 1.37027503579058e-288 -6.32687427312864e-289 2.87011119759108e-289 0.999999999948513 -13.3079385245248
3.11541858263136e-292 -4.30504275863008e-293 5.44567686455109e-293 -1.22182895693708e-293 -8.55707880123941e-293 4.42413021082329e-293 -2.31789660526596e-293 3.39041218408839e-293 -3.00292566565364e-293 2.23568391114517e-293 1.00000000004848 -6.45101895366061
4.20842651511476e-290 2.63067311115266e-291 -7.70908575988549e-291 -8.21923205961938e-292 -8.06110862094223e-291 5.2876080441843e-291 -3.07249619233635e-291 1.32515697854545e-290 -3.38613093054268e-291 -4.72434468532917e-291 0.999999999947436 -13.3848653850515
1.36076709519211e-289 -4.35205245453831e-292 1.05012006107709e-290 8.96517589145293e-291 -2.79909060143048e-290 2.85731006650629e-290 -1.11958126607386e-290 2.06937538439873e-290 -3.05673568147516e-290 -6.99606487582516e-290 0.999999999947772 -13.3565364924623
2.47813520682801e-292 -3.13536221875627e-293 3.69257680272311e-293 -1.32279303168178e-293 -6.49570375307805e-293 3.26659031908513e-293 -1.31147275729238e-293 3.01057352052115e-293 -2.25684004739027e-293 1.6416842607463e-293 0.999999999876625 -5.90680884997279
2.77810216859985e-292 -3.01262019955314e-293 3.64066222776383e-293 -1.6784618777799e-293 -7.26641957679832e-293 3.4410600738057e-293 -1.28461447137651e-293 3.6054977308218e-293 -2.45250138737446e-293 1.81704478464972e-293 0.999999999633735 -4.70085011069125
2.30956326282989e-292 -3.03019581900759e-293 3.75078659507394e-293 -1.06514077245653e-293 -6.26049212825568e-293 3.16734022023985e-293 -1.56848514562862e-293 2.64698522455426e-293 -2.2055565923583e-293 1.6283863148e-293 0.999999999795207 -6.44492483807159
1.74800980887427e-292 -2.08427460768982e-293 2.55382735273165e-293 -9.18505423531714e-294 -4.50379649408427e-293 2.29762940904731e-293 -8.02335383462541e-294 2.1417201254799e-293 -1.53501848524745e-293 1.19405471483715e-293 0.999999999645278 -5.48904808355579
5.44079339408227e-290 2.19124165623736e-291 -4.8474347552909e-291 -8.32889434099415e-291 -2.13788140485081e-291 1.27222431992333e-291 2.68456101361919e-291 9.69016567407052e-291 -3.02503317126838e-291 1.01218745425014e-290 0.9999999999484 -13.3801106319008
7.8116238520793e-293 -1.06838243162606e-293 1.79407614556871e-293 -1.36417830321722e-294 -2.55064475931218e-293 1.34087353044525e-293 -1.0379429831455e-293 7.62718362625227e-294 -8.35017568531789e-294 6.41164677355874e-294 1.00000000037644 -4.95456187522527
2.93163122369033e-293 -5.40091127998512e-294 6.60224147270975e-294 -5.47262834408537e-295 -4.94319043099005e-294 3.9032425223495e-294 -1.23987316339133e-294 2.66007989917654e-294 -2.82760694157099e-294 2.06531800849821e-294 1.00000000032703 -4.40072013987389
8.70013686848227e-290 2.02875335801201e-290 1.48094280094246e-291 -9.8155968137272e-291 -1.61872542286993e-290 2.3513609493431e-290 3.18333790857488e-291 -2.0877061768471e-291 5.11962044135512e-291 4.64131914130816e-291 0.999999999948668 -13.3976465041715
1.58548377076266e-292 -2.28291400778887e-293 3.14990516137345e-293 -5.32619642325126e-294 -4.66690516126624e-293 2.39926444242206e-293 -1.66827089552335e-293 1.56711582707612e-293 -1.63079491087902e-293 1.20137725912799e-293 0.999999999495187 -4.61624839909863
1.52506816926322e-292 -2.48809683020461e-293 3.11889956364342e-293 -3.67559734992469e-294 -4.16559254672421e-293 2.36004509211784e-293 -1.35536908045009e-293 1.45846796232445e-293 -1.57932998004307e-293 1.17910382190845e-293 0.999999999737684 -6.37606106439637
1.00537865953794e-292 -1.6707248057243e-293 2.13354049403356e-293 -1.76368566906977e-294 -2.73352781864288e-293 1.61765743869022e-293 -9.52558862789575e-294 8.72092759913162e-294 -1.03647897690249e-293 8.31605276388627e-294 0.999999999780069 -6.35897269399064
4.01623908553516e-293 -3.44011058845897e-294 7.89454170117146e-294 -1.13846257547765e-294 -9.29565511677965e-294 5.89732687281176e-294 -1.16953993680075e-294 4.74733369987615e-294 -2.71629708587663e-294 3.26781583805426e-294 0.999999999800125 -4.94798333548976
1.53333760452793e-292 -1.57664552897192e-293 2.02183696273984e-293 -9.27593940446575e-294 -3.96023121544376e-293 1.84904778747036e-293 -6.57342337657195e-294 1.92584648504479e-293 -1.29330633517721e-293 9.94204612089917e-294 0.999999999997227 -4.98426559884633
2.54100350285259e-289 -1.47844043307169e-289 1.26615531160071e-290 6.30227586944043e-290 -6.45601138217721e-290 5.44909994428883e-290 1.30719864536453e-290 3.54077230636103e-290 1.44839181621337e-290 6.70459645817672e-290 0.999999999947744 -13.3482187898048
1.00220046464096e-288 8.95240908595323e-290 3.1557329086449e-289 -3.79929417190596e-290 -6.75192694727322e-290 -1.28211660227336e-289 -1.54792751109568e-289 1.11467990210134e-289 -4.83451227772163e-290 -1.40988614171764e-289 0.999999999948126 -13.354540418265
1.37223378140196e-292 -2.2120410836111e-293 2.9785426321199e-293 -2.91421384428934e-294 -3.67643486267245e-293 2.1565405780542e-293 -1.12537759208483e-293 1.34160367909072e-293 -1.33931012845286e-293 1.11466302302669e-293 0.999999999954255 -6.31789093917703
1.38496010168124e-292 -1.99650756683544e-293 2.45589611455402e-293 -5.17872847093495e-294 -3.44209264706524e-293 2.00295535792715e-293 -8.12451719821887e-294 1.52375417402556e-293 -1.2825678832408e-293 9.76178112664841e-294 0.999999999736964 -6.29583749470195
1.64319103230002e-292 -2.99453322883093e-293 3.70386810771631e-293 -1.88498376165309e-294 -4.53810403326932e-293 2.57340915376124e-293 -1.92198409002793e-293 1.24472822474016e-293 -1.72637648501156e-293 1.30470363449019e-293 0.999999999062056 -4.36097610726738
1.42434669104545e-289 -1.28813706993086e-290 -1.58909618457139e-290 -4.91216891986411e-290 -2.88168262725028e-290 1.22847744720237e-290 9.7530479056403e-291 4.53741440325464e-290 -1.38689788523361e-289 -7.2544174416378e-291 0.999999999948519 -13.3783353054936
3.63808063992667e-292 -4.73682768121749e-293 5.78624397915808e-293 -1.73914117520184e-293 -1.02417418690131e-292 5.01643037835247e-293 -2.81019071969312e-293 4.17146139294654e-293 -3.58618780921909e-293 2.51184701838441e-293 0.999999999968316 -5.67330607146874
4.54447525364011e-288 -5.77487362876244e-289 -1.44855116488797e-289 -2.81612812763349e-289 -1.16533970835609e-288 5.28558114506068e-289 1.02513880693235e-289 1.29528219984611e-289 -2.14125880763581e-289 -8.25421445181253e-290 0.999999999946643 -13.3280664592797
5.31077825597575e-293 -5.52486014546753e-294 8.71790775462874e-294 -2.90185154837894e-294 -1.24971126508987e-293 6.96782094887585e-294 -2.00383718945901e-294 6.43467673499134e-294 -3.45608519768429e-294 3.41596802009745e-294 0.99999999957454 -4.93693832047137
7.79775315686867e-293 -1.37075548596537e-293 1.55117691564358e-293 -1.00327215053426e-294 -1.63718914235523e-293 1.07696261764102e-293 -3.6906377375651e-294 6.4216958413451e-294 -6.78708099123479e-294 6.26900349361648e-294 0.999999999758228 -5.80512879137509
1.24222525363742e-292 -1.74831372344231e-293 2.09746731509574e-293 -4.99613450333171e-294 -2.85416135463246e-293 1.68098266603905e-293 -4.61276079992789e-294 1.40067551771586e-293 -1.04692277215673e-293 8.7991462305898e-294 0.999999999829362 -6.41556181109809
9.8667604809939e-289 -5.55011100389146e-290 -8.33174404860717e-291 -2.32534894573393e-289 -1.1432112484472e-290 3.57801924951395e-290 -5.50628064865833e-291 5.26204959386632e-290 5.91154868284931e-290 1.58048240973455e-290 0.999999999947783 -13.3532769833342
1.76539792288719e-292 -2.8401727811965e-293 4.07231059091922e-293 -2.98108063790346e-294 -5.19555547150148e-293 2.9410751256303e-293 -1.88787565336985e-293 1.62765776920003e-293 -1.82930995171806e-293 1.36333912216773e-293 0.999999999374899 -4.97588584426178
6.87206558851547e-290 1.60361173661093e-290 7.75843778096523e-291 8.3682523281665e-292 -1.00069805574621e-290 -4.48442925323355e-291 -1.79993608832986e-291 1.65408698945865e-292 -1.16749193580839e-291 1.11385350616805e-290 0.999999999947852 -13.3871722181324
2.46401596985052e-292 -3.39720520966645e-293 4.15560265703278e-293 -1.07613144701143e-293 -6.62686996830353e-293 3.41276916781441e-293 -1.64500312161376e-293 2.75953251946154e-293 -2.33687342388354e-293 1.71685451606952e-293 0.999999999849001 -6.45121919096506
1.97998849393388e-292 -3.16725744742915e-293 4.16554373452656e-293 -4.95414150276822e-294 -5.64614835391667e-293 3.08306118311964e-293 -1.94524460652998e-293 1.90727977473667e-293 -2.00012367506864e-293 1.48198664905199e-293 0.999999999907821 -6.31504120164995
1.63210534091292e-292 -2.36226961090453e-293 3.04928545541842e-293 -6.1322971424177e-294 -4.51416056310135e-293 2.3914874761687e-293 -1.28458268312753e-293 1.7532343350311e-293 -1.58675601963322e-293 1.16669572864276e-293 1.00000000003157 -6.47153331173579
2.64700930125113e-292 -3.84282413619244e-293 4.75595200369082e-293 -1.04001559339672e-293 -7.18569643646195e-293 3.81191835495142e-293 -2.06999682128228e-293 2.83289506246719e-293 -2.60453424414765e-293 1.89393483353904e-293 0.999999999920196 -6.38245354545666
1.17294245732406e-292 -1.75709180450577e-293 2.17699834048185e-293 -4.29709316919424e-294 -3.25833210573616e-293 1.7116952441741e-293 -9.01990190402682e-294 1.27551147300666e-293 -1.15526811366738e-293 8.42956052919423e-294 0.999999999983282 -6.49560363144526
1.19354813063982e-292 -1.90408357860373e-293 2.45929236407545e-293 -3.01371412961236e-294 -3.07851089080381e-293 1.76951429556862e-293 -9.11834444758819e-294 1.1532736297009e-293 -1.14985593144447e-293 9.25532962661914e-294 0.999999999985926 -6.4431415585885
5.53561281138584e-289 -1.76675047421394e-289 2.82114995150761e-289 9.40052159301067e-290 -1.21919339478473e-289 6.17237370416201e-290 4.01878424869389e-291 1.13754753840158e-291 2.58279681092645e-290 2.95712434882759e-290 0.999999999949501 -13.3751863678704
1.2598748229954e-289 -2.72183898451979e-290 4.40727250786897e-290 1.39343497211487e-290 -1.95070271478737e-290 1.91673459459944e-290 -5.33722876844259e-291 -2.10207563731235e-291 -1.51196247992239e-290 3.33561879502938e-291 0.999999999947217 -13.3607778307619
4.74194268808959e-288 1.84601903473506e-289 1.22624128026491e-288 1.47212697689487e-290 -3.98381131717864e-289 1.93716924458201e-289 -3.81259471250095e-289 2.26876840093348e-289 3.88286211811308e-289 2.78552768438086e-289 0.999999999947374 -13.3356236592712
1.35681826295052e-292 -1.68020393323449e-293 2.15938917616182e-293 -6.48583782822138e-294 -3.34745172690836e-293 1.79105950362997e-293 -5.44142693323032e-294 1.6139133490235e-293 -1.13279456163472e-293 9.33890888224264e-294 0.999999999762304 -6.37255116855402
2.28278953348664e-292 -3.30857296779581e-293 4.13627121597724e-293 -8.47405002149895e-294 -6.24115506667718e-293 3.28127348196702e-293 -1.77679771725956e-293 2.44399200517092e-293 -2.22886461167915e-293 1.61044162766136e-293 0.99999999982078 -6.45370645733676
1.449692942028e-292 -2.0617189928889e-293 2.55689806172949e-293 -5.89562767624818e-294 -3.62402668445019e-293 2.01733241465885e-293 -8.51486889032038e-294 1.5438769354423e-293 -1.28457766606048e-293 1.04898080910925e-293 0.999999999897634 -6.46923285267539
1.59327938037005e-292 -2.55277651731733e-293 3.13889920902291e-293 -4.51243138445192e-294 -4.3564142142334e-293 2.38374010075865e-293 -1.31183615179089e-293 1.55864134343873e-293 -1.57721213348416e-293 1.17236517488941e-293 0.999999999863886 -6.34754709291905
3.41132398532076e-290 1.2297664875534e-290 2.65889511042574e-291 -4.18826488873843e-291 -6.4825049253689e-291 2.2278899453953e-291 -9.2498886104526e-292 7.5119387785139e-292 -2.16186248910623e-291 2.34444998809617e-292 0.999999999947282 -13.3832990530669
2.41450837330003e-292 -3.37689497211942e-293 4.29317661232931e-293 -9.49434537257109e-294 -6.38009010703172e-293 3.3763512054035e-293 -1.6902549941634e-293 2.61056081170527e-293 -2.26947531260827e-293 1.69252692062422e-293 0.999999999949524 -6.45565078956719
1.13676143899952e-287 -7.8515329091463e-288 3.67367843212989e-288 9.70134213881767e-289 -7.76256628824565e-289 1.87828582584537e-288 -2.09269156470108e-289 -1.70868548368393e-289 -2.48022689285753e-288 1.60284274292189e-288 0.999999999948056 -13.3148743939378
1.63830460010311e-292 -1.943954957305e-293 2.46907907384308e-293 -8.15123065530511e-294 -4.13973408307005e-293 2.14266347866579e-293 -7.86075479896964e-294 1.95263330744641e-293 -1.39241147793492e-293 1.12678083654927e-293 0.999999999879399 -6.4450847840846
1.40431114594698e-292 -1.82186155768509e-293 2.19237133234345e-293 -6.51206289602013e-294 -3.43797636299002e-293 1.81449113570123e-293 -6.06026600004607e-294 1.64249409724524e-293 -1.16522577987319e-293 9.4271147089808e-294 0.999999999875617 -6.55366380790937
2.38638132324754e-292 -3.32866366673501e-293 4.33444726805423e-293 -9.43387080382334e-294 -6.69295177979025e-293 3.46934842308471e-293 -1.94910061217963e-293 2.59200501647227e-293 -2.35163874827205e-293 1.6923357334666e-293 0.999999999944582 -6.36667017484154
2.86913883785083e-290 -6.74987414764672e-291 8.03689298038273e-292 -2.0111392402596e-290 -2.07755549649279e-290 9.68754158093739e-292 -4.35447958461982e-291 -1.97772960412682e-292 -5.04125976615343e-291 6.58555731549789e-291 0.999999999947473 -13.4038420756768
1.2767721790984e-292 -1.81376398455915e-293 2.28337281956845e-293 -4.49771118960249e-294 -3.00958434081468e-293 1.75744914070792e-293 -5.35191328941054e-294 1.42055184874846e-293 -1.08661514109965e-293 9.11360165485038e-294 0.999999999847329 -6.38136361582943
2.26115786090267e-292 -2.94917246874636e-293 3.71019616573541e-293 -1.0609210839302e-293 -6.2981636278293e-293 3.1477675688405e-293 -1.64002504361091e-293 2.5705847385699e-293 -2.15999321337384e-293 1.52452616738237e-293 1.00000000004796 -5.21765083707807
2.76085893249143e-292 -3.51528022364774e-293 4.61341188309908e-293 -1.20129256858343e-293 -7.31038739068008e-293 3.77903123251554e-293 -1.69813461169781e-293 3.14500362488236e-293 -2.52840722945971e-293 1.94099368084415e-293 0.999999999803835 -6.41982012852788
1.70739939531375e-288 -1.53744206201371e-288 3.11041946658174e-289 2.20619235327243e-289 -7.24220671644648e-289 1.24317013478454e-289 4.57043732988505e-292 1.97797095146366e-290 -6.69976098024244e-290 -5.34790258935071e-290 0.999999999948081 -13.3284539113455
2.77506175485676e-292 -3.58806279333477e-293 4.38028707852826e-293 -1.33745072563001e-293 -7.68922813465995e-293 3.76534797688368e-293 -1.96571025770581e-293 3.19490414924673e-293 -2.67001493919887e-293 1.91102418877006e-293 0.999999999694571 -5.10543596977099
1.6686545336972e-289 -9.53454720140434e-291 1.19098206950734e-290 -9.72219138931075e-290 -1.29045406888472e-289 2.80996746718065e-292 -8.23750733818561e-291 -5.82755501183336e-291 -1.8147006679478e-290 6.60937146185396e-291 0.999999999948048 -13.3681795226515
2.94871703832971e-289 5.97994739018869e-290 -3.04541954247643e-290 1.30080988736805e-290 -7.8909249937582e-290 4.54507126649416e-291 -1.89045529354767e-290 3.50717773652779e-290 -6.233488215515e-290 -1.70959429059102e-292 0.999999999947716 -13.376672347111
2.5436678337152e-292 -3.84881070366513e-293 5.00510227239695e-293 -7.57526773702746e-294 -7.2009204299199e-293 3.87072881063702e-293 -2.30579448328314e-293 2.54523708705337e-293 -2.58765314242273e-293 1.95691949583184e-293 0.999999999932163 -6.32509315757435
9.39738570616581e-293 -1.42237092072441e-293 1.85400279657567e-293 -1.70763517760173e-294 -2.02505620150114e-293 1.38351991731286e-293 -3.50845263540074e-294 9.77714607195308e-294 -7.61526316677613e-294 7.90708225920484e-294 0.999999999835419 -5.69674228896903
1.49230712600175e-290 4.37213817357809e-291 3.70427257527054e-291 -2.09280881128417e-291 -8.10195606517619e-292 4.47848994125303e-291 -3.90970851633449e-291 2.16021434837759e-291 3.77079501762927e-293 1.59898808337736e-291 0.999999999947498 -13.4009360475107
1.9372173559731e-292 -2.60989104403531e-293 3.25914755235449e-293 -8.45639590898357e-294 -5.23492167530497e-293 2.71451945454638e-293 -1.33077696220866e-293 2.17368926429922e-293 -1.88188688338588e-293 1.40660335846313e-293 0.999999999923087 -5.53426104275386
2.08799468585129e-290 2.69525559275078e-292 4.99128208142557e-291 -8.65082871190493e-291 -8.47870754261591e-291 1.6423386348993e-291 -2.08695581134205e-291 3.7551692391839e-291 2.34829838580189e-292 2.14273017856118e-291 0.999999999947177 -13.4066582310309
1.84642259693723e-292 -2.53391909062278e-293 3.14854769817023e-293 -7.37160852816183e-294 -4.90359919676854e-293 2.58558093429762e-293 -1.22702078347859e-293 2.0197746648932e-293 -1.73708741725985e-293 1.30675387262645e-293 0.999999999898819 -6.46024871057578
1.55306753335432e-293 -2.59929193129036e-294 3.79801246114023e-294 -2.76458989898096e-295 -3.13317368141127e-294 2.70459254388656e-294 -3.59621565405089e-295 1.96550594544711e-294 -1.4125449589321e-294 1.43399425307361e-294 1.00000000027377 -4.97988383129424
