2.42777493319253e-72 -4.19833513621844e-73 5.80624826105842e-73 -1.04521865659579e-73 -4.80209570430959e-73 1.69307624414046e-73 -1.31599682098439e-73 3.76312134839892e-73 -1.8622344819518e-73 1.24455711323788e-73 0.99999999978754 0.0647324631798116
1.15624512349429e-68 -6.01121561143732e-69 1.14098717917843e-69 -9.17161383945399e-70 1.84543209179487e-70 -1.76225255379537e-69 7.95964942983137e-70 -5.4788635354144e-70 -1.65449342501898e-69 -4.9570469821962e-70 0.999999999925826 -4.63933448633998
9.8844192892361e-69 -3.87472102386683e-70 2.42275620137502e-69 -6.37216648353001e-70 -3.0225679986111e-70 1.11210030254591e-70 -3.04138479487929e-70 -5.24801570210245e-70 3.85912867926749e-70 4.22836604406874e-70 0.999999999927527 -4.62562140192218
3.70821741667947e-72 -7.0159832751369e-73 1.01340432331052e-72 -2.48781172579828e-73 -8.13245321239551e-73 4.75339445936186e-73 -1.11984812218238e-73 4.35196430886886e-73 -1.19609946015619e-73 2.25852696646654e-73 0.999999999783006 0.0608898396967965
7.42861819051277e-72 -2.01842009714685e-73 1.17525008332468e-72 -5.81055737442832e-73 -1.34215044852466e-72 1.49084505104751e-72 -4.81708725187954e-73 9.0398847258819e-73 -6.7610405966493e-73 2.16250422798054e-76 0.999999999192091 2.26620900740913
1.41730204581621e-67 2.11486694724471e-68 4.10466188721965e-68 -2.99861519578879e-68 2.08799163560924e-68 5.12458084564261e-68 -5.36988424691572e-68 3.08689060562242e-68 7.31970670606256e-69 4.41280548271271e-68 0.999999999925306 -4.55219697140683
-4.10743527858465e-73 1.44770464519771e-73 -4.32908437632097e-73 -2.77030883295541e-73 -4.05001652192071e-73 -2.3176366717469e-73 -1.05741501728233e-73 6.5413541046035e-74 1.14781658425612e-74 3.90648165673063e-73 1.00000000061659 2.39073532337398
3.09936960172055e-72 -4.66090283902591e-73 5.56955460815904e-73 -2.58448743515301e-73 -7.33453657146311e-73 3.94002994904059e-73 -2.31968596227513e-73 4.62302098188607e-73 -4.07281204642637e-73 1.8497530519991e-73 0.999999999806077 0.867284545436884
3.66065345910387e-72 -6.91826454802348e-73 8.39538856864978e-73 -2.42249758473753e-73 -9.44277367531914e-73 3.85959705880212e-73 -1.86457308987755e-73 4.10546184324754e-73 -3.37752711868835e-73 2.2241736923555e-73 0.999999999862291 -0.06741729910707
1.07989102259343e-68 1.06569159799624e-69 1.15788758203226e-69 2.04612481148095e-69 -3.0594427348175e-69 2.79179752632381e-70 5.41334204872532e-69 1.95323773746426e-69 1.86325586421349e-70 -6.21653732450086e-70 0.999999999925719 -4.60605537187863
2.88427039615215e-72 -5.16012356885652e-73 8.69271035365098e-73 -2.27441155424207e-73 -7.44728750205081e-73 2.91996130935845e-73 -1.10837130065731e-73 3.11346099373837e-73 -2.6473144309272e-73 1.95653720797402e-73 1.00000000000375 0.0407181838702497
5.46634785611466e-72 -6.44872912048427e-73 1.19450436255693e-72 -3.62415143314392e-73 -1.27151698590123e-72 6.94484200871382e-73 -2.33168254654896e-73 6.0559628873236e-73 -3.98466123986976e-73 2.34625987213386e-73 0.999999999801089 0.0310628771954938
4.00577467089015e-72 -5.6664275932902e-73 9.48644572046212e-73 -3.05253283266257e-73 -7.95928282663196e-73 4.61004212500616e-73 -2.93295176084772e-73 3.57552379437649e-73 -3.17344263433231e-73 1.67984164286213e-73 0.999999999403267 1.26700978276572
1.08858156249096e-67 -3.18179469673896e-68 4.18362025888882e-68 -7.97546924683644e-69 3.94524796174295e-69 2.06201831909164e-68 -1.87774650630069e-68 3.13697203753483e-68 -3.18126643013675e-68 -2.77693037572436e-68 0.999999999924738 -4.57459042769463
5.82236468637813e-69 1.06150464736928e-69 -2.00793972834872e-70 1.2614550297498e-69 -1.02488020050276e-69 5.61681561487788e-70 -1.70672670593845e-70 -6.17333224706446e-70 -3.24588302809601e-71 -1.19266939820796e-70 0.999999999926231 -4.61889450259388
5.07384506467431e-69 -2.24137322027629e-69 2.35451648135005e-69 2.26297611120727e-70 -4.12361412552086e-70 2.67071401240292e-70 -7.73577594583485e-70 -7.35409422184994e-71 -3.20971724204347e-70 5.43467422118413e-70 0.999999999927499 -4.64583849044344
1.66127696537434e-72 -1.55268980260351e-73 4.09441271201154e-73 -2.59904102185966e-73 -3.82718551332691e-73 2.52763143653641e-73 -1.99911705712235e-73 2.38406850460437e-73 -2.39430876035593e-73 1.35169788706704e-73 1.00000000008546 0.110832900798056
2.76739152063746e-72 -5.00138113288694e-73 8.06694610664249e-73 -2.56347758143917e-74 -8.97128375055922e-73 2.43605394713005e-73 -5.20137156935869e-74 4.0963236385486e-73 -2.19225841736819e-73 2.43853818876401e-73 1.00000000001275 0.014559254576581
3.90191901176317e-68 6.30029126892757e-69 7.95839521636298e-69 3.91150667141756e-69 -2.2639310641942e-69 1.61078734775911e-68 2.3043557146198e-69 4.20968675391827e-69 -2.00158636688442e-69 1.10262650448732e-68 0.999999999928371 -4.57323392544054
1.68184795902596e-72 -6.83347373564798e-73 5.57591648222551e-73 6.13325661378036e-75 -6.2450168455987e-73 1.06801471046544e-73 1.15802155342498e-73 1.81809995250353e-73 -1.83904271683036e-73 5.13004076131127e-74 1.00000000006083 0.756601148719187
5.73560633327542e-72 -7.56488116394818e-73 1.27178474808888e-72 -3.98132523023381e-73 -1.48725609398622e-72 6.11914877986461e-73 -2.36832147728418e-73 6.59933460330461e-73 -3.55664378744097e-73 2.16444694005282e-73 0.999999999966778 0.019516955387192
2.31893377225616e-72 -6.51553388381876e-73 9.29950538709523e-73 -1.20554510492734e-73 -6.83593683686472e-73 3.65348706520065e-73 -3.12088692548313e-74 3.55570933770841e-73 -1.74501384551596e-73 2.06997001819218e-73 0.999999999799286 0.0731849396610078
4.15508500746562e-68 8.99013129914423e-69 8.87591346538005e-69 -4.36270229517624e-70 -3.64804694411546e-69 2.40954294499678e-69 8.05474993210689e-69 4.86594047564915e-69 -1.06408212724495e-69 3.11443814718626e-69 0.999999999930198 -4.58732157734885
4.40920436222571e-68 8.3618616353859e-69 1.87377601770915e-68 -1.19419635940125e-68 -1.44423444301524e-68 6.48692448227747e-69 1.11268371687546e-68 1.92006879530649e-68 -6.33490983371243e-69 -2.33405898208584e-68 0.999999999926503 -4.56991867670548
1.69961993238708e-67 -1.37987218248166e-68 -6.38420847643332e-69 9.09679533070355e-69 -1.68944468429435e-69 1.87371488909249e-69 -2.52115406099684e-68 2.54694713267761e-68 -7.73522082696216e-69 -8.89557753326869e-70 0.99999999992509 -4.56565325561437
4.11156844617894e-72 -6.06352376113442e-73 9.83418033757188e-73 -2.54942492188806e-73 -8.43078233487933e-73 3.92507176154438e-73 -2.05457765280507e-73 4.84677032292756e-73 -3.33162283167751e-73 1.33917679058905e-73 0.999999999945027 -0.0247132925014168
2.50753799952784e-72 -5.26536205101687e-73 8.1537576667796e-73 -1.86848460851947e-73 -6.50918067319183e-73 3.52376775780744e-73 -8.57938143356472e-74 2.51650026703225e-73 -2.93250409145511e-73 2.24453827970753e-73 0.999999999748726 0.86476036664467
3.78723012085508e-72 -7.18863231750463e-73 1.10284179494648e-72 -1.28361789191083e-73 -8.66210930786222e-73 4.41733920600157e-73 -1.99855323162313e-73 4.21646108200182e-73 -3.00649197586458e-73 2.76735684739935e-73 0.999999999740826 0.835014551420045
2.2086035099744e-72 -4.75235851108606e-73 5.11935163872924e-73 -1.62572604623958e-73 -5.82574324242184e-73 3.14757058414645e-73 -4.90177259691802e-74 1.68610642605852e-73 -2.71764499351784e-73 1.17565977430971e-73 1.00000000007178 0.731898857975651
2.63076715331839e-68 -1.35113489719611e-70 -2.68622690824758e-69 -1.00415503216904e-69 -7.000547430103e-70 -5.1722406659822e-69 7.68785452363402e-70 2.85668167522178e-69 -1.00730650296368e-68 1.345843356006e-69 0.999999999926115 -4.58848134242344
1.2237322653523e-72 -4.75433941439833e-73 3.74077513663118e-73 -2.02119676650989e-73 -7.7162851132599e-73 -2.92702065594118e-73 1.89336474341066e-73 1.26077275662684e-73 -2.29527909725052e-73 8.26503887925304e-74 1.00000000012388 1.69422843661796
3.87131015020273e-72 -7.1046036323739e-73 9.70047952850904e-73 -1.67178513998531e-73 -8.36952612850799e-73 5.12982752340058e-73 -7.61699219947886e-74 3.53013196501734e-73 -2.78257866934563e-73 2.72795529274517e-73 0.9999999998296 0.0493165244578827
2.46525137566612e-72 -4.80318480631262e-73 5.71338515342435e-73 -1.9526921461387e-73 -7.34101209232302e-73 1.86336114583702e-73 -1.79502910978009e-73 2.863616533926e-73 -2.64482153747652e-73 1.66956379792564e-73 0.999999999866317 0.854988395601168
3.76147278273939e-72 -7.48157246903134e-73 7.79522606152643e-73 -2.45024681859571e-73 -7.22427023435664e-73 3.75058260416744e-73 -1.78627901469734e-73 4.60614007461336e-73 -2.32381031775058e-73 3.83076029925686e-73 1.00000000002733 0.00270495183197338
3.77986334387181e-72 -3.1595638346746e-73 6.31097026704639e-73 -2.42345521250552e-73 -9.66636026003408e-73 4.51448698891725e-73 -1.4616893646233e-73 3.99009039219553e-73 -2.55100417539843e-73 2.26497795065948e-73 0.99999999986164 -0.000986976113523808
1.4924064404281e-67 -5.9302376032897e-68 6.72892159920252e-68 6.40952673225204e-69 -4.69249080297255e-68 2.05678278020993e-68 1.55686817007312e-68 2.46590077323308e-68 -1.13656558134283e-68 5.14451369481306e-69 0.99999999992669 -4.54629889353174
2.04648361244739e-72 -4.93460773659985e-73 5.71915378853717e-73 -3.27610571056125e-74 -8.07379514764704e-73 8.9138364679462e-74 -1.13914791777607e-75 3.5791237841473e-73 -2.67067612109852e-73 1.24568718605994e-73 1.0000000001246 0.0181052431527776
9.53961515741053e-69 8.84696348108643e-70 -2.28526635819537e-69 -1.57248507554362e-70 -1.75344050891543e-69 1.18454445845541e-69 -7.30528205656333e-70 3.31112678307948e-69 -7.5987070572083e-70 -1.32671941021632e-69 0.999999999925228 -4.60667901789616
5.2851123211402e-68 1.67298817802825e-70 3.79088511511187e-69 3.74806592640826e-69 -1.07877522376196e-68 1.12836580117578e-68 -4.43990701562949e-69 8.16307707111995e-69 -1.22229324217195e-68 -2.86047724693259e-68 0.999999999924492 -4.55015179263848
1.10187290699569e-72 8.89017547133417e-74 7.68697072477267e-74 -3.67340712768863e-73 -1.80730357119657e-73 1.34341805336735e-73 -2.20659128688581e-73 2.2018563046411e-73 -1.27977022258583e-73 8.60325268725476e-74 0.999999999893505 0.809346323655236
5.60097421707719e-72 -7.52497165334375e-73 1.4037049664607e-72 -2.78525375994588e-73 -1.45368435844658e-72 6.93384167222178e-73 -8.02733685803989e-74 4.8219479125524e-73 -2.83352302356994e-73 2.71075143235704e-73 0.999999999507403 1.72673817662633
3.52444144948307e-72 -2.74668069592151e-73 8.06204077675809e-73 -2.49727538693882e-73 -8.83376553125423e-73 3.92674580725627e-73 -1.7544225613227e-73 4.13491697472362e-73 -8.35062527855181e-74 2.5306738547362e-73 0.999999999897994 0.0237248130861128
2.05511340325064e-72 -6.23545277995922e-73 5.70639084089495e-73 -2.65615651616575e-74 -5.90703571325198e-73 2.90529842803281e-73 2.53028108443109e-74 1.8837592929287e-73 -2.28667278713944e-73 1.93651312112321e-73 0.999999999499714 0.653448487846968
1.72283942774397e-68 1.68307945975717e-69 -3.07956009874781e-69 -3.29250421116947e-69 4.37024076211571e-70 -2.31276852288482e-70 1.39919962098845e-69 3.48804648134922e-69 -7.89603848312731e-70 3.88348509044232e-69 0.999999999925771 -4.59027615262442
8.79756514139274e-73 1.56518996641744e-73 -3.66098419436388e-74 -4.26336513679427e-73 -4.20764995240926e-73 -9.6124434437163e-74 -1.51692344049325e-73 1.63314682651127e-73 -2.56632898077292e-73 1.03030604246672e-74 1.00000000003258 1.74481894544569
1.38104741109129e-72 -4.77671355672923e-73 9.6244911188415e-73 -1.66360922044201e-73 -6.34645818767864e-73 3.62859283798105e-73 2.60062374599521e-73 8.25915850333544e-74 -2.22794746467976e-74 1.90203419239587e-73 1.00000000043767 2.30600229081755
1.23292364771984e-67 3.14931373619117e-68 8.68308533924402e-70 -1.44667604531679e-68 -2.24838481425529e-68 3.42975645199476e-68 5.19661728845849e-69 -3.91508142725345e-69 8.34613443598665e-69 6.47423720910376e-69 0.999999999922432 -4.57586241664125
-2.1326354646506e-73 -3.15127449119165e-73 2.69702021302123e-73 3.18310113584496e-74 -2.71150007658782e-73 -2.8847136507185e-73 2.31458397737945e-73 -5.98824063496597e-74 1.09882105754668e-73 1.05692084478275e-73 0.999999999689376 1.96522625148715
3.51129421136464e-72 -4.59881824258783e-73 8.53100919828872e-73 -3.86505939062867e-73 -7.60834143266169e-73 4.55269003126075e-73 -1.39947930918463e-73 4.67780641090496e-73 -2.04168806969078e-73 1.60513575711117e-73 0.99999999977214 0.124823184458709
2.89892131248369e-72 -3.65338488989742e-73 6.65857936482306e-73 -2.36418717591183e-73 -5.77004373592995e-73 4.25855910824716e-73 -2.23479635332035e-73 4.29529513007164e-73 -1.78153363230071e-73 1.81903293266684e-73 0.999999999927226 0.139000516401449
5.50167037992963e-72 -7.9915418371148e-73 1.31207304199639e-72 -1.69859950247703e-74 -1.14747869013499e-72 8.17769582303147e-73 -1.64921212005828e-73 4.04040205612034e-73 -1.89500332901872e-73 3.57686487142483e-73 0.999999999139699 1.44075844960053
2.26323566902113e-72 -6.28736257849175e-73 7.66370642852236e-73 1.21865148961007e-73 -4.07163341311567e-73 3.71354335633484e-74 3.17435002936405e-74 2.38543722501951e-73 -3.38095546148352e-74 2.60666637218434e-73 0.999999999974631 1.61344626790605
8.17530159920766e-68 -4.88003692231387e-68 3.69398050908235e-69 2.10652406497647e-68 -2.08012072651189e-68 1.77441481036773e-68 4.49366248442134e-69 1.14910909021011e-68 5.06060000823292e-69 2.21204033769433e-68 0.999999999924305 -4.54038667764453
9.26101554202306e-68 8.58153580395669e-69 2.93290480565543e-68 -3.50807970482411e-69 -6.01075407458642e-69 -1.22053504545462e-68 -1.44543858448162e-68 1.03137237868889e-68 -4.41968653698206e-69 -1.33015762804467e-68 0.999999999926089 -4.58609071256359
4.0148188339637e-72 -6.12194602806667e-73 9.07093974111707e-73 -2.59745009754599e-73 -9.6019427610328e-73 4.16927090496975e-73 -1.13831254569718e-73 4.15776655701242e-73 -2.83084447680602e-73 2.05114350150141e-73 0.999999999896533 -0.00647895156161941
3.07423959720994e-72 -2.34712229809154e-73 7.72268762361418e-73 -2.81594592033042e-73 -7.44641293326781e-73 3.31052019601124e-73 -1.99064644953689e-73 4.32883314778039e-73 -1.88600974220397e-73 9.63165190097324e-74 0.999999999770286 0.00177074579352278
6.3609685262848e-72 -7.78056224449442e-74 1.41395686000228e-72 -5.66051702104672e-73 -1.4536342562256e-72 6.91330709629292e-73 -2.7553138531887e-73 8.76729883759177e-73 -4.12336354835518e-73 4.39994720243068e-73 0.999999999840911 2.57227741649349
1.18623119228694e-68 -1.05024871562474e-69 -1.46497064525852e-69 -4.23167089938242e-69 -2.38202865492512e-69 1.00021146961129e-69 8.66871292053631e-70 3.8782004340483e-69 -1.19613352336363e-68 -6.56324583539165e-70 0.999999999928084 -4.61527026286825
3.94124294721713e-72 -8.33163395033609e-73 1.30830423865373e-72 -1.79160465228231e-73 -9.8748404225165e-73 4.79773154705121e-73 -9.09452531775977e-74 3.107564272882e-73 -2.21782106021748e-73 1.73633153221742e-73 0.999999999824636 0.991740175493495
1.13894184077983e-68 -1.44455161495109e-69 -4.02571453874253e-70 -7.07333928250183e-70 -2.92364621853663e-69 1.32213421269466e-69 2.66948866105804e-70 3.12393356709017e-70 -5.31415533054815e-70 -2.17986986353894e-70 0.999999999923791 -4.618283167112
2.04486442159414e-72 -2.3968253854699e-73 6.89809360664654e-73 -4.1148595183332e-73 -4.80408131150922e-73 4.208291563337e-73 -1.82715806176691e-73 2.38419115922444e-73 1.10194698236216e-73 3.79080573493396e-73 0.999999999636217 1.37294006753653
4.75077184257863e-72 -6.85693515252959e-73 9.53182370129157e-73 -3.23933847673702e-73 -9.20083585088779e-73 6.16855745718331e-73 -2.48466879425705e-73 5.0713024472311e-73 -2.77991215896831e-73 2.53559390446194e-73 0.999999999812679 0.816997920219614
2.92417042093571e-72 -4.98953039643182e-73 8.30868871674592e-73 -2.14789044618047e-73 -8.48724314913608e-73 3.88133114645923e-73 -1.03707178695265e-73 2.53288868403959e-73 -1.71919018695366e-73 2.02897576650686e-73 0.999999999783454 0.0348121444611162
8.73961598607757e-68 -4.7296349646558e-69 -1.2054089529931e-69 -2.10694739625499e-68 -4.83543834035742e-70 2.93606022848053e-69 -3.92420566689634e-70 4.5433597368221e-69 5.57964974272665e-69 1.29085609139846e-69 0.999999999926933 -4.58688541379849
3.49995453159796e-72 -3.71496486638234e-73 7.8773348719931e-73 -4.12874099874747e-73 -2.97981368401743e-73 7.90807839714559e-73 -3.98685798105173e-73 5.43589353925609e-73 -1.81459439866518e-73 1.49739297901159e-74 0.999999999575993 1.52239027145481
4.06117671384354e-68 1.08791677190146e-68 4.30494994170096e-69 6.75751266491344e-70 -5.54640905544993e-69 -3.41666447520003e-69 -9.65013089881146e-70 -2.83519891726117e-70 -4.25905694881647e-70 6.94542629799878e-69 0.999999999926628 -4.59541076353115
4.62128436164599e-72 -7.37304898713584e-73 1.02569088174224e-72 -3.76908870738006e-73 -8.66351175680399e-73 4.71619875827375e-73 -3.44191569918553e-73 5.78162118132587e-73 -3.19131768914423e-73 2.59743046608121e-73 0.999999999709229 -0.0881446763438901
3.28455339825172e-72 -3.94875693930316e-73 8.16970124732343e-73 -2.6193853188677e-73 -8.69836794566061e-73 3.98326353746549e-73 -1.50353062886697e-73 4.72669845920124e-73 -2.30680884489174e-73 1.07497583150176e-73 1.00000000004518 -0.00129807238993273
2.91008034724461e-72 -4.65000953476881e-73 7.65760424051353e-73 -9.33310782395568e-74 -7.21095179529874e-73 4.48977304383493e-73 -7.68994247791839e-74 3.81028087045566e-73 -1.25335585746639e-73 1.51537313927755e-73 1.00000000002025 0.0963702421357444
3.58709568459658e-72 -6.30038812419667e-73 9.71649056236595e-73 -2.00672945740148e-73 -7.81044935667916e-73 4.80831645434974e-73 -2.18188988392169e-73 4.06905850229879e-73 -2.95561075927153e-73 1.47217044827982e-73 0.999999999860361 0.0031103694369917
3.42903909499367e-72 -5.58958836089392e-73 9.6233462185437e-73 -1.48441382181112e-73 -8.49754699372023e-73 5.03986536656079e-73 -6.06079021277865e-74 4.21487748521255e-73 -2.03134173842244e-73 1.50703690963105e-73 0.999999999928407 -0.0610295103149915
2.49491568840177e-72 -2.31933665887097e-73 8.859341077067e-73 -3.03126037181086e-73 -8.18178695424021e-73 3.42919932273678e-73 -1.81110076561211e-74 3.03441265410772e-73 -6.58572289015696e-74 2.418244650156e-73 1.00000000001083 0.0782730702629209
2.08280723290924e-67 -6.67561522873955e-68 1.06651082479593e-67 3.56953764120081e-68 -4.58296053591416e-68 2.31796116517601e-68 1.61145144929655e-69 2.66896731074765e-70 9.93006315752208e-69 1.11052361294966e-68 0.999999999924584 -4.57671645645111
1.0940906857142e-68 -2.51428325352286e-69 4.12542635878558e-69 1.49019834411063e-69 -1.53897270889662e-69 1.69817190566721e-69 -4.51080728854116e-70 -4.06040363102758e-70 -1.37766820963574e-69 2.26530520079675e-70 0.999999999927053 -4.59739175808646
2.82337906621171e-68 1.16534398420815e-69 7.32083314881989e-69 1.05864467872151e-70 -2.31723387440712e-69 1.12017648471414e-69 -2.28545173791697e-69 1.33022343839249e-69 2.37200446275412e-69 1.66044281983643e-69 0.999999999927471 -4.61395680254663
2.92211792844302e-72 -2.28883474321215e-73 5.61898006724737e-73 -3.62038349780125e-73 -7.0584409446749e-73 3.07847001324774e-73 -1.70953504958471e-73 3.86502956488209e-73 -2.53917225819877e-73 4.20417423622143e-74 0.999999999787537 0.032177233713949
4.04134991364001e-72 -2.39191725616412e-73 9.65150632447767e-73 -3.35735475463957e-73 -8.59834907279608e-73 5.08026693550561e-73 -3.07131884746055e-73 6.58461929210628e-73 -3.35453799552942e-73 1.75754497253887e-73 0.999999999861692 -0.0901724154376793
2.91602494010863e-72 -5.40033792941551e-73 6.85346300302298e-73 -2.31788704545327e-73 -7.61589712550375e-73 2.95417656699274e-73 -2.09722448486158e-73 3.35446420449642e-73 -2.92458930312252e-73 2.02262172020456e-73 0.999999999929353 0.0786005459655493
3.14334298885112e-72 -5.78124985336239e-73 8.31940227532567e-73 -8.3816520630541e-74 -6.85995427974435e-73 3.77647901992117e-73 -1.41876189763564e-73 3.73848416816524e-73 -2.96664999446585e-73 1.28649715251329e-73 0.999999999852531 0.0792169024714795
8.53882592273083e-69 6.36372923081846e-69 -4.38391771844524e-71 -1.61282327641779e-69 -1.31640613323161e-69 1.01196371796536e-70 -9.57897620786853e-71 -3.50380641218716e-70 -3.95245320995907e-70 -3.09514857609039e-70 0.999999999927422 -4.60463090717677
4.16808110768021e-72 -7.34346175602856e-73 1.04602467556065e-72 -2.24847216646077e-73 -9.62203617103045e-73 4.75788786856441e-73 -1.00032723882103e-73 3.61308347388029e-73 -3.34111230560457e-73 2.01173719187879e-73 0.999999999934836 0.132217746608059
1.75654496976847e-67 -1.21720220365449e-67 5.68584307081651e-68 1.50814974453389e-68 -1.18755300643292e-68 2.90466415900303e-68 -3.21546718998285e-69 -2.72436360531943e-69 -3.84221776175972e-68 2.48271220911921e-68 0.999999999925189 -4.56157566897926
3.6894390417891e-72 -2.40254510263822e-73 6.92681793140617e-73 -3.31622367059967e-73 -8.22454904774657e-73 3.82208715172738e-73 -2.42031570175846e-73 5.39582143358149e-73 -2.30894847760542e-73 3.08658398666493e-73 0.999999999767879 0.0859288724316805
1.76624643043751e-72 -1.68718808239898e-73 3.12244378127502e-73 -3.82010944593232e-73 -5.13561436500028e-73 2.30796840060275e-73 -1.11601641212039e-73 3.00823461590098e-73 -2.26074650807782e-73 1.20644214810039e-73 1.00000000005696 0.0761240341325321
3.14342604526517e-72 -4.96127784852517e-73 8.28042446878158e-73 -4.54943077520226e-73 -8.39059935167864e-73 4.24067488227066e-73 -1.07104963390993e-73 4.7270134285102e-73 -3.33350688447711e-73 1.86657807778668e-73 0.999999999922615 0.110187494191286
3.87014231645637e-68 -9.47769277400055e-69 4.55403914181983e-70 -2.97687456834905e-68 -2.98992768822932e-68 8.80725323272092e-70 -6.23906889706107e-69 -7.10180380691377e-70 -7.14009054736373e-69 9.51828323113043e-69 0.99999999992229 -4.59712726622885
3.40982393415257e-72 -2.57753827574329e-73 7.63729752703925e-73 -2.24795496176511e-73 -7.90188250622623e-73 3.41276848769321e-73 -1.34085927636147e-73 3.77401097029564e-73 -1.01426105082765e-73 1.74066875633883e-73 0.999999999835812 -0.0203534967975292
3.58851908670637e-72 -3.30905132711284e-73 7.50615332043828e-73 -3.55777255815999e-73 -7.55141707814505e-73 6.18105622464376e-73 -2.01840318459372e-73 5.06812577946591e-73 -1.05612957733351e-73 2.71739830510847e-73 1.00000000005049 1.06561787575864
3.64278108649205e-72 -7.21130934526589e-73 1.10549233158896e-72 -3.43669534065051e-73 -8.36054422195132e-73 4.96679751826419e-73 -2.37317148377113e-73 3.86371526443533e-73 -1.91919392931001e-73 4.18214185237136e-73 0.999999999784184 0.105222278799437
2.85046526602047e-68 -2.60440563739203e-68 5.18176599393494e-69 3.76956714184636e-69 -1.21848916832956e-68 2.04624961279066e-69 2.78236329517359e-71 2.85776416252387e-70 -1.09817352669954e-69 -9.3480008207965e-70 0.999999999926218 -4.57380211922099
4.42162687685989e-72 -7.43743950944287e-73 1.10504365932067e-72 1.49390656993494e-74 -8.41713449590983e-73 5.65557273910793e-73 6.76392522528363e-75 5.32610129811974e-73 -1.90246409491905e-73 2.3285296658597e-73 0.999999999665639 1.25114102921707
8.92021056348788e-68 -4.88539963272921e-69 6.06782166994691e-69 -5.33623079437941e-68 -7.03183336291425e-68 -2.01861084441283e-70 -4.37848503615472e-69 -3.47210193168665e-69 -9.75074775922055e-69 3.46600761703137e-69 0.999999999926989 -4.56258548809626
2.43566613954259e-67 5.06728982416787e-68 -2.62344852492298e-68 1.10462008747164e-68 -6.52413701279813e-68 3.29020006292665e-69 -1.56344345121958e-68 2.90230602807973e-68 -5.19435818982224e-68 -3.96395219055757e-70 0.99999999992706 -4.55640802289557
3.71577873416343e-72 -4.80280504745978e-73 7.45415817540653e-73 -2.33481838966178e-73 -9.48125351627959e-73 4.79270841141407e-73 -1.2170934723772e-73 4.10284630777904e-73 -2.75169846521528e-73 2.64689366641556e-73 0.999999999913142 0.0558162579934516
2.98506805308971e-72 -3.91885170238526e-73 8.81310457802446e-73 -5.29993903367411e-74 -5.70540461860566e-73 3.85372174117376e-73 -1.0437649586767e-73 2.83004622917636e-73 -4.3075806452725e-74 2.16883490314008e-73 0.999999999618211 0.737546514229657
4.9798089561308e-68 1.95554696724269e-68 1.30523020703382e-68 -8.1811552072567e-69 -4.52260926529388e-70 1.67740092103357e-68 -1.53616038043365e-68 7.68043902381729e-69 1.18633709586934e-69 5.78726033222766e-69 0.999999999925412 -4.58361161955788
4.30189561471103e-72 -3.93408742789912e-73 1.01760818818547e-72 -5.33519240899962e-73 -8.8242498209991e-73 4.70364879466472e-73 -2.94038291921828e-73 5.1800974941795e-73 -3.41041910644313e-73 2.36255318586457e-73 0.999999999688301 0.788759801595263
1.94409923768217e-68 9.59742841133253e-70 4.90856593789954e-69 -9.83142018984687e-69 -8.64524495310545e-69 1.24865641280254e-69 -2.15372177313461e-69 3.84658243961024e-69 6.88044273134555e-70 2.16485669740847e-69 0.999999999926935 -4.61210682954153
3.50832380743591e-72 -4.51190198384345e-73 7.63253537689062e-73 -3.11201025106461e-73 -8.60213533936559e-73 4.00590332250162e-73 -2.13173824564758e-73 4.000143428318e-73 -2.52355579263645e-73 1.85708424558775e-73 0.999999999825802 0.165324714077313
4.24120316984136e-72 -6.16819445608509e-73 1.44154021816449e-72 -3.4482530816948e-73 -9.87684697211331e-73 8.90782313808214e-73 -3.10955816161116e-73 6.58577130667375e-73 -3.11713479372749e-73 3.67141088399717e-73 0.999999999982218 1.8119170658281
