-2.2211877130693e-27 2.50588964764608e-27 -1.50486449506325e-27 2.23159760310422e-27 1.86420029357401e-27 -2.8135951909608e-27 -1.79799939145251e-28 -8.93848591885545e-28 -4.0026104631983e-28 -1.9818818499375e-27 -2.24749925996177 0.999999999926132
-7.1453213703291e-28 6.08923999044046e-29 -1.25313826671348e-28 8.17770722455323e-29 1.5893626887936e-28 -5.79435652570075e-29 2.08429113760946e-30 -7.99424801130091e-29 8.18203081230832e-29 3.81548587076329e-29 1.30425102026271 0.999999999901026
-8.99521730364201e-28 1.32096213314098e-28 -1.55566500388756e-28 3.1355925138237e-29 1.3347661709966e-28 -8.09606235181377e-29 9.43142175321969e-30 -8.40060283533584e-29 1.03781501117704e-28 -3.46802713971904e-29 1.24414510582618 0.999999999910171
-9.42007571341068e-28 1.26380849666525e-28 -1.57909613168924e-28 4.97462344879192e-29 1.72339607419996e-28 -6.79086561886884e-29 9.05561732168281e-30 -9.59374161613959e-29 8.24293314638983e-29 -1.42342672922933e-29 1.34443578219678 0.999999999816974
-1.19212757216105e-26 3.66645838495471e-27 -1.78872163156111e-27 -3.77061618641974e-28 3.03027399598542e-27 -9.74635484632521e-28 2.06854047302443e-28 -5.91304689476121e-28 9.07446104250192e-28 -2.02040858162634e-28 -2.25500708228699 0.999999999923842
-8.91948224239727e-28 1.86331057460081e-28 -1.97259721449354e-28 2.4488123801047e-29 1.47608575979866e-28 -7.37980069636811e-29 -1.42557299598316e-29 -7.35616560762402e-29 9.65030486334575e-29 -3.62929799913113e-29 2.0336769677355 0.999999999915626
-4.0427451816477e-27 -2.68091155648556e-27 -3.07504526697342e-27 -2.75242131186364e-28 2.67900944152135e-27 -1.07049628196002e-27 2.20647152481987e-28 -6.58222207546954e-28 7.50928310501805e-28 -9.19973910946851e-28 -2.24724675070104 0.999999999925424
-2.50363512989476e-27 1.70118112828306e-27 -2.53168803592015e-28 -4.63086344419715e-28 1.06744453497433e-27 -6.85539923112824e-28 -3.5784719392102e-28 -9.95234459694085e-28 1.18532001039602e-28 1.20750309061715e-29 -2.24496211555197 0.999999999924561
-9.59045398496667e-28 1.38429781639617e-28 -2.10701759721948e-28 5.16732211577536e-29 2.28654542299116e-28 -1.2215536881482e-28 6.18166222563661e-30 -1.15279951841126e-28 8.4319558236211e-29 -3.16150033323896e-29 2.11704483585021 0.999999999848956
1.82658324583498e-26 -3.39235321514849e-27 -3.17333035036151e-27 -2.0828565738444e-27 1.25465051077977e-27 -3.11837399272392e-27 9.16220437277546e-27 4.89625613563984e-28 -8.22949009648759e-27 2.32007508261958e-28 -2.21196369988916 0.999999999925324
-9.7896586538936e-28 6.70739674052027e-29 -1.80375976175205e-28 5.38200026813544e-29 1.77192268556759e-28 -8.50743566551555e-29 1.22486033961154e-29 -9.99584826166387e-29 1.06883821932826e-28 -7.24913770711663e-30 2.11049925536608 0.999999999925831
-7.74210837117212e-28 1.01273385114122e-28 -1.25995398313661e-28 2.80329055829752e-29 1.29788074513593e-28 -6.42906711861925e-29 6.77969622676576e-30 -6.63220822469898e-29 7.31736105237935e-29 -2.97507705050698e-29 1.4017794289083 0.999999999947487
-8.20478924229985e-28 1.01926305050377e-28 -1.23504589290737e-28 6.81695408693167e-29 1.70903473094155e-28 -7.0152898260992e-29 1.96205497005826e-30 -8.27011919193531e-29 1.04537563514617e-28 -1.54206638848241e-29 1.30189663937253 1.00000000005909
1.74242424749823e-27 1.21807839767512e-28 -4.53081001766256e-27 4.57054522732583e-28 1.43778266179021e-27 -4.36051828456682e-28 2.84226852991983e-28 5.33236973819745e-29 1.13431448961212e-28 -7.97861200025186e-28 -2.2444709850211 0.999999999926005
-1.67316354655452e-27 -3.35143775258907e-29 -1.5539119885568e-28 3.19314774174673e-29 2.04318565148092e-28 -9.65767876836285e-29 6.22656714340882e-29 -1.61628952829755e-28 1.4992692966199e-28 -4.36588196793528e-29 3.57801138700041 0.999999999641893
-1.03236302700565e-27 1.79699502452267e-28 -1.75295030257049e-28 5.5679958092858e-29 2.33229576600842e-28 -1.10483793424876e-28 1.34742434998248e-30 -8.57122253797479e-29 1.014330657869e-28 -3.22430584114093e-29 2.16752428212291 0.99999999998451
1.75260078779438e-28 2.58738761208986e-27 -5.53759798396887e-27 7.21874235356444e-28 1.70919256920299e-27 -1.87629767471229e-27 -5.30383524159926e-27 3.89165509872857e-27 -1.56011056275738e-27 1.63361311502854e-27 -2.21369421968537 0.999999999921911
-1.41288254067892e-27 -2.24256189432191e-27 1.68406406277837e-28 3.4557166717915e-28 5.98262190793495e-28 1.08235131629905e-28 1.67351363934149e-27 1.13267440760525e-27 1.27669735164756e-27 -3.34953246332854e-29 -2.27498923601988 0.999999999925911
3.98625165373578e-27 2.40185589646394e-27 -1.7782597863421e-27 -8.73468844085777e-28 3.69685830411425e-27 -1.58150430785238e-27 3.52664363555241e-27 1.21315342959795e-27 4.86426436859289e-28 -1.55552810138073e-27 -2.23812545363227 0.999999999924501
-2.52239145676535e-27 9.28089900333779e-27 -2.15498142658756e-27 -1.21885442615118e-26 4.45758676396088e-27 4.02607425259638e-27 4.87921350139241e-27 -2.91571249863231e-28 -5.70403845701996e-28 -1.23785184543935e-27 -2.20599140524035 0.999999999927188
-7.13960976846566e-28 3.83855087627307e-29 -1.19253199278448e-28 8.30807378930087e-29 1.34973619988817e-28 -6.72907460060676e-29 4.67121117278487e-29 -8.19393270230273e-29 8.91288564156405e-29 2.79018455178486e-30 2.14008200721199 0.999999999914884
-1.66290848861394e-26 4.73039591821607e-27 -5.68433635553335e-27 -2.80809825404647e-28 2.41530547530834e-28 1.05199344262062e-27 9.5201364039104e-28 -4.22410257340791e-27 -3.79770528263636e-28 -1.77967869650028e-27 -2.24139125935337 0.999999999924001
-1.2631606996668e-27 1.45496588490595e-28 -2.20460351516272e-28 1.83033048878645e-29 1.5624216275036e-28 -1.28386557055054e-28 7.10071108674686e-29 -1.03881635978106e-28 1.16454499408354e-28 -1.85460882540861e-29 3.16735906000461 0.999999999593879
-4.25905764639566e-27 2.55721030153636e-27 -2.19416910335538e-27 -8.47987468696258e-28 3.08790420357657e-29 -9.58565303277829e-28 6.9332861085576e-28 -1.04578132728238e-28 -2.61437749623971e-27 -1.70102979471976e-27 -2.21738347255034 0.999999999924646
-8.26521118572241e-28 4.73144713572101e-29 -1.38279464777697e-28 7.742977675009e-29 1.57366695921381e-28 -7.49827605427572e-29 -2.15571535839094e-31 -7.14461642032557e-29 7.29276988005328e-29 -3.43895609225455e-29 1.22560766072062 0.99999999988465
-9.27218325771247e-28 7.74233467946155e-29 -1.60520776915813e-28 2.53756149182086e-29 1.63576091769243e-28 -9.09783935988215e-29 1.21977231035762e-29 -1.13288011648517e-28 1.06570713679521e-28 7.64247341388769e-31 1.26366363092798 0.999999999783663
-2.03464650339297e-27 1.92806791056718e-27 -2.51753000238797e-27 1.84557167156291e-27 9.24481192596026e-28 -9.27932487717631e-28 4.48572602971342e-29 -1.09797032724081e-27 -4.92135136063769e-28 -6.88610849619598e-28 -2.26072262312069 0.999999999924555
-9.28770124823601e-27 -4.03624681841802e-29 -3.21023459604925e-27 -6.39766661207635e-28 1.06391444692275e-27 -8.79226262938703e-28 3.78352423740166e-28 -1.78923165128645e-27 -8.92344741991221e-28 -1.52701740591596e-27 -2.20444951495159 0.999999999924064
-9.29605658928307e-28 4.72357039697343e-29 -1.23973785059368e-28 3.70167351457934e-29 1.48096411200912e-28 -6.943639590471e-29 -2.85600750296976e-29 -1.02707430282372e-28 7.18428498521458e-29 -3.99316748093431e-29 2.24909061068906 0.999999999874502
-7.65131123999353e-27 4.53640158198191e-28 -4.17555844253696e-27 7.03983781064397e-28 2.55814238339022e-27 -1.24687577229881e-28 -2.68926489907017e-28 -8.06112088620732e-28 -5.34744754399809e-28 -1.52224753458887e-29 -2.24115002996482 0.999999999926972
-3.80431948023963e-27 7.94704249379233e-28 -1.76434187306837e-27 1.25447149589174e-27 1.24337908347486e-27 8.4914243830253e-28 1.91753961003121e-28 -7.25558316976618e-28 -1.36059406040997e-27 2.80275330552537e-28 -2.24204148976157 0.999999999924235
-9.97149007879091e-28 7.85605772272338e-29 -1.35463014527507e-28 1.05270868560694e-28 2.1399810946885e-28 -4.76458905943167e-29 9.53864081455431e-30 -1.01908579936371e-28 1.51686353131615e-28 -6.62961501744783e-30 3.01740813146945 0.999999999757985
-9.48536486098072e-28 1.43687165024874e-28 -1.5964989960197e-28 6.4963767535598e-29 1.98839883496981e-28 -8.95210047425709e-29 4.27403043725845e-30 -8.67734667900778e-29 1.38296454095992e-28 -1.3042900027395e-29 2.98876147463653 0.999999999350904
-9.22355034647745e-28 5.57059077509431e-29 -1.02731139116637e-28 6.82280532027865e-29 1.74416411033286e-28 -7.66826988759166e-29 2.13682198979901e-29 -9.45193399083063e-29 1.04225938595523e-28 1.50651293829849e-30 1.22266810096817 0.999999999874449
-7.75180359316716e-27 -5.53784995184882e-27 -6.9932613932717e-28 3.47335355191373e-28 1.18589103437204e-27 -1.33952585438638e-27 -4.50599292193811e-28 -1.85014789881176e-27 1.28077083214509e-28 -2.26618482380222e-28 -2.23078847755774 0.999999999927129
-8.88298985127098e-28 1.33195218256489e-28 -1.69286476583838e-28 2.98625263478711e-29 1.03251660434543e-28 -8.12070133787675e-29 1.59372542081149e-29 -9.36492648054399e-29 8.88359095551908e-29 6.45903819998577e-30 1.38401051957468 0.999999999812224
-9.15881938331854e-28 7.15979319738794e-29 -1.44128189014613e-28 1.00622343935481e-28 2.22736174199091e-28 -9.20010970272349e-29 4.08789471565206e-29 -7.91993877296161e-29 1.17392276274987e-28 -6.67479979229322e-30 2.57733389616415 0.999999999573776
-7.10955432336721e-27 2.30535587460537e-28 -8.69976579018701e-28 9.48045944273007e-28 8.52659822390069e-28 -1.1027014051924e-28 6.08361109070371e-28 -8.66771302812034e-28 -1.22145030516255e-27 -4.50333609108645e-28 -2.20352349096228 0.999999999923195
-1.17141224342382e-27 3.53376042100437e-29 -1.86882599169136e-28 8.46530501655087e-29 1.91996661972055e-28 -1.29736651999535e-28 6.24721749068575e-29 -1.76164042892811e-28 1.59753149692823e-28 4.93428693667723e-29 2.16098412244051 0.999999999765791
2.50803076951244e-26 -6.72489573990779e-27 -4.83175062369223e-27 5.26999260188875e-27 -1.0576718589e-27 -1.93926022598546e-29 2.48522632974707e-27 -4.5410944939858e-27 7.73606130855219e-28 -3.84825675357659e-27 -2.19232485031708 0.999999999924494
1.72645656456374e-28 6.09708063004785e-27 -1.13209944986553e-27 1.08579347591495e-27 8.203565964826e-28 -1.0411730906005e-27 -2.3745521582765e-28 1.2323643732186e-27 -1.39445731561859e-27 -1.96833990244515e-27 -2.23363191009166 0.999999999923821
-2.57258163166771e-27 1.62272949926887e-27 -1.29953024850384e-27 -5.9345001048836e-28 1.6138908167451e-27 6.02236487688346e-28 1.0466678558992e-27 -1.15351617275914e-27 -2.54787433812001e-27 6.96724374878535e-28 -2.23051400153862 0.999999999925412
-1.82438376849825e-27 4.85837332982962e-28 1.21485138686123e-27 2.24420061633205e-27 1.58512652936584e-27 -1.10755352785328e-27 1.03499554526681e-28 -1.37195790366823e-27 1.12268108662881e-27 -2.82015807607888e-28 -2.25854768321212 0.999999999925604
-1.02273118929216e-27 9.64336080148501e-29 -1.56388237556724e-28 5.5000413522845e-29 2.14377567935343e-28 -6.67553361402085e-29 2.47174869472285e-29 -9.38075430684463e-29 1.28443181380641e-28 1.991439926082e-29 1.37318306324421 0.999999999810749
-6.39504493375072e-28 -6.74141558080888e-30 -9.86057489440066e-29 2.8190713527397e-29 1.23146095743851e-28 -7.14624182214657e-29 7.72961531863996e-30 -7.07741811424132e-29 4.4531521411872e-29 -4.84696715091634e-30 2.13555687726577 0.99999999976731
-1.55408965629817e-27 -4.82882781792913e-29 -5.22094480722197e-29 1.9419342654848e-28 5.263388764135e-28 -5.57349328217329e-29 6.87259056859169e-29 -1.22844234143623e-28 2.00694248692221e-28 -3.53359291826692e-29 3.78899460667039 1.00000000005828
-1.02103801984472e-27 1.5435463090617e-28 -1.82136260216958e-28 1.63450921664806e-28 2.93901753509971e-28 -7.29682009283419e-29 1.91042792085187e-29 -9.72518342789958e-29 1.13313199771587e-28 4.41395647244563e-30 2.18838627652145 0.999999999666101
-9.60351909605486e-28 1.25797221739213e-28 -1.25385527660103e-28 4.56112474161884e-29 2.27163065231737e-28 -7.42632739080669e-29 -1.84107773119169e-30 -7.87162197191026e-29 5.41839098422513e-29 -2.59853760515708e-29 3.3310185630438 0.99999999974941
-2.1011445062613e-27 1.27021270918352e-28 -3.31410174152378e-28 2.11668742776686e-28 5.69904749981532e-28 -1.34377225841246e-28 -5.86356037210856e-29 -1.87113383602117e-28 2.26484520560886e-28 -4.7336496942178e-29 3.25910617395413 0.999999999677216
-8.34063098291809e-28 6.74246640051812e-29 -1.02401972172036e-28 4.21907048293448e-29 1.17870505530318e-28 -4.60931826307587e-29 2.24010351268928e-29 -8.729302787082e-29 9.5561277561507e-29 2.12721496576024e-29 1.26080516464325 0.999999999842247
-8.2704760011004e-27 7.62180465800918e-28 8.05392170175086e-28 1.45677200525006e-27 5.17361437812674e-27 -1.32111824320084e-27 7.47010331794287e-28 -2.0071279783097e-27 6.86251174319306e-28 -1.50504379989869e-27 -2.26006504156407 0.999999999922569
-1.14436020317142e-27 1.51522845740808e-28 -2.15716279722407e-28 2.47187548320574e-29 2.04438808102347e-28 -9.92729497214848e-29 -5.78128594295841e-30 -1.42816182421665e-28 1.1362693433811e-28 -3.0838144221188e-29 1.40972232056674 1.00000000000083
-7.57237852637001e-28 7.65809462796856e-29 -1.13120716233932e-28 2.66919638014773e-29 1.42836636645037e-28 -6.65299119273093e-29 -1.53433875655287e-29 -8.1669986286214e-29 6.57238817956791e-29 -1.17487085201206e-29 1.26110287643839 0.999999999814153
3.27358068839569e-27 6.03300509751773e-27 -2.51367243001739e-27 6.31479901872356e-28 2.58094025246425e-29 -1.97628185873543e-27 3.62082130923969e-29 -1.1579090095684e-27 -6.05679077367943e-29 -5.42068894277349e-28 -2.23826688863474 0.999999999926922
-4.08738129165532e-27 1.85891345152655e-27 -6.50994371749323e-28 3.98995969285697e-28 1.37377278886267e-27 -7.82707378687495e-28 1.71498166409387e-28 -6.19473326370462e-28 2.56253133109408e-28 -3.06390082917438e-28 -2.28863991113501 0.999999999927178
4.69264913628609e-27 4.69043965569692e-27 -4.36465225273705e-27 -3.16249635956886e-27 3.82164303810788e-27 7.41807986120291e-28 -7.30706917159884e-28 1.90151358906883e-27 -2.69375513415515e-27 -5.45855302364039e-28 -2.23338989158677 0.999999999924969
6.15698678504042e-28 5.69226480080371e-27 9.81562794985194e-28 -1.15031506375998e-27 1.2099290139305e-27 6.84326662868496e-28 3.18867281444833e-28 -1.06538337968438e-28 -1.2357652441537e-29 -5.9485979030499e-28 -2.22834940746989 0.999999999927118
-1.03239653262032e-27 1.03630684479365e-28 -1.54580457273707e-28 4.42435111488391e-29 1.70121828861256e-28 -8.21338720285314e-29 2.06783532270775e-29 -9.87628915520408e-29 1.18744731854537e-28 -1.11367979721674e-29 1.28672187368264 0.999999999903552
-8.28583576930944e-28 1.40703873176236e-28 -1.79421018291763e-28 1.84629960589114e-29 1.16063119845227e-28 -8.63509848076638e-29 1.37503691403424e-29 -8.61090464590758e-29 8.25356117474036e-29 -2.22181087766185e-29 1.2421373819515 1.00000000002509
-2.92920933383986e-27 8.44023918365143e-28 -1.26326954375714e-27 -2.43041154532921e-28 4.28871889872216e-28 -2.09430989028083e-28 4.02233329869322e-30 -4.46574425441306e-28 -5.92788682304748e-29 -5.54680860987447e-28 -2.29008198390851 0.99999999992719
5.55905006548105e-27 -7.06090741054322e-27 -2.59793826193137e-27 8.89264865004401e-28 -4.41816675645172e-28 -1.30212736237127e-27 5.40572395698035e-29 2.14608848141556e-28 -1.75546365365101e-27 -5.88357187250048e-27 -2.2274205780171 0.999999999926646
-7.91032144285665e-28 8.25974581383545e-29 -5.6688370366442e-29 4.22907242958498e-29 1.49089561939237e-28 -5.56349663887159e-29 1.89502740059865e-29 -5.90421392029004e-29 1.03550061321685e-28 -2.14389115785738e-29 2.43489487748831 1.00000000000702
-4.61867775795145e-28 7.11534449863073e-29 -7.58213076278741e-29 3.94068709773203e-29 5.75549269588704e-29 -5.62219851492594e-29 3.5549977834055e-29 -8.41382019017758e-29 9.40489611896538e-29 3.4879571277313e-29 2.6734617481572 0.999999999975953
-7.06378533160013e-28 5.4330139916885e-29 -8.67265583212972e-29 5.31050975414019e-29 1.35681573442765e-28 -3.71160957956576e-29 3.23341941473257e-30 -6.73683112545523e-29 8.18559925398355e-29 -1.75276193126099e-29 1.377615274467 0.999999999787595
-7.6758329506118e-28 1.11616311271541e-28 -1.40851883740458e-28 6.74431590043258e-29 1.45124305091291e-28 -8.01882573651617e-29 2.77439886666272e-29 -7.61984495338496e-29 9.37518135986208e-29 -7.7811646022389e-30 1.2087318400032 0.999999999918549
-1.41559008469394e-27 1.79269708148097e-28 -1.28211747635316e-28 1.21688707548884e-28 2.72376307563437e-28 -2.70517530028761e-29 -2.42267818636279e-30 -1.39332685570031e-28 2.34457754176846e-28 -6.32859837601237e-29 3.71728122824539 1.00000000005063
-1.04479233709878e-27 1.84073061235034e-29 -1.81389523293302e-28 1.03894153891327e-28 2.25391632035245e-28 -6.36332473569965e-29 -2.36477479989781e-29 -8.60277233900877e-29 9.99489802272006e-29 -1.68103833901669e-29 3.10021195447912 0.999999999950938
-4.98591895386881e-27 1.69779940188147e-28 -1.24353370791889e-27 3.58236369768349e-28 1.30132918058086e-27 -4.74763914434738e-28 -5.64970413557781e-29 -3.35939211590044e-28 4.96869854787127e-28 -3.6664842127199e-28 -2.26446403798743 0.99999999992478
-5.04540072313234e-28 -5.22961022378687e-29 -1.41351022367924e-27 4.59626629189051e-28 3.44403196773055e-28 -1.00634817121786e-27 3.37650842980646e-28 -4.15227143519948e-28 -6.12219220502034e-28 8.2432268853336e-28 -2.25074813158858 0.999999999923146
-9.19695850027975e-28 1.70902098003937e-28 -1.69720852651413e-28 3.55154478126084e-29 1.73990978974531e-28 -8.73068216950705e-29 1.97549793775998e-30 -7.99040862333408e-29 1.14795724844446e-28 -1.34033838566529e-29 2.5865790045274 0.999999999821712
-4.30483571833513e-27 -1.40773080039104e-28 -2.12948218291811e-27 -2.55121068596344e-29 3.39794357638053e-28 -6.1783451338288e-28 -3.44794248505175e-28 -7.14686804227906e-28 1.46170281463307e-28 -3.70271071315401e-28 -2.26818634273872 0.999999999925303
-8.16333369523363e-28 9.68110134602994e-29 -1.30329314774388e-28 3.78066544541002e-29 1.37011477685731e-28 -8.09612219637579e-29 1.98213065009149e-29 -8.99646149595196e-29 8.64336943580834e-29 1.07643290666792e-29 1.2137811307391 0.999999999842153
6.82272233812866e-29 3.89730327041868e-27 -1.93982717635983e-27 4.24701227930517e-28 3.11879848377299e-27 5.60112405823587e-28 -7.76769879167146e-28 -1.48247533420984e-27 9.44979434733935e-28 -6.86851426490211e-29 -2.25344659611942 0.999999999923667
7.97110465467738e-27 1.27692048231917e-26 1.22834546228445e-27 6.72455922413504e-28 -4.15799857856707e-27 -1.78718004478223e-27 5.15808398200692e-28 1.83305754949381e-27 -4.31379482059065e-27 1.37117730180796e-28 -2.23625296062191 0.999999999924208
-8.37885819441078e-28 5.05019479006809e-29 -8.81069354193911e-29 3.16237167989642e-29 1.61538944808076e-28 -7.05196035107062e-29 1.74767777774102e-29 -8.89205264399627e-29 7.92484323703492e-29 -6.07326347107022e-30 1.33617282551965 1.00000000000399
1.57554587362944e-27 1.61989602480346e-27 -2.16989453048266e-27 1.37542353038861e-28 1.00529057613393e-27 -1.28754201374022e-27 -3.50908921741217e-28 1.49659697790539e-28 3.85523375939749e-28 1.69654180686214e-29 -2.26914483370966 0.999999999926064
-9.23800276336325e-28 7.62252965161718e-29 -1.24294373395763e-28 1.11136684460448e-28 1.74001585325787e-28 -6.54230568700791e-29 1.03866039855117e-29 -1.27766901424696e-28 1.50170731186449e-28 1.44351813371629e-29 2.09333314038263 0.999999999865613
-2.058698176759e-27 2.56738995496944e-27 -2.45990736443147e-27 1.57424892015644e-27 5.25361095968282e-28 -3.64250653481897e-28 8.5216292053033e-28 -3.69362106070972e-28 7.11610489312328e-28 -1.09683536853979e-27 -2.26129397314103 0.999999999924445
-9.21603498860114e-28 1.01095467191873e-28 -1.89175746816853e-28 8.43973146565376e-29 2.68757879791133e-28 -7.14309556155292e-29 -1.18201338611715e-29 -7.91901598890477e-29 7.94142130543703e-29 -1.79753898329067e-29 2.61628953765843 0.999999999874224
-8.78308625442809e-28 3.87512750488991e-29 -1.10711065529499e-28 1.38256928465263e-29 1.42275540106735e-28 -6.89809881285482e-29 -1.36014397638959e-29 -8.90852531464334e-29 9.03705305838708e-29 -1.97021508957916e-29 1.23951156920294 0.999999999821909
-9.69297161247016e-27 3.28443297306364e-27 -4.87885183516317e-28 1.00027536429622e-27 2.4455404533206e-27 -5.26155175734746e-28 4.13268992786165e-28 -3.10356497963237e-27 -1.64299664264473e-27 -1.16805452014487e-27 -2.2335988899923 0.999999999927752
-7.41595964495997e-28 2.97758733219384e-29 -1.14464310878241e-28 6.50520594576739e-29 1.30792179207235e-28 -6.61606160146641e-29 1.42128957740988e-29 -7.09698323956599e-29 8.00248619530763e-29 2.42895915099269e-30 2.2519916726162 0.999999999754219
-1.04312502017639e-27 9.82770611342261e-29 -1.98813919279178e-28 4.46427710948989e-29 1.13844761751761e-28 -8.28164185555942e-29 1.18554187097269e-29 -1.36736335369123e-28 1.67297826974384e-28 4.87537519237513e-30 2.71089427663679 1.00000000026388
-3.3493624706097e-27 2.11672923724991e-27 -4.62060511413028e-28 1.0891254178974e-27 1.99856617904482e-27 -1.55895826451012e-27 3.71104982728816e-28 -6.15075906423713e-28 3.1926256856945e-28 3.12695951404989e-28 -2.29056237260362 0.999999999926662
1.24148900977428e-26 3.58068876472524e-27 -4.61332498909358e-28 1.4621014725591e-27 -4.41643838612195e-28 4.84406811001597e-27 2.7921776904676e-28 3.81718538629275e-27 -5.48013752084845e-27 -8.56912305785156e-27 -2.19891670916229 0.999999999926764
-1.51052893772626e-27 2.23676395552458e-28 -3.48233367414435e-28 1.00042544017864e-28 2.4281925946178e-28 -1.20132655892842e-28 6.3909865947148e-29 -1.59140852386972e-28 1.8478939627894e-28 2.94867595254638e-29 2.94089466745871 1.00000000003403
-8.97986023263632e-28 3.17624402151371e-29 -9.78352426412285e-29 5.53474388443219e-29 1.06921086449895e-28 -6.25609754804263e-29 -1.12406790252846e-29 -9.48455788366066e-29 9.79286053095415e-29 -2.12549279452113e-29 2.3097613637963 0.999999999769411
-1.25194660009753e-27 1.41055919042621e-28 -2.11239469917422e-28 8.98162690500441e-29 2.80181973100138e-28 -1.27884485047788e-28 8.19274550488793e-30 -1.52746098777389e-28 1.53598092671708e-28 1.46732797262563e-28 3.93761710562669 1.0000000002547
-7.96897409733823e-28 6.12635998433251e-29 -1.19286463804318e-28 6.43018519341039e-29 1.84095028902088e-28 -6.09720773904846e-29 -3.68298456323906e-30 -6.0892948826302e-29 9.43170936119286e-29 -1.02089441626819e-29 1.23500978088178 1.00000000000712
-7.14451846730004e-28 7.29641485910749e-29 -1.07108656890844e-28 7.20418257078975e-29 1.61818102273266e-28 -5.71602008136465e-29 1.93715287385653e-29 -6.86512799359478e-29 9.00260499739001e-29 1.80900494972648e-30 1.31861075729725 1.00000000000358
-2.01651065091077e-27 -8.17571768306147e-28 -4.9220826577684e-27 1.24732699546291e-27 1.52402108805358e-27 -2.40403038784061e-27 -1.45748889546216e-27 -1.19252645922491e-27 1.37189750034462e-27 -4.8523488631362e-28 -2.22508552589466 0.999999999923742
-6.34411800969478e-28 8.42257470795548e-29 -1.33447952182874e-28 1.40975409892772e-29 1.22144061969205e-28 -6.67604177132733e-29 1.55462126931157e-30 -6.66149999349072e-29 5.66416996661059e-29 -3.62933283201543e-30 2.11161601924072 0.999999999590764
-7.12667915337943e-28 8.31294078673297e-29 -1.02268077982516e-28 4.92790958389196e-29 1.45521674063678e-28 -4.79643588466234e-29 7.3425336956256e-30 -5.38427883827328e-29 1.11556056572397e-28 -4.73092922461779e-30 1.29917790041005 0.999999999998631
-7.47396720757231e-28 1.40166824229705e-28 -1.01481397986738e-28 -7.233402360124e-30 1.42648965776946e-28 -7.333705370718e-29 2.63405559854085e-29 -7.04218857604454e-29 9.02890494953455e-29 -1.93099355619357e-29 2.56999270946797 1.0000000003272
-6.95515623502025e-28 5.5361948190235e-29 -1.0509212098726e-28 5.74685509363869e-29 1.30295257808269e-28 -4.59991024089616e-29 2.50683300510797e-31 -6.80512762680469e-29 6.6017517490729e-29 -9.88221208276441e-30 1.22748184067721 0.999999999977081
-2.34005850049623e-27 2.09912929718576e-27 -1.76493271503143e-27 -6.38510832350962e-28 7.07630112809441e-28 7.80714652369296e-28 -4.82040153441107e-28 2.72395520454507e-29 1.92509444115284e-29 6.82656904624214e-29 -2.22983389679956 0.999999999924313
-7.17036757031636e-28 8.37036821891274e-29 -1.15722698169095e-28 1.69967184548125e-29 1.1041876919968e-28 -6.29118620716098e-29 8.74444732504388e-30 -6.80948546909828e-29 6.41208962261672e-29 -1.50552672646932e-29 1.14342503697249 0.999999999812615
-7.11215656134771e-28 9.17838412017736e-29 -1.06683515023337e-28 2.48014952473354e-29 1.02588556551539e-28 -4.6913324088962e-29 -2.19237867171223e-30 -6.3635387642943e-29 6.10004483442564e-29 -2.31593402175955e-30 2.1084051945737 0.999999999950399
-9.30794575715791e-28 1.47009852286617e-28 -1.86520781485527e-28 9.56713434132326e-29 1.95033526481028e-28 -9.69736807873625e-29 2.5599937947284e-29 -8.72242714490409e-29 1.08485968055136e-28 -6.07059844749415e-30 1.21978294059913 1.0000000000371
-7.89837651185556e-28 -2.76842722203743e-29 -8.39238850218053e-29 6.8684660707792e-29 1.15400738113341e-28 -7.74389629312908e-29 -1.43930625037538e-29 -7.91395598050868e-29 3.8338825668398e-29 -2.30305770665491e-29 2.80412408581041 0.99999999980155
