-3.39838730194453e-137 6.57589399383751e-138 -7.26450812894139e-138 4.21949421572399e-138 8.4838501946726e-138 -7.52745909887812e-138 6.47193675462277e-139 -4.48413877534363e-138 2.1117149506836e-138 -3.83285053327239e-138 -6.50111676193271 0.999999999961534
-4.14892308417628e-139 5.5050391049773e-140 -5.28345354137748e-140 -1.43713331895167e-140 8.30950927832722e-140 -4.9348000717547e-140 1.05791708952178e-140 -4.23102001713769e-140 4.17782003903218e-140 -2.92627831086213e-140 1.80261630984042 0.999999999869344
-3.76383950839919e-139 6.92134401783065e-140 -7.77586913853059e-140 7.52341267540351e-141 7.61844076490318e-140 -4.32896864272851e-140 1.73051990041354e-140 -3.34042068067461e-140 3.28585846347123e-140 -2.33654547212731e-140 1.82091125841166 0.999999999871927
-4.20773026892369e-139 5.13341189791354e-140 -1.04888144216704e-139 -6.85166457815804e-141 6.66521770693986e-140 -6.5943029895264e-140 7.46533224073912e-141 -3.66499816414547e-140 1.88212551106682e-140 -3.68335460036814e-140 1.94779862143475 0.999999999797108
-2.92921971208569e-137 5.5287555312995e-138 -4.76128053669896e-138 1.86650945071557e-139 6.20481751639333e-138 -2.91724560379665e-138 7.72234330075013e-139 -2.37014027398504e-138 2.42927116683867e-138 -7.50147626216888e-139 -6.50928506888869 0.999999999961665
-2.76810228158121e-139 3.92918400257985e-140 -4.71994773421778e-140 -5.44610430036085e-141 5.12483367331316e-140 -5.19911568429879e-140 -7.30304000384437e-142 -2.41029470749623e-140 1.54046076709576e-140 -3.77329452730688e-140 2.50331908852805 0.999999999955622
-1.8674779549028e-137 3.01820145062574e-139 -4.40478350877252e-138 3.93324530940155e-139 4.40609569386929e-138 -2.44860150565537e-138 6.49354152994877e-139 -2.06047900362679e-138 1.80120879446923e-138 -1.04145064062307e-138 -6.51475858474079 0.999999999961276
-3.5364294352407e-137 3.85391246885332e-138 -5.62255138439021e-138 1.01931533910735e-138 6.83886845995106e-138 -4.11586849777954e-138 9.09247314649326e-139 -4.15054883775083e-138 3.07823683958398e-138 -9.40705965894088e-139 -6.51252648930796 0.999999999962143
-3.33945311402934e-139 3.08589893239648e-140 -4.19077708440563e-140 3.94135678170939e-141 7.98968683843833e-140 -2.98171754112925e-140 1.33895007183774e-140 -2.74802336110284e-140 2.26276307235304e-140 -2.01450431407714e-140 2.64305460580339 0.999999999845978
-2.37192696043791e-137 1.76413240426893e-138 -8.25713283814569e-138 -3.7865954835384e-139 7.42022927753014e-138 -6.25011898670021e-138 7.25636325418959e-138 -3.18697310435945e-138 -2.41491717749762e-138 -1.2590068407988e-138 -6.48050050941961 0.999999999962048
-4.12932014906553e-139 6.357835223968e-140 -8.79180251674949e-140 -2.27776503002664e-140 7.32516181432757e-140 -6.97739600467178e-140 2.6168754369648e-141 -4.52122176199202e-140 2.6211314022896e-140 -3.66868095081333e-140 2.5471810356529 1.00000000001192
-4.47536148429927e-139 1.32447565942219e-139 -6.93564306880315e-140 -1.9123941640144e-140 9.60229864115043e-140 -5.8216710705603e-140 5.33817901075382e-141 -5.06804048214105e-140 2.46330368707445e-140 -4.62998918781517e-140 1.79377140288824 0.999999999954617
-4.68471024861435e-139 1.94890748899835e-140 -1.0313670671597e-139 -2.0863581204299e-140 6.35185528301512e-140 -9.80287562263885e-140 -1.63841583973064e-141 -3.74258198879667e-140 2.31778529063894e-140 -6.36487687714137e-140 1.86840973361022 1.00000000003426
-1.73760488688758e-137 2.16374059151706e-138 -4.75099689504263e-138 4.66450973935622e-139 3.85050074393291e-138 -2.40566454721589e-138 6.17459474183919e-139 -1.71237765130803e-138 1.49868644401515e-138 -1.1620460973283e-138 -6.5169474006925 0.999999999962208
-4.00117728012168e-139 9.53618428418873e-140 -3.43927454587938e-140 -3.12171008433119e-140 7.22491701059777e-140 -6.17008830285253e-140 1.10075322880153e-140 -4.92481264503949e-140 5.24471485799996e-141 -5.72829431060678e-140 3.87686496561663 0.999999999988892
-5.33869018834918e-139 2.71048742322057e-140 -1.08722599105166e-139 -2.40069961208548e-140 9.24268442115733e-140 -6.37835078050123e-140 1.45382258697891e-140 -3.99424885288816e-140 2.80176354777471e-140 -3.91858228728525e-140 2.63877309001169 1.00000000004387
-8.95008133317045e-137 2.6463676903175e-137 -5.11283197058035e-137 8.56248524267857e-138 2.77292190671133e-137 -2.17402326546239e-137 -3.15938362208749e-137 1.58515588897842e-137 -1.79324270470851e-138 8.6888856023059e-138 -6.44688329026118 0.999999999961821
-1.91655119370738e-136 5.32950741460736e-138 -2.98036842146977e-137 9.49326901610536e-138 3.82139480785563e-137 -1.93470275686623e-137 1.64395374192026e-137 -1.2098558575536e-137 2.42119655169709e-137 -4.84012529807369e-138 -6.49747943680755 0.999999999962161
-2.20113749298214e-136 4.04404478581301e-137 -5.32370586591327e-137 3.90769660165213e-138 7.76933208684059e-137 -3.89715886848033e-137 3.7937345435382e-137 -1.81665491230678e-137 2.87818186350205e-137 -1.77893446632633e-137 -6.46513238331191 0.999999999961884
-7.16295619136384e-138 1.40444302862206e-138 -1.34062215856268e-138 -6.01757054160687e-139 1.50178659810106e-138 -6.73201916128119e-139 4.84500660729699e-139 -7.1129630684044e-139 5.32016392137706e-139 -4.52127545524141e-139 -6.51543023571148 0.999999999961631
-2.24082620471606e-139 5.48456407915611e-140 -2.79091951849818e-140 -1.29894581288495e-140 4.30614821086839e-140 -3.34577164570264e-140 1.61393940179777e-142 -1.82597330550085e-140 9.87020635666162e-141 -2.83524299973583e-140 2.7787813615052 0.999999999839234
-4.42609837254151e-137 6.59018851584174e-138 -9.32457759135281e-138 6.87714348091261e-139 6.23106825033871e-138 -3.61325962802697e-138 1.78948599922665e-138 -6.08629392350809e-138 2.63066279253878e-138 -2.47089013359651e-138 -6.50382346723556 0.999999999962283
-2.33241900225135e-139 9.32599174290977e-140 -4.10729925122392e-140 -2.07604942884975e-140 3.73137645601895e-140 -3.60392392173216e-140 5.19121844040388e-141 -1.86421129496672e-140 1.68372986229627e-140 -3.27276562845149e-140 3.78003403878402 1.00000000005018
-4.44108769044056e-137 6.23180619701232e-138 -8.91032739116225e-138 8.92171283418854e-139 7.58685627280108e-138 -5.19656700429683e-138 1.99844551384711e-138 -4.50282349951741e-138 1.46162508713812e-138 -2.29025139878245e-138 -6.48186403821394 0.999999999961955
-3.7333629029583e-139 6.4055614379502e-140 -9.56307171282414e-140 -9.8638798481236e-141 7.29317153637195e-140 -4.07752228428536e-140 4.78723908889989e-141 -2.24674475882536e-140 1.47308100736971e-140 -1.92166070733413e-140 1.82702730935158 0.999999999916071
-4.89816355404277e-139 1.12895149855187e-139 -1.09009830307446e-139 -2.76633607264616e-140 9.49134958765005e-140 -7.54238020300067e-140 -1.79418595021379e-141 -3.69513794175236e-140 2.5952366462016e-140 -5.50361904544156e-140 1.80420676838397 0.999999999801919
-9.04589633404513e-137 1.33821555383803e-137 -1.93114932027265e-137 6.57368949560354e-138 1.82801843403418e-137 -1.19665973408082e-137 2.72647892428387e-138 -1.08678781562662e-137 6.99663351564546e-138 -4.27923766881755e-138 -6.50607917494261 0.999999999962169
-1.04039193023421e-137 1.29608637644907e-138 -1.97866405295466e-138 9.88208247058748e-141 1.79093381636213e-138 -1.39294294574043e-138 3.02376898987875e-139 -1.02680486113314e-138 7.63501489612174e-139 -6.20332342768412e-139 -6.53204378652236 0.999999999961542
-4.41579165984698e-139 7.56732145113021e-140 -1.16498217090465e-139 -1.91935376524438e-140 1.06893971217021e-139 -4.31940141296247e-140 1.36261030433267e-141 -2.68121909736325e-140 2.44729882493098e-140 -2.70023765826192e-140 2.54733608659886 0.999999999793392
-5.34530807577287e-137 6.29974888807044e-138 -1.06117784403592e-137 1.61736745974637e-138 1.02860548777428e-137 -6.02237693164381e-138 1.65222929255953e-138 -5.29030024404446e-138 3.99975761800602e-138 -2.02947381025872e-138 -6.50974342454302 0.999999999961956
-6.43321430275825e-138 8.4098782424059e-139 -1.15979060320226e-138 4.67587106288342e-140 1.1933432928011e-138 -7.36149228710485e-139 1.88385001608605e-139 -6.31853259839635e-139 4.65476481174144e-139 -3.1445154898632e-139 -6.5500266584935 0.999999999961652
-4.17611547110631e-139 1.10287618142251e-139 -1.13735367636793e-139 -3.17364785296362e-140 7.24094303546966e-140 -5.63761715759603e-140 9.46544206692087e-141 -4.17653352161335e-140 1.98744577437479e-140 -1.95240113162362e-140 3.03323406632347 0.999999999556301
-3.59254856701632e-139 3.81888640595863e-140 -5.20852565408894e-140 1.48493464322677e-140 5.4844558849838e-140 -3.94440250826528e-140 2.17115726757185e-140 -3.84026245011668e-140 5.14509620393511e-140 -1.39447562372641e-140 3.6271035231532 0.999999999677005
-3.68689040419188e-139 8.48149462581681e-140 -9.5667553584953e-140 -1.53212765474458e-140 6.97203788842818e-140 -4.34736104471968e-140 3.85874812493486e-141 -2.68413167478426e-140 2.62168499594929e-140 -1.48987303894265e-140 1.74047305183028 0.99999999994086
-9.16324170190073e-138 3.49602286382111e-139 -1.50363548522222e-138 2.32421407895791e-139 1.68343418382413e-138 -1.08730413114797e-138 2.15574054822292e-139 -1.04603565188215e-138 7.59531362744715e-139 -3.2044089247313e-139 -6.51972047168288 0.999999999962381
-4.22086603542545e-139 7.00955396429139e-140 -9.94089616106916e-140 -2.06621496609344e-140 6.12151221492148e-140 -7.16487378984262e-140 5.07353648471121e-141 -4.06851349982849e-140 2.62248952072394e-140 -3.28034631251824e-140 1.95451089829737 0.999999999765148
-4.49428768672429e-139 6.94461973901693e-140 -1.28286437644845e-139 -2.35347299908593e-140 6.7929507419302e-140 -7.00368740528271e-140 1.11940997830067e-140 -3.26233887827736e-140 2.77343976860413e-140 -3.18723570448184e-140 3.07010026561636 0.999999999644283
-8.49015527278107e-137 6.78135968012662e-138 -1.30719142280752e-137 5.31016061301823e-138 1.4709077187124e-137 -7.10070371617916e-138 3.69031296785723e-138 -9.28453240020757e-138 2.07832707699562e-138 -2.96660538258204e-138 -6.45460853915036 0.999999999961988
-3.29539744194074e-139 3.6820508570462e-140 -6.72102145757187e-140 -3.86904933406752e-142 4.48146287774922e-140 -5.07589994787587e-140 1.30722183771308e-140 -3.1111548034232e-140 3.65476432413651e-140 -2.88968935997867e-140 2.54284882446325 0.999999999863934
1.37039233638535e-138 -3.02193199293236e-138 -7.16450903684363e-138 4.51822412867972e-138 2.45543961769413e-138 -2.25968625351157e-138 2.61126588048101e-138 -5.43953435437464e-138 2.19197820419447e-138 -3.87141001224247e-138 -6.47020366853555 0.99999999996217
-1.56697282942976e-137 2.75934165126197e-138 -3.04541694983061e-138 2.51499475858098e-139 2.89645489387034e-138 -2.13897261638495e-138 4.29279074976921e-139 -1.31950901895212e-138 1.09726538244957e-138 -1.08709227607403e-138 -6.52811468752543 0.999999999962543
-7.31525408336758e-138 9.2803993562127e-139 -1.31385118394799e-138 6.23105435303492e-140 1.33005112653635e-138 -9.2429408936138e-139 2.74489423908463e-139 -7.42471074875972e-139 4.96073391713507e-139 -3.84215145904787e-139 -6.54042919449722 0.999999999961921
-5.14479245091716e-138 5.72732279471819e-139 -7.52409484150007e-139 2.36222582473513e-139 1.0102703905859e-138 -6.86073985969584e-139 1.72550501614174e-139 -5.8908463242064e-139 5.13194876214166e-139 -2.48968781615679e-139 -6.54917187824086 0.999999999961994
-3.62392595770409e-139 6.71433245377648e-140 -5.67408838175925e-140 -1.45693545411438e-140 7.0375461493777e-140 -3.9591233369475e-140 7.30526273233351e-141 -3.61610903419415e-140 2.43045697064627e-140 -2.21370540453518e-140 1.79753181407731 0.999999999778586
-2.92561326473297e-139 5.24246126490341e-141 -1.80462428531629e-140 5.82698393204079e-141 6.49243666176806e-140 -4.64893392507161e-140 3.23462061646025e-141 -2.66480909652806e-140 2.34101475048406e-140 -3.83536062481431e-140 2.64500104629606 0.999999999714327
-4.74969928466044e-139 8.29822816707887e-140 -7.43114204630626e-140 -3.08589376656289e-140 7.06003333814839e-140 -1.07156888684461e-139 -1.10806205947724e-140 -4.79675002964649e-140 1.57639018457069e-140 -7.03528350637738e-140 4.20248036069154 1.00000000031281
-3.76180101102581e-139 2.50629830201922e-140 -7.42349816069545e-140 -1.6030079064726e-140 4.95449332374198e-140 -6.10953592846579e-140 2.23187453529669e-141 -3.08839733005324e-140 1.93443936379668e-140 -3.70053808938721e-140 2.70588888225841 0.999999999850024
-3.0360172659919e-139 1.08398702531401e-139 -5.95028234520714e-140 5.24834608846424e-142 5.38881466064845e-140 -3.77327419712626e-140 9.86891083486347e-141 -2.70889834131988e-140 3.59297351290434e-140 -1.53574076512651e-140 3.84818475449027 0.999999999975926
-1.85460660246923e-139 7.77639494221084e-141 -3.39678152785492e-140 -1.98503604891545e-141 1.73027344724693e-140 -3.35587276269916e-140 7.19263666457769e-141 -2.21316563427956e-140 1.85789052525504e-140 -1.79586369797656e-140 3.80031161423072 0.999999999729748
-3.6424908796226e-139 6.78132883129058e-140 -7.55187321657514e-140 -4.63098322666954e-141 6.36234317698852e-140 -5.17740210657613e-140 7.20962072288091e-141 -3.30113112245179e-140 2.65616792755766e-140 -3.33294631794793e-140 1.79327346748787 0.999999999851582
-3.06333720889771e-136 3.00559122029566e-137 -3.44888162251871e-137 2.13632398737218e-137 8.3529522800723e-137 -3.62958535990331e-137 1.49561397406393e-137 -4.080053798192e-137 2.730563516782e-137 -1.89709139199172e-137 -6.48412267594466 0.99999999996225
-3.81664202601877e-139 6.65048753660613e-140 -9.64413905881065e-140 -2.81310706008315e-141 7.26544919840018e-140 -3.18658683873146e-140 1.01190222277536e-140 -2.83373506674262e-140 2.97522105314607e-140 -8.06823056961442e-141 1.91176823219733 0.99999999990768
-5.52700346842337e-139 8.38753620905327e-140 -1.1690011696757e-139 -2.58219954925407e-140 9.79898011085865e-140 -9.02352133248989e-140 2.65095012854502e-141 -4.55759221498329e-140 2.371504768005e-140 -6.91807323851845e-140 1.84448415506949 0.999999999771813
-3.59388274673589e-137 1.1881107193895e-137 -9.7882385887791e-138 1.97032179551094e-138 7.45326662588397e-138 -6.76696614315178e-138 1.24439964927952e-138 -5.53227534149471e-138 3.47221406015117e-138 -1.86714397402288e-138 -6.49498193204868 0.999999999962157
-3.56919763682008e-137 4.73471213982828e-138 -5.87581803719989e-138 1.50957359353747e-138 7.31070600555879e-138 -4.10560771203683e-138 1.08236486563941e-138 -3.99775999633956e-138 3.26663462789709e-138 -9.00980005119665e-139 -6.53548117303632 0.999999999961983
-6.70967189753865e-138 1.36395135217779e-138 -1.69671459080382e-138 -2.20910968380817e-139 1.65911666282611e-138 -7.96290373629828e-139 1.48037004830442e-139 -5.27340516727341e-139 3.37470611629866e-139 -3.85140649119342e-139 -6.52560904827438 0.999999999962007
-1.46846303689942e-137 5.11992806265063e-138 -1.96328241884804e-138 -1.50115926076056e-139 3.55622962733186e-138 -1.24923698323498e-138 6.85751919363016e-139 -1.62916417602028e-138 1.35054958254314e-138 -7.39095519496435e-139 -6.49135525260903 0.999999999961689
-3.99862146785483e-139 2.80841707052643e-140 -6.94422209769109e-140 -9.13660292508514e-141 6.08076944945067e-140 -6.82836032713106e-140 9.25102613809342e-141 -3.95118430244794e-140 2.4617287906413e-140 -4.46893309035644e-140 1.72691862199268 0.999999999947807
-4.10823694446825e-139 4.16095687632612e-140 -8.28616499880906e-140 -1.20423965892587e-140 6.94267998924848e-140 -6.22811530757336e-140 8.62471629081422e-141 -4.25368701686355e-140 3.46646963271896e-140 -2.42912546637784e-140 1.77959104620924 0.99999999995108
-2.46581085255408e-137 2.97318278748209e-138 -4.30712441503856e-138 4.45992271744546e-139 4.38955391528412e-138 -2.84636550716129e-138 9.01078893793473e-139 -2.56541634609877e-138 2.07932990955197e-138 -9.47518003861544e-139 -6.57037253029851 0.99999999996208
-1.78423005989158e-137 -9.72577962526287e-139 -4.32002724148028e-138 9.97733183826326e-139 3.47284381198251e-138 -2.87918187074363e-138 7.10408351557835e-139 -2.02171025776487e-138 1.11475835934812e-138 -3.09657423363069e-138 -6.50330621216808 0.999999999961937
-3.02042992687353e-139 6.52697469459528e-140 -9.52478127093352e-140 -3.2580330517238e-140 6.40664267842593e-140 -2.67351087673031e-140 2.19767441735966e-141 -1.23660516213442e-140 9.5968833711144e-141 -1.43755751670329e-140 3.07473831515118 0.999999999988732
-3.58987821713294e-139 8.55087034280345e-140 -6.10625722949157e-140 -2.21202601117514e-140 5.83909055517411e-140 -4.19598217661459e-140 7.16375927128757e-141 -3.08047012172419e-140 4.40197366989437e-140 -1.86785837531433e-140 3.02244837938302 0.999999999803072
-5.2320137967024e-139 9.50075150030317e-140 -9.72126265095095e-140 -2.62493929620361e-140 1.00626948209572e-139 -6.94372054299647e-140 9.31161463568e-141 -4.51699137999669e-140 3.28208350462888e-140 -4.71954821631778e-140 1.78247660498757 0.999999999766485
-3.77450364055168e-139 4.45291810439806e-140 -7.51274176279036e-140 -1.1080856023739e-140 5.89502268176801e-140 -5.07403738067263e-140 8.65028010121417e-141 -4.15566138347272e-140 3.52844760062359e-140 -2.19105092036478e-140 1.81270306977166 0.999999999862618
-5.13207684894886e-139 1.69061302421936e-139 -1.50718505466079e-139 -5.17049146473868e-140 1.09411368476665e-139 -8.33460840406991e-140 -4.74934325145929e-141 -4.26792428595757e-140 8.41982205738859e-141 -5.3267331555267e-140 3.91274055622549 0.999999999880237
-2.70327434716564e-139 8.99508067849577e-141 -2.95776103257036e-140 -4.38809171197055e-141 4.10660102449373e-140 -1.51280018875234e-140 1.45473291339073e-140 -2.61902920517048e-140 2.39867175799302e-140 -3.96959618213831e-141 4.0050881029282 1.00000000011021
-2.21366237567316e-137 2.32672646295016e-138 -4.09161323161582e-138 7.67324427632137e-139 4.36786617939964e-138 -2.62230071322843e-138 5.05262557276828e-139 -2.07644291614623e-138 1.98580107164569e-138 -1.10700333847512e-138 -6.51951259649043 0.999999999961441
-1.79898913953448e-137 2.01671598216719e-138 -3.66165457611034e-138 6.4113053064072e-139 3.34003692351185e-138 -2.50801774202335e-138 7.24923583916747e-139 -1.98407821505198e-138 1.31733637585514e-138 -2.94552710796075e-139 -6.52267385974396 0.999999999961747
-1.64792391424177e-139 3.55782831056189e-140 -3.00965730111733e-140 1.96565078726755e-140 3.37981377048427e-140 -9.48013537633402e-141 5.8415435524743e-141 -5.82836271572802e-141 2.20887702153452e-140 -9.79666834463633e-141 3.19880030222774 1.0000000000202
-6.32745685775093e-138 7.49627632726287e-139 -1.2637380701868e-138 4.0612375250077e-140 1.10959459473638e-138 -8.13411301522767e-139 1.43784002910563e-139 -6.35271761526633e-139 4.81863761501807e-139 -3.47877748190345e-139 -6.55390707701363 0.999999999962099
-4.4648037584642e-139 8.00684535691953e-140 -8.56315420181025e-140 -2.69115146618358e-140 8.66541998116747e-140 -4.9483194491008e-140 3.63670346908266e-141 -3.40149128422199e-140 1.99455154333262e-140 -3.75233060058335e-140 1.80729652668602 0.999999999879963
-1.43702932313064e-137 2.51693662528037e-138 -2.89755915442044e-138 3.31584040153899e-139 3.37230301694944e-138 -1.55402246782402e-138 2.57114973703651e-139 -1.81362823561161e-138 1.45745025387785e-138 -5.81995354746014e-139 -6.52806495321847 0.999999999961784
-5.67671881769098e-137 1.45467969178413e-137 -9.60497541195734e-138 2.17317330174955e-138 8.38777539751206e-138 -8.6595739744205e-138 2.48662650944619e-138 -5.13601994994376e-138 2.72625429539701e-138 -2.32542967695564e-138 -6.49982658133694 0.999999999961961
-4.99699852592447e-139 6.01411342781609e-140 -1.02732339781438e-139 -2.184294494506e-140 7.98899200005014e-140 -9.57347879125176e-140 -1.15193368513098e-142 -5.31741140975902e-140 2.45083648875767e-140 -6.1604739306546e-140 1.84110514103301 0.999999999933253
-1.12890943211388e-137 1.83760474999499e-138 -2.81129052700168e-138 4.28860370158868e-139 2.5398545294119e-138 -1.83836159724546e-138 2.7933462433973e-139 -1.16822278652896e-138 1.17292453367052e-138 -4.29597124537251e-139 -6.5332447129175 0.999999999961901
-5.48915952682268e-139 4.13299348064136e-140 -1.08547239616848e-139 -2.32220464952005e-140 7.20468829433497e-140 -1.29924483720218e-139 1.80964995064405e-142 -5.91222562721588e-140 5.33669953801509e-140 -7.12268843396139e-140 2.61788665613027 0.999999999879165
-1.13496831650349e-137 1.74433962625591e-138 -2.39538224722248e-138 7.46790531158775e-139 2.11855367316421e-138 -1.31250646079355e-138 6.02113749119024e-139 -1.21733362894697e-138 1.15022427908004e-138 -6.47157879820651e-139 -6.53670793771358 0.999999999961828
-2.78159808927554e-139 5.42350355758437e-140 -6.89738092437244e-140 -1.71701367465112e-140 4.8287657531323e-140 -2.14974033781466e-140 5.72804297713906e-141 -1.91033557891049e-140 2.00442724076405e-140 -7.32940607156274e-141 3.17494359270592 0.999999999691749
-5.57435646058564e-139 1.05285627813571e-139 -1.23372711484808e-139 -1.88871750191241e-140 9.34737053950884e-140 -7.45873578924195e-140 1.5288892186795e-140 -4.63605653130181e-140 3.82198763195398e-140 -3.86238874464151e-140 1.92702442715824 0.999999999798595
-5.68340047313063e-138 7.9636993658342e-139 -1.02210400816038e-138 4.1134345923403e-140 1.03804347905685e-138 -7.3759134014028e-139 1.6584591466228e-139 -6.0570881654623e-139 3.66040617528849e-139 -3.52998666761551e-139 -6.55106877125163 0.999999999962148
-5.75764307327445e-139 7.40199365274642e-140 -1.21990891696519e-139 -4.07914743487268e-140 9.74936298116607e-140 -1.06476035072911e-139 5.55848169414908e-141 -5.62919995714758e-140 2.10892269851981e-140 -7.44048793377007e-140 2.64922705367732 0.999999999755103
-2.46254718773506e-139 5.00961243688508e-140 -3.85235565735359e-140 1.39338670638327e-140 5.06310260609923e-140 -2.05677321423066e-140 8.92552898108282e-141 -2.49306190286326e-140 2.00573793244173e-140 -1.96912350132269e-141 3.14497599355341 1.0000000000773
-5.50585930409049e-137 6.49350748718128e-138 -9.23218421278528e-138 1.01427279238697e-138 1.00965653090764e-137 -7.28163877980242e-138 1.95548159449775e-138 -5.18505752612784e-138 4.4266444715728e-138 -2.73616427427999e-138 -6.56448710035504 0.999999999962172
-2.58324767894005e-137 6.5755308661059e-138 -6.3500982338796e-138 1.73172583344724e-138 6.0227930879072e-138 -6.91896243894333e-139 1.41674684088569e-138 -6.46490264567409e-139 -9.94797197066874e-139 -7.59200553504445e-138 -6.47477129656969 0.999999999962171
-4.27087326713955e-139 6.13330707662873e-140 -6.41998721810472e-140 -6.11220655592218e-141 8.46801424970953e-140 -6.27650426006603e-140 8.70740388828261e-141 -5.34979161816367e-140 3.24765550669828e-140 -4.07062521959704e-140 3.61375207811982 1.00000000009169
-3.06770037059698e-139 8.37457229706794e-140 -7.93039701144319e-140 -1.41361514759524e-140 5.77023250324564e-140 -3.79839006274457e-140 3.11301169168972e-141 -2.99856457653316e-140 2.9374672792139e-140 -9.8404292131878e-141 2.56625164939745 0.999999999695802
-3.87694127388961e-139 7.84274366379532e-140 -5.5041458415295e-140 5.08777453506674e-140 9.61058980261139e-140 -2.22752514820543e-140 5.22628799659541e-141 -3.07485271528273e-140 4.12308326265456e-140 -1.94667129507683e-140 4.40445155212818 0.99999999985142
-3.69484439789919e-139 5.54680392566596e-140 -7.8262625881078e-140 -6.14175138919187e-141 6.69699986304739e-140 -4.96154730230101e-140 4.79821804729622e-141 -2.72582986601875e-140 1.4830823519108e-140 -3.82079669360191e-140 1.9935211900793 0.999999999980443
-3.64636197730242e-139 5.36788099384132e-140 -7.75857247487037e-140 -1.33490852132398e-140 6.07623553054925e-140 -3.64722718828887e-140 1.18161526777555e-140 -3.45425698226948e-140 3.48437846404815e-140 -1.30512071051581e-140 1.74534045031048 0.999999999983461
-1.55674347700766e-137 1.77288342521045e-138 -3.29152245511667e-138 3.67500641345484e-139 2.94274835199625e-138 -2.25554295988841e-138 2.81336406624359e-139 -1.5995971400798e-138 1.35130569764212e-138 -8.81298733618562e-139 -6.51940391293245 0.999999999962211
-4.01401995233234e-139 5.36765625260591e-140 -9.50003859831983e-140 -1.46409799300039e-140 8.92123601043919e-140 -4.29016477140601e-140 4.68420703066208e-141 -2.70035321926927e-140 2.13306821537027e-140 -2.02790991721089e-140 2.57134410657672 0.999999999653536
-3.41660518337093e-139 3.76183508286577e-140 -5.88474152602936e-140 -3.28058794357656e-141 6.1115194444941e-140 -2.27098516705331e-140 3.89203983808651e-141 -2.56021375733892e-140 2.47034699397585e-140 -1.47129364379117e-140 1.91540886882946 0.999999999973457
-2.6105175847179e-139 6.04423028383392e-140 -4.66358073060929e-140 -1.67594062162518e-140 5.08110462649578e-140 -3.05305854233843e-140 3.05354710835273e-141 -2.3216201277793e-140 4.6115525712086e-141 -2.10929566863763e-140 3.15031208031803 1.0000000001365
-3.64652223088896e-139 5.68033020078973e-140 -6.47110017366434e-140 -8.28317324106469e-141 5.60105718394381e-140 -4.30704223867529e-140 1.12673782580983e-140 -3.76310221347277e-140 3.43878510108978e-140 -1.29172307593431e-140 1.8400772932216 1.00000000000047
-2.05004972229783e-136 2.55760497614542e-137 -3.81359418437698e-137 6.27667298282841e-138 3.94002834325618e-137 -1.75192682136429e-137 5.0552904564596e-138 -2.07235852918115e-137 1.7968974138087e-137 -5.14367569462973e-138 -6.47068329971983 0.999999999961749
-5.32241723543131e-139 5.87784079652242e-140 -8.42770004008015e-140 -1.65297326675752e-140 1.08802746871317e-139 -5.43009788903784e-140 9.512944752494e-141 -3.64245990884043e-140 4.3325766344464e-140 -3.33971505088673e-140 2.01418030704291 0.999999999812609
-2.89318707193627e-139 1.15004645803002e-140 -7.89672278574971e-141 -5.90101011752276e-141 6.65191088371713e-140 -1.95223887021543e-140 6.16222575451376e-141 -2.54664393687584e-140 3.05121969058631e-140 -1.54031356330856e-140 2.50413403761596 0.999999999950182
-3.26314366560015e-139 4.76260458796599e-140 -6.23327535316189e-140 -1.29736329241853e-142 5.78885452736164e-140 -4.24715064291657e-140 1.42010559019643e-140 -2.80822022883044e-140 1.4833765802633e-140 -3.38381575636366e-140 1.80074478146635 0.999999999957402
-3.72820357525766e-139 5.62634773765051e-140 -1.0407067044576e-139 -3.42064028275222e-141 5.07890396010562e-140 -4.09677511545912e-140 1.73303287839302e-140 -2.7510344377793e-140 1.97000434030239e-141 -3.0574441115472e-140 3.73240639874946 1.00000000016255
