-2.06299189708332e-248 3.48552452667821e-249 -4.53226580815807e-249 3.41216499668984e-250 3.93478861501541e-249 -3.42217528017089e-249 3.38960117589148e-250 -1.93309999819201e-249 1.40962491901007e-249 -1.80035318597177e-249 -10.3326668930491 0.999999999980835
-8.06334203401055e-250 9.2259229539771e-251 -2.06258822059865e-250 5.55201313334307e-251 2.66144769575702e-251 -1.4814317617044e-250 1.21001191286916e-250 -8.63231643047992e-251 1.32119467231669e-251 -1.17417025528755e-250 1.0198807540734 0.99999999998379
-8.30166911979586e-250 1.32503072618183e-250 -2.29515109497908e-250 2.95538841503563e-251 8.12238592382941e-251 -1.6653353544485e-250 8.24668243741375e-251 -1.07264371460689e-250 3.26345041464587e-251 -1.09894633930248e-250 1.12590163379624 0.999999999871665
-4.46741673910852e-250 8.11553408366615e-251 -1.07852195751256e-250 2.39550269016266e-252 7.20861289613329e-251 -4.11363846489423e-251 6.79509377901981e-252 -2.9988799626934e-251 1.79304111989971e-251 -1.43563891812657e-251 1.04330683326634 0.999999999824979
-1.32048577458441e-246 2.31223156177273e-247 -2.37405631566498e-247 -1.34273772825629e-249 2.68536801038366e-247 -1.60781843863598e-247 2.2863400185021e-248 -1.0850362131121e-247 1.05663423665954e-247 -6.19901848488905e-248 -10.2565827662676 0.999999999980322
-3.93332639953098e-250 7.59222945563037e-251 -8.54861576110476e-251 8.17360352607199e-252 3.79500860821694e-251 -5.12914027044247e-251 3.08097699105295e-251 -3.12492851171996e-251 2.5989522154525e-251 -3.22289748724174e-251 1.83580671758844 1.00000000008231
-3.65134701856928e-247 3.14161991788061e-248 -8.22088856855615e-248 2.43937665701589e-249 7.73237746294395e-248 -5.54862529815058e-248 5.99870344583114e-249 -3.43833650208767e-248 3.04795837057843e-248 -2.79304961094296e-248 -10.2836789981105 0.999999999980364
-5.72058570544767e-248 7.84819412055463e-249 -1.13859522358669e-248 6.66309210189737e-250 1.06794699232373e-248 -8.31409890038579e-249 1.01599133072251e-249 -5.69666068530639e-249 4.28578181856699e-249 -3.68547026667636e-249 -10.3170161727561 0.999999999980326
-3.67622381653055e-250 4.45231669693432e-251 -8.80600060742327e-251 1.33574644064178e-251 4.67688692347761e-251 -5.46424931059302e-251 1.81845924400581e-251 -3.41463852490116e-251 2.5925580554141e-251 -3.50067967877854e-251 2.00481570625875 0.999999999939583
-2.46466152380461e-248 3.29094904686484e-249 -6.40436873318706e-249 -1.46829442721716e-250 5.44686504114274e-249 -4.72109622580643e-249 2.41893417049158e-249 -2.45899914114816e-249 4.80783013889642e-250 -1.90199630836446e-249 -10.3019662214594 0.999999999979922
-3.80399474425835e-250 1.30580857429503e-250 -9.49064369990977e-251 -6.14454170665387e-253 8.15647688374995e-251 -5.44808988521136e-251 5.75134686263907e-252 -3.40245674872108e-251 2.73178073820493e-251 -2.64812147446531e-251 2.00180403320003 0.999999999753598
-5.94308741377454e-250 1.5531284772922e-250 -1.48371320982482e-250 -1.27903828717955e-251 1.00568276510705e-250 -7.35386869543436e-251 9.81431750480635e-252 -4.77393869963432e-251 6.13392130879377e-251 -3.60350482005529e-251 1.07632519421158 0.999999999948821
-5.64170051798381e-250 1.11290466436511e-250 -1.20657833061002e-250 -5.92384787341824e-252 7.15654744250988e-251 -8.32462943072249e-251 1.22382762097554e-251 -5.07658226188546e-251 4.01020608978865e-251 -4.73459691972483e-251 1.05989553361532 1.00000000006772
-1.33258390296328e-247 1.68959935366415e-248 -3.28535121406216e-248 9.68625461973846e-250 2.64716020111461e-248 -2.0805040445592e-248 2.63485786526474e-249 -1.22844872834705e-248 1.05349402292745e-248 -1.09874765388339e-248 -10.2965911171756 0.99999999998065
-3.16898983633607e-250 1.34035261906188e-251 -3.92527644599354e-251 4.75346736893502e-252 2.53137625597247e-251 -1.25324026912779e-251 3.35770919057439e-251 -3.61520328049204e-251 1.71306376360067e-251 -7.57826662576222e-252 3.29973318454218 1.00000000013859
-5.19209963436842e-250 1.27501978792786e-250 -1.26186669911968e-250 -1.49904566016301e-251 7.29918973206951e-251 -6.20830300585343e-251 4.04208136717748e-252 -3.62215309681445e-251 3.99271064024473e-251 -3.05885825872782e-251 1.73383854691885 0.999999999962325
-7.37211316708607e-248 1.78517913664858e-248 -3.25298288941574e-248 4.29292329463865e-249 1.94268238580413e-248 -1.56599311277251e-248 -1.62023070307089e-248 5.95746273126672e-249 9.18348187761879e-250 2.14991231690776e-249 -10.2598315185318 0.99999999997997
-8.3477363479508e-248 3.96617223517564e-249 -1.37704381761568e-248 3.55846190496359e-249 1.64348058036994e-248 -8.98466322476056e-249 6.36608699027182e-249 -5.53935131083858e-249 9.91898474230655e-249 -2.72320282612968e-249 -10.3131576088157 0.999999999979853
-1.77462168122285e-246 3.20102145910224e-247 -4.25388955220533e-247 2.73017806586423e-248 6.04252576198875e-247 -3.1361862828216e-247 2.83306007908737e-247 -1.47124253712669e-247 2.24687931418456e-247 -1.45581141206531e-247 -10.2394312436358 0.999999999979944
-2.11320949456331e-247 3.35802221050673e-248 -4.52806900213449e-248 -4.6145845080376e-249 4.07972230581156e-248 -3.33133879448481e-248 2.59302665581336e-249 -1.9195009026013e-248 1.56874567568962e-248 -1.88834747621742e-248 -10.2884823314745 0.99999999998052
-4.4416094424748e-250 1.07232033070628e-250 -1.06102082174876e-250 1.01622069823168e-251 5.579285788731e-251 -7.11695726307432e-251 2.69060276071858e-251 -3.62905511674004e-251 5.1407981583405e-251 -4.27165598334882e-251 1.7375421868791 0.999999999929341
-2.74603023045538e-248 4.21365972269069e-249 -5.99955502264752e-249 2.30458085694772e-250 4.20024066169673e-249 -3.05461455472934e-249 8.45144811832423e-250 -3.29136542066054e-249 1.73902220137038e-249 -1.87892340411677e-249 -10.3171064262195 0.999999999980417
-4.48128443848636e-250 2.65801624223733e-251 -1.2317200052467e-250 8.14218378738499e-252 5.94365743818756e-251 -1.25224104522264e-251 2.00806181374539e-251 -4.12933439628854e-251 5.33991968134544e-252 1.8280067995377e-252 2.76828246392774 1.00000000010653
-6.7967921908601e-248 9.93558470091066e-249 -1.43437604340347e-248 4.19259724172897e-250 1.18202541864756e-248 -9.35489003173826e-249 1.99366372882766e-249 -6.52326871872225e-249 3.21952796762898e-249 -4.65145701183801e-249 -10.2861753040849 0.999999999980547
-5.38634194117204e-250 7.91833741544846e-251 -1.05751153011211e-250 2.0613667040867e-251 5.55694631324938e-251 -8.02151581494115e-251 4.06410243412399e-251 -4.1155900851085e-251 2.90013786539031e-251 -4.72106583807895e-251 1.0393541810136 0.999999999951228
-5.22594022486424e-250 1.0291925269515e-250 -1.20911097568262e-250 1.28816708395764e-251 3.97639170708174e-251 -8.37180427909752e-251 4.92844434195251e-251 -5.11377995339168e-251 4.88204469347995e-251 -6.25799166888765e-251 0.97142450166667 0.999999999768187
-1.39848854203593e-246 2.06574171348243e-247 -2.99752907545713e-247 8.63799474409544e-248 2.79541508981603e-247 -1.92713076633161e-247 3.67233335259576e-248 -1.62045500883524e-247 1.0709731551868e-247 -7.52069911347715e-248 -10.2677290725975 0.999999999980649
-2.25291128036062e-248 3.46984598346117e-249 -4.88465028063835e-249 5.31523907155042e-251 3.94923101692151e-249 -3.4915727773012e-249 4.74516113946084e-250 -2.02863853815742e-249 1.53371343248249e-249 -1.839589523515e-249 -10.3475992088528 0.999999999980295
-5.48029041485587e-250 1.2296008535686e-250 -1.50085405256752e-250 -2.47695427363434e-253 5.46089190517468e-251 -7.10455509138186e-251 4.7002977325704e-251 -3.26773751476025e-251 3.19675104608941e-251 -5.12329311687277e-251 1.92371382800608 0.999999999928639
-5.6665748309426e-247 7.21192398482206e-248 -1.17339110671976e-247 1.01417960788418e-248 1.0949655303981e-247 -7.44665537969826e-248 1.1143457680448e-248 -5.41740264650123e-248 4.18125416629068e-248 -3.14826570712824e-248 -10.2800745931356 0.999999999980979
-3.50780629885768e-247 4.73904282127421e-248 -7.11834811800417e-248 -6.93647449570342e-250 6.64242352093004e-248 -5.34539844031781e-248 2.97686909829565e-249 -3.14830731235469e-248 2.53440088666497e-248 -2.78013991973847e-248 -10.303377600347 0.999999999980611
-8.03605903860534e-250 2.71066395534896e-250 -2.32782223846608e-250 -1.07199800975808e-251 1.20601930505192e-250 -9.69866824228093e-251 2.11247971199952e-251 -5.9000636126386e-251 6.06959475661508e-251 -6.17128786655261e-251 2.25547156090936 0.99999999968297
-4.2455684141246e-250 1.47990270426163e-251 -8.88643219915443e-251 4.56450106631709e-251 3.00591693478437e-251 -7.92800499356598e-251 4.60843546085727e-251 -5.28787787627186e-251 -2.84239464759298e-253 -5.86019082906598e-251 2.62199678396373 0.999999999587261
-7.56015982330617e-250 1.24359550864939e-250 -1.9358566673393e-250 1.86633437571021e-251 7.17807584451775e-251 -1.24816498241979e-250 6.32668878016726e-251 -8.27271077234423e-251 5.09677107425031e-251 -8.22072604583576e-251 1.01619261714746 0.999999999924101
-2.29651358969189e-248 2.94158067513809e-249 -4.75304618835858e-249 1.33647638182948e-250 4.16561942163408e-249 -3.41273899366723e-249 3.96440089540209e-250 -2.15744585690087e-249 1.65073110171564e-249 -1.71406279084524e-249 -10.3269916064612 0.999999999980251
-6.40626812034811e-250 1.57964922920229e-250 -1.53980161604909e-250 -6.49966456048422e-252 8.44995919339174e-251 -9.13956455598484e-251 4.0191466115996e-251 -4.36819539162993e-251 4.02390783103466e-251 -5.90219941475335e-251 1.11376595403865 0.999999999827442
-4.43281345253841e-250 -5.75556490090257e-252 -1.11820382205576e-250 3.01408293760367e-251 7.28949519675403e-252 -8.92156164307371e-251 7.48787732054273e-251 -5.7351760698992e-251 -6.27398489981757e-252 -6.96090676211883e-251 2.19804006472478 1.00000000001104
-2.90379057810958e-247 2.64671211044382e-248 -4.77189769730423e-248 1.46447282218456e-248 5.11003007316966e-248 -2.88944534515789e-248 1.03772911352928e-248 -3.04701321296767e-248 9.86753839109404e-249 -1.33618724385248e-248 -10.2458797757582 0.999999999979866
-5.17807540559898e-250 2.62821473928864e-251 -1.36250517625732e-250 4.37225653974279e-251 3.1370800027331e-251 -1.04302791343489e-250 7.19607160746841e-251 -6.63493744298267e-251 4.52957651651533e-252 -7.43006480156633e-251 1.81502298806033 0.999999999769814
-2.45808021552605e-248 3.36857201244771e-249 -6.88621785320942e-249 7.87518610231788e-250 5.02483864346402e-249 -4.39811599566165e-249 8.00007423141964e-250 -3.24082215186721e-249 2.25201139267513e-249 -2.89890577630609e-249 -10.2958545803066 0.999999999980602
-1.453537888166e-247 2.43959581076344e-248 -3.05664490964793e-248 4.37104106726895e-250 2.73361158850405e-248 -2.1395102550483e-248 2.27479328950402e-249 -1.22858475355989e-248 1.01942122816608e-248 -1.11681858224666e-248 -10.2999635113397 0.999999999980122
-3.89297135571463e-248 6.27009950207469e-249 -8.31802935214606e-249 2.1787578307842e-250 7.46128847567009e-249 -6.01037418569003e-249 5.49937014409759e-250 -3.37118296219327e-249 2.79255672712456e-249 -3.12122007066675e-249 -10.3433402561843 0.99999999997989
-1.53770984016252e-248 2.38578747543770e-249 -3.15809904856507e-249 6.47066619354098e-251 2.84543582781075e-249 -2.31389442397226e-249 2.50458195036556e-250 -1.4007063164816e-249 1.13256080820416e-249 -1.17308353247935e-249 -10.3575424710383 0.999999999979819
-6.83100107863706e-250 1.27928614460478e-250 -1.72575613416611e-250 2.46451958964725e-251 9.33363740451425e-251 -1.07025152818662e-250 4.09309966398012e-251 -7.9781734921689e-251 4.20193795523664e-251 -6.29948876409344e-251 1.00417494418167 0.999999999802605
-4.69742871164897e-250 7.37419526819024e-251 -1.18236752477288e-250 1.20195030388636e-251 3.58340406729376e-251 -7.77622339407904e-251 4.31851223257027e-251 -3.55783166189246e-251 1.88362064932134e-251 -5.89199519377654e-251 1.94257137027307 0.999999999699538
-5.81281667258206e-250 2.27249111103754e-251 -1.2432547899177e-250 -4.5836513578832e-252 4.63525862469072e-251 -9.11114059598214e-251 3.99108566053383e-251 -3.94940275477404e-251 2.31787198070636e-251 -7.48557395926639e-251 3.61090374527644 1.00000000102538
-7.7870249032601e-250 1.96312532555512e-250 -2.15636910516506e-250 1.65745183121873e-251 1.18625449903169e-250 -1.1380807777729e-250 3.70418752980547e-251 -9.42054658074652e-251 6.62499854548417e-251 -5.99209968363529e-251 1.89232987706515 0.999999999609483
-3.08006010187053e-250 1.4325901996537e-250 -8.81792942677384e-251 -2.15790994629949e-251 4.23513561564543e-251 -3.90113815735542e-251 5.99701030428452e-252 -2.15740878610089e-252 3.22889089967285e-251 -1.94040012632137e-251 3.30954629262083 0.99999999981662
-6.84258065594305e-250 2.69270865909475e-250 -1.41489814947725e-250 -8.60483463614988e-252 4.61871888961867e-251 -8.13926662154523e-251 2.2308974253288e-251 -2.34559957799677e-251 7.79190750423434e-251 -6.21510363863866e-251 3.00744867903566 1.00000000004191
-6.89529317313159e-250 1.03497981390141e-250 -1.53544418399476e-250 1.87030842465403e-251 6.8285672973959e-251 -1.03518080801089e-250 5.64497039847971e-251 -6.49031725174072e-251 3.67077010191581e-251 -7.04395239016176e-251 0.998544513773823 0.999999999879847
-3.85128031661037e-246 3.8158650743866e-247 -4.44028164122768e-247 2.60438439438936e-247 1.04068963062159e-246 -4.62179023415977e-247 1.83157150554185e-247 -5.08200151290489e-247 3.41914541533168e-247 -2.42279809517868e-247 -10.250646009051 0.999999999979775
-5.38799382026824e-250 1.46022657509051e-250 -1.11409290755281e-250 9.49908086321214e-252 7.80990709508828e-251 -7.06019197602467e-251 2.64665369570516e-251 -3.51044351414606e-251 3.53132029794869e-251 -3.77469203223321e-251 1.09677708748935 0.999999999872766
-6.4979138556589e-250 3.37597869108729e-251 -1.35326604138115e-250 2.92763557078223e-251 5.19318632937053e-251 -1.26434827196968e-250 7.26572222170901e-251 -8.00368293856225e-251 1.92888218379499e-251 -8.43963938556428e-251 1.13189193114664 0.999999999784495
-4.6829567039187e-247 1.26230923720295e-247 -1.20572577232349e-247 1.50218513942158e-248 9.33094001166509e-248 -8.65404386454888e-248 1.04228352829196e-248 -6.24268387596983e-248 4.18032718549334e-248 -3.11457317708172e-248 -10.2633192970242 0.99999999997985
-2.16011728156812e-247 2.88257420540139e-248 -3.93060509656266e-248 5.65675909079269e-249 4.29025027017192e-248 -2.91864303586114e-248 4.36522020862039e-249 -2.26427593631106e-248 1.85844054882006e-248 -1.0585667980005e-248 -10.314469948974 0.999999999979892
-1.52150232628889e-247 2.46769459460392e-248 -3.51984055765543e-248 -3.39358526693109e-249 3.09522359295085e-248 -2.30679982629988e-248 1.03852969413237e-249 -1.25074226741115e-248 9.88524476429964e-249 -1.23450028170895e-248 -10.29470957812 0.999999999980869
-2.07563121937412e-247 5.50515924698376e-248 -3.52433418137369e-248 -1.6290155513986e-249 4.5978823676322e-248 -2.48094713055036e-248 5.65765297457974e-249 -2.10083782967459e-248 1.72538640092303e-248 -1.39550805588426e-248 -10.2619331284916 0.999999999979757
-7.61417877712841e-250 9.82992800439206e-251 -1.70220327818036e-250 3.80210885244861e-251 5.69739975251903e-251 -1.27831503052045e-250 9.23349577795709e-251 -7.87929229689125e-251 3.01226352669586e-251 -9.50088962817012e-251 1.17360647175857 0.999999999900667
-9.08038576257603e-250 2.67480963388066e-250 -2.31194124450783e-250 -8.37197575226765e-252 8.72935644306294e-251 -1.34217294868046e-250 5.43254479171835e-251 -5.67563118334435e-251 7.30213766455732e-251 -9.83755051498903e-251 1.07703870033493 0.999999999995272
-2.63775211151764e-248 3.95060663472932e-249 -5.54480840351025e-249 1.733103979255e-250 4.90039739290331e-249 -3.84825054149611e-249 5.22510556645072e-250 -2.38466097634813e-249 1.97023247730139e-249 -1.90426686635238e-249 -10.3823439553098 0.999999999980054
-5.66463502706461e-247 2.37477364799395e-248 -1.29975435976167e-247 1.29197393324259e-248 1.07392056869036e-247 -9.55722649592773e-248 1.10257299994725e-248 -5.58946671644288e-248 3.82919226971273e-248 -7.73683040162164e-248 -10.2623664117455 0.999999999980398
-9.17120456760148e-250 2.05388248605567e-250 -2.61631106373233e-250 -9.43077335096053e-253 8.58429705546863e-251 -1.56429666438794e-250 6.56140269576093e-251 -9.57503431023201e-251 5.52046277366768e-251 -1.12021672006721e-250 2.54174743947643 0.999999999639289
-3.7503869782025e-250 1.2050963264422e-250 -1.06416689272924e-250 4.14336279179079e-252 5.03937019577963e-251 -4.74488071426945e-251 2.1563742975474e-251 -2.92033351029044e-251 3.60461195426418e-251 -2.7643649775713e-251 2.42996942039218 0.999999999803322
-7.43352841180885e-250 1.0241684122642e-250 -1.78025947352241e-250 2.32551071916834e-251 7.52494997507432e-251 -1.18193244123719e-250 5.95759280156944e-251 -6.9883227615638e-251 2.20851953906111e-251 -8.02013346112205e-251 1.1564886451246 0.999999999817009
-6.1551981750311e-250 1.14650353852641e-250 -1.60302458445064e-250 5.04416349660564e-252 8.75918098863441e-251 -8.17862870551171e-251 2.72072476100989e-251 -5.72966685730876e-251 2.89628783588662e-251 -4.83863944024334e-251 1.00115789783026 0.999999999969406
-5.9795144232766e-250 -3.28079097170133e-251 -1.58531521985462e-250 9.36726118253885e-251 -1.46367356999041e-251 -1.53946238946706e-250 1.46316456328593e-250 -9.74578140153547e-251 -1.69301196053296e-251 -1.24313956114549e-250 3.26938482454169 1.00000000055892
-3.99248389724888e-250 1.48117592621182e-250 -1.21752930997809e-250 -1.22211495496888e-251 6.26435108982993e-251 -5.59501085134676e-251 3.68482343575471e-252 -2.66591777324913e-251 5.12875982230335e-251 -2.55741309037601e-251 2.94114443421075 1.00000000017586
-1.00688454081135e-247 1.26674466723786e-248 -2.05222643367941e-248 1.15876429872099e-249 1.90422508314498e-248 -1.47721076596887e-248 1.26765620622915e-249 -8.93088298327571e-249 7.98705693920805e-249 -7.51897747590298e-249 -10.3057454111726 0.999999999980674
-2.44718015724841e-248 3.63232143717001e-249 -5.25925969747809e-249 2.17277442966738e-250 4.5131265942729e-249 -3.75105816136352e-249 4.77282731783088e-250 -2.26293335268658e-249 1.79257642094146e-249 -1.67708259396049e-249 -10.336382117599 0.999999999980511
-3.96136359663176e-250 1.19663216368615e-250 -9.18546148997692e-251 -1.66838437840247e-251 4.60715458017131e-251 -4.64109740110913e-251 1.13428564263015e-251 -1.71090140674073e-251 5.90637118400728e-251 -2.97297518111504e-251 2.53233137644175 0.999999999603555
-1.60263499137804e-248 2.53906083406516e-249 -3.50060607897897e-249 6.90283265848317e-251 2.86277812557001e-249 -2.32183095005799e-249 3.39562207847427e-250 -1.42342625129007e-249 1.10135739043017e-249 -1.21510971972815e-249 -10.3621722683001 0.999999999980195
-6.634669493454e-250 1.09569488761793e-250 -1.59783217159427e-250 1.67993818726009e-251 7.99882772281676e-251 -9.70605729801111e-251 3.8566523892893e-251 -7.32466529510858e-251 4.46310393015149e-251 -5.7534910341719e-251 1.19874590879319 0.999999999778114
-6.55183441800792e-248 1.09961205933255e-248 -1.3875747746386e-248 6.67194688674265e-250 1.38444281979568e-248 -8.49731194149748e-249 9.87629096368067e-250 -7.25090840166214e-249 5.73987248154021e-249 -3.95605661867011e-249 -10.3062228712444 0.999999999980011
-1.11376914494143e-247 2.45998330622354e-248 -2.06974686883234e-248 2.84665969850387e-249 1.79527627104678e-248 -1.72314905732281e-248 3.56607779989818e-249 -9.904823073777e-249 6.28492672313681e-249 -6.23924248291815e-249 -10.2987689254417 0.99999999998026
-7.08102462477964e-250 1.48745277046446e-250 -1.62719180165978e-250 2.45901675709204e-252 6.931134878086e-251 -8.79171865962962e-251 4.63104269462179e-251 -3.85327500658851e-251 3.54894196885212e-251 -5.77151123568005e-251 1.12652323591422 0.999999999815832
-2.84460489150739e-248 4.24806052048557e-249 -6.21691731276453e-249 1.16406818361497e-250 5.32027388508749e-249 -4.56718029725985e-249 4.1674673179008e-250 -2.46107761536664e-249 2.12733911117538e-249 -2.28250169949029e-249 -10.3441672480934 0.999999999980388
-5.0138781616311e-250 8.22628492921774e-251 -1.21593135967097e-250 7.9666389541138e-252 5.39667289719175e-251 -9.22839405862759e-251 1.91529997567844e-251 -5.0005985362436e-251 3.83827911542358e-251 -6.1719122855732e-251 1.91309590588673 0.999999999849088
-3.59765699776186e-247 5.48331623167579e-248 -7.61756837670957e-248 1.2007377039692e-248 6.71343230780953e-248 -4.89983353218684e-248 1.14714917009922e-248 -3.51772406603414e-248 3.197599538348e-248 -2.55945687183435e-248 -10.2960055298071 0.999999999980101
-5.42787914601635e-250 1.84176589719186e-250 -9.9440920412031e-251 -2.49362280776941e-251 8.20342518234252e-251 -7.09195542346548e-251 1.0000596408204e-251 -1.96510112768348e-251 5.53183859166842e-251 -4.183238832551e-251 2.63878853940714 0.999999999378664
-7.04106674136738e-250 1.22000462710808e-250 -1.86568856251015e-250 3.63517966929995e-251 5.47114571605734e-251 -1.22816799976902e-250 8.24018876108227e-251 -7.37675366500189e-251 4.1556281341455e-251 -8.89770315912528e-251 1.00004348640898 0.999999999753854
-9.75339676737818e-249 1.70736322156345e-249 -2.12887371893975e-249 6.25498433928015e-251 1.66608309062407e-249 -1.41077745041182e-249 2.7868198685521e-250 -8.74675427505989e-250 6.672234434674e-250 -7.41986624497508e-250 -10.3974468676937 0.999999999980231
-5.24924756918507e-250 1.46705394476543e-251 -1.01868632738229e-250 6.46860851518366e-252 5.47763746331715e-251 -6.55718342438615e-251 3.26510615615636e-251 -3.74849194908371e-251 -1.64622426783772e-252 -4.74571737343918e-251 1.89450206114907 0.999999999677316
-6.30868195527299e-250 1.39096419684439e-250 -1.59101542854862e-250 8.04385265603591e-252 3.82694672894204e-251 -1.13275842501607e-250 3.3003009973401e-251 -4.00553911043557e-251 5.49860115272691e-251 -8.4878609177861e-251 2.32744987523924 1.00000000013877
-2.73728047419258e-247 3.3540480910823e-248 -4.98440065387693e-248 3.0287900176108e-249 4.99786231997438e-248 -3.98039700594999e-248 7.2223784596189e-249 -2.51634154547034e-248 2.12217415613574e-248 -1.77300250216633e-248 -10.3407410860956 0.999999999980741
-1.16373296360484e-247 2.48949819049647e-248 -2.71212589112347e-248 4.45790313701092e-249 2.4911145329235e-248 -9.06021106864901e-249 4.29339356921297e-249 -5.80782898165898e-249 5.69773878450722e-250 -2.44378946669605e-248 -10.2610773497745 0.999999999980657
-3.21022662238455e-250 2.80229911494415e-251 -8.15028302363978e-251 3.13557925750807e-251 3.69355200061212e-251 -5.14334368381464e-251 2.98073239288782e-251 -4.2677823895787e-251 2.47594215071854e-251 -3.36806805918959e-251 2.65491007000774 1.00000000036085
-5.99819620016135e-250 2.61844181381671e-250 -1.56265295778146e-250 -2.45747577383012e-251 8.28387042315411e-251 -7.3320070221098e-251 9.61969475419823e-252 -1.84220216467105e-251 7.9909112536121e-251 -4.66501174150049e-251 1.73877278557993 0.999999999879184
-3.35900128649861e-250 9.14239391788101e-253 -4.17126738777879e-251 -1.02104093979024e-251 4.61194555523668e-251 -8.52105069999462e-251 -1.51223167313214e-251 -2.67871423967953e-251 8.15368418976457e-252 -5.19815830433216e-251 3.13989088114085 1.00000000015903
-9.55847512976662e-250 1.57039531326057e-250 -2.59981780084968e-250 6.14840716073011e-251 4.90452185063805e-251 -1.75659872004963e-250 1.24634251765725e-250 -9.61316627147062e-251 3.89087225719488e-251 -1.35347828800928e-250 1.04658851613759 0.999999999953327
-7.80723534636839e-250 1.03143376567998e-250 -1.66553084816996e-250 2.57525146467909e-251 9.76148959394412e-251 -1.22053871070893e-250 5.75416764591246e-251 -8.05856190852301e-251 3.62829355387069e-251 -6.36916605930036e-251 1.11684458242482 0.999999999947121
-1.66198701329603e-248 2.34657629717227e-249 -3.57080067022064e-249 1.73664006246061e-250 2.97722553220287e-249 -2.4896820467435e-249 3.41138092108736e-250 -1.5543701622064e-249 1.23864538069662e-249 -1.21003422393786e-249 -10.3305888387805 0.999999999980385
-4.56313732220876e-250 1.75026495752154e-250 -1.0709080942729e-250 4.27760859479532e-253 5.44053255516023e-251 -6.24512306029532e-251 1.90450462993358e-251 -2.17632472333486e-251 4.98694272008774e-251 -4.06152642082485e-251 1.81115440794258 0.999999999494276
-7.06965890955029e-250 1.05208471231891e-250 -1.8056689802019e-250 1.78458373389847e-251 9.4441566155446e-251 -9.53870931852279e-251 3.74671917005847e-251 -7.59037730803282e-251 2.36242340707458e-251 -5.68161854391302e-251 1.15782016923806 0.999999999859984
-3.04200057078868e-250 7.9823286643989e-251 -6.22903109124727e-251 -7.68961794884835e-252 4.38637593408126e-251 -3.60507133791514e-251 1.29663724288678e-251 -2.07611821024922e-251 3.79821542101116e-251 -1.97680082277777e-251 2.38400554644804 1.00000000010002
-5.12173378308407e-250 6.55827908118251e-251 -1.18690433039338e-250 1.73184807302156e-251 5.21041968244336e-251 -5.36598527337217e-251 4.23326504895337e-251 -4.40855317982869e-251 1.98802448696865e-251 -4.01899355051709e-251 1.19286700591068 0.999999999955542
-1.14339877372228e-247 1.44718790332396e-248 -2.16574364920995e-248 3.11671318274138e-249 2.16445541556179e-248 -1.0765541442766e-248 2.79019279533444e-249 -1.13988865447751e-248 9.73191406650947e-249 -3.71802442493781e-249 -10.2823553758066 0.999999999980337
-5.26972802453094e-250 1.17562479461508e-250 -1.26858435852446e-250 -3.55350754797678e-252 7.11051390493766e-251 -8.24003846791929e-251 8.77528833692951e-252 -3.94743069510518e-251 4.68174892251724e-251 -4.28993017660376e-251 0.976556761731872 0.999999999841763
-5.56341321455525e-250 1.50599851066883e-250 -1.28513917066214e-250 -6.53344216009604e-252 7.76222989334859e-251 -5.47052801462094e-251 2.09909271332433e-251 -3.1225234612334e-251 2.71587200712648e-251 -3.27082282284095e-251 1.90963875824607 1.00000000014045
-9.54050681050992e-250 2.032772550913e-250 -2.45062619952758e-250 1.70819628455797e-251 8.04919788584112e-251 -1.70634435671384e-250 8.88252154818334e-251 -9.5987086938533e-251 5.94963889057234e-251 -1.19668180096963e-250 1.25461864614882 1.00000000002747
-6.37042719787738e-250 1.48086515177395e-250 -1.85024145792614e-250 2.49991679634371e-251 7.04300434236445e-251 -8.64720598931577e-251 2.94996496807929e-251 -5.3400937281904e-251 4.19016685818417e-251 -5.98249228978837e-251 2.54797042105678 1.00000000030537
