-1.5712842715282e-270 3.11225613995946e-271 -3.54373586549992e-271 1.68879932218913e-272 2.75777340441619e-271 -2.40380287305844e-271 3.79714718329809e-272 -1.34560973071271e-271 1.08834637490654e-271 -1.29797874138918e-271 -11.0750521768165 0.999999999983372
-3.92690845374033e-272 1.11769602161975e-272 -1.02837657886974e-272 -1.17848795292058e-274 5.08872392952384e-273 -5.15879167101193e-273 1.64013191522e-273 -2.66056173126855e-273 2.88315411012501e-273 -3.33889818123929e-273 0.872858493439245 0.99999999984279
-5.24845414453058e-272 1.64758115150408e-272 -1.38533686509905e-272 -6.9810065624297e-274 6.45375558212848e-273 -5.47111017669538e-273 1.61601364706742e-273 -1.98211837119085e-273 4.17262962844997e-273 -3.52479826744461e-273 0.870148629691694 0.999999999887252
-5.47670120955818e-272 1.1950774085591e-272 -1.23640365854895e-272 -8.14648227378667e-274 7.82972064785555e-273 -4.4538273648153e-273 1.72082474941335e-273 -2.29302759754233e-273 2.53316092656389e-273 -2.42682257294811e-273 0.788918734599806 0.999999999896756
-3.26104032276397e-269 5.73387009179792e-270 -5.88416418468987e-270 -3.26729683350395e-272 6.60953412358603e-270 -3.97263046577653e-270 5.74127438126557e-271 -2.67608018823376e-270 2.60485269520118e-270 -1.54105536037564e-270 -11.011410007815 0.999999999983846
-3.07159298998826e-272 6.25733604055582e-273 -6.258059302715e-273 -1.19803372830287e-274 5.13240515000452e-273 -2.61338189407764e-273 8.85974633952665e-274 -1.54944602839001e-273 1.99832528381314e-273 -1.00288922439855e-273 1.75768350108232 1.00000000001758
-2.06939583999763e-269 1.83622531974785e-270 -4.66453522758903e-270 1.36843134905029e-271 4.35534095162423e-270 -3.13764971251836e-270 3.48993549136668e-271 -1.94018530583608e-270 1.72522369239831e-270 -1.58420658557825e-270 -11.027221271524 0.999999999983162
-8.91314930863691e-271 1.51244023562672e-271 -1.87731986220469e-271 7.18982464435027e-273 1.54993162653493e-271 -1.25481616315188e-271 1.94029930417703e-272 -8.04058738111687e-272 6.86701281705182e-272 -6.02661326645362e-272 -11.0795367113402 0.999999999983119
-5.20918481157313e-272 1.41142400858564e-272 -1.13996850714128e-272 -8.53643185162251e-275 6.4985653989593e-273 -5.81093488709279e-273 1.30004054046016e-273 -2.16815401322117e-273 5.19306913394807e-273 -3.58195333648432e-273 1.76540139355842 0.99999999992044
-2.35993628418197e-270 3.75363814701832e-271 -6.01563069182445e-271 -6.3199831554901e-273 4.6781870146148e-271 -4.15057287525012e-271 2.07079940288045e-271 -2.20260386408591e-271 7.58137396689558e-272 -1.84065651939123e-271 -11.0420490677307 0.999999999983559
-6.73300435573807e-272 1.00922451829171e-272 -1.99129842754672e-272 1.23589476346246e-274 8.05489071031493e-273 -6.04096270859116e-273 2.79850129802564e-273 -3.81086793804238e-273 7.34519376895147e-274 -4.44015855933861e-273 1.74569937901505 0.999999999959052
-5.02673879167979e-272 1.40701697125354e-272 -1.22186993135228e-272 -5.02733986284136e-274 5.64931456106014e-273 -5.33316238113005e-273 1.33762350162749e-273 -1.71527113762382e-273 4.27632933991623e-273 -3.56838371258586e-273 0.937408600917384 0.999999999926683
-5.96574399328168e-272 1.75040994335233e-272 -1.50411660879012e-272 -1.48371431530119e-273 9.94056417971826e-273 -6.21935934786427e-273 5.11084611766738e-274 -2.7662512790936e-273 3.78574562977188e-273 -3.05481000294847e-273 0.939474912837569 0.999999999950526
-1.62023854973305e-269 2.14775450712345e-270 -3.99393940054445e-270 1.14167176270505e-271 3.1580589935033e-270 -2.51816745443575e-270 3.49605852898281e-271 -1.48027129946512e-270 1.27780053420263e-270 -1.34156943587035e-270 -11.0301419145602 0.999999999982941
-3.23088515815937e-272 1.58381138543821e-273 -5.94085306088562e-273 1.24744832793636e-273 5.04859551402795e-273 -3.89952249045605e-273 2.34926766913923e-273 -3.21413003099134e-273 8.07312693461227e-274 -2.05914996859606e-273 2.65667111089677 1.00000000051198
-3.85746428498957e-272 9.75027709835365e-273 -1.10195429318116e-272 1.4980892204891e-274 5.60938947330031e-273 -3.40886435345614e-273 2.91953292952659e-274 -1.41173542430799e-273 1.41560310173884e-273 -2.03270099822818e-273 1.62051819060725 1.00000000005207
-4.19122678908158e-270 1.02804516087498e-270 -1.77953146181395e-270 2.22178927877164e-271 1.05480109819339e-270 -8.61897243417815e-271 -8.25349312889206e-271 2.86102191325554e-271 7.80156510043174e-272 8.20718627183121e-272 -11.0040233140452 0.999999999982988
-5.31241135262465e-270 3.37174041095263e-271 -9.04125080329863e-271 2.09449648588255e-271 1.02129466780061e-270 -5.79732533194834e-271 3.94685739552141e-271 -3.52826117393231e-271 6.17730736939104e-271 -1.90353462641781e-271 -11.0552533484921 0.999999999983224
-2.38131325180823e-268 4.30211049477228e-269 -5.70858094078313e-269 3.65770873566133e-270 8.0918681430882e-269 -4.20517979230858e-269 3.79383070083847e-269 -1.97311247718265e-269 3.01134006976244e-269 -1.95374028696722e-269 -10.9716934389214 0.999999999983246
-2.62076428026556e-269 4.24692647893936e-270 -5.63646814535982e-270 -5.49968628768602e-271 5.00515528536324e-270 -4.09881509236816e-270 3.51735167413363e-271 -2.35600155793299e-270 1.9429874337288e-270 -2.32630405168188e-270 -11.0199328793631 0.999999999983267
-2.75981259180928e-272 4.29858464375438e-273 -6.77610470943559e-273 6.80981321625992e-275 4.36457125424686e-273 -2.13702642656753e-273 7.9820222838649e-274 -2.97611676187201e-273 1.46445647122537e-273 -6.68590433281708e-274 1.61731899615369 0.999999999598623
-8.54630792868338e-271 1.57836916641783e-271 -1.90920240604824e-271 5.51116789173234e-273 1.25937633202397e-271 -9.74985157848962e-272 2.94174835367869e-272 -8.81982609578029e-272 5.75064591290667e-272 -5.92012689895937e-272 -11.0721173437325 0.999999999983329
-2.64289491562721e-272 1.11404547869085e-272 -6.88623794675793e-273 -7.66707521288835e-274 7.6603822041611e-273 -2.38951011498492e-273 -6.17085972196865e-274 -2.02891719691848e-273 1.20694040231969e-273 2.07432533308565e-274 2.85446824123968 0.999999999437916
-4.18262250396156e-270 6.41864083832962e-271 -8.92602480443803e-271 2.42758245800521e-272 7.15668697475158e-271 -5.69990237385428e-271 1.26598112077511e-271 -3.92328147713197e-271 2.05365438386548e-271 -2.87060580206236e-271 -11.0276322953627 0.999999999983491
-4.6815803485405e-272 8.36413178274626e-273 -1.06838666931503e-272 3.45702103249514e-274 5.99261266590139e-273 -5.138561701757e-273 1.76595359096761e-273 -2.75022662839909e-273 1.81125442133553e-273 -2.58677330677238e-273 0.793246409094737 0.999999999989694
-5.21518453134143e-272 1.64309532628881e-272 -1.17440140187067e-272 -7.86817350184888e-274 8.85659243309387e-273 -6.42178046155772e-273 1.45609255387386e-273 -2.98959979009341e-273 4.67259784249716e-273 -3.206881404943e-273 0.950617920218984 0.999999999794637
-4.3424635715579e-269 6.46205990631815e-270 -9.32083742630899e-270 2.66146100257791e-270 8.66431494957972e-270 -5.98177185273464e-270 1.1427338931319e-270 -5.01712901987881e-270 3.32759936715524e-270 -2.34177426721036e-270 -11.0187179677949 0.999999999983176
-1.49503438649282e-270 2.7533958117706e-271 -3.36411875250403e-271 7.39142000309376e-274 2.45256776859808e-271 -2.23491383616539e-271 4.09033531851814e-272 -1.25736197993104e-271 1.07385602754297e-271 -1.22914286598836e-271 -11.0910731845811 0.999999999983421
-4.81192942263112e-272 1.28723747491033e-272 -1.56532179437539e-272 -6.31756785046559e-274 8.12615523189072e-273 -6.26887214692484e-273 7.98676424319555e-274 -4.54973053604748e-273 2.63755817166018e-273 -3.64200565946284e-273 1.56129465760253 1.00000000000041
-5.08477917757373e-269 6.57592724971648e-270 -1.05558797871649e-269 8.9678350681746e-271 9.78098501619124e-270 -6.68503816830805e-270 1.02120665610239e-270 -4.84138801418131e-270 3.75476912715936e-270 -2.84588300183002e-270 -11.0172075978232 0.999999999983637
-2.05924852606238e-269 2.87348910576223e-270 -4.2063524334056e-270 -3.97392980704069e-272 3.85723653931356e-270 -3.12416748076976e-270 2.00426847869568e-271 -1.83208453555171e-270 1.493885255557e-270 -1.63301738528546e-270 -11.0454927274076 0.999999999983778
-4.00650772780084e-272 8.33099431032071e-273 -8.30606157536759e-273 2.98829812497929e-274 3.81501575409923e-273 -2.90875525385002e-273 1.3790904344019e-273 -1.18997837146834e-273 4.13552756710663e-273 -1.82854137795266e-273 2.314149436116 0.999999999779448
-3.49692229862787e-272 4.62929088142574e-273 -7.96567081781464e-273 2.07390344741385e-274 4.77713378504269e-273 -2.64890701246228e-273 1.4759555026956e-273 -1.64501335829962e-273 1.12742380209798e-273 -1.17917672868797e-273 2.20590702266473 0.999999999907132
-8.07001003191907e-272 2.27382777850446e-272 -1.89636101716155e-272 -1.11054638739554e-273 1.08834935616165e-272 -8.55313217904643e-273 1.80475382043395e-273 -3.85565743529006e-273 7.69706149475676e-273 -5.24294441273658e-273 0.900723990556847 0.999999999905655
-4.60306332753807e-270 7.11864483816902e-271 -9.90901720415854e-271 2.16760836714099e-272 7.90200646138971e-271 -6.75879790116353e-271 1.10490426150175e-271 -4.15433690995527e-271 3.3229769268657e-271 -3.5522033479195e-271 -11.0545148946117 0.99999999998317
-4.72245528002845e-272 9.71712722859786e-273 -9.02232607811072e-273 3.35400128234451e-274 7.49616279448588e-273 -4.0463068606004e-273 2.27927013798347e-273 -2.59633857997179e-273 2.39417434297079e-273 -1.81440620345021e-273 0.879222826583111 0.999999999704172
-6.62942644904264e-272 2.38056138248586e-272 -1.79732710297902e-272 -2.0545611144449e-273 1.04077797241854e-272 -8.01760808402197e-273 -8.16747572924937e-274 -3.43362717832259e-273 5.80810341086505e-273 -5.00690240503642e-273 2.22761127855693 1.00000000013046
-9.69490115535242e-270 9.60037363965201e-271 -1.62334337693828e-270 4.67034098187063e-271 1.69466571438533e-270 -9.72118256769658e-271 3.45876450940183e-271 -1.00047810170223e-270 3.47474327125535e-271 -4.54712589862765e-271 -10.9990659783916 0.999999999983303
-6.85643843011896e-272 2.17955921302316e-272 -1.71974261485731e-272 -1.45321916211103e-273 9.94604120430308e-273 -7.60085624488927e-273 1.10791766581851e-273 -2.9116664814228e-273 5.40884669039265e-273 -4.93398849231961e-273 1.50915681304567 0.999999999688957
-1.76727975170348e-270 2.94229436584721e-271 -4.78183805365984e-271 4.29887601944708e-272 3.30150977601676e-271 -2.94759439844793e-271 6.32596619217039e-272 -2.05148780413314e-271 1.52745205380125e-271 -1.91843201483603e-271 -11.0382173974289 0.999999999982805
-3.02203222001146e-269 5.26814718551784e-270 -6.41737237217624e-270 7.64771287637238e-272 5.59235200684998e-270 -4.43195022157836e-270 5.21092596766897e-271 -2.52787837367835e-270 2.14230769470455e-270 -2.33567544690618e-270 -11.025185684895 0.999999999983145
-2.06404650296415e-270 3.73389956719838e-271 -4.54493226033316e-271 7.30693626019442e-273 3.77370887817424e-271 -3.10516109573373e-271 3.7411664973543e-272 -1.72150585326596e-271 1.50064558552406e-271 -1.65214491288869e-271 -11.0891564219644 0.999999999983505
-6.22363299756609e-270 1.1265306032651e-270 -1.32452187471291e-270 2.37534584966149e-272 1.08404618925271e-270 -9.05628728368243e-271 1.48173956998423e-271 -5.38429071944591e-271 4.59581931205607e-271 -4.73223432531473e-271 -11.0762288748512 0.999999999983511
-9.43716463973783e-272 3.83746407876071e-272 -2.36821158679291e-272 -2.93302313937252e-273 1.16000223013947e-272 -1.14174054437391e-272 1.92956985812075e-273 -3.33739697953529e-273 1.24998126304915e-272 -7.61371947567692e-273 0.81200105648758 0.999999999706119
-3.52220389044368e-272 1.25889943552227e-272 -8.3248385504127e-273 -1.11577409311617e-273 6.62298989577317e-273 -4.02277552223187e-273 7.31249863967081e-274 -1.57013334078776e-273 2.38716678120634e-273 -1.85820568459026e-273 1.59388241619427 0.999999999663525
-2.54971718790159e-272 9.01240249286077e-273 -6.4128534735018e-273 -3.12107040771297e-274 2.91249478722668e-273 -3.0003003856632e-273 4.87312336255813e-274 -8.89582468929721e-274 4.1603786687839e-273 -2.08483386999461e-273 3.20803268237009 0.999999999801589
-4.92299486468732e-272 9.45375564268694e-273 -1.10274315009132e-272 5.41437405632434e-274 9.0571996761147e-273 -3.76685018597724e-273 -4.69409687331524e-274 -3.07190104888776e-273 5.64159445016432e-274 -1.41417521741332e-273 1.6523750542919 0.999999999748005
-4.30589355860239e-272 -4.74586953017683e-274 -9.61956355325717e-273 1.78954597245122e-273 2.96010272074188e-273 -2.5932743188445e-273 3.20544933527644e-273 -2.36847843486218e-273 3.77375342705302e-275 -2.51821145846725e-273 3.2546681998785 1.00000000030279
-5.04832932967603e-272 1.84493950233486e-272 -1.46417458787804e-272 -2.25759670250944e-273 5.67585403561886e-273 -6.19675214164069e-273 1.10697785532523e-273 -2.48828758796745e-273 5.52796942203936e-273 -3.76116938463564e-273 2.70152240560748 0.999999999854084
-5.15334035481603e-272 1.21092084538341e-272 -9.58370833234693e-273 3.77587319162249e-274 8.99670032019393e-273 -5.43454461599417e-273 7.26824819601855e-274 -3.57870073518468e-273 3.16548990423692e-273 -2.04821116057165e-273 0.760223401955848 1.00000000002593
-7.94492278509951e-268 7.88915156804384e-269 -9.17337323331564e-269 5.36559035919484e-269 2.14558402116771e-268 -9.53532913261936e-269 3.77770621537109e-269 -1.04777057607513e-268 7.05260359338024e-269 -4.99955382440639e-269 -10.9764437055637 0.999999999983591
-5.54336436081997e-272 1.26563799979824e-272 -1.2522650081007e-272 -5.28055416707023e-274 7.82397525284176e-273 -5.68719672698822e-273 2.01485785119475e-273 -3.30405197309357e-273 3.3559405448323e-273 -3.12473367884044e-273 0.916223585372366 0.999999999948683
-6.38785135576024e-272 1.82378404928121e-272 -1.63046230220738e-272 -1.47587590672321e-273 7.28853052835132e-273 -6.93526956104554e-273 2.13774679402647e-273 -2.56741543600388e-273 4.94996669600544e-273 -4.65937395689699e-273 0.843596526476996 0.999999999843113
-5.99994369029061e-269 1.62011890959155e-269 -1.54463675927346e-269 1.88623621469489e-270 1.18833626255668e-269 -1.10339849130944e-269 1.36055966960573e-270 -7.93082163892753e-270 5.35001565180211e-270 -4.00638848513973e-270 -10.9962540777534 0.999999999983628
-9.10198220408594e-270 1.29239637543234e-270 -1.6857483927939e-270 2.21627315798008e-271 1.77896403723304e-270 -1.22707360296273e-270 1.93683125622779e-271 -9.34632266743817e-271 7.8345514568653e-271 -4.59132980051454e-271 -11.0613983945727 0.999999999983326
-1.53871575235396e-269 2.57426042406287e-270 -3.56359954285465e-270 -3.31116790954938e-271 3.0898000172764e-270 -2.31601112629112e-270 1.27084276649825e-271 -1.25085319288941e-270 1.00759118275369e-270 -1.24385985946455e-270 -11.0287167491934 0.999999999983065
-9.7111800098611e-270 2.57159489748444e-270 -1.68534211634438e-270 -7.0394439830391e-272 2.10536819382086e-270 -1.16561135510059e-270 2.75506201457001e-271 -9.64803606075476e-271 8.01600284165465e-271 -6.58614382597269e-271 -11.0086445146972 0.999999999983421
-4.63927731258251e-272 1.07638923049695e-272 -1.05982318738791e-272 -3.2717585014813e-275 7.0028009685652e-273 -4.01277899766157e-273 -6.89282161484874e-275 -1.95739419555205e-273 3.00789219269306e-273 -2.26207223220354e-273 0.867504193650713 1.00000000001396
-6.54075756007879e-272 1.78621349783425e-272 -1.68886797436164e-272 -3.60625426342664e-274 1.10160309896967e-272 -7.32204799939623e-273 8.72170294724236e-275 -4.99273188229038e-273 6.00575499035909e-273 -3.4340726039645e-273 0.87200061362866 1.00000000004149
-2.0524456071797e-270 3.54485270392607e-271 -4.46134209591868e-271 1.19616682629082e-272 3.54954999605122e-271 -2.93309070227523e-271 5.49912021417554e-272 -1.7772588163086e-271 1.52564079794013e-271 -1.51932388351062e-271 -11.1225100670245 0.999999999983287
-5.14233131178157e-269 2.32692839847287e-270 -1.18162853437903e-269 1.15708472997811e-270 9.68934096328161e-270 -8.6574303578523e-270 1.0319498997398e-270 -5.05233436316136e-270 3.48708657625422e-270 -6.99348171895497e-270 -10.9995242339205 0.999999999983123
-3.66832782495975e-272 6.57881403064038e-273 -8.60752111418137e-273 -4.55902187464036e-274 5.84148728591009e-273 -2.62361709235329e-273 1.06266204790212e-273 -2.3800520453444e-273 1.51080360005495e-273 -1.34054147137889e-273 2.11847552426342 1.00000000021922
-5.08450000748996e-272 2.23142335105662e-272 -1.58352981103939e-272 -2.69333581011376e-273 8.18607404056142e-273 -6.03567866627222e-273 -1.92856181951804e-274 -1.68369475553073e-273 5.67712087252795e-273 -3.58734599389416e-273 2.04492653968764 0.999999999931503
-4.70877581496533e-272 1.10168847912344e-272 -1.02930100442702e-272 -6.75846319132211e-274 7.14951818161476e-273 -4.41131945270165e-273 8.37789743559039e-274 -2.58276286217488e-273 2.92299603301277e-273 -2.05069412913001e-273 0.731069203500885 0.999999999934094
-6.37545219359926e-272 1.04008717230314e-272 -1.64696846874448e-272 -3.57650766616339e-274 1.12975828857829e-272 -4.5147710697153e-273 9.6869033129853e-274 -4.98383522255931e-273 9.93316848458134e-274 -1.3759794789104e-273 0.844802067381191 0.999999999963453
-2.68109538588465e-272 3.4671881857048e-273 -4.7674156162727e-273 1.12976562572151e-273 3.1552996671152e-273 -4.48409159221576e-273 2.33683415719719e-273 -2.03970577977041e-273 1.01964410285544e-273 -2.57417138479038e-273 2.93760554477794 1.0000000003391
-2.39309852385589e-272 3.60714523539855e-273 -6.32838729577282e-273 -4.30011886827534e-274 2.95932383582393e-273 -2.00935364881515e-273 1.2231215182026e-273 -1.39386692965136e-273 2.13907079108094e-274 -9.42690279672674e-274 2.58727894870822 1.00000000048498
-8.23952197028257e-270 1.09508567837247e-270 -1.70076333168901e-270 9.80338471982079e-272 1.50927789483476e-270 -1.1958341003881e-270 1.43005721688383e-271 -7.22026247939463e-271 6.35952798797789e-271 -6.19400093426991e-271 -11.0461176942316 0.999999999983311
-8.66958962299863e-271 1.74026976796253e-271 -1.97029277640127e-271 2.7114195658132e-273 1.47861550672809e-271 -1.22170048000015e-271 2.252994066243e-272 -7.0929081235678e-272 6.42770837727313e-272 -6.00468600649152e-272 -11.0910680334463 0.999999999983372
-3.16917464504504e-272 3.07667446989494e-273 -6.67396842776278e-273 7.24135943645568e-274 4.63447793812241e-273 -2.2133956712724e-273 9.33871194127948e-274 -1.82436066688431e-273 1.74600811151101e-274 -1.48658938912008e-273 2.10165773611865 0.999999999529719
-1.23946184763748e-270 2.35739905018734e-271 -2.84098174958442e-271 5.18127541412555e-273 2.01686507395538e-271 -1.73103147906813e-271 3.81583148724139e-272 -1.04759633019262e-271 8.47206798090128e-272 -9.4299051962395e-272 -11.1072285785091 0.999999999983301
-6.31136587052906e-272 1.65726827490927e-272 -1.52716077085028e-272 -1.23936388405559e-273 1.13841887814383e-272 -5.26061489698427e-273 7.08719884512194e-274 -3.11296459919238e-273 3.14766060030016e-273 -2.22170863691447e-273 0.924330381563643 0.999999999792584
-3.23857757094662e-270 5.69616288180068e-271 -6.97115116315109e-271 2.99679568349682e-272 6.60338308935735e-271 -4.17786263129878e-271 5.76710224548335e-272 -3.44459250589007e-271 2.78083157131892e-271 -1.99485252620183e-271 -11.0539258715883 0.999999999983152
-2.0888228738193e-269 4.63116135543284e-270 -3.92174185485016e-270 5.20644860851023e-271 3.34241445861723e-270 -3.21760656809332e-270 6.90324376120647e-271 -1.84854266554793e-270 1.18740862228032e-270 -1.19078670596814e-270 -11.0242673676023 0.999999999983513
-6.29151066347217e-272 1.72795917892346e-272 -1.53557193464604e-272 -1.08692419768993e-273 1.07389577870174e-272 -6.34458856181443e-273 1.41504273833774e-273 -3.86339975823126e-273 3.53313546607013e-273 -2.90590296097229e-273 0.83158557228919 0.999999999918332
-5.13319026449618e-270 8.45919181626066e-271 -1.13285208613571e-270 2.08955857415695e-272 9.1339306689226e-271 -7.91438485264185e-271 1.06899474028718e-271 -4.30111786221847e-271 3.78544697079007e-271 -4.05848455158293e-271 -11.0709781458573 0.999999999983289
-5.7779851986333e-272 2.08108566102374e-272 -1.41548801364569e-272 -9.21951033627355e-274 8.23288451349108e-273 -6.23077509479309e-273 8.15710283668062e-274 -2.24941806292608e-273 5.55297040259721e-273 -3.75195133553475e-273 1.62959093393317 0.999999999908387
-3.23985864450174e-269 4.99676443231757e-270 -6.87825049450089e-270 1.06548752788923e-270 6.01340367969448e-270 -4.41005610062661e-270 1.04481405756105e-270 -3.15474780072479e-270 2.87330668595209e-270 -2.31069879818132e-270 -11.0323474889986 0.999999999983768
-3.40314043678929e-272 3.83859080816706e-273 -7.78920893149262e-273 -5.11279120353424e-274 4.50104382673846e-273 -2.5558150248466e-273 1.55494981866722e-273 -2.03221799664573e-273 1.60786961374093e-274 -1.50845157587516e-273 2.20682908533088 0.999999999387153
-3.9089883584119e-272 5.58858353771879e-273 -9.00648047889273e-273 5.85725630102002e-274 5.73818601714017e-273 -3.64133228094428e-273 1.41404298740458e-273 -2.6954205692712e-273 1.53486543490508e-273 -1.82510420557601e-273 0.815972147219918 0.99999999978176
-8.49463881607096e-271 1.81536057248752e-271 -1.96535395758747e-271 1.52512802868571e-273 1.29937256846999e-271 -1.13690753951913e-271 3.11556003713332e-272 -6.75834795598698e-272 5.70767563139246e-272 -6.30990273177859e-272 -11.1423464391964 0.999999999983166
-6.16809206659869e-272 2.1284028162705e-272 -1.57107017077331e-272 -2.81564709857742e-273 6.37985299157741e-273 -6.71015562681724e-273 1.74923350745521e-273 -1.76151125665973e-273 5.98334194452966e-273 -5.70391117107754e-273 1.59794088423288 0.99999999975085
-2.27217589264183e-272 3.12021619221227e-273 -5.1340589423577e-273 -6.58261566281757e-274 3.66119213541506e-273 -2.19803712813987e-273 9.87852579539912e-274 -1.83563460399984e-273 3.10644869243904e-274 -5.01333852905587e-274 2.0773705482826 1.00000000031531
-6.89320057654621e-270 8.73017934043756e-271 -1.26666715618216e-270 7.38564135748019e-272 1.24783688963659e-270 -9.976473471266e-271 1.8604785505197e-271 -6.27616260353795e-271 5.33350766572398e-271 -4.48110295900771e-271 -11.0943913933653 0.99999999998293
-7.30233712218777e-270 1.59991277757825e-270 -1.71007687241789e-270 2.58525233978561e-271 1.52745167628614e-270 -5.93922438192147e-271 2.7071085787484e-271 -3.72171796453383e-271 7.35038766123763e-272 -1.47064073513732e-270 -11.0031909989163 0.999999999983243
-1.8934513255385e-272 6.20959519192789e-273 -5.58942873632958e-273 -2.18767328538526e-274 4.33365712547723e-273 -2.12604493801415e-273 -4.13558727039733e-274 -2.12962671536772e-273 1.17475830657619e-273 -6.1203837807928e-274 2.45057977746239 1.00000000046272
-5.26774917368492e-272 9.72248017850542e-273 -1.12187820913386e-272 6.17411768129497e-274 1.01275612259808e-272 -6.23335060011753e-273 4.94481058947157e-274 -5.12473541596188e-273 2.85422736095893e-273 -2.15927534259628e-273 1.73794211164568 0.999999999352711
-3.74205887775167e-272 1.09915198100098e-272 -8.17779313871488e-273 9.95678539925917e-274 6.87116366005896e-273 -3.97205968042888e-273 -1.5497289132578e-274 -2.04975542661738e-273 3.17608511703122e-273 -1.73586021773467e-273 3.33629288312563 1.00000000006287
-7.36081470668632e-272 2.73795204954291e-272 -2.13433989499088e-272 -2.49847606953885e-273 1.23543869911319e-272 -7.71744702727889e-273 4.80805877016615e-274 -3.64720682574493e-273 5.65634808694654e-273 -4.1568328245128e-273 0.882448965583835 0.999999999995674
-6.1237683848386e-272 2.10823482860417e-272 -1.45872330121508e-272 -1.03499187566364e-273 7.68803764457116e-273 -6.22330437027569e-273 2.59053186885556e-273 -1.52702799842803e-273 4.38227930631353e-273 -4.25017016695592e-273 0.943256324218494 0.999999999997272
-1.43561912499518e-270 2.70695979606279e-271 -3.25860632384197e-271 8.17204837899322e-273 2.35639652085375e-271 -2.03874995943936e-271 3.90498848391223e-272 -1.2033321967459e-271 1.11104798288771e-271 -1.06340877747395e-271 -11.0731108687573 0.999999999983532
-5.1573199679418e-272 1.41097800467639e-272 -1.00143441957581e-272 4.09768938683331e-274 6.78012140865266e-273 -4.1549628156644e-273 1.47777453904659e-273 -2.32480315651891e-273 4.23091139606545e-273 -2.10168656166455e-273 1.75638193744019 0.999999999640313
-6.25731675115645e-272 1.89904943508681e-272 -1.28551197054223e-272 -4.7361725995649e-274 8.62083095234136e-273 -7.31720012130297e-273 1.36593356466036e-273 -2.63183860773876e-273 6.09117102972305e-273 -3.82801707564111e-273 0.984532785448437 1.00000000000786
-4.12645023812207e-272 1.07564817030581e-272 -1.19226180582269e-272 -4.42815336581493e-276 9.08116937905013e-273 -4.59054049622285e-273 -1.46855891952988e-273 -4.35020378676808e-273 2.29349629856477e-273 -1.48819473499636e-273 2.31207447664919 1.0000000001963
-4.29274694613185e-272 8.3813763325745e-273 -9.31996452092682e-273 2.20954488239128e-274 6.16371765541894e-273 -3.52883750291848e-273 6.93599659712822e-274 -2.34123835798504e-273 2.65422403121646e-273 -1.80351229269687e-273 0.712587465118399 1.00000000001568
-1.16354979323068e-269 1.53662678867097e-270 -2.23010778257482e-270 3.03053551048921e-271 2.17660053480983e-270 -1.10884780902621e-270 2.93053152016577e-271 -1.14474346491374e-270 9.86980998273874e-271 -3.97129681358226e-271 -11.0162213710695 0.999999999983609
-7.2619137508626e-272 1.7929065742283e-272 -1.85641619095641e-272 3.99729230005823e-274 1.10691473318785e-272 -7.0397175303278e-273 -3.34303979605549e-274 -3.90519938140785e-273 4.58404189339858e-273 -3.86187686288107e-273 0.859924665005429 0.999999999607207
-6.71160127282939e-272 2.34754892335341e-272 -1.82585768003857e-272 -2.61346041239633e-273 1.02623025905378e-272 -7.14371682197533e-273 4.19911542687367e-274 -2.97187728340789e-273 5.4756514345249e-273 -4.37843187335215e-273 1.65352286678298 0.999999999988988
-5.88860599751202e-272 1.38322054780003e-272 -1.35075466677367e-272 8.88060554557097e-274 8.51008141452457e-273 -5.50386177965829e-273 1.63068144024636e-273 -4.04140977088047e-273 3.40420324956983e-273 -2.72965421119058e-273 0.953919434083198 0.99999999988546
-5.49391304834599e-272 2.2966295136727e-272 -1.40766661863944e-272 -1.59096536945731e-273 4.19721595618819e-273 -6.53937696892672e-273 1.03344833340899e-273 -2.80017817661414e-274 6.49963097703393e-273 -5.37143627105321e-273 2.43246765511311 1.00000000003201
