-5.03966237953273e-71 1.2134427535958e-71 -1.20165315272487e-71 1.00678431878373e-71 1.49897955232682e-71 -1.40015744629167e-71 4.77177271380369e-73 -7.88817239961319e-72 2.76921826643429e-72 -7.4950819193281e-72 -4.09341802143045 0.99999999994553
-1.79265766111515e-72 1.22347744392653e-73 -3.17758851255677e-73 1.04490195525011e-73 3.08947325155556e-73 -1.840533439245e-73 1.08670469934475e-73 -2.13604756522645e-73 1.33313561901222e-73 1.06728447793005e-74 1.79433529973565 0.999999999888754
-1.60086351010477e-72 1.33698497916743e-73 -3.41340438260856e-73 1.51178996588513e-73 3.13986555626948e-73 -1.97863662546078e-73 8.87009150756583e-74 -1.35935913134974e-73 1.0730898406999e-73 -5.14381187034653e-74 1.84261629609245 0.999999999835948
-2.40142816952979e-72 3.4425220336787e-73 -5.27885429627785e-73 4.79140225665701e-74 3.81464473056688e-73 -2.82032811978373e-73 1.18440422516767e-73 -2.23734108951436e-73 1.75376256088361e-73 -2.12977305005113e-74 1.78465707401842 0.999999999814238
-8.37729113432042e-71 1.7298609577891e-71 -1.28325806508442e-71 6.09441040389864e-73 1.90017086068803e-71 -7.44929683980941e-72 1.9143415543544e-72 -6.43931557689425e-72 7.18572246779162e-72 -1.17407309000885e-72 -4.09607725225226 0.999999999945358
-1.2616709336964e-72 7.24866031423803e-74 -2.89218597979219e-73 8.04767236744703e-74 1.62824327413404e-73 -1.98803947233114e-73 1.12678449370321e-73 -1.66550773593702e-73 4.09079043857236e-74 -4.74453917782373e-74 2.64215782182673 0.999999999953402
-5.69617920211962e-71 -2.85024720437715e-72 -1.5351268456049e-71 1.68840504092121e-72 1.57185079852208e-71 -7.33466395667955e-72 1.96312210497322e-72 -6.87957719886783e-72 6.29891843636361e-72 -2.96565202798909e-72 -4.09572275843874 0.999999999945424
-6.84170462628877e-71 7.28988405136688e-72 -1.03019496526504e-71 2.51212250253368e-72 1.40818583517826e-71 -7.45600752030675e-72 1.08177714185229e-72 -8.95882909188054e-72 6.32368072857001e-72 -7.33921054812031e-73 -4.10408720888566 0.999999999945601
-1.59083292965803e-72 1.22114785211501e-73 -2.33447721808264e-73 1.36738740973746e-73 2.87633996164279e-73 -1.42702506977092e-73 1.16523823683789e-73 -1.7279776646079e-73 1.74728299806548e-73 3.94811496937624e-74 2.58912802150585 0.999999999734511
-1.36228879044609e-72 -1.17359521714235e-72 -4.6654937693012e-72 -7.37997120359794e-73 3.75485567341384e-72 -3.70439506988504e-72 7.19849119618217e-72 -1.27636532328352e-72 -4.57675687668137e-72 -2.53923994398088e-74 -4.08669781297891 0.999999999945446
-1.50332341530683e-72 3.18623517250629e-73 -3.07260674737439e-73 -3.62695907048214e-74 2.54337457091838e-73 -1.76966071428145e-73 4.85622138228245e-74 -1.66609520050182e-73 6.74501077258559e-74 -5.78609683727358e-74 2.62359764319166 1.00000000005016
-1.63860016115856e-72 1.91840280853047e-73 -2.96997520839063e-73 1.11276921051131e-73 2.80482707168125e-73 -1.8179564881334e-73 8.7664230082952e-74 -1.76712577692178e-73 1.54928820069802e-73 -3.76685385175327e-74 1.79600856191576 0.999999999964678
-2.15186609369057e-72 2.52388730094234e-73 -3.84905687544907e-73 1.13165708443949e-73 4.29342922013088e-73 -2.05046986013331e-73 1.03667154721559e-73 -1.89181086355844e-73 1.73603927443732e-73 -8.16731580576442e-74 1.81638035192787 1.00000000007822
-2.85298757140207e-71 2.80741355448953e-72 -1.81672957739164e-71 3.15339919381186e-72 1.08026744488197e-71 -4.33175851194261e-72 1.79650662514225e-72 -3.51722854302229e-72 3.73168920616594e-72 -2.58995758838328e-72 -4.08994729776578 0.999999999945803
-2.30626145039081e-72 3.05407423925157e-73 -4.79644258593808e-73 -3.38580028290243e-74 4.13355473127056e-73 -9.95843787196448e-74 1.03506960243659e-73 -2.35780567422491e-73 1.53826159352718e-73 -2.86811385258221e-74 4.00321607244148 1.00000000022584
-1.59965676005677e-72 1.85286851026777e-73 -1.80515066502601e-73 6.00507414348853e-74 2.86252191948373e-73 -1.28269857068672e-73 9.88823836674792e-74 -1.41038579854573e-73 1.52324329436771e-73 -8.66102292129303e-74 2.84730325910782 1.00000000014621
-4.12827479876346e-71 1.60948540829884e-71 -3.23513837610083e-71 5.58492592343722e-72 1.57035886548269e-71 -1.27343059617125e-71 -2.33497237933201e-71 1.33248257011149e-71 -2.95799718792741e-72 7.25056368293317e-72 -4.05698323647721 0.999999999945596
-4.80289349874743e-71 -2.50209258524895e-72 -6.42508233091979e-72 3.69478831284108e-72 1.04832045825385e-71 -3.92368999736586e-72 6.08889868848072e-72 -1.73595791477613e-72 8.08056657207964e-72 -5.03472616188968e-73 -4.11676995907158 0.999999999946219
-7.59919689263653e-71 1.53401953698801e-71 -1.95906935710227e-71 1.31011923815788e-72 3.04520286315514e-71 -1.44608250721445e-71 1.59201148571733e-71 -6.00094623669205e-72 1.10743247623686e-71 -6.8257335728543e-72 -4.08580377871594 0.999999999944434
-2.53496400211008e-71 1.06145977385473e-71 -5.74747558229313e-72 -1.03751302900462e-71 8.68462994151763e-72 1.57343221360066e-72 5.42422989177291e-72 -2.85518016740022e-72 1.69522020452227e-72 -1.56585156317964e-72 -4.07897676769609 0.999999999946085
-1.39776855703404e-72 3.32058299794516e-74 -8.45155498852978e-74 2.57266217893114e-74 2.98636284061384e-73 -1.04699207727234e-73 6.56734232761299e-74 -1.75554330314883e-73 1.53243343868026e-73 -1.25019090020604e-74 2.60861934423651 0.999999999800191
-5.51409069933777e-71 9.98887632384346e-72 -1.3755143805767e-71 1.02337229165896e-72 5.53745827901164e-72 -1.16206766480854e-72 2.63527924206533e-72 -1.00629883551561e-71 2.11488804132647e-72 -3.25661868470809e-72 -4.09798781286823 0.999999999945696
-1.80225367225855e-72 3.95218958745824e-73 -4.6933394365638e-73 -1.13657955072212e-73 2.86890779276306e-73 -1.93078446450999e-73 2.2738302116344e-74 -1.17794121670542e-73 3.89124781574558e-74 -1.11245733280591e-73 3.63363472427194 0.999999999706405
-6.57435159027097e-71 9.65541467557169e-72 -1.37297463345233e-71 1.43272360242314e-72 1.11346843823856e-71 -7.52322758718282e-72 3.13221389379524e-72 -6.91077874470403e-72 8.19728390800832e-73 -3.58611727693968e-72 -4.07447940310643 0.999999999945526
-1.41347328529826e-72 1.79912242759407e-73 -2.59277127567964e-73 1.2860071204358e-73 3.38456481915405e-73 -1.15130617051174e-73 2.59992058753199e-74 -1.4295058171048e-73 1.30464744181583e-73 -3.9013038356902e-75 1.90299839619213 0.999999999950843
-1.2836984050415e-72 1.34627768426363e-73 -2.43378532415407e-73 7.06299773073857e-74 2.86615654769247e-73 -1.19530151426028e-73 2.21344108292187e-74 -1.05277180308415e-73 8.45157797062862e-74 -3.63116921647806e-74 1.84938063898961 0.999999999787601
-1.24597241487617e-70 1.92258850592833e-71 -3.04563540566138e-71 1.76743886535776e-71 2.82318581435873e-71 -1.56320276997358e-71 3.63278798752638e-72 -1.85091803962896e-71 9.54921250191529e-72 -4.41862048228266e-72 -4.09803800186734 0.999999999945809
-1.21287433443827e-71 1.04453430491454e-72 -2.20569996726591e-72 4.29534261282269e-73 2.14476847945998e-72 -1.22931285623174e-72 4.60795341760888e-73 -1.39217716996572e-72 9.38416212369513e-73 -3.85118663076797e-73 -4.11236878136281 0.999999999946283
-1.3879036484607e-72 1.85831423979196e-73 -2.68910949577166e-73 1.08031545914669e-73 3.23368566889485e-73 -1.58368415121408e-73 6.16221326550162e-74 -1.1508796921492e-73 3.95369851251377e-74 -7.45515925979804e-74 2.70088291306246 0.999999999820822
-3.06983756780897e-71 2.41819824973494e-72 -6.90925372242334e-72 1.91812293084233e-72 6.72520353278281e-72 -2.58467396310648e-72 7.49648556033275e-73 -3.44291978037463e-72 2.19529547679717e-72 -3.84942743361911e-73 -4.11130975970995 0.999999999946158
-2.4595274256917e-71 2.06363342593707e-72 -4.71940031012783e-72 2.35019941511347e-72 5.35330085214486e-72 -1.25281063107102e-72 8.65955229502203e-73 -2.99097159515783e-72 9.05769275557089e-73 -7.19334442104217e-74 -4.10883562713147 0.999999999945735
-1.06788850774635e-72 1.12727975740004e-75 -2.31656464018257e-73 4.1208765531767e-74 1.81164186311122e-73 -5.28984007384288e-74 4.33160903618229e-74 -1.43397135980632e-73 8.30821087924322e-74 5.46175188217519e-74 2.89259889747605 0.99999999960304
-1.74077599101061e-72 8.84368003909627e-74 -2.76431281241166e-73 6.57552830252672e-74 1.45384564612531e-73 -1.96916606088638e-73 1.91743663878196e-73 -2.4247033962323e-73 5.17852293490471e-74 -1.17271017576629e-73 3.31464991424818 0.999999999272257
-1.33009369291616e-72 1.37830837045897e-73 -2.63812781246864e-73 7.78634807573995e-74 2.55480354522326e-73 -1.38836222149022e-73 5.15551500153562e-74 -1.29506192056825e-73 9.71681540595005e-74 -1.55075974296741e-74 1.76205470187339 0.999999999901398
-4.57943228623529e-71 -3.96693789182618e-72 -6.44492537840168e-72 2.50212325110502e-72 8.71239149961657e-72 -5.0043736583609e-72 5.29205975702944e-73 -6.32222118212629e-72 3.90387118770975e-72 -5.72166052311725e-73 -4.09070677528463 0.999999999946244
-1.86971928971242e-72 3.73561012037412e-73 -4.32709503884964e-73 1.64259222904341e-74 3.99504980801959e-73 -2.27014198153412e-73 3.67355983471802e-74 -1.36541342313199e-73 1.01302963364347e-73 -1.23446900279482e-73 1.81177269986226 0.999999999854952
-1.63352056400439e-72 2.40443436688592e-73 -3.88504476123561e-73 1.52320261244679e-73 4.50582714938622e-73 -1.85032269261559e-73 1.87781707946434e-74 -9.62400244222194e-74 6.0942711765666e-74 -8.21985243108348e-74 3.020208524703 0.999999999661799
-1.39733113806921e-70 8.87118574484407e-72 -2.02271438274884e-71 1.13450757925057e-71 2.38155152099604e-71 -9.23460085731947e-72 6.71532793223741e-72 -1.62324154858591e-71 7.98645636861811e-73 -3.63161531680168e-72 -4.04394550571643 0.999999999945938
-1.67514097719314e-72 3.20238016930041e-73 -3.8574679295962e-73 3.75264480899446e-74 2.88827810335043e-73 -2.15723288031555e-73 5.04762727112733e-74 -1.21642478504156e-73 7.92256979073575e-74 -1.13406513089314e-73 2.7594022206877 0.999999999834029
7.99582753690226e-71 -2.64958367615678e-71 -2.49283043025866e-71 2.39501855914633e-71 6.22139134237588e-73 -2.6455024832802e-72 1.15356029416611e-71 -2.23585775021344e-71 5.91648947329339e-72 -1.67981803541221e-71 -4.04753651362849 0.999999999945252
-1.85756352083125e-71 6.43959188004827e-72 -3.99921774457896e-72 1.86418957388533e-72 4.31952066581328e-72 -2.61290882861432e-72 3.96452733416079e-73 -1.2224947284051e-72 8.18633299265913e-73 -1.79459385938124e-72 -4.10226037706009 0.999999999944491
-1.41940756081007e-71 1.66116054972933e-72 -2.56572366470142e-72 5.87838840862363e-73 3.00196906678769e-72 -1.14819142572053e-72 9.53250005292096e-73 -1.78899868686012e-72 3.78465938432473e-73 -1.01507414973581e-73 -4.11515861956836 0.9999999999454
-5.42683506283794e-71 5.27336285650171e-72 -4.21792326966216e-72 8.64927435143839e-72 1.3598304140045e-71 -7.69718405473471e-72 1.90517345315144e-72 -9.21769277205771e-72 8.16599431547652e-72 -1.05455138387163e-72 -4.10214716600663 0.999999999945286
-2.10657657827044e-72 5.81488733355679e-74 -3.30243742040719e-73 7.21655919266351e-74 3.80339503271309e-73 -1.87106598993198e-73 1.42866501758158e-73 -2.35139559347162e-73 1.86611034508347e-73 -2.93035207505647e-74 1.74654009583017 0.999999999785758
-1.82277559389974e-72 2.53474338301331e-73 -2.80479942529597e-73 8.04724781214818e-74 3.1621494415414e-73 -2.15746260189255e-73 6.74639153835999e-74 -1.6721054804612e-73 1.57540413550053e-73 -9.29925156807939e-74 2.59852753087046 0.999999999754854
-2.35206021960619e-72 2.07657691798767e-73 -1.08394943211988e-73 7.96163222873279e-74 1.95463068325855e-73 -1.11985142727338e-73 3.00772749994667e-73 -3.57143198219787e-73 2.43250567750406e-73 3.99865423737598e-74 4.29450795137048 1.00000000038108
-1.46887388696428e-72 1.01633337899518e-73 -2.54034071163104e-73 3.95997902100465e-74 3.12347020108728e-73 -1.36265142594961e-73 2.76405334809827e-74 -1.63969601482106e-73 1.09911421874947e-73 1.42318490530306e-74 2.56876468633763 0.999999999601298
-8.87734179168063e-73 -1.059602085278e-74 -1.24503086395069e-73 6.57323617725169e-74 9.35610252780412e-74 -1.49039717089507e-73 1.17841876683653e-73 -1.29560269308423e-73 1.05370775058194e-73 9.49273046361509e-74 3.8655375115879 1.00000000034467
-2.022207401396e-72 4.50949106212233e-73 -5.77645830191648e-73 -7.1041548317677e-74 3.13188731675507e-73 -2.60617374570323e-73 1.19521100634011e-73 -1.62449297557609e-73 1.66261840655917e-73 -1.72759492035869e-73 3.82712823795106 0.999999999667359
-1.62341460897275e-72 1.40634206135715e-73 -2.9870018725806e-73 7.8977248864685e-74 3.00663753938079e-73 -1.90159828910529e-73 8.22309061989777e-74 -1.76987926153824e-73 1.10047950068647e-73 -1.77686258223208e-75 1.85952182444607 0.999999999889011
-2.76375937278217e-71 2.33407897428893e-72 -2.24830261487621e-72 2.50051772877098e-72 8.81785617971144e-72 -3.23571443095104e-72 1.4074357416706e-72 -4.1873985320139e-72 2.53341548802945e-72 -1.90521071875318e-72 -4.12166489288535 0.999999999946661
-1.72498817508761e-72 5.33634307065411e-74 -2.03776275153935e-73 6.2814450947224e-74 3.37648879617859e-73 -1.41467347301762e-73 1.36238834457963e-73 -1.71943732774121e-73 1.81980325105396e-73 -4.57264169321076e-74 1.84112241934409 0.999999999934684
-1.62743756363949e-72 1.36117430732716e-73 -2.52790401979811e-73 9.318833737592e-74 3.27305122594913e-73 -1.74089291724847e-73 9.58321783589124e-74 -1.3791327957507e-73 1.61291774378817e-73 -8.58031170528692e-74 1.74182723894448 0.999999999801972
-3.01485692269987e-71 1.46898657263619e-71 -1.04112189260931e-71 2.98080853140165e-72 7.14256594766898e-72 -7.07218550869241e-72 1.08044363798786e-72 -6.16181204822919e-72 3.39875802722625e-72 -1.43121614271601e-72 -4.09288962589298 0.999999999946004
-1.50340934996912e-70 2.01541033212402e-71 -2.36495165582395e-71 8.77211520090319e-72 3.27581238127209e-71 -1.65917338927966e-71 4.32485859564178e-72 -1.7911563233273e-71 1.43820273434315e-71 -2.32549508633938e-72 -4.11804849062955 0.999999999944508
-3.68624363975022e-71 1.28159631599787e-71 -1.52334001198957e-71 -3.63459301090999e-72 1.54516750224295e-71 -2.88772372641147e-72 1.2140092311536e-73 -1.57357938833158e-72 -4.77694626365376e-73 -1.47087808156266e-72 -4.08733749129942 0.99999999994614
-7.11208591127962e-71 3.61432002826571e-71 -6.70119411833883e-72 -1.04528731699968e-72 2.11599533219111e-71 -3.63285914513121e-72 4.21846304154457e-72 -8.89619289814769e-72 7.57558276501897e-72 -3.32840164573871e-72 -4.0631822401697 0.999999999945747
-1.57995197816298e-72 3.47833753548927e-74 -1.66744977594715e-73 7.62079048447804e-74 2.57544992528555e-73 -1.78602538742034e-73 1.12833195556333e-73 -1.93367228277276e-73 1.27939532882029e-73 -6.34793176318692e-74 1.85881314400902 0.999999999897132
-1.3578883340524e-72 1.16895194726378e-73 -2.56977241920051e-73 3.33813998126329e-74 1.64048863801362e-73 -1.4561772776471e-73 8.62206210634613e-74 -1.260814922803e-73 7.1516648077562e-74 -2.86195532648587e-74 1.81820943388652 0.999999999941155
-1.70620957088773e-71 1.71226721572115e-72 -2.91243483744379e-72 5.71878720137263e-73 3.19151550832205e-72 -1.65738385807684e-72 5.31221294424781e-73 -1.91157310369004e-72 1.55319088276487e-72 -2.96289673326967e-73 -4.17336349286379 0.99999999994612
-4.68307292312472e-71 -1.42694060021585e-71 -1.66803761519411e-71 5.63757085556543e-72 1.03678301279502e-71 -9.73664405292678e-72 2.1910958933518e-72 -6.48712049495276e-72 1.63412282929676e-72 -1.63511408533531e-71 -4.08167166175426 0.999999999944891
-1.27476802375077e-72 9.33654115545421e-74 -1.85205809416298e-73 7.89483454597143e-74 2.30406360705739e-73 -1.41134629062623e-73 1.17554734301654e-73 -1.65207971675034e-73 1.49603478467875e-73 -2.5379931426086e-74 3.12467216634069 1.00000000006414
-8.86421258161775e-73 2.19271220930487e-73 -2.04662208832627e-73 5.45065283111023e-74 1.76673623199198e-73 -9.59899741569493e-74 4.62838040514804e-74 -4.47548152495118e-74 9.27799206549976e-74 -3.77240159460858e-74 3.24663086235071 1.00000000004711
-1.43895957926973e-72 1.40947308682991e-73 -2.53782645828244e-73 1.79618373967883e-74 2.27724209911739e-73 -1.79638597382398e-73 9.17002843403376e-74 -1.40320440299556e-73 1.07426909785506e-73 -8.59343968119356e-74 1.91442958187445 0.999999999780123
-1.988639773809e-72 1.3190269350446e-73 -3.94859693808288e-73 1.41441847141929e-73 3.14202463452982e-73 -2.45024485678701e-73 1.3920068828611e-73 -2.15069113238171e-73 1.3469084721933e-73 -8.45408666876642e-74 1.84501738869404 0.999999999804019
-2.17802960699215e-72 2.12546967266221e-73 -3.6803291036089e-73 3.08639115425344e-73 6.06828347257086e-73 -2.87629989580707e-73 1.31301470585181e-73 -1.68242200032376e-73 1.63752475036937e-73 -1.17936789439449e-73 4.0741346446072 1.00000000008437
-1.72987540459171e-72 1.47117140678043e-73 -4.30711879132098e-73 -3.43041877203464e-76 2.77806446255135e-73 -1.57360925891206e-73 8.66987223225035e-75 -8.39261317446728e-74 -1.08053050983054e-75 -6.98957714658421e-74 3.63080023060445 0.999999999964086
-6.04550293399384e-71 4.14448926981399e-72 -1.19399522505269e-71 3.88737675181209e-72 1.341556645351e-71 -5.74611111039211e-72 7.87924301169426e-73 -5.76180541458122e-72 6.2084951512226e-72 -1.99658536457755e-72 -4.09967782163464 0.999999999945221
-3.58400477128172e-71 2.81998812308809e-72 -8.03077804480798e-72 2.62680169833016e-72 7.15187916112027e-72 -5.18711957638979e-72 1.72861225418062e-72 -4.75883076156384e-72 2.42354960363208e-72 1.21714902707271e-72 -4.10828245138394 0.999999999946255
-1.54979358804068e-72 1.26706147614065e-73 -1.92059385142551e-73 7.09664336580493e-74 3.33804461024215e-73 -1.65806294776028e-73 3.44888648504493e-74 -1.45216909780428e-73 8.50141512642086e-74 -5.15609106152117e-74 3.31502252778373 1.00000000008028
-6.81602608495773e-71 4.22074622151541e-72 -1.54143107573474e-71 3.20234066433225e-72 1.15940882961121e-71 -7.30226715176297e-72 8.02079115550949e-73 -8.39055783919706e-72 5.78460840733191e-72 -1.71664834686614e-72 -4.10546232364004 0.999999999945674
-1.69749090294885e-72 2.27299623823983e-73 -2.62078835657689e-73 6.67840061010463e-74 3.24617900236248e-73 -1.95793891947252e-73 6.15039294973922e-74 -1.18917927472008e-73 1.65652552963331e-73 -5.15773954487716e-74 1.84604485022714 0.9999999998665
-3.44149494233431e-71 8.29530955540966e-72 -8.12160187204163e-72 2.20376032712362e-72 1.07389219712813e-71 -2.61915104816873e-72 6.86438307491834e-74 -5.87961074616732e-72 4.77134262020625e-72 -2.49391205644677e-73 -4.11178172858543 0.999999999945453
-2.58517645731258e-71 1.64083995796534e-71 -3.98876556319245e-72 2.39330575245207e-72 1.75213885770545e-72 -5.328857333729e-72 1.86409416970218e-72 -2.05798363953079e-72 -1.05877429399778e-72 -1.84945671682626e-73 -4.09948025719689 0.999999999945912
-1.60775673492338e-72 2.36296350111162e-73 -3.59865379471459e-73 1.26474740407795e-73 3.86454203452999e-73 -1.76973877206804e-73 3.69161771683566e-74 -1.62929659348279e-73 1.49457176931299e-73 -9.93079521259356e-75 1.8636348891936 0.999999999995249
-5.35021466854199e-71 1.06772806230101e-71 -1.71030418913166e-71 3.8005056110747e-72 1.46339817971899e-71 -1.05353454310244e-71 8.71589312547175e-73 -6.09562171507625e-72 7.22629239682891e-72 -7.54638551734156e-73 -4.10482456023071 0.999999999945152
-2.12691050234227e-72 3.92030690412549e-73 -5.90580513991021e-73 -2.05947817790716e-74 4.01227170550296e-73 -2.41938954416081e-73 4.35944522727424e-74 -1.80946972661708e-73 1.76569315312975e-73 -2.44496710930048e-74 2.57241394118305 0.999999999920413
-4.41665532925708e-71 7.97189992131061e-72 -1.04797170357211e-71 5.23329800323991e-72 8.84826658133241e-72 -4.32053267267256e-72 3.08785768187095e-72 -5.15792232629553e-72 5.54392703984614e-72 -2.40171475864188e-72 -4.11297945206722 0.999999999945607
-9.43691144084291e-73 5.1599164025197e-74 -1.14866187248729e-73 7.00140415577442e-74 2.10619897291137e-73 -9.8176765508703e-74 2.86118714666503e-74 -8.0109209467178e-74 4.72979372646006e-74 -5.43955655661937e-74 3.04186992068666 0.999999999811506
-1.49014907650064e-72 1.78634764765902e-73 -2.52588465144779e-73 9.6698723263463e-74 3.32583643975762e-73 -1.69462754186781e-73 6.57776198031614e-74 -1.15794718814506e-73 1.4575067325564e-73 -3.99367023904408e-74 1.78981582048411 0.999999999806364
-2.7819968775433e-71 3.83838499910252e-72 -3.87274176566059e-72 1.71227065564539e-72 5.54984384312036e-72 -2.69521180966778e-72 1.09349942500146e-72 -4.32306518665546e-72 1.15955430028877e-72 -1.09386830204498e-72 -4.11553261797516 0.999999999945466
-1.32572984137665e-72 1.9087810869654e-73 -2.95462186136072e-73 -8.08306148049873e-75 1.97341049099673e-73 -1.24510464565685e-73 4.57960754457416e-74 -1.35694761360942e-73 9.37622514589678e-74 -3.99897919532357e-74 2.81943970031273 0.999999999800519
-6.72233860681964e-73 9.58010289639974e-75 -9.82011940279288e-74 5.71982236295617e-74 1.29184201187305e-73 -7.16110433607946e-74 3.46230406716302e-74 -8.07703432143513e-74 7.51784040600412e-74 3.23854092505378e-74 3.07733359891586 1.00000000024475
-1.68151178302105e-71 2.12479937249611e-72 -2.67543409186281e-72 1.20403181529013e-72 3.77745912279121e-72 -2.12987455302132e-72 7.22575443887041e-73 -2.00192097609021e-72 1.65357501820912e-72 -8.96764609689107e-74 -4.1611525534957 0.999999999946122
-5.70924278935328e-72 1.68718083159531e-71 -8.93349321711866e-72 8.17952901281866e-72 8.67103725561876e-72 1.29681145105129e-71 2.8452381687473e-72 8.25237068221112e-72 -1.45838509142091e-71 -3.17077682455187e-71 -4.05200221260513 0.999999999944607
-1.36510062717965e-72 9.94392825680993e-74 -2.95577644333222e-73 3.18688116937606e-74 3.01131546199983e-73 -1.31975899784253e-73 3.03000150257579e-74 -8.33307334811611e-74 2.40890046887043e-74 -6.17602450052925e-74 3.57211962444844 1.00000000000214
-1.56973757951926e-72 1.22100114894442e-73 -2.79195781938472e-73 8.36251815137698e-74 2.04335991831979e-73 -1.57595341407862e-73 8.07307044611745e-74 -1.81485689215308e-73 3.96077906540595e-74 -5.98521459611001e-74 2.63295980756602 0.999999999662572
-1.92754838610606e-72 7.82801988133261e-74 -2.96551641169887e-73 4.17136297172981e-74 1.64785940461697e-73 -4.08005090345646e-73 1.52324758293271e-73 -1.90019528022848e-73 1.43079489406078e-73 2.64084876079339e-75 4.30963508925392 0.999999999579125
-2.20265060588164e-72 2.22962392293255e-73 -4.1451587027695e-73 7.09283834328834e-74 3.79905735680733e-73 -2.28266915614099e-73 1.24422197640091e-73 -2.44950238724172e-73 1.68757318517062e-73 -7.37662928873675e-74 1.8939897600505 0.999999999888738
-2.34624098480363e-72 4.16952495474127e-73 -4.09001519636752e-73 6.95557852378323e-74 3.8763706472526e-73 -2.71494660715486e-73 4.4944331115996e-74 -1.94443721457613e-73 1.91519398922872e-73 -8.13039941920053e-74 1.77592903555635 0.999999999966739
-5.26598983019224e-71 2.06818843327912e-72 -1.67565737458804e-71 5.12582683372418e-72 1.25002771411699e-71 -9.16320742047692e-72 -1.20916229985663e-72 -7.9443057420295e-72 7.69558855812629e-72 -1.23070338949123e-72 -4.08119311519215 0.999999999947038
-1.90863848910516e-72 2.48522400012391e-73 -3.64009106335951e-73 1.12799983625248e-73 3.34218773715377e-73 -2.03827586198959e-73 7.59299503946972e-74 -2.0954622022336e-73 2.17066538758969e-73 -5.83594441156432e-74 2.69325657971517 0.999999999725555
-2.07691765215938e-72 1.6425536807901e-73 -4.8046767173228e-73 9.04565182559457e-74 3.45163637959965e-73 -1.66270020165399e-73 1.43539898776808e-73 -2.27226928909731e-73 1.54828207301967e-73 5.50370423744191e-75 1.68439943383608 0.999999999851402
-1.48870631290578e-72 2.12781383099606e-73 -3.17180952542335e-73 1.17013059458914e-73 3.4306225806532e-73 -1.81329256087785e-73 8.31934880182144e-74 -1.47828438902452e-73 1.20434671220713e-73 -6.82432876682136e-74 3.10264235945006 1.00000000003433
-1.45323571087877e-72 2.3458966344416e-73 -3.70433839504778e-73 4.02473639698068e-74 2.79252169369638e-73 -1.51696530279356e-73 4.73798407464252e-74 -1.40010116267303e-73 8.10495534204285e-74 -6.08075005001991e-74 1.79515516623776 0.999999999979207
-4.31737383456871e-71 5.42721171538045e-72 -8.20219793851926e-72 1.67925431850053e-72 8.64526993991194e-72 -2.89301234353864e-72 8.51441136189906e-73 -4.50546826363466e-72 4.02382685399859e-72 -6.05696840513718e-73 -4.09597371016678 0.99999999994603
-1.65356651131707e-72 1.35425442260003e-73 -2.53773222300234e-73 5.15054699297624e-74 2.13591679431408e-73 -1.52169322147332e-73 1.27127851891263e-73 -1.97324018464292e-73 1.3312521272413e-73 -6.39446763769211e-74 1.75057868050803 0.999999999834575
-1.93274047207262e-72 1.87394238191944e-73 -4.0846526912367e-73 5.4839835086847e-74 3.74324597291095e-73 -2.01535061698e-73 1.15260337988032e-73 -1.95343436991531e-73 1.51133758654904e-73 -3.17800961053632e-74 2.73592133022511 1.00000000000973
-1.82474350354459e-72 1.02773606770536e-73 -3.0080398702275e-73 2.30564512779237e-74 2.65828637563086e-73 -2.03119960449813e-73 1.177828060814e-73 -1.98930693260978e-73 1.56580863733441e-73 -9.41207499774776e-74 1.80702272932379 0.999999999850716
-2.09904417462355e-72 1.71143422240654e-73 -3.88487163009181e-73 1.21548535458576e-74 3.11549321566024e-73 -3.52145986604663e-73 9.13277966394797e-74 -2.31172986406702e-73 1.59974590475892e-73 1.67276342443923e-73 3.52977075469993 1.00000000000942
