-2.42092166462211e-322 2.42092166462211e-322 -2.42092166462211e-322 -1.82804288961261e-322 2.42092166462211e-322 -2.37151510003798e-322 1.58101006669199e-322 -2.32210853545386e-322 2.27270197086973e-322 -2.27270197086973e-322 -14.7075757258993 0.999999999996939
-2.42092166462211e-322 2.37151510003798e-322 -2.37151510003798e-322 -1.48219693752374e-322 2.42092166462211e-322 -2.27270197086973e-322 -6.4228533959362e-323 -2.27270197086973e-322 2.12448227711736e-322 -1.97626258336499e-322 -0.526009595095468 0.99999999973177
-2.42092166462211e-322 2.32210853545386e-322 -2.37151510003798e-322 -1.77863632502849e-322 2.37151510003798e-322 -2.32210853545386e-322 -1.77863632502849e-322 -2.07507571253324e-322 2.07507571253324e-322 -2.17388884170148e-322 -0.464065692894269 0.99999999982161
-2.42092166462211e-322 2.32210853545386e-322 -2.37151510003798e-322 -1.53160350210786e-322 2.37151510003798e-322 -2.37151510003798e-322 -1.77863632502849e-322 -2.32210853545386e-322 2.17388884170148e-322 -2.02566914794911e-322 -0.427136536860452 0.999999999702634
-2.42092166462211e-322 2.42092166462211e-322 -2.42092166462211e-322 -2.12448227711736e-322 2.42092166462211e-322 -2.42092166462211e-322 2.32210853545386e-322 -2.42092166462211e-322 2.42092166462211e-322 -2.42092166462211e-322 -14.6640784495541 0.99999999999713
-2.42092166462211e-322 2.32210853545386e-322 -2.37151510003798e-322 -1.67982319586024e-322 2.32210853545386e-322 -2.27270197086973e-322 -1.82804288961261e-322 -2.32210853545386e-322 2.17388884170148e-322 -2.17388884170148e-322 0.509476751454197 0.999999999910735
-2.42092166462211e-322 2.42092166462211e-322 -2.42092166462211e-322 2.27270197086973e-322 2.42092166462211e-322 -2.42092166462211e-322 2.37151510003798e-322 -2.42092166462211e-322 2.42092166462211e-322 -2.42092166462211e-322 -14.6695150439656 0.999999999997128
-2.42092166462211e-322 2.42092166462211e-322 -2.42092166462211e-322 -1.87744945419674e-322 2.42092166462211e-322 -2.42092166462211e-322 2.17388884170148e-322 -2.42092166462211e-322 2.37151510003798e-322 -2.32210853545386e-322 -14.7091043028664 0.999999999996725
-2.42092166462211e-322 2.32210853545386e-322 -2.37151510003798e-322 -4.94065645841247e-323 2.37151510003798e-322 -2.32210853545386e-322 -1.77863632502849e-322 -2.32210853545386e-322 2.02566914794911e-322 -2.07507571253324e-322 0.194099826989279 0.999999999818106
-2.42092166462211e-322 2.42092166462211e-322 -2.42092166462211e-322 -2.07507571253324e-322 2.42092166462211e-322 -2.42092166462211e-322 2.17388884170148e-322 -2.42092166462211e-322 2.32210853545386e-322 -2.27270197086973e-322 -14.6625569933399 0.999999999995536
-2.42092166462211e-322 2.32210853545386e-322 -2.37151510003798e-322 -7.4109846876187e-323 2.37151510003798e-322 -2.37151510003798e-322 -4.44659081257122e-323 -2.17388884170148e-322 2.17388884170148e-322 -2.02566914794911e-322 0.235072175791711 1.00000000008885
-2.42092166462211e-322 2.32210853545386e-322 -2.42092166462211e-322 -1.48219693752374e-322 2.32210853545386e-322 -2.32210853545386e-322 -1.67982319586024e-322 -2.37151510003798e-322 2.22329540628561e-322 -2.12448227711736e-322 -0.494389377372582 0.999999999849651
-2.42092166462211e-322 2.32210853545386e-322 -2.32210853545386e-322 -1.48219693752374e-322 2.37151510003798e-322 -2.27270197086973e-322 9.88131291682493e-324 -2.32210853545386e-322 2.17388884170148e-322 -2.12448227711736e-322 -0.496545268646293 1.00000000009751
-2.42092166462211e-322 2.42092166462211e-322 -2.42092166462211e-322 2.17388884170148e-322 2.42092166462211e-322 -2.42092166462211e-322 2.22329540628561e-322 -2.42092166462211e-322 2.42092166462211e-322 -2.42092166462211e-322 -14.6780518518716 0.999999999996714
-2.42092166462211e-322 2.32210853545386e-322 -2.32210853545386e-322 -4.94065645841247e-324 2.37151510003798e-322 -2.32210853545386e-322 -1.67982319586024e-322 -2.07507571253324e-322 1.82804288961261e-322 -2.12448227711736e-322 1.71926808912893 0.999999999983975
-2.42092166462211e-322 2.32210853545386e-322 -2.37151510003798e-322 -8.89318162514244e-323 2.37151510003798e-322 -2.22329540628561e-322 1.53160350210786e-322 -2.32210853545386e-322 2.22329540628561e-322 -2.07507571253324e-322 0.397506056199026 0.999999999480226
-2.42092166462211e-322 2.42092166462211e-322 -2.42092166462211e-322 2.12448227711736e-322 2.42092166462211e-322 -2.42092166462211e-322 -2.37151510003798e-322 2.07507571253324e-322 2.32210853545386e-322 4.44659081257122e-323 -14.6621390344422 0.999999999996614
-2.42092166462211e-322 2.42092166462211e-322 -2.42092166462211e-322 2.37151510003798e-322 2.42092166462211e-322 -2.42092166462211e-322 2.32210853545386e-322 -2.42092166462211e-322 2.42092166462211e-322 -2.42092166462211e-322 -14.6742292353186 0.999999999996814
-2.42092166462211e-322 2.42092166462211e-322 -2.42092166462211e-322 2.42092166462211e-322 2.42092166462211e-322 -2.42092166462211e-322 2.42092166462211e-322 -2.42092166462211e-322 2.42092166462211e-322 -2.42092166462211e-322 -14.6306967773642 0.999999999996592
-2.42092166462211e-322 2.42092166462211e-322 -2.42092166462211e-322 -2.42092166462211e-322 2.42092166462211e-322 -2.42092166462211e-322 2.37151510003798e-322 -2.42092166462211e-322 2.42092166462211e-322 -2.42092166462211e-322 -14.6448456505804 0.999999999996813
-2.42092166462211e-322 2.32210853545386e-322 -2.27270197086973e-322 -1.03753785626662e-322 2.37151510003798e-322 -2.12448227711736e-322 -1.18575755001899e-322 -2.17388884170148e-322 2.07507571253324e-322 -1.92685601878086e-322 0.279365110172672 0.999999999937663
-2.42092166462211e-322 2.42092166462211e-322 -2.42092166462211e-322 -1.87744945419674e-322 2.42092166462211e-322 -2.37151510003798e-322 2.17388884170148e-322 -2.42092166462211e-322 2.37151510003798e-322 -2.32210853545386e-322 -14.718501081223 0.999999999995564
-2.42092166462211e-322 2.32210853545386e-322 -2.32210853545386e-322 -1.97626258336499e-323 2.42092166462211e-322 -2.32210853545386e-322 -2.07507571253324e-322 -2.32210853545386e-322 2.17388884170148e-322 -2.12448227711736e-322 1.38620883506085 1.00000000033775
-2.42092166462211e-322 2.42092166462211e-322 -2.42092166462211e-322 1.43279037293961e-322 2.42092166462211e-322 -2.42092166462211e-322 2.32210853545386e-322 -2.42092166462211e-322 2.42092166462211e-322 -2.42092166462211e-322 -14.652540501626 0.999999999996547
-2.42092166462211e-322 2.27270197086973e-322 -2.32210853545386e-322 -1.82804288961261e-322 2.32210853545386e-322 -2.32210853545386e-322 -2.02566914794911e-322 -2.17388884170148e-322 2.07507571253324e-322 -2.17388884170148e-322 -0.517235464168232 0.999999999860508
-2.42092166462211e-322 2.37151510003798e-322 -2.42092166462211e-322 -1.77863632502849e-322 2.42092166462211e-322 -2.32210853545386e-322 -1.13635098543487e-322 -2.32210853545386e-322 2.17388884170148e-322 -2.22329540628561e-322 -0.407235488037617 0.999999999603347
-2.42092166462211e-322 2.42092166462211e-322 -2.42092166462211e-322 2.32210853545386e-322 2.42092166462211e-322 -2.42092166462211e-322 2.22329540628561e-322 -2.42092166462211e-322 2.42092166462211e-322 -2.42092166462211e-322 -14.6846937204644 0.999999999997183
-2.42092166462211e-322 2.42092166462211e-322 -2.42092166462211e-322 -2.12448227711736e-322 2.42092166462211e-322 -2.42092166462211e-322 2.17388884170148e-322 -2.37151510003798e-322 2.42092166462211e-322 -2.37151510003798e-322 -14.7317530484981 0.999999999995801
-2.42092166462211e-322 2.27270197086973e-322 -2.42092166462211e-322 -1.43279037293961e-322 2.37151510003798e-322 -2.32210853545386e-322 7.90505033345994e-323 -2.27270197086973e-322 2.12448227711736e-322 -2.22329540628561e-322 0.596394448802053 0.99999999947113
-2.42092166462211e-322 2.42092166462211e-322 -2.42092166462211e-322 2.37151510003798e-322 2.42092166462211e-322 -2.42092166462211e-322 2.32210853545386e-322 -2.42092166462211e-322 2.42092166462211e-322 -2.42092166462211e-322 -14.6932151239467 0.999999999996346
-2.42092166462211e-322 2.42092166462211e-322 -2.42092166462211e-322 -2.22329540628561e-322 2.42092166462211e-322 -2.42092166462211e-322 2.27270197086973e-322 -2.42092166462211e-322 2.42092166462211e-322 -2.42092166462211e-322 -14.6859152659153 0.999999999997227
-2.42092166462211e-322 2.32210853545386e-322 -2.37151510003798e-322 -9.38724727098368e-323 2.37151510003798e-322 -2.22329540628561e-322 3.45845952088873e-323 -2.27270197086973e-322 2.22329540628561e-322 -2.02566914794911e-322 0.998636622529006 0.999999999241118
-2.42092166462211e-322 2.32210853545386e-322 -2.37151510003798e-322 -1.53160350210786e-322 2.37151510003798e-322 -2.32210853545386e-322 -1.67982319586024e-322 -2.37151510003798e-322 2.07507571253324e-322 -2.07507571253324e-322 1.23405523546377 0.999999999902988
-2.42092166462211e-322 2.17388884170148e-322 -2.27270197086973e-322 -1.43279037293961e-322 2.27270197086973e-322 -2.32210853545386e-322 -1.63041663127611e-322 -2.12448227711736e-322 1.82804288961261e-322 -2.07507571253324e-322 -0.646884748583702 1.00000000005588
-2.42092166462211e-322 2.42092166462211e-322 -2.42092166462211e-322 -1.77863632502849e-322 2.37151510003798e-322 -2.37151510003798e-322 2.27270197086973e-322 -2.42092166462211e-322 2.37151510003798e-322 -2.32210853545386e-322 -14.7042592072663 0.999999999996685
-2.42092166462211e-322 2.27270197086973e-322 -2.17388884170148e-322 -4.94065645841247e-323 2.37151510003798e-322 -2.27270197086973e-322 8.89318162514244e-323 -2.22329540628561e-322 1.92685601878086e-322 -2.12448227711736e-322 -0.634795497730002 0.999999999855952
-2.42092166462211e-322 2.37151510003798e-322 -2.37151510003798e-322 -1.13635098543487e-322 2.37151510003798e-322 -2.22329540628561e-322 -7.4109846876187e-323 -2.22329540628561e-322 2.12448227711736e-322 -2.07507571253324e-322 0.831065469304065 1.00000000011529
-2.42092166462211e-322 2.42092166462211e-322 -2.42092166462211e-322 2.42092166462211e-322 2.42092166462211e-322 -2.42092166462211e-322 2.37151510003798e-322 -2.42092166462211e-322 2.42092166462211e-322 -2.42092166462211e-322 -14.63682858498 0.99999999999636
-2.42092166462211e-322 2.32210853545386e-322 -2.42092166462211e-322 -1.38338380835549e-322 2.37151510003798e-322 -2.27270197086973e-322 6.91691904177745e-323 -2.27270197086973e-322 2.22329540628561e-322 -2.07507571253324e-322 0.268992600624168 1.0000000002544
-2.42092166462211e-322 2.42092166462211e-322 -2.42092166462211e-322 1.82804288961261e-322 2.42092166462211e-322 -2.37151510003798e-322 2.17388884170148e-322 -2.42092166462211e-322 2.37151510003798e-322 -2.37151510003798e-322 -14.6759676237809 0.999999999995998
-2.42092166462211e-322 2.42092166462211e-322 -2.42092166462211e-322 2.32210853545386e-322 2.42092166462211e-322 -2.42092166462211e-322 2.42092166462211e-322 -2.42092166462211e-322 2.42092166462211e-322 -2.42092166462211e-322 -14.6384210309397 0.999999999997391
-2.42092166462211e-322 2.42092166462211e-322 -2.42092166462211e-322 -2.07507571253324e-322 2.42092166462211e-322 -2.42092166462211e-322 1.92685601878086e-322 -2.42092166462211e-322 2.42092166462211e-322 -2.32210853545386e-322 -14.7082393403075 0.999999999996735
-2.42092166462211e-322 2.42092166462211e-322 -2.42092166462211e-322 2.07507571253324e-322 2.42092166462211e-322 -2.42092166462211e-322 2.32210853545386e-322 -2.42092166462211e-322 2.42092166462211e-322 -2.42092166462211e-322 -14.687783478287 0.999999999996027
-2.42092166462211e-322 2.22329540628561e-322 -2.32210853545386e-322 -6.4228533959362e-323 2.32210853545386e-322 -2.27270197086973e-322 9.88131291682493e-324 -2.17388884170148e-322 2.12448227711736e-322 -2.12448227711736e-322 -0.5607460156913 0.999999999753786
-2.42092166462211e-322 2.37151510003798e-322 -2.42092166462211e-322 -1.63041663127611e-322 2.32210853545386e-322 -2.37151510003798e-322 -1.67982319586024e-322 -2.17388884170148e-322 2.12448227711736e-322 -2.22329540628561e-322 0.107180985581899 0.999999999815364
-2.42092166462211e-322 2.32210853545386e-322 -2.32210853545386e-322 -1.48219693752374e-322 2.37151510003798e-322 -2.32210853545386e-322 -2.17388884170148e-322 -2.32210853545386e-322 2.32210853545386e-322 -2.17388884170148e-322 1.78642424986857 0.999999999240026
-2.42092166462211e-322 2.32210853545386e-322 -2.42092166462211e-322 -3.95252516672997e-323 2.37151510003798e-322 -2.32210853545386e-322 -1.08694442085074e-322 -2.17388884170148e-322 2.12448227711736e-322 -2.27270197086973e-322 0.140226358173829 1.00000000004377
-2.42092166462211e-322 2.32210853545386e-322 -2.32210853545386e-322 -1.08694442085074e-322 2.32210853545386e-322 -2.27270197086973e-322 -7.4109846876187e-323 -2.27270197086973e-322 2.07507571253324e-322 -2.22329540628561e-322 1.47799488074699 1.00000000111808
-2.37151510003798e-322 2.37151510003798e-322 -2.32210853545386e-322 -1.63041663127611e-322 2.37151510003798e-322 -2.27270197086973e-322 -1.92685601878086e-322 -2.27270197086973e-322 2.07507571253324e-322 -2.12448227711736e-322 1.24061406454323 1.00000000087235
-2.42092166462211e-322 2.37151510003798e-322 -2.32210853545386e-322 -1.38338380835549e-322 2.42092166462211e-322 -2.12448227711736e-322 -1.53160350210786e-322 -2.37151510003798e-322 2.02566914794911e-322 -1.97626258336499e-322 -0.519780756524183 0.999999999641914
-2.42092166462211e-322 2.42092166462211e-322 -2.42092166462211e-322 2.42092166462211e-322 2.42092166462211e-322 -2.42092166462211e-322 2.42092166462211e-322 -2.42092166462211e-322 2.42092166462211e-322 -2.42092166462211e-322 -14.6062825403043 0.999999999996433
-2.42092166462211e-322 2.27270197086973e-322 -2.37151510003798e-322 -1.77863632502849e-322 2.27270197086973e-322 -2.32210853545386e-322 -2.96439387504748e-323 -2.27270197086973e-322 2.17388884170148e-322 -2.02566914794911e-322 -0.575695369565388 1.00000000000241
-2.42092166462211e-322 2.37151510003798e-322 -2.37151510003798e-322 -1.33397724377137e-322 2.42092166462211e-322 -2.37151510003798e-322 -1.48219693752374e-322 -2.07507571253324e-322 2.07507571253324e-322 -2.17388884170148e-322 -0.41306165259572 1.00000000006798
-2.42092166462211e-322 2.42092166462211e-322 -2.42092166462211e-322 2.42092166462211e-322 2.42092166462211e-322 -2.42092166462211e-322 2.42092166462211e-322 -2.42092166462211e-322 2.42092166462211e-322 -2.42092166462211e-322 -14.6112433367739 0.999999999997055
-2.42092166462211e-322 2.42092166462211e-322 -2.42092166462211e-322 2.17388884170148e-322 2.42092166462211e-322 -2.42092166462211e-322 2.22329540628561e-322 -2.42092166462211e-322 2.42092166462211e-322 -2.32210853545386e-322 -14.7420138998005 0.99999999999582
-2.42092166462211e-322 2.42092166462211e-322 -2.42092166462211e-322 -2.37151510003798e-322 2.42092166462211e-322 -2.42092166462211e-322 2.32210853545386e-322 -2.42092166462211e-322 2.42092166462211e-322 -2.42092166462211e-322 -14.6675110261503 0.999999999996757
-2.42092166462211e-322 2.42092166462211e-322 -2.42092166462211e-322 -2.12448227711736e-322 2.42092166462211e-322 -2.42092166462211e-322 2.32210853545386e-322 -2.42092166462211e-322 2.42092166462211e-322 -2.42092166462211e-322 -14.6494823013315 0.999999999996668
-2.42092166462211e-322 2.37151510003798e-322 -2.37151510003798e-322 -4.94065645841247e-324 2.37151510003798e-322 -2.22329540628561e-322 -1.67982319586024e-322 -2.37151510003798e-322 2.12448227711736e-322 -2.07507571253324e-322 -0.564259152221213 0.999999999969027
-2.42092166462211e-322 2.37151510003798e-322 -2.37151510003798e-322 -1.38338380835549e-322 2.37151510003798e-322 -2.27270197086973e-322 -1.67982319586024e-322 -2.22329540628561e-322 2.02566914794911e-322 -2.02566914794911e-322 -0.579171495409376 0.999999999866827
-2.42092166462211e-322 2.42092166462211e-322 -2.42092166462211e-322 -1.82804288961261e-322 2.42092166462211e-322 -2.37151510003798e-322 2.12448227711736e-322 -2.37151510003798e-322 2.37151510003798e-322 -2.32210853545386e-322 -14.7339135866839 0.999999999996917
-2.42092166462211e-322 2.42092166462211e-322 -2.42092166462211e-322 2.42092166462211e-322 2.42092166462211e-322 -2.42092166462211e-322 2.42092166462211e-322 -2.42092166462211e-322 2.42092166462211e-322 -2.42092166462211e-322 -14.6212220279717 0.999999999996547
-2.42092166462211e-322 2.37151510003798e-322 -2.37151510003798e-322 -6.4228533959362e-323 2.37151510003798e-322 -2.27270197086973e-322 1.48219693752374e-322 -2.17388884170148e-322 2.17388884170148e-322 -2.12448227711736e-322 0.756975490791802 0.999999999459861
-2.42092166462211e-322 2.32210853545386e-322 -2.37151510003798e-322 -1.97626258336499e-322 2.37151510003798e-322 -2.37151510003798e-322 -1.28457067918724e-322 -2.37151510003798e-322 2.22329540628561e-322 -2.32210853545386e-322 0.560226460302801 0.999999999896565
-2.42092166462211e-322 2.37151510003798e-322 -2.27270197086973e-322 -1.77863632502849e-322 2.37151510003798e-322 -2.32210853545386e-322 -1.72922976044436e-322 -2.32210853545386e-322 2.12448227711736e-322 -2.12448227711736e-322 -0.498446759408173 0.99999999973233
-2.42092166462211e-322 2.32210853545386e-322 -2.32210853545386e-322 -1.77863632502849e-322 2.37151510003798e-322 -2.22329540628561e-322 -1.87744945419674e-322 -2.22329540628561e-322 2.27270197086973e-322 -2.12448227711736e-322 -0.591584612856792 0.999999999851108
-2.37151510003798e-322 2.27270197086973e-322 -2.37151510003798e-322 -1.33397724377137e-322 2.32210853545386e-322 -2.27270197086973e-322 -1.58101006669199e-322 -2.37151510003798e-322 2.27270197086973e-322 -2.22329540628561e-322 1.56682079552393 1.00000000207558
-2.42092166462211e-322 2.37151510003798e-322 -2.37151510003798e-322 -1.43279037293961e-322 2.42092166462211e-322 -2.32210853545386e-322 -1.87744945419674e-322 -2.37151510003798e-322 2.17388884170148e-322 -2.12448227711736e-322 1.3016410745845 0.99999999993445
-2.42092166462211e-322 2.42092166462211e-322 -2.42092166462211e-322 2.12448227711736e-322 2.42092166462211e-322 -2.42092166462211e-322 2.22329540628561e-322 -2.42092166462211e-322 2.42092166462211e-322 -2.42092166462211e-322 -14.7029692036335 0.999999999996953
-2.42092166462211e-322 2.42092166462211e-322 -2.42092166462211e-322 -2.02566914794911e-322 2.42092166462211e-322 -2.42092166462211e-322 1.92685601878086e-322 -2.37151510003798e-322 2.37151510003798e-322 -2.32210853545386e-322 -14.6988690673329 0.999999999996678
-2.42092166462211e-322 2.37151510003798e-322 -2.42092166462211e-322 -1.48219693752374e-322 2.37151510003798e-322 -2.37151510003798e-322 -2.02566914794911e-322 -2.32210853545386e-322 2.07507571253324e-322 -2.02566914794911e-322 0.870839049745068 0.999999999656857
-2.42092166462211e-322 2.42092166462211e-322 -2.42092166462211e-322 -1.87744945419674e-322 2.42092166462211e-322 -2.42092166462211e-322 2.07507571253324e-322 -2.32210853545386e-322 2.37151510003798e-322 -2.37151510003798e-322 -14.7668396592955 0.999999999996213
-2.42092166462211e-322 2.37151510003798e-322 -2.42092166462211e-322 -1.67982319586024e-322 2.37151510003798e-322 -2.32210853545386e-322 -1.92685601878086e-322 -2.27270197086973e-322 2.07507571253324e-322 -2.07507571253324e-322 -0.60383107361246 1.00000000000566
-2.42092166462211e-322 2.42092166462211e-322 -2.42092166462211e-322 -1.97626258336499e-322 2.42092166462211e-322 -2.42092166462211e-322 2.27270197086973e-322 -2.42092166462211e-322 2.42092166462211e-322 -2.37151510003798e-322 -14.7052375950629 0.999999999996645
-2.42092166462211e-322 2.42092166462211e-322 -2.42092166462211e-322 2.42092166462211e-322 2.42092166462211e-322 -2.42092166462211e-322 2.42092166462211e-322 -2.42092166462211e-322 2.42092166462211e-322 -2.42092166462211e-322 -14.631120175766 0.999999999996388
-2.42092166462211e-322 2.27270197086973e-322 -2.42092166462211e-322 -1.18575755001899e-322 2.32210853545386e-322 -2.27270197086973e-322 -1.58101006669199e-322 -2.17388884170148e-322 2.22329540628561e-322 -2.22329540628561e-322 -0.486311098657279 1.00000000017928
-2.42092166462211e-322 2.42092166462211e-322 -2.42092166462211e-322 -2.07507571253324e-322 2.42092166462211e-322 -2.42092166462211e-322 2.27270197086973e-322 -2.42092166462211e-322 2.37151510003798e-322 -2.42092166462211e-322 -14.7013123989946 0.999999999996671
-2.42092166462211e-322 2.37151510003798e-322 -2.37151510003798e-322 -1.63041663127611e-322 2.37151510003798e-322 -2.42092166462211e-322 -1.33397724377137e-322 -2.32210853545386e-322 2.17388884170148e-322 -2.22329540628561e-322 0.19445763057819 0.99999999957963
-2.42092166462211e-322 2.42092166462211e-322 -2.42092166462211e-322 2.32210853545386e-322 2.42092166462211e-322 -2.42092166462211e-322 2.37151510003798e-322 -2.42092166462211e-322 2.42092166462211e-322 -2.42092166462211e-322 -14.6883342680491 0.999999999997139
-2.42092166462211e-322 2.37151510003798e-322 -2.37151510003798e-322 -1.58101006669199e-322 2.42092166462211e-322 -2.32210853545386e-322 -1.77863632502849e-322 -2.27270197086973e-322 1.97626258336499e-322 -2.07507571253324e-322 0.7921804789145 0.99999999956964
-2.42092166462211e-322 2.32210853545386e-322 -2.32210853545386e-322 -1.43279037293961e-322 2.32210853545386e-322 -2.32210853545386e-322 -1.23516411460312e-322 -2.27270197086973e-322 1.82804288961261e-322 -2.17388884170148e-322 -0.525809861446916 0.999999999922895
-2.42092166462211e-322 2.42092166462211e-322 -2.42092166462211e-322 -1.87744945419674e-322 2.37151510003798e-322 -2.32210853545386e-322 1.97626258336499e-322 -2.32210853545386e-322 2.32210853545386e-322 -2.32210853545386e-322 -14.7784236619855 0.999999999995695
-2.42092166462211e-322 2.32210853545386e-322 -2.32210853545386e-322 -1.63041663127611e-322 2.42092166462211e-322 -2.32210853545386e-322 -1.48219693752374e-322 -2.22329540628561e-322 2.12448227711736e-322 -2.12448227711736e-322 0.287854869585005 1.00000000044412
-2.42092166462211e-322 2.32210853545386e-322 -2.27270197086973e-322 -8.39911597930119e-323 2.37151510003798e-322 -2.27270197086973e-322 7.90505033345994e-323 -2.32210853545386e-322 2.02566914794911e-322 -2.17388884170148e-322 0.96705985255976 0.999999999700147
-2.42092166462211e-322 2.42092166462211e-322 -2.42092166462211e-322 1.92685601878086e-322 2.42092166462211e-322 -2.42092166462211e-322 2.32210853545386e-322 -2.42092166462211e-322 2.42092166462211e-322 -2.37151510003798e-322 -14.717236099791 0.999999999997164
-2.42092166462211e-322 2.42092166462211e-322 -2.42092166462211e-322 2.32210853545386e-322 2.42092166462211e-322 -2.42092166462211e-322 2.32210853545386e-322 -2.42092166462211e-322 2.37151510003798e-322 -2.42092166462211e-322 -14.6246726248429 0.9999999999966
-2.42092166462211e-322 2.37151510003798e-322 -2.37151510003798e-322 -1.48219693752374e-322 2.37151510003798e-322 -2.22329540628561e-322 -9.88131291682493e-323 -2.37151510003798e-322 2.17388884170148e-322 -2.02566914794911e-322 1.24688657773146 1.00000000072758
-2.42092166462211e-322 2.32210853545386e-322 -2.37151510003798e-322 -1.92685601878086e-322 2.37151510003798e-322 -2.17388884170148e-322 -1.13635098543487e-322 -2.22329540628561e-322 2.02566914794911e-322 -2.12448227711736e-322 0.302264090379561 0.99999999966558
-2.37151510003798e-322 2.27270197086973e-322 -2.37151510003798e-322 -1.13635098543487e-322 2.37151510003798e-322 -2.27270197086973e-322 -1.08694442085074e-322 -2.22329540628561e-322 2.22329540628561e-322 -2.17388884170148e-322 2.33448727477725 0.999999998900097
-2.42092166462211e-322 2.27270197086973e-322 -2.27270197086973e-322 -1.18575755001899e-322 2.37151510003798e-322 -2.32210853545386e-322 -8.89318162514244e-323 -2.22329540628561e-322 2.02566914794911e-322 -2.22329540628561e-322 -0.43715004168489 0.999999999907761
-2.42092166462211e-322 2.12448227711736e-322 -2.37151510003798e-322 -1.18575755001899e-322 2.42092166462211e-322 -2.02566914794911e-322 -9.88131291682493e-323 -2.37151510003798e-322 1.63041663127611e-322 -1.82804288961261e-322 -0.644100570568897 0.999999999952748
-2.42092166462211e-322 2.42092166462211e-322 -2.42092166462211e-322 -2.17388884170148e-322 2.42092166462211e-322 -2.42092166462211e-322 2.27270197086973e-322 -2.42092166462211e-322 2.42092166462211e-322 -2.37151510003798e-322 -14.6720831451082 0.99999999999599
-2.42092166462211e-322 2.27270197086973e-322 -2.32210853545386e-322 -1.48219693752374e-322 2.37151510003798e-322 -2.32210853545386e-322 -6.4228533959362e-323 -2.22329540628561e-322 2.12448227711736e-322 -1.97626258336499e-322 0.114992108683904 1.00000000006695
-2.42092166462211e-322 2.32210853545386e-322 -2.37151510003798e-322 -1.63041663127611e-322 2.37151510003798e-322 -2.27270197086973e-322 -1.33397724377137e-322 -2.32210853545386e-322 2.07507571253324e-322 -2.17388884170148e-322 -0.51490169436695 0.999999999949295
-2.42092166462211e-322 2.32210853545386e-322 -2.32210853545386e-322 -1.28457067918724e-322 2.32210853545386e-322 -2.37151510003798e-322 -2.07507571253324e-322 -2.27270197086973e-322 2.22329540628561e-322 -2.07507571253324e-322 0.772387782622189 0.999999999799901
-2.42092166462211e-322 2.27270197086973e-322 -2.42092166462211e-322 -1.23516411460312e-322 2.37151510003798e-322 -2.17388884170148e-322 0 -2.27270197086973e-322 2.12448227711736e-322 -1.97626258336499e-322 -0.439765182804735 1.00000000009904
-2.42092166462211e-322 2.42092166462211e-322 -2.42092166462211e-322 2.42092166462211e-322 2.42092166462211e-322 -2.42092166462211e-322 2.42092166462211e-322 -2.42092166462211e-322 2.42092166462211e-322 -2.42092166462211e-322 -14.5943132871072 0.999999999996905
-2.42092166462211e-322 2.27270197086973e-322 -2.37151510003798e-322 -1.77863632502849e-322 2.37151510003798e-322 -2.22329540628561e-322 -1.92685601878086e-322 -2.22329540628561e-322 2.27270197086973e-322 -2.12448227711736e-322 -0.472379581734813 0.999999999723005
-2.42092166462211e-322 2.27270197086973e-322 -2.37151510003798e-322 -6.4228533959362e-323 2.37151510003798e-322 -2.17388884170148e-322 5.43472210425371e-323 -2.37151510003798e-322 2.22329540628561e-322 -2.02566914794911e-322 0.233178658601131 1.00000000010973
-2.42092166462211e-322 2.32210853545386e-322 -2.37151510003798e-322 -1.23516411460312e-322 2.27270197086973e-322 -2.32210853545386e-322 2.12448227711736e-322 -2.17388884170148e-322 1.97626258336499e-322 -2.22329540628561e-322 -0.550081419567582 0.999999999805199
-2.42092166462211e-322 2.32210853545386e-322 -2.37151510003798e-322 -1.77863632502849e-322 2.37151510003798e-322 -2.22329540628561e-322 9.88131291682493e-324 -2.32210853545386e-322 2.12448227711736e-322 -2.07507571253324e-322 0.978086985950498 1.00000000109968
