-2.42092166462211e-322 2.42092166462211e-322 -2.42092166462211e-322 -1.82804288961261e-322 2.42092166462211e-322 -2.37151510003798e-322 1.58101006669199e-322 -2.32210853545386e-322 2.27270197086973e-322 -2.27270197086973e-322 -15.4185551864662 0.999999999999963
-2.42092166462211e-322 2.37151510003798e-322 -2.37151510003798e-322 -1.48219693752374e-322 2.42092166462211e-322 -2.27270197086973e-322 -6.4228533959362e-323 -2.27270197086973e-322 2.12448227711736e-322 -1.97626258336499e-322 -0.798833085039471 0.999999999862345
-2.42092166462211e-322 2.32210853545386e-322 -2.37151510003798e-322 -1.77863632502849e-322 2.37151510003798e-322 -2.32210853545386e-322 -1.77863632502849e-322 -2.07507571253324e-322 2.07507571253324e-322 -2.17388884170148e-322 -0.847072637604533 0.99999999963653
-2.42092166462211e-322 2.32210853545386e-322 -2.37151510003798e-322 -1.53160350210786e-322 2.37151510003798e-322 -2.37151510003798e-322 -1.77863632502849e-322 -2.32210853545386e-322 2.17388884170148e-322 -2.02566914794911e-322 -0.757757522298547 0.999999999671595
-2.42092166462211e-322 2.42092166462211e-322 -2.42092166462211e-322 -2.12448227711736e-322 2.42092166462211e-322 -2.42092166462211e-322 2.32210853545386e-322 -2.42092166462211e-322 2.42092166462211e-322 -2.42092166462211e-322 -15.3970881508478 0.999999999999791
-2.42092166462211e-322 2.32210853545386e-322 -2.37151510003798e-322 -1.67982319586024e-322 2.32210853545386e-322 -2.27270197086973e-322 -1.82804288961261e-322 -2.32210853545386e-322 2.17388884170148e-322 -2.17388884170148e-322 0.231717713019223 0.999999999942364
-2.42092166462211e-322 2.42092166462211e-322 -2.42092166462211e-322 2.27270197086973e-322 2.42092166462211e-322 -2.42092166462211e-322 2.37151510003798e-322 -2.42092166462211e-322 2.42092166462211e-322 -2.42092166462211e-322 -15.3999336734629 0.999999999999144
-2.42092166462211e-322 2.42092166462211e-322 -2.42092166462211e-322 -1.87744945419674e-322 2.42092166462211e-322 -2.42092166462211e-322 2.17388884170148e-322 -2.42092166462211e-322 2.37151510003798e-322 -2.32210853545386e-322 -15.411541636703 0.999999999998106
-2.42092166462211e-322 2.32210853545386e-322 -2.37151510003798e-322 -4.94065645841247e-323 2.37151510003798e-322 -2.32210853545386e-322 -1.77863632502849e-322 -2.32210853545386e-322 2.02566914794911e-322 -2.07507571253324e-322 -0.0737323322405656 0.9999999997831
-2.42092166462211e-322 2.42092166462211e-322 -2.42092166462211e-322 -2.07507571253324e-322 2.42092166462211e-322 -2.42092166462211e-322 2.17388884170148e-322 -2.42092166462211e-322 2.32210853545386e-322 -2.27270197086973e-322 -15.3862642317707 0.999999999999429
-2.42092166462211e-322 2.32210853545386e-322 -2.37151510003798e-322 -7.4109846876187e-323 2.37151510003798e-322 -2.37151510003798e-322 -4.44659081257122e-323 -2.17388884170148e-322 2.17388884170148e-322 -2.02566914794911e-322 0.0190238966929557 0.999999999480929
-2.42092166462211e-322 2.32210853545386e-322 -2.42092166462211e-322 -1.48219693752374e-322 2.32210853545386e-322 -2.32210853545386e-322 -1.67982319586024e-322 -2.37151510003798e-322 2.22329540628561e-322 -2.12448227711736e-322 -0.807839176847369 1.0000000001842
-2.42092166462211e-322 2.32210853545386e-322 -2.32210853545386e-322 -1.48219693752374e-322 2.37151510003798e-322 -2.27270197086973e-322 9.88131291682493e-324 -2.32210853545386e-322 2.17388884170148e-322 -2.12448227711736e-322 -0.788686206794417 1.00000000006145
-2.42092166462211e-322 2.42092166462211e-322 -2.42092166462211e-322 2.17388884170148e-322 2.42092166462211e-322 -2.42092166462211e-322 2.22329540628561e-322 -2.42092166462211e-322 2.42092166462211e-322 -2.42092166462211e-322 -15.3808708604843 0.999999999998758
-2.42092166462211e-322 2.32210853545386e-322 -2.32210853545386e-322 -4.94065645841247e-324 2.37151510003798e-322 -2.32210853545386e-322 -1.67982319586024e-322 -2.07507571253324e-322 1.82804288961261e-322 -2.12448227711736e-322 0.996423516894098 1.00000000064116
-2.42092166462211e-322 2.32210853545386e-322 -2.37151510003798e-322 -8.89318162514244e-323 2.37151510003798e-322 -2.22329540628561e-322 1.53160350210786e-322 -2.32210853545386e-322 2.22329540628561e-322 -2.07507571253324e-322 0.0345041602316048 0.999999999933905
-2.42092166462211e-322 2.42092166462211e-322 -2.42092166462211e-322 2.12448227711736e-322 2.42092166462211e-322 -2.42092166462211e-322 -2.37151510003798e-322 2.07507571253324e-322 2.32210853545386e-322 4.44659081257122e-323 -15.3843055659625 0.999999999998598
-2.42092166462211e-322 2.42092166462211e-322 -2.42092166462211e-322 2.37151510003798e-322 2.42092166462211e-322 -2.42092166462211e-322 2.32210853545386e-322 -2.42092166462211e-322 2.42092166462211e-322 -2.42092166462211e-322 -15.3990622259958 1.00000000000019
-2.42092166462211e-322 2.42092166462211e-322 -2.42092166462211e-322 2.42092166462211e-322 2.42092166462211e-322 -2.42092166462211e-322 2.42092166462211e-322 -2.42092166462211e-322 2.42092166462211e-322 -2.42092166462211e-322 -15.3520073512751 0.99999999999942
-2.42092166462211e-322 2.42092166462211e-322 -2.42092166462211e-322 -2.42092166462211e-322 2.42092166462211e-322 -2.42092166462211e-322 2.37151510003798e-322 -2.42092166462211e-322 2.42092166462211e-322 -2.42092166462211e-322 -15.3662389119782 0.99999999999942
-2.42092166462211e-322 2.32210853545386e-322 -2.27270197086973e-322 -1.03753785626662e-322 2.37151510003798e-322 -2.12448227711736e-322 -1.18575755001899e-322 -2.17388884170148e-322 2.07507571253324e-322 -1.92685601878086e-322 -0.0467850359731875 1.00000000074914
-2.42092166462211e-322 2.42092166462211e-322 -2.42092166462211e-322 -1.87744945419674e-322 2.42092166462211e-322 -2.37151510003798e-322 2.17388884170148e-322 -2.42092166462211e-322 2.37151510003798e-322 -2.32210853545386e-322 -15.4216242556658 0.999999999998557
-2.42092166462211e-322 2.32210853545386e-322 -2.32210853545386e-322 -1.97626258336499e-323 2.42092166462211e-322 -2.32210853545386e-322 -2.07507571253324e-322 -2.32210853545386e-322 2.17388884170148e-322 -2.12448227711736e-322 0.897256096689076 1.00000000122982
-2.42092166462211e-322 2.42092166462211e-322 -2.42092166462211e-322 1.43279037293961e-322 2.42092166462211e-322 -2.42092166462211e-322 2.32210853545386e-322 -2.42092166462211e-322 2.42092166462211e-322 -2.42092166462211e-322 -15.3454286565525 0.999999999999736
-2.42092166462211e-322 2.27270197086973e-322 -2.32210853545386e-322 -1.82804288961261e-322 2.32210853545386e-322 -2.32210853545386e-322 -2.02566914794911e-322 -2.17388884170148e-322 2.07507571253324e-322 -2.17388884170148e-322 -0.700938043073401 0.999999999734833
-2.42092166462211e-322 2.37151510003798e-322 -2.42092166462211e-322 -1.77863632502849e-322 2.42092166462211e-322 -2.32210853545386e-322 -1.13635098543487e-322 -2.32210853545386e-322 2.17388884170148e-322 -2.22329540628561e-322 -0.877426837224112 1.00000000004588
-2.42092166462211e-322 2.42092166462211e-322 -2.42092166462211e-322 2.32210853545386e-322 2.42092166462211e-322 -2.42092166462211e-322 2.22329540628561e-322 -2.42092166462211e-322 2.42092166462211e-322 -2.42092166462211e-322 -15.3862869160139 0.999999999998645
-2.42092166462211e-322 2.42092166462211e-322 -2.42092166462211e-322 -2.12448227711736e-322 2.42092166462211e-322 -2.42092166462211e-322 2.17388884170148e-322 -2.37151510003798e-322 2.42092166462211e-322 -2.37151510003798e-322 -15.4368498761678 0.999999999998964
-2.42092166462211e-322 2.27270197086973e-322 -2.42092166462211e-322 -1.43279037293961e-322 2.37151510003798e-322 -2.32210853545386e-322 7.90505033345994e-323 -2.27270197086973e-322 2.12448227711736e-322 -2.22329540628561e-322 0.0721235677674778 0.999999999731002
-2.42092166462211e-322 2.42092166462211e-322 -2.42092166462211e-322 2.37151510003798e-322 2.42092166462211e-322 -2.42092166462211e-322 2.32210853545386e-322 -2.42092166462211e-322 2.42092166462211e-322 -2.42092166462211e-322 -15.4229859745539 0.9999999999989
-2.42092166462211e-322 2.42092166462211e-322 -2.42092166462211e-322 -2.22329540628561e-322 2.42092166462211e-322 -2.42092166462211e-322 2.27270197086973e-322 -2.42092166462211e-322 2.42092166462211e-322 -2.42092166462211e-322 -15.4176633430018 0.999999999999248
-2.42092166462211e-322 2.32210853545386e-322 -2.37151510003798e-322 -9.38724727098368e-323 2.37151510003798e-322 -2.22329540628561e-322 3.45845952088873e-323 -2.27270197086973e-322 2.22329540628561e-322 -2.02566914794911e-322 0.373463679231737 0.999999998999387
-2.42092166462211e-322 2.32210853545386e-322 -2.37151510003798e-322 -1.53160350210786e-322 2.37151510003798e-322 -2.32210853545386e-322 -1.67982319586024e-322 -2.37151510003798e-322 2.07507571253324e-322 -2.07507571253324e-322 0.660720920136335 0.999999998446426
-2.42092166462211e-322 2.17388884170148e-322 -2.27270197086973e-322 -1.43279037293961e-322 2.27270197086973e-322 -2.32210853545386e-322 -1.63041663127611e-322 -2.12448227711736e-322 1.82804288961261e-322 -2.07507571253324e-322 -0.788688506411018 0.999999999899557
-2.42092166462211e-322 2.42092166462211e-322 -2.42092166462211e-322 -1.77863632502849e-322 2.37151510003798e-322 -2.37151510003798e-322 2.27270197086973e-322 -2.42092166462211e-322 2.37151510003798e-322 -2.32210853545386e-322 -15.437680588345 0.999999999999204
-2.42092166462211e-322 2.27270197086973e-322 -2.17388884170148e-322 -4.94065645841247e-323 2.37151510003798e-322 -2.27270197086973e-322 8.89318162514244e-323 -2.22329540628561e-322 1.92685601878086e-322 -2.12448227711736e-322 -0.954333727669545 0.999999999892392
-2.42092166462211e-322 2.37151510003798e-322 -2.37151510003798e-322 -1.13635098543487e-322 2.37151510003798e-322 -2.22329540628561e-322 -7.4109846876187e-323 -2.22329540628561e-322 2.12448227711736e-322 -2.07507571253324e-322 0.673051302913126 0.999999999182431
-2.42092166462211e-322 2.42092166462211e-322 -2.42092166462211e-322 2.42092166462211e-322 2.42092166462211e-322 -2.42092166462211e-322 2.37151510003798e-322 -2.42092166462211e-322 2.42092166462211e-322 -2.42092166462211e-322 -15.3612442665663 0.999999999999155
-2.42092166462211e-322 2.32210853545386e-322 -2.42092166462211e-322 -1.38338380835549e-322 2.37151510003798e-322 -2.27270197086973e-322 6.91691904177745e-323 -2.27270197086973e-322 2.22329540628561e-322 -2.07507571253324e-322 -0.108055762722231 0.999999999876859
-2.42092166462211e-322 2.42092166462211e-322 -2.42092166462211e-322 1.82804288961261e-322 2.42092166462211e-322 -2.37151510003798e-322 2.17388884170148e-322 -2.42092166462211e-322 2.37151510003798e-322 -2.37151510003798e-322 -15.3904387180523 0.999999999999892
-2.42092166462211e-322 2.42092166462211e-322 -2.42092166462211e-322 2.32210853545386e-322 2.42092166462211e-322 -2.42092166462211e-322 2.42092166462211e-322 -2.42092166462211e-322 2.42092166462211e-322 -2.42092166462211e-322 -15.3693608690977 0.99999999999916
-2.42092166462211e-322 2.42092166462211e-322 -2.42092166462211e-322 -2.07507571253324e-322 2.42092166462211e-322 -2.42092166462211e-322 1.92685601878086e-322 -2.42092166462211e-322 2.42092166462211e-322 -2.32210853545386e-322 -15.4435933394098 0.999999999999046
-2.42092166462211e-322 2.42092166462211e-322 -2.42092166462211e-322 2.07507571253324e-322 2.42092166462211e-322 -2.42092166462211e-322 2.32210853545386e-322 -2.42092166462211e-322 2.42092166462211e-322 -2.42092166462211e-322 -15.4126647082646 0.999999999998753
-2.42092166462211e-322 2.22329540628561e-322 -2.32210853545386e-322 -6.4228533959362e-323 2.32210853545386e-322 -2.27270197086973e-322 9.88131291682493e-324 -2.17388884170148e-322 2.12448227711736e-322 -2.12448227711736e-322 -0.67574006544404 0.999999999769925
-2.42092166462211e-322 2.37151510003798e-322 -2.42092166462211e-322 -1.63041663127611e-322 2.32210853545386e-322 -2.37151510003798e-322 -1.67982319586024e-322 -2.17388884170148e-322 2.12448227711736e-322 -2.22329540628561e-322 -0.143215616103613 0.999999999762745
-2.42092166462211e-322 2.32210853545386e-322 -2.32210853545386e-322 -1.48219693752374e-322 2.37151510003798e-322 -2.32210853545386e-322 -2.17388884170148e-322 -2.32210853545386e-322 2.32210853545386e-322 -2.17388884170148e-322 1.61018594699177 0.999999998082565
-2.42092166462211e-322 2.32210853545386e-322 -2.42092166462211e-322 -3.95252516672997e-323 2.37151510003798e-322 -2.32210853545386e-322 -1.08694442085074e-322 -2.17388884170148e-322 2.12448227711736e-322 -2.27270197086973e-322 -0.0665430482722266 1.00000000100209
-2.42092166462211e-322 2.32210853545386e-322 -2.32210853545386e-322 -1.08694442085074e-322 2.32210853545386e-322 -2.27270197086973e-322 -7.4109846876187e-323 -2.27270197086973e-322 2.07507571253324e-322 -2.22329540628561e-322 1.27235668718655 0.999999999894139
-2.37151510003798e-322 2.37151510003798e-322 -2.32210853545386e-322 -1.63041663127611e-322 2.37151510003798e-322 -2.27270197086973e-322 -1.92685601878086e-322 -2.27270197086973e-322 2.07507571253324e-322 -2.12448227711736e-322 1.08008516340421 1.00000000005907
-2.42092166462211e-322 2.37151510003798e-322 -2.32210853545386e-322 -1.38338380835549e-322 2.42092166462211e-322 -2.12448227711736e-322 -1.53160350210786e-322 -2.37151510003798e-322 2.02566914794911e-322 -1.97626258336499e-322 -0.794834009378166 0.999999999837023
-2.42092166462211e-322 2.42092166462211e-322 -2.42092166462211e-322 2.42092166462211e-322 2.42092166462211e-322 -2.42092166462211e-322 2.42092166462211e-322 -2.42092166462211e-322 2.42092166462211e-322 -2.42092166462211e-322 -15.3344435691824 0.999999999999414
-2.42092166462211e-322 2.27270197086973e-322 -2.37151510003798e-322 -1.77863632502849e-322 2.27270197086973e-322 -2.32210853545386e-322 -2.96439387504748e-323 -2.27270197086973e-322 2.17388884170148e-322 -2.02566914794911e-322 -0.781460269785143 0.99999999991582
-2.42092166462211e-322 2.37151510003798e-322 -2.37151510003798e-322 -1.33397724377137e-322 2.42092166462211e-322 -2.37151510003798e-322 -1.48219693752374e-322 -2.07507571253324e-322 2.07507571253324e-322 -2.17388884170148e-322 -0.746064465519008 1.00000000001373
-2.42092166462211e-322 2.42092166462211e-322 -2.42092166462211e-322 2.42092166462211e-322 2.42092166462211e-322 -2.42092166462211e-322 2.42092166462211e-322 -2.42092166462211e-322 2.42092166462211e-322 -2.42092166462211e-322 -15.3066267204195 0.99999999999855
-2.42092166462211e-322 2.42092166462211e-322 -2.42092166462211e-322 2.17388884170148e-322 2.42092166462211e-322 -2.42092166462211e-322 2.22329540628561e-322 -2.42092166462211e-322 2.42092166462211e-322 -2.32210853545386e-322 -15.471344117604 0.999999999999122
-2.42092166462211e-322 2.42092166462211e-322 -2.42092166462211e-322 -2.37151510003798e-322 2.42092166462211e-322 -2.42092166462211e-322 2.32210853545386e-322 -2.42092166462211e-322 2.42092166462211e-322 -2.42092166462211e-322 -15.3821026174056 0.999999999999332
-2.42092166462211e-322 2.42092166462211e-322 -2.42092166462211e-322 -2.12448227711736e-322 2.42092166462211e-322 -2.42092166462211e-322 2.32210853545386e-322 -2.42092166462211e-322 2.42092166462211e-322 -2.42092166462211e-322 -15.3651059817043 0.99999999999884
-2.42092166462211e-322 2.37151510003798e-322 -2.37151510003798e-322 -4.94065645841247e-324 2.37151510003798e-322 -2.22329540628561e-322 -1.67982319586024e-322 -2.37151510003798e-322 2.12448227711736e-322 -2.07507571253324e-322 -0.896595159487027 1.00000000008207
-2.42092166462211e-322 2.37151510003798e-322 -2.37151510003798e-322 -1.38338380835549e-322 2.37151510003798e-322 -2.27270197086973e-322 -1.67982319586024e-322 -2.22329540628561e-322 2.02566914794911e-322 -2.02566914794911e-322 -0.720144625594648 1.00000000001971
-2.42092166462211e-322 2.42092166462211e-322 -2.42092166462211e-322 -1.82804288961261e-322 2.42092166462211e-322 -2.37151510003798e-322 2.12448227711736e-322 -2.37151510003798e-322 2.37151510003798e-322 -2.32210853545386e-322 -15.4481929460291 0.999999999999658
-2.42092166462211e-322 2.42092166462211e-322 -2.42092166462211e-322 2.42092166462211e-322 2.42092166462211e-322 -2.42092166462211e-322 2.42092166462211e-322 -2.42092166462211e-322 2.42092166462211e-322 -2.42092166462211e-322 -15.3410586146257 0.999999999998961
-2.42092166462211e-322 2.37151510003798e-322 -2.37151510003798e-322 -6.4228533959362e-323 2.37151510003798e-322 -2.27270197086973e-322 1.48219693752374e-322 -2.17388884170148e-322 2.17388884170148e-322 -2.12448227711736e-322 0.790989012670847 1.00000000001887
-2.42092166462211e-322 2.32210853545386e-322 -2.37151510003798e-322 -1.97626258336499e-322 2.37151510003798e-322 -2.37151510003798e-322 -1.28457067918724e-322 -2.37151510003798e-322 2.22329540628561e-322 -2.32210853545386e-322 0.322951251423729 0.999999999962791
-2.42092166462211e-322 2.37151510003798e-322 -2.27270197086973e-322 -1.77863632502849e-322 2.37151510003798e-322 -2.32210853545386e-322 -1.72922976044436e-322 -2.32210853545386e-322 2.12448227711736e-322 -2.12448227711736e-322 -0.804690318151036 0.99999999985218
-2.42092166462211e-322 2.32210853545386e-322 -2.32210853545386e-322 -1.77863632502849e-322 2.37151510003798e-322 -2.22329540628561e-322 -1.87744945419674e-322 -2.22329540628561e-322 2.27270197086973e-322 -2.12448227711736e-322 -0.788656492754029 0.999999999744178
-2.37151510003798e-322 2.27270197086973e-322 -2.37151510003798e-322 -1.33397724377137e-322 2.32210853545386e-322 -2.27270197086973e-322 -1.58101006669199e-322 -2.37151510003798e-322 2.27270197086973e-322 -2.22329540628561e-322 1.59012836791004 0.999999998366472
-2.42092166462211e-322 2.37151510003798e-322 -2.37151510003798e-322 -1.43279037293961e-322 2.42092166462211e-322 -2.32210853545386e-322 -1.87744945419674e-322 -2.37151510003798e-322 2.17388884170148e-322 -2.12448227711736e-322 0.895763130082674 0.999999999360718
-2.42092166462211e-322 2.42092166462211e-322 -2.42092166462211e-322 2.12448227711736e-322 2.42092166462211e-322 -2.42092166462211e-322 2.22329540628561e-322 -2.42092166462211e-322 2.42092166462211e-322 -2.42092166462211e-322 -15.4180154016525 0.999999999999854
-2.42092166462211e-322 2.42092166462211e-322 -2.42092166462211e-322 -2.02566914794911e-322 2.42092166462211e-322 -2.42092166462211e-322 1.92685601878086e-322 -2.37151510003798e-322 2.37151510003798e-322 -2.32210853545386e-322 -15.4016474260161 1.00000000000013
-2.42092166462211e-322 2.37151510003798e-322 -2.42092166462211e-322 -1.48219693752374e-322 2.37151510003798e-322 -2.37151510003798e-322 -2.02566914794911e-322 -2.32210853545386e-322 2.07507571253324e-322 -2.02566914794911e-322 0.376198776687162 1.00000000043725
-2.42092166462211e-322 2.42092166462211e-322 -2.42092166462211e-322 -1.87744945419674e-322 2.42092166462211e-322 -2.42092166462211e-322 2.07507571253324e-322 -2.32210853545386e-322 2.37151510003798e-322 -2.37151510003798e-322 -15.4901856551206 0.999999999998489
-2.42092166462211e-322 2.37151510003798e-322 -2.42092166462211e-322 -1.67982319586024e-322 2.37151510003798e-322 -2.32210853545386e-322 -1.92685601878086e-322 -2.27270197086973e-322 2.07507571253324e-322 -2.07507571253324e-322 -0.786178776559304 0.999999999879395
-2.42092166462211e-322 2.42092166462211e-322 -2.42092166462211e-322 -1.97626258336499e-322 2.42092166462211e-322 -2.42092166462211e-322 2.27270197086973e-322 -2.42092166462211e-322 2.42092166462211e-322 -2.37151510003798e-322 -15.4267888926542 0.999999999998927
-2.42092166462211e-322 2.42092166462211e-322 -2.42092166462211e-322 2.42092166462211e-322 2.42092166462211e-322 -2.42092166462211e-322 2.42092166462211e-322 -2.42092166462211e-322 2.42092166462211e-322 -2.42092166462211e-322 -15.3471924637256 0.999999999999647
-2.42092166462211e-322 2.27270197086973e-322 -2.42092166462211e-322 -1.18575755001899e-322 2.32210853545386e-322 -2.27270197086973e-322 -1.58101006669199e-322 -2.17388884170148e-322 2.22329540628561e-322 -2.22329540628561e-322 -0.908259678897549 0.999999999915089
-2.42092166462211e-322 2.42092166462211e-322 -2.42092166462211e-322 -2.07507571253324e-322 2.42092166462211e-322 -2.42092166462211e-322 2.27270197086973e-322 -2.42092166462211e-322 2.37151510003798e-322 -2.42092166462211e-322 -15.4078091669621 0.999999999998659
-2.42092166462211e-322 2.37151510003798e-322 -2.37151510003798e-322 -1.63041663127611e-322 2.37151510003798e-322 -2.42092166462211e-322 -1.33397724377137e-322 -2.32210853545386e-322 2.17388884170148e-322 -2.22329540628561e-322 0.0332855341225141 0.999999999714261
-2.42092166462211e-322 2.42092166462211e-322 -2.42092166462211e-322 2.32210853545386e-322 2.42092166462211e-322 -2.42092166462211e-322 2.37151510003798e-322 -2.42092166462211e-322 2.42092166462211e-322 -2.42092166462211e-322 -15.393796208298 0.99999999999945
-2.42092166462211e-322 2.37151510003798e-322 -2.37151510003798e-322 -1.58101006669199e-322 2.42092166462211e-322 -2.32210853545386e-322 -1.77863632502849e-322 -2.27270197086973e-322 1.97626258336499e-322 -2.07507571253324e-322 0.319490982206373 0.99999999946969
-2.42092166462211e-322 2.32210853545386e-322 -2.32210853545386e-322 -1.43279037293961e-322 2.32210853545386e-322 -2.32210853545386e-322 -1.23516411460312e-322 -2.27270197086973e-322 1.82804288961261e-322 -2.17388884170148e-322 -0.842577627461438 0.999999999825268
-2.42092166462211e-322 2.42092166462211e-322 -2.42092166462211e-322 -1.87744945419674e-322 2.37151510003798e-322 -2.32210853545386e-322 1.97626258336499e-322 -2.32210853545386e-322 2.32210853545386e-322 -2.32210853545386e-322 -15.4915084677952 0.999999999999592
-2.42092166462211e-322 2.32210853545386e-322 -2.32210853545386e-322 -1.63041663127611e-322 2.42092166462211e-322 -2.32210853545386e-322 -1.48219693752374e-322 -2.22329540628561e-322 2.12448227711736e-322 -2.12448227711736e-322 0.0119082222708324 0.999999999476674
-2.42092166462211e-322 2.32210853545386e-322 -2.27270197086973e-322 -8.39911597930119e-323 2.37151510003798e-322 -2.27270197086973e-322 7.90505033345994e-323 -2.32210853545386e-322 2.02566914794911e-322 -2.17388884170148e-322 0.446867709475346 1.00000000013943
-2.42092166462211e-322 2.42092166462211e-322 -2.42092166462211e-322 1.92685601878086e-322 2.42092166462211e-322 -2.42092166462211e-322 2.32210853545386e-322 -2.42092166462211e-322 2.42092166462211e-322 -2.37151510003798e-322 -15.4359125828055 0.999999999998701
-2.42092166462211e-322 2.42092166462211e-322 -2.42092166462211e-322 2.32210853545386e-322 2.42092166462211e-322 -2.42092166462211e-322 2.32210853545386e-322 -2.42092166462211e-322 2.37151510003798e-322 -2.42092166462211e-322 -15.3517421149413 0.999999999999637
-2.42092166462211e-322 2.37151510003798e-322 -2.37151510003798e-322 -1.48219693752374e-322 2.37151510003798e-322 -2.22329540628561e-322 -9.88131291682493e-323 -2.37151510003798e-322 2.17388884170148e-322 -2.02566914794911e-322 0.614349266183073 1.00000000112491
-2.42092166462211e-322 2.32210853545386e-322 -2.37151510003798e-322 -1.92685601878086e-322 2.37151510003798e-322 -2.17388884170148e-322 -1.13635098543487e-322 -2.22329540628561e-322 2.02566914794911e-322 -2.12448227711736e-322 -0.0421325254130945 1.00000000008898
-2.37151510003798e-322 2.27270197086973e-322 -2.37151510003798e-322 -1.13635098543487e-322 2.37151510003798e-322 -2.27270197086973e-322 -1.08694442085074e-322 -2.22329540628561e-322 2.22329540628561e-322 -2.17388884170148e-322 1.33712286993769 1.00000000191355
-2.42092166462211e-322 2.27270197086973e-322 -2.27270197086973e-322 -1.18575755001899e-322 2.37151510003798e-322 -2.32210853545386e-322 -8.89318162514244e-323 -2.22329540628561e-322 2.02566914794911e-322 -2.22329540628561e-322 -0.808190100640004 1.00000000009603
-2.42092166462211e-322 2.12448227711736e-322 -2.37151510003798e-322 -1.18575755001899e-322 2.42092166462211e-322 -2.02566914794911e-322 -9.88131291682493e-323 -2.37151510003798e-322 1.63041663127611e-322 -1.82804288961261e-322 -0.806617202501742 0.999999999869559
-2.42092166462211e-322 2.42092166462211e-322 -2.42092166462211e-322 -2.17388884170148e-322 2.42092166462211e-322 -2.42092166462211e-322 2.27270197086973e-322 -2.42092166462211e-322 2.42092166462211e-322 -2.37151510003798e-322 -15.3882739905801 0.999999999999303
-2.42092166462211e-322 2.27270197086973e-322 -2.32210853545386e-322 -1.48219693752374e-322 2.37151510003798e-322 -2.32210853545386e-322 -6.4228533959362e-323 -2.22329540628561e-322 2.12448227711736e-322 -1.97626258336499e-322 -0.0377892137192322 1.0000000001608
-2.42092166462211e-322 2.32210853545386e-322 -2.37151510003798e-322 -1.63041663127611e-322 2.37151510003798e-322 -2.27270197086973e-322 -1.33397724377137e-322 -2.32210853545386e-322 2.07507571253324e-322 -2.17388884170148e-322 -0.829272998595573 1.00000000008271
-2.42092166462211e-322 2.32210853545386e-322 -2.32210853545386e-322 -1.28457067918724e-322 2.32210853545386e-322 -2.37151510003798e-322 -2.07507571253324e-322 -2.27270197086973e-322 2.22329540628561e-322 -2.07507571253324e-322 0.351748438748159 1.00000000093539
-2.42092166462211e-322 2.27270197086973e-322 -2.42092166462211e-322 -1.23516411460312e-322 2.37151510003798e-322 -2.17388884170148e-322 0 -2.27270197086973e-322 2.12448227711736e-322 -1.97626258336499e-322 -0.820846124684706 1.0000000000057
-2.42092166462211e-322 2.42092166462211e-322 -2.42092166462211e-322 2.42092166462211e-322 2.42092166462211e-322 -2.42092166462211e-322 2.42092166462211e-322 -2.42092166462211e-322 2.42092166462211e-322 -2.42092166462211e-322 -15.3147351812548 0.999999999998441
-2.42092166462211e-322 2.27270197086973e-322 -2.37151510003798e-322 -1.77863632502849e-322 2.37151510003798e-322 -2.22329540628561e-322 -1.92685601878086e-322 -2.22329540628561e-322 2.27270197086973e-322 -2.12448227711736e-322 -0.811032760185418 0.99999999947227
-2.42092166462211e-322 2.27270197086973e-322 -2.37151510003798e-322 -6.4228533959362e-323 2.37151510003798e-322 -2.17388884170148e-322 5.43472210425371e-323 -2.37151510003798e-322 2.22329540628561e-322 -2.02566914794911e-322 -0.0210743626816326 1.00000000017408
-2.42092166462211e-322 2.32210853545386e-322 -2.37151510003798e-322 -1.23516411460312e-322 2.27270197086973e-322 -2.32210853545386e-322 2.12448227711736e-322 -2.17388884170148e-322 1.97626258336499e-322 -2.22329540628561e-322 -0.772017580275846 1.00000000004048
-2.42092166462211e-322 2.32210853545386e-322 -2.37151510003798e-322 -1.77863632502849e-322 2.37151510003798e-322 -2.22329540628561e-322 9.88131291682493e-324 -2.32210853545386e-322 2.12448227711736e-322 -2.07507571253324e-322 0.909882087479412 1.00000000027174
