0.991071857630834 0.991074066538566 0.991080854279947 0.991081772385985 0.991082429053501 0.991082672546877 0.991083023029987 0.991083078413663 0.991083466336578 0.991083228822477 9.99999995858402e-11 0.121245529356764
0.993814044348208 0.993815593446965 0.993820353580155 0.993820997436803 0.993821457952264 0.993821628719626 0.993821874515711 0.993821913366922 0.993822185418156 0.99382201886873 9.99999996851366e-11 0.177099192503754
0.993921010557307 0.993922535806222 0.993927222643846 0.993927856585285 0.993928310008725 0.993928478146083 0.993928720156691 0.993928758409392 0.99392902627077 0.993928862286057 9.99999997118034e-11 0.18056377444862
0.990808288464373 0.990810557137039 0.990817528544719 0.990818471496046 0.990819145934472 0.990819396017935 0.99081975598646 0.990819812869765 0.990820211291357 0.990819967350604 9.99999994952756e-11 0.117485266864658
0.983341785268528 0.983345837961627 0.983358292743488 0.983359976948043 0.983361181417693 0.983361627713125 0.983362270335962 0.983362371449558 0.983363082775912 0.98336264641933 9.99999992024624e-11 0.0639073055875302
0.993869150797266 0.993870685518352 0.993875401472861 0.993876039354152 0.993876495595813 0.993876664778424 0.993876908293451 0.993876946784169 0.993877216310693 0.993877051306998 9.99999996859922e-11 0.178621701567815
0.987577175011838 0.987580216641721 0.987589563880947 0.987590827973045 0.987591732032932 0.987592067099072 0.987592549504415 0.987592625519069 0.987593159484529 0.987592832140003 9.99999993890811e-11 0.0862422893000737
0.990539900972928 0.990542235628514 0.990549409859397 0.990550380218556 0.990551074251637 0.990551331581835 0.990551701994552 0.990551760502834 0.990552170487544 0.990551919418339 9.99999995468449e-11 0.114149715993006
0.99078005418978 0.990782331600388 0.990789329856592 0.990790276437516 0.990790953471464 0.990791204516389 0.990791565869476 0.99079162297031 0.990792022924499 0.990791778042968 9.9999999515572e-11 0.117217300481135
0.993697364114787 0.993698938850592 0.993703777772809 0.993704432287841 0.993704900426881 0.993705074021327 0.993705323886582 0.993705363381097 0.993705639936202 0.99370547062972 9.99999996723924e-11 0.17341014592755
0.989138442898993 0.989141117178405 0.989149335001511 0.989150446542535 0.989151241562907 0.989151536356699 0.989151960682328 0.989152027733094 0.989152497387054 0.989152209828306 9.99999993597322e-11 0.0991763368462758
0.991075687497898 0.991077895068934 0.991084678704854 0.991085596255293 0.991086252525302 0.991086495870979 0.99108684614171 0.99108690149142 0.991087289179326 0.991087051808332 9.99999995492923e-11 0.121273577656128
0.986377166889137 0.98638049853689 0.986390736685086 0.986392121410796 0.986393111795095 0.986393478963171 0.986394007511232 0.986394090941359 0.986394675963012 0.986394317595555 9.9999999255667e-11 0.0785489185140956
0.993841431441853 0.99384297674428 0.993847725202296 0.993848367478384 0.993848826863118 0.993848997211006 0.993849242403379 0.993849281158968 0.993849552541975 0.993849386401269 9.99999997077781e-11 0.178222061708994
0.99384412844982 0.993845672683105 0.993850417856991 0.99385105968903 0.993851518756188 0.993851688986335 0.993851934009227 0.993851972738051 0.993852243933477 0.993852077907648 9.99999996816267e-11 0.178253415400907
0.993930063310647 0.993931586838654 0.993936268386152 0.993936901611719 0.993937354523075 0.993937522470484 0.993937764207716 0.993937802417136 0.993938069975933 0.99393790617633 9.9999999703941e-11 0.180879529065511
0.990878538297238 0.990880794423793 0.990887727261262 0.990888664994923 0.990889335701548 0.990889584401955 0.990889942379139 0.990889998948778 0.990890395166096 0.990890152576899 9.99999995628537e-11 0.118643712468189
0.990758050533022 0.990760336586214 0.9907673613878 0.99076831155909 0.990768991161179 0.990769243159071 0.990769605883308 0.990769663201786 0.990770064673419 0.99076981886468 9.99999995244687e-11 0.117101441163291
0.993847392368001 0.993848927630596 0.993853645264147 0.993854283374528 0.99385473978037 0.993854909024052 0.993855152626941 0.993855191131735 0.993855460755569 0.993855295692637 9.99999996978876e-11 0.177429163338599
0.987892885372794 0.987895848286407 0.987904953224543 0.987906184716188 0.987907065515783 0.987907392082714 0.987907862166498 0.98790793640234 0.987908456708626 0.987908138049381 9.99999993607141e-11 0.0884371669246111
0.990182980565827 0.990185400473786 0.990192836623056 0.990193842435932 0.990194561835606 0.990194828590548 0.990195212556134 0.990195273231134 0.990195698213337 0.990195438009608 9.99999994667740e-11 0.109859227302056
0.990579912922541 0.990582245126012 0.990589411738031 0.990590381089027 0.990591074408877 0.990591331492762 0.990591701538117 0.990591760012743 0.990592169587619 0.990591918816086 9.99999995163854e-11 0.11499153606837
0.993978773622852 0.993980284847068 0.993984928587375 0.993985556699188 0.993986005952965 0.993986172544087 0.993986412329126 0.993986450229987 0.993986715628064 0.993986553151265 9.99999997245951e-11 0.182337159140945
0.99389359680076 0.993895120813743 0.993899803877963 0.993900437312283 0.993900890373553 0.993901058376956 0.993901300194663 0.993901338417223 0.993901606065186 0.99390144221176 9.99999997107576e-11 0.178796732642158
0.993898658213598 0.993900190863307 0.99390490043683 0.993905537452677 0.993905993074917 0.99390616202749 0.99390640521155 0.993906443649568 0.993906712809729 0.993906548029601 9.99999997249782e-11 0.180102596540505
0.990770784356759 0.990773068471566 0.990780087311749 0.990781036676764 0.99078171570227 0.990781967486711 0.990782329903444 0.990782387173811 0.990782788305008 0.990782542705635 9.99999995154609e-11 0.117325032014153
0.989307317262526 0.989309949899278 0.989318039844821 0.989319134053479 0.989319916665274 0.989320206831961 0.989320624515515 0.989320690481927 0.989321152788703 0.989320869661855 9.99999994517993e-11 0.100748261718059
0.988109487521861 0.988112405144981 0.988121370885096 0.988122583545958 0.988123450876557 0.988123772449056 0.988124235343803 0.988124308443593 0.988124820792754 0.988124507005396 9.99999993291119e-11 0.0902876179685143
0.989952089933968 0.989954558780062 0.989962145415026 0.989963171552564 0.989963905478898 0.989964177596555 0.989964569297976 0.989964631163449 0.989965064712051 0.989964799202148 9.99999994366338e-11 0.106989793953092
0.993769710467754 0.993771269857375 0.993776061615141 0.99377670974962 0.993777173324821 0.993777345226804 0.993777592656022 0.993777631765377 0.993777905624202 0.993777737968179 9.99999996701069e-11 0.17574241261647
0.987227376623134 0.987230491470709 0.987240063710475 0.987241358252843 0.987242284096719 0.987242627249434 0.987243121288469 0.987243199153404 0.98724374599401 0.98724341078916 9.99999992131507e-11 0.0835408924311518
0.990747310166354 0.99074959742763 0.990756625942002 0.990757576617848 0.990758256581492 0.99075850871478 0.990758871633007 0.990758928983902 0.990759330670048 0.990759084733336 9.99999995575643e-11 0.116896868915028
0.99034866483268 0.990351041416539 0.990358344519634 0.990359332305664 0.990360038801403 0.990360300748334 0.990360677809552 0.990360737362424 0.990361154706703 0.990360899119909 9.99999995447663e-11 0.111634722972798
0.99163552090827 0.99163759273525 0.991643959235561 0.991644820363547 0.991645436277747 0.99164566465942 0.991645993390997 0.991646045337098 0.991646409184914 0.991646186410594 9.99999995705933e-11 0.129566899438554
0.991185630431894 0.991187812042144 0.991194515898138 0.991195422657826 0.991196071209993 0.991196311694345 0.991196657846153 0.991196712545618 0.991197095674505 0.991196861096084 9.99999995357248e-11 0.122860247977322
0.993859157286919 0.993860696238769 0.993865425188721 0.993866064826985 0.993866522325166 0.993866691973577 0.993866936159125 0.993866974755664 0.993867245024323 0.993867079565988 9.99999996834944e-11 0.178531605008292
0.990786941975815 0.990789221007479 0.990796224233704 0.990797171485943 0.990797848999962 0.990798100223079 0.990798461832465 0.990798518974086 0.99079891921186 0.990798674157264 9.99999995226165e-11 0.117471001781161
0.993922088023471 0.993923610760773 0.993928289887362 0.993928922786768 0.993929375465065 0.993929543326241 0.993929784939274 0.993929823129273 0.993930090550628 0.993929926835558 9.99999996950013e-11 0.180331844222272
0.99360865958836 0.993610255690101 0.993615160268944 0.993615823665064 0.99361629815632 0.993616474106328 0.993616727362075 0.993616767392549 0.993617047700315 0.993616876096555 9.99999996898821e-11 0.170918240683796
0.988039803829889 0.988042731971752 0.988051730032423 0.98805294707681 0.988053817546163 0.988054140289499 0.988054604864786 0.988054678239391 0.988055192447549 0.988054877539673 9.99999993508468e-11 0.0895596862975787
0.984807017327131 0.984810715390508 0.984822080059709 0.984823616958472 0.984824716116207 0.984825123467195 0.984825709959833 0.984825802344801 0.984826451526863 0.984826053489695 9.99999991724176e-11 0.0701007275103371
0.991303564676341 0.991305718436692 0.99131233670594 0.991313231890076 0.991313872163293 0.991314109578732 0.991314451312487 0.991314505315075 0.991314883553776 0.991314651971907 9.999999958055e-11 0.124609811655659
0.988413106132429 0.988415947428543 0.988424678622882 0.988425859561613 0.988426704203942 0.988427017365031 0.988427468151458 0.988427539339786 0.988428038286951 0.988427732708897 9.99999993110082e-11 0.0925954062588294
0.993736056113825 0.99373762517846 0.993742446662159 0.993743098816847 0.993743565267394 0.993743738235542 0.993743987199377 0.993744026551233 0.993744302108587 0.993744133412606 9.99999997124473e-11 0.174935808406786
0.98710237497935 0.987105522701734 0.987115195929791 0.987116504142181 0.987117439766971 0.987117786554505 0.98711828581983 0.987118364521413 0.987118917145193 0.987118578420131 9.99999992533111e-11 0.0827931829272102
0.981761837714316 0.981766262402626 0.981779860474127 0.981781699271368 0.981783014295123 0.981783501544727 0.981784203144694 0.981784313524849 0.981785090135526 0.981784613705545 9.99999989625336e-11 0.0582064944058463
0.993792168425685 0.993793724465784 0.993798505924155 0.993799152664507 0.993799615242381 0.993799786774376 0.993800033671118 0.993800072696128 0.993800345965583 0.993800178670032 9.99999997056228e-11 0.176630745323229
0.985003183452811 0.985006838751084 0.985018071923761 0.985019591062312 0.985020677526097 0.985021080190364 0.985021659922739 0.985021751266574 0.985022392962676 0.985021999560915 9.99999993454249e-11 0.0711172264425928
0.992300601721123 0.992302512767672 0.992308385199294 0.992309179496781 0.992309747610275 0.992309958266078 0.992310261483961 0.992310309396684 0.992310645005498 0.99231043951791 9.99999995862287e-11 0.141057877487296
0.990150621821873 0.990153055323971 0.990160533228561 0.990161544687572 0.990162268125414 0.990162536377898 0.990162922498807 0.99016298351471 0.99016341088234 0.990163149218714 9.99999995027906e-11 0.10975148398268
0.984450097026981 0.984453882368809 0.984465515025423 0.984467088261001 0.984468213437544 0.984468630500823 0.98446923092826 0.984469325601478 0.98446999019595 0.984469582887372 9.99999990152423e-11 0.0684955313594935
0.987505446304625 0.987508506727256 0.987517911490558 0.987519183454931 0.987520093175591 0.987520430407615 0.987520915883792 0.987520992473181 0.987521529826119 0.987521200578869 9.99999993419573e-11 0.0857791149771318
0.993965727489467 0.993967242044675 0.993971896020836 0.99397252551715 0.993972975761181 0.99397314271949 0.993973383033057 0.993973421017435 0.9939736870005 0.993973524165529 9.99999997148166e-11 0.181964486393247
0.993788850504874 0.993790406107714 0.993795186226398 0.993795832786124 0.993796295234909 0.993796466719121 0.993796713547048 0.993796752561278 0.993797025754579 0.993796858505827 9.99999996932484e-11 0.176399673957773
0.990207444869347 0.990209865622808 0.990217304344678 0.990218310504989 0.990219030153432 0.990219297001923 0.990219681101128 0.990219741799079 0.990220166928824 0.990219906638307 9.99999995278075e-11 0.110451800858696
0.9901753301106 0.990177756248027 0.990185211525526 0.99018621992469 0.990186941174134 0.990187208615307 0.99018759356834 0.99018765439988 0.990188080474877 0.990187819603041 9.99999995311926e-11 0.109975657630072
0.984838742468619 0.984842428684487 0.984853757752505 0.984855289507113 0.984856384877141 0.984856790583622 0.984857374876914 0.984857466593121 0.984858113381797 0.98485771619496 9.99999991341904e-11 0.070175235399648
0.993903057102023 0.993904587143244 0.993909288705819 0.993909924638801 0.993910379486656 0.993910548152191 0.993910790923044 0.993910829295884 0.993911097998712 0.993910933498815 9.99999996978723e-11 0.180059935677497
0.988193213140998 0.988196107035198 0.988204999851236 0.988206202656518 0.988207062940465 0.988207381905189 0.988207841042787 0.9882079135557 0.988208421745542 0.988208110517882 9.99999993162942e-11 0.0908286964535311
0.993882683137236 0.99388421439053 0.993888919689383 0.993889556129356 0.993890011340108 0.993890180140402 0.993890423105161 0.993890461508851 0.99389073042634 0.993890565795396 9.99999996912565e-11 0.179004736173985
0.984607174857869 0.984610925506909 0.984622451517367 0.984624010337755 0.984625125207408 0.984625538456916 0.98462613338914 0.984626227204815 0.984626885715617 0.984626482152615 9.99999991425956e-11 0.0692621015507473
0.989389936078883 0.989392542719388 0.989400552770295 0.989401636185997 0.989402411082319 0.989402698396583 0.989403111968542 0.989403177296515 0.989403635051141 0.989403354733015 9.99999994584574e-11 0.101311682211058
0.991126250457242 0.991128445942337 0.991135192436287 0.991136104963575 0.991136757641056 0.99113699965519 0.9911373480089 0.991137403056451 0.991137788622447 0.991137552552115 9.99999995489252e-11 0.121989289542293
0.993807846774924 0.993809395987843 0.993814156476204 0.993814800381447 0.993815260931751 0.993815431712078 0.993815677526815 0.993815716381014 0.993815988452913 0.993815821890901 9.99999997065964e-11 0.176755669375056
0.98763751863727 0.987640546835822 0.987649852641898 0.987651111193979 0.987652011312635 0.987652344964418 0.987652825301037 0.987652901051775 0.987653432719493 0.987653106902418 9.99999993661223e-11 0.0866997104298273
0.993755653936534 0.99375722224243 0.99376204138198 0.993762693217904 0.993763159440176 0.9937633323235 0.99376358116529 0.993763620497678 0.993763895919899 0.993763727306324 9.99999996684843e-11 0.175948745940209
0.990019192949286 0.990021658382276 0.990029234410317 0.990030259141207 0.990030992071525 0.990031263843493 0.990031655030579 0.990031716846581 0.990032149821645 0.990031884723854 9.99999994823865e-11 0.108285761070159
0.991514799018697 0.991516903915498 0.991523372015576 0.99152424688917 0.991524872636086 0.991525104666918 0.991525438648799 0.991525491428843 0.991525861087224 0.991525634763482 9.99999996077014e-11 0.127920167349518
0.991524298432245 0.99152640076178 0.991532860976407 0.991533734782345 0.991534359765261 0.991534591511962 0.991534925085457 0.991534977799844 0.99153534700636 0.991535120957127 9.99999996234029e-11 0.12805157234442
0.991000310727096 0.991002536018441 0.991009374111579 0.991010299027317 0.991010960565056 0.99101120586341 0.991011558945252 0.991011614738351 0.99101200553778 0.991011766260109 9.99999995006748e-11 0.120201839060435
0.991147829643424 0.991150021134295 0.991156755347928 0.99115766621481 0.991158317704987 0.991158559279635 0.991158907000189 0.991158961948732 0.991159346813784 0.991159111174625 9.99999995661082e-11 0.122366445016564
0.990507082095757 0.990509430927384 0.99051664863246 0.99051762489821 0.990518323164981 0.990518582085681 0.990518954773228 0.990519013668688 0.990519426167606 0.990519173612099 9.9999999532284e-11 0.11404631615493
0.993923664527815 0.993925189960817 0.993929877361713 0.993930511378989 0.99393096485661 0.99393113301401 0.993931375053485 0.993931413310693 0.993931681204015 0.993931517199644 9.99999997250513e-11 0.180748409938572
0.993747860936434 0.993749425126105 0.993754231635651 0.993754881765702 0.993755346768262 0.993755519199548 0.993755767390627 0.993755806620414 0.993756081322491 0.993755913150245 9.99999996818463e-11 0.175050240444916
0.993895044877219 0.993896573131483 0.993901269214216 0.993901904407603 0.993902358726746 0.993902527196446 0.993902769685339 0.993902808013855 0.993903076404635 0.993902912096223 9.99999996728812e-11 0.179372622698853
0.990524501095922 0.990526840679577 0.990534029988412 0.990535002412137 0.990535697930232 0.990535955829669 0.990536327048735 0.99053638570934 0.990536796583348 0.990536545017335 9.99999995226532e-11 0.114008982596865
0.990991261349988 0.990993490587853 0.991000340799116 0.991001267355247 0.991001930066793 0.991002175801721 0.991002529511013 0.991002585405057 0.991002976898708 0.991002737199427 9.99999995267751e-11 0.12018385672132
0.990193047032769 0.99019546988497 0.990202915068733 0.990203922100092 0.990204642370472 0.990204909447062 0.990205293876372 0.9902053546231 0.99020578011867 0.990205519597676 9.99999994806892e-11 0.110220264801174
0.991789478488766 0.991791510680426 0.991797755388397 0.991798600044111 0.991799204176986 0.991799428190688 0.991799750634664 0.991799801587925 0.991800158476409 0.99179993996449 9.99999996232383e-11 0.131895847435844
0.993992415764439 0.993993925504369 0.993998564678453 0.993999192171958 0.993999640983383 0.993999807410412 0.994000046959273 0.994000084822746 0.994000349959395 0.994000187642542 9.99999997282349e-11 0.183012647144117
0.99045235987398 0.990454716023984 0.990461956242448 0.990462935553028 0.990463635997083 0.990463895723377 0.99046426957182 0.990464328648305 0.990464742432543 0.99046448908541 9.99999994736478e-11 0.113087342991922
0.993911299885729 0.993912824294736 0.99391750856115 0.993918142156113 0.993918595331956 0.993918763377643 0.993919005256262 0.993919043488246 0.993919311203573 0.993919147308535 9.99999997155322e-11 0.179880864376211
0.990141074600261 0.990143507558376 0.990150983806642 0.990151995040168 0.990152718316064 0.990152986506698 0.990153372539893 0.990153433539489 0.990153860810396 0.990153599201292 9.99999994599003e-11 0.109518428828481
0.990472171577884 0.990474527385243 0.990481766536602 0.990482745701292 0.990483446040786 0.990483705728309 0.990484079520863 0.99048413858858 0.990484552310875 0.990484299001809 9.99999995195254e-11 0.113542368405246
0.990186404700341 0.990188825705122 0.990196265224737 0.990197271490258 0.990197991212753 0.990198258085548 0.990198642222026 0.99019870292158 0.990199128093206 0.990198867768816 9.99999994596171e-11 0.109983889773614
0.993819009952258 0.993820558353251 0.993825316340483 0.993825959906619 0.993826420214251 0.993826590904519 0.993826836589642 0.993826875423287 0.993827147351701 0.993826980877412 9.99999996906256e-11 0.17729698204065
0.990516063342323 0.990518406066853 0.990525605019264 0.990526578749101 0.990527275202013 0.990527533449582 0.990527905168679 0.990527963910317 0.9905283753375 0.990528123436663 9.99999995913487e-11 0.11396270777223
0.989345519650818 0.989348135439248 0.989356173716358 0.989357260904872 0.989358038484728 0.989358326760831 0.989358741740499 0.989358807246444 0.989359266564839 0.989358985204095 9.99999994315992e-11 0.100825090187681
0.99101629297555 0.991018510684398 0.991025325491735 0.99102624725775 0.991026906542409 0.991027151004351 0.991027502883008 0.991027558484635 0.99102794795258 0.991027709487553 9.9999999501727e-11 0.120217061188784
0.993911221049018 0.993912749237015 0.993917445104373 0.99391808026692 0.993918534563706 0.993918703024868 0.993918945501573 0.993918983827891 0.993919252205149 0.993919087904513 9.99999997224334e-11 0.180323782191163
0.986819232231139 0.986822454244494 0.986832355494007 0.986833694653115 0.986834652446964 0.986835007531905 0.986835518686551 0.986835599370094 0.986836165140071 0.986835818563582 9.99999994208453e-11 0.0811479400959903
0.99363910699468 0.993640698670491 0.99364558963941 0.993646251193384 0.993646724366853 0.993646899828089 0.993647152380335 0.993647192299509 0.993647471828588 0.993647300701352 9.99999996726956e-11 0.172080262362834
0.993830771322914 0.993832314213491 0.993837055276081 0.993837696553999 0.993838155225154 0.993838325308668 0.993838570120445 0.993838608816116 0.99383887977793 0.993838713895517 9.99999996721405e-11 0.177344347528941
0.990890253659489 0.990892505850603 0.9908994266123 0.990900362706964 0.990901032239393 0.990901280500064 0.990901637847344 0.990901694311619 0.990902089832504 0.990901847658557 9.99999994865334e-11 0.118739187885855
0.988789298049965 0.988792053719929 0.988800521751331 0.988801667100606 0.988802486290268 0.988802790019509 0.988803227225428 0.988803296275941 0.988803780190721 0.988803483832274 9.9999999385353e-11 0.0959348855464185
0.993881581774014 0.993883118160494 0.993887839217897 0.99388847778727 0.993888934520704 0.993889103885366 0.993889347662552 0.993889386194364 0.99388965601101 0.993889490829062 9.99999997044768e-11 0.179528066400593
0.989994044224542 0.989996512667412 0.99000409800359 0.990005123974511 0.990005857785281 0.990006129869068 0.990006521515286 0.990006583384183 0.990007016869982 0.990006751421834 9.99999995502017e-11 0.107883754733162
0.993904778194502 0.993906307247275 0.993911005774285 0.993911641296908 0.993912095851295 0.993912264408029 0.993912507022273 0.993912545370382 0.99391281389988 0.993912649506135 9.99999997266393e-11 0.180047852649939
0.99052999274189 0.990532332409447 0.990539521972939 0.990540494430022 0.990541189971716 0.990541447879479 0.990541819110799 0.990541877772787 0.990542288660405 0.990542037085014 9.99999995478979e-11 0.114144452467154
0.987255505912034 0.987258628465514 0.98726822421417 0.987269521984064 0.987270450153028 0.987270794206121 0.987271289514188 0.987271367631009 0.987271915869444 0.987271579907125 9.99999993278135e-11 0.0841214869670804
