0.995255403744734 0.99525598108777 0.995257756057421 0.99525799626025 0.995258168084226 0.995258231812751 0.995258323537456 0.995258338049199 0.995258439574938 0.995258377445634 9.99999992329981e-11 0.111183196090236
0.997376828217284 0.997377149356458 0.997378136652918 0.997378270262596 0.997378365837814 0.99737840128706 0.997378452308613 0.997378460382 0.997378516855166 0.997378482298516 9.9999999630167e-11 0.202316307046276
0.997434140878083 0.997434455544732 0.997435422941535 0.997435553858106 0.997435647506842 0.997435682241534 0.997435732234645 0.997435740145283 0.997435795480115 0.997435761620002 9.99999996188289e-11 0.207195529116121
0.995876376819142 0.995876878698246 0.995878421663 0.995878630469187 0.995878779834272 0.995878835232994 0.995878914968533 0.995878927583567 0.995879015839051 0.995878961830744 9.99999993665152e-11 0.127951775806328
0.993037040609007 0.993037881591908 0.993040467226357 0.99304081708287 0.993041067328011 0.99304116010402 0.993041293663807 0.993041314742742 0.993041462580351 0.993041372011535 9.99999987808654e-11 0.0752026460084771
0.997407993942513 0.9974083112092 0.997409286600337 0.997409418598893 0.997409513021628 0.997409548043413 0.99740959844973 0.997409606425766 0.997409662217958 0.997409628078006 9.99999996239078e-11 0.204711939566567
0.992966107153594 0.992966956314469 0.992969567080999 0.99296992034314 0.99297017302591 0.992970266709283 0.992970401572766 0.99297042286232 0.992970572142383 0.992970480699196 9.99999987827012e-11 0.0744091639291785
0.995023218022979 0.995023821681502 0.995025677572657 0.995025928720574 0.995026108371898 0.995026174999054 0.995026270898919 0.995026286065192 0.995026392213001 0.99502632724366 9.99999991644489e-11 0.105657998047235
0.995387612761421 0.995388174111478 0.995389899912675 0.995390133461579 0.995390300525792 0.995390362488914 0.99539045167269 0.995390465782386 0.995390564495696 0.995390504087383 9.99999993372072e-11 0.114390706364376
0.997383578923964 0.997383899464624 0.997384884920709 0.997385018281284 0.997385113678302 0.997385149061446 0.997385199987863 0.997385208046189 0.997385264414053 0.997385229921826 9.99999995999674e-11 0.202982808764898
0.995630141037008 0.995630672678167 0.995632307143142 0.995632528331821 0.995632686554439 0.995632745238322 0.995632829702238 0.99563284306528 0.995632936554391 0.9956328793432 9.99999992789888e-11 0.120694299804274
0.995434984085464 0.995435539119563 0.99543724550331 0.995437476424855 0.995437641609746 0.995437702876035 0.995437791056726 0.995437805007986 0.995437902610999 0.995437842882638 9.99999992838656e-11 0.115461390792737
0.995642565188638 0.995643094648095 0.995644722425375 0.995644942701377 0.995645100268597 0.99564515870375 0.995645242813621 0.995645256113092 0.995645349211292 0.995645292224854 9.99999993093459e-11 0.120889175878294
0.997454668714142 0.997454980789533 0.997455940220006 0.997456070058521 0.997456162936093 0.997456197384762 0.997456246966201 0.997456254811702 0.997456309690877 0.997456276109594 9.99999996310248e-11 0.208817981542598
0.997374727066894 0.997375048432487 0.997376036425085 0.997376170128975 0.997376265771587 0.997376301245828 0.997376352303359 0.997376360382438 0.997376416895426 0.997376382314406 9.99999995966227e-11 0.202132788935876
0.997506530440985 0.997506835680304 0.997507774094975 0.997507901089545 0.997507991932769 0.997508025626899 0.997508074122342 0.997508081796013 0.997508135473155 0.997508102627432 9.99999996059316e-11 0.212829109014818
0.99563707976213 0.995637610490161 0.995639242147633 0.995639462956525 0.995639620907519 0.995639679490754 0.995639763809742 0.995639777149987 0.995639870478667 0.995639813365903 9.99999993519330e-11 0.120871118518942
0.995547003383651 0.99554754477451 0.995549209214382 0.995549434459525 0.995549595583847 0.995549655343925 0.995549741356839 0.99554975496491 0.995549850168542 0.995549791908066 9.99999992817465e-11 0.118360778360465
0.997396015579153 0.997396334897108 0.997397316593713 0.997397449445461 0.997397544478489 0.997397579726622 0.99739763045872 0.99739763848629 0.997397694639069 0.997397660278442 9.99999996111823e-11 0.204144982876727
0.995202877307169 0.995203459458721 0.995205249226026 0.995205491426649 0.995205664678092 0.995205728932414 0.995205821416461 0.995205836043453 0.995205938410303 0.995205875756917 9.99999991845293e-11 0.109668855869658
0.995533353542053 0.995533897197974 0.995535568599688 0.995535794787232 0.995535956585786 0.995536016596205 0.995536102969239 0.995536116634648 0.995536212236829 0.995536153733157 9.99999993747355e-11 0.118132526775088
0.995727744944098 0.995728264675658 0.995729862525824 0.995730078759623 0.995730233437915 0.995730290807312 0.995730373379225 0.995730386443048 0.995730477837979 0.995730421908556 9.99999993414181e-11 0.123443800777408
0.997320988108155 0.997321316036638 0.99732232420593 0.997322460640313 0.997322558236136 0.997322594434835 0.997322646535061 0.997322654779135 0.997322712446231 0.997322677159005 9.99999995981703e-11 0.198071693796317
0.997349055641238 0.997349380261452 0.997350378259748 0.997350513317679 0.997350609928875 0.997350645762367 0.997350697336963 0.997350705497859 0.997350762583158 0.997350727651934 9.99999995895430e-11 0.200246401613103
0.997293991261501 0.997294322153049 0.99729533943235 0.997295477099653 0.997295575577431 0.997295612103261 0.997295664674318 0.997295672992904 0.997295731181139 0.997295695575039 9.99999995915588e-11 0.195890634319647
0.995634798956285 0.995635329615157 0.995636961061057 0.995637181841157 0.995637339771491 0.995637398346905 0.995637482654753 0.995637495993019 0.995637589309398 0.995637532203753 9.99999992871759e-11 0.120728258372322
0.994498252378839 0.994498918723443 0.994500967338255 0.994501244566734 0.99450144287409 0.994501516420285 0.994501622279024 0.994501639020377 0.994501756191265 0.994501684475302 9.99999990872142e-11 0.095434109222704
0.995195214997106 0.995195798521588 0.995197592506305 0.995197835278759 0.995198008939625 0.995198073346651 0.995198166049885 0.995198180712699 0.99519828332201 0.995198220522437 9.99999992749086e-11 0.109577242559865
0.994962396330219 0.994963008103704 0.994964888935147 0.994965143461005 0.994965325529624 0.99496539305548 0.99496549024735 0.994965505620903 0.994965613198398 0.994965547359651 9.99999992514629e-11 0.104509217882658
0.99742819440631 0.997428509381432 0.99742947772721 0.997429608772296 0.997429702512977 0.997429737281786 0.997429787323995 0.997429795242416 0.997429850631596 0.997429816738253 9.99999996018360e-11 0.206442900239693
0.994077171978261 0.994077889944828 0.994080097279094 0.994080395980559 0.994080609646138 0.994080688884161 0.994080802938273 0.994080820970268 0.994080947212979 0.994080869934066 9.99999991729811e-11 0.088728904103438
0.995934889657414 0.995935384755285 0.99593690687161 0.995937112856298 0.995937260203057 0.995937314853146 0.995937393511203 0.995937405955707 0.995937493018583 0.995937439739981 9.99999993795829e-11 0.129882656318343
0.995138549306128 0.995139139266563 0.995140953038439 0.995141198488758 0.9951413740652 0.995141439182729 0.995141532908577 0.995141547733209 0.995141651474404 0.995141587982227 9.99999992565355e-11 0.108217852046702
0.995783357313002 0.995783870491364 0.995785448195213 0.995785661702193 0.995785814429769 0.995785871075347 0.99578595260568 0.995785965504303 0.995786055746408 0.995786000521675 9.99999992660698e-11 0.125124140004654
0.995331719188487 0.995332287038614 0.995334032823439 0.995334269076936 0.995334438075899 0.995334500756755 0.99533459097347 0.995334605246781 0.995334705103381 0.9953346439958 9.999999924089e-11 0.112959838444835
0.997355217833116 0.997355541938329 0.997356538352972 0.997356673196535 0.997356769654379 0.997356805430984 0.997356856923707 0.997356865071639 0.997356922066315 0.997356887190528 9.99999996095234e-11 0.200858327479099
0.996081350621315 0.996081827866638 0.996083295097341 0.996083493654574 0.996083635688292 0.996083688367874 0.996083764189725 0.996083776185606 0.996083860109209 0.996083808751878 9.99999993530791e-11 0.134732106083638
0.99741230492279 0.997412621952313 0.997413596613895 0.997413728513666 0.997413822865726 0.997413857861293 0.997413908229875 0.997413916199934 0.997413971950359 0.997413937835957 9.9999999575353e-11 0.205243366549407
0.997407591231937 0.997407908815248 0.997408885179399 0.997409017309576 0.997409111826453 0.99740914688315 0.997409197339715 0.997409205323694 0.997409261171504 0.997409226997506 9.99999996033824e-11 0.204848837704247
0.994896755487176 0.994897374363736 0.994899277037928 0.994899534518249 0.994899718699765 0.994899787008108 0.994899885327041 0.994899900877325 0.99490000970252 0.994899943097207 9.99999991891356e-11 0.103019053457551
0.993385604462909 0.993386404253984 0.9933888631939 0.993389195927187 0.993389433930896 0.993389522182833 0.993389649219774 0.993389669288423 0.993389809903441 0.993389723796067 9.99999989384225e-11 0.079253324848713
0.995174685089975 0.995175271737331 0.99517707531285 0.995177319386896 0.995177493980063 0.995177558735636 0.9951776519386 0.995177666684172 0.995177769846135 0.995177706715448 9.99999992509028e-11 0.109226428937721
0.994566017792702 0.994566677605883 0.994568706130639 0.994568980643167 0.9945691770087 0.994569249836922 0.994569354660702 0.994569371241324 0.994569487266267 0.994569416257336 9.99999992758276e-11 0.0968716789539789
0.997336449069163 0.997336774777177 0.997337776120432 0.997337911631123 0.997338008566207 0.997338044519843 0.997338096267354 0.997338104455622 0.997338161732314 0.997338126683992 9.99999996035013e-11 0.19902100777453
0.994416742576364 0.994417418496704 0.994419496581756 0.994419777785823 0.994419978932891 0.994420053523144 0.994420160891008 0.994420177858843 0.994420296701676 0.994420223939044 9.99999991069152e-11 0.0940022747304468
0.991258231792822 0.991259284869097 0.991262522618387 0.991262960702686 0.991263274052478 0.991263390217462 0.991263557452427 0.99126358383743 0.991263768951291 0.99126365552953 9.99999987754063e-11 0.059744439616347
0.997345174505454 0.997345499355972 0.997346498062676 0.997346633216521 0.997346729896335 0.997346765755285 0.997346817366518 0.997346825533215 0.997346882659069 0.997346847703037 9.99999995984532e-11 0.199802707189941
0.993656392896525 0.993657160693527 0.993659521263379 0.993659840687128 0.993660069171051 0.993660153894211 0.993660275850729 0.993660295118364 0.99366043010974 0.993660347449077 9.99999991570082e-11 0.0827177687751196
0.995771142450217 0.995771657531384 0.995773241083847 0.995773455382522 0.995773608676503 0.995773665532365 0.995773747365213 0.995773760311977 0.99577385088888 0.995773795459801 9.99999992883194e-11 0.124863540310686
0.995196888749903 0.995197472839252 0.995199268548941 0.995199511559055 0.99519968539134 0.995199749865112 0.995199842662194 0.995199857344098 0.995199960056738 0.995199897202057 9.99999992696167e-11 0.109758435554536
0.993321790323846 0.993322597943512 0.993325080923071 0.993325416921365 0.993325657264503 0.99332574639269 0.993325874684838 0.993325894963538 0.993326036966425 0.993325950031697 9.99999990727234e-11 0.0785061862526429
0.992580028092462 0.992580923541785 0.992583676561944 0.992584049098192 0.992584315575904 0.992584414392555 0.992584556632647 0.992584579111742 0.992584736553773 0.992584640158883 9.99999988149759e-11 0.0705096010112133
0.997401314402075 0.997401632778203 0.997402611579735 0.997402744039756 0.99740283879258 0.997402873936789 0.997402924519312 0.99740293252322 0.997402988510444 0.997402954251134 9.99999996065098e-11 0.204373912769047
0.997368923630795 0.997369245652922 0.997370235664022 0.997370369641087 0.997370465479109 0.997370501025833 0.997370552187684 0.997370560283272 0.997370616911726 0.997370582260056 9.99999995853053e-11 0.201655305545968
0.995742195370046 0.995742714129259 0.995744308988603 0.995744524817631 0.995744679206394 0.995744736468479 0.995744818885882 0.995744831925365 0.995744923149254 0.995744867324702 9.99999993550062e-11 0.124051648074592
0.995990252134596 0.995990740839045 0.995992243298307 0.995992446623105 0.995992592067261 0.995992646011914 0.995992723654474 0.995992735938625 0.995992821877451 0.995992769287308 9.99999994584358e-11 0.131770712260868
0.993106461088942 0.993107294771452 0.993109857978204 0.993110204791865 0.993110452857849 0.993110544820115 0.993110677212515 0.993110698099399 0.99311084464581 0.99311075485306 9.99999990540617e-11 0.0760605537316656
0.997367422167792 0.99736774453281 0.997368735597853 0.997368869717513 0.997368965657536 0.997369001242087 0.997369052458384 0.997369060562585 0.997369117251302 0.997369082562749 9.99999996078545e-11 0.201641117296514
0.994923584651819 0.994924200867612 0.994926095358759 0.994926351732391 0.994926535122512 0.994926603137917 0.994926701034808 0.994926716519109 0.994926824877063 0.994926758559192 9.99999992194141e-11 0.103664463685821
0.997403893731189 0.997404212425865 0.997405192205786 0.99740532479808 0.997405419645502 0.997405454824783 0.997405505457789 0.99740551346967 0.997405569512766 0.997405535219238 9.99999996252928e-11 0.204984244500889
0.993226156071483 0.993226975732673 0.993229495732188 0.993229836740082 0.993230080666667 0.993230171123815 0.993230301328821 0.993230321909999 0.993230466030154 0.99323037779945 9.99999990446358e-11 0.0774431378388764
0.994358650187574 0.994359333686871 0.994361435037961 0.994361719404531 0.994361922818434 0.994361998259659 0.994362106845193 0.994362124019345 0.994362244208216 0.994362170648049 9.99999990383549e-11 0.0931055251672483
0.995887289299487 0.99588778996022 0.995889329179619 0.995889537478709 0.995889686480977 0.995889741744968 0.995889821286701 0.995889833870853 0.99588992191185 0.995889868034379 9.99999993689849e-11 0.128320073806411
0.997385795596178 0.99738611556386 0.99738709925884 0.997387232381153 0.997387327607747 0.997387362927692 0.997387413763142 0.997387421807086 0.997387478074262 0.997387443643671 9.99999995780096e-11 0.202964922529318
0.994553220751835 0.994553881175731 0.994555911602404 0.99455618636294 0.994556382902765 0.994556455788696 0.99455656070039 0.994556577285636 0.994556693409073 0.994556622322086 9.99999992916696e-11 0.0965078423266599
0.997443339528734 0.99744365288234 0.997444616242667 0.997444746613026 0.997444839871047 0.997444874460827 0.997444924245367 0.997444932123009 0.997444987226985 0.997444953508146 9.99999996103647e-11 0.207820279714218
0.995114729673812 0.995115323324614 0.995117148431576 0.995117395419576 0.995117572097214 0.995117637625979 0.995117731941753 0.995117746863479 0.99511785125715 0.995117787372893 9.99999992477221e-11 0.107833915875297
0.995820723176641 0.995821231750628 0.995822795297385 0.995823006889198 0.99582315824702 0.995823214385053 0.995823295184533 0.99582330796818 0.995823397401255 0.995823342672861 9.9999999371191e-11 0.126228823539177
0.995059412810504 0.995060012566512 0.995061856444712 0.995062105972842 0.995062284467447 0.995062350669935 0.995062445955531 0.995062461030451 0.995062566497608 0.995062501955961 9.99999991738308e-11 0.106516030903968
0.99541383314025 0.995414391032054 0.995416106200887 0.995416338311315 0.995416504346661 0.995416565928423 0.995416654563142 0.995416668586294 0.995416766691839 0.99541670665607 9.99999992868012e-11 0.114989245262142
0.995560589385282 0.995561128982546 0.995562787908757 0.995563012407641 0.995563172998103 0.995563232560084 0.995563318287938 0.995563331850784 0.995563426738917 0.995563368671271 9.9999999300667e-11 0.118691389017255
0.995853232601074 0.995853737602452 0.995855290165118 0.995855500270394 0.995855650564839 0.995855706308458 0.995855786540263 0.995855799234084 0.995855888038824 0.995855833694915 9.99999993507402e-11 0.127315279741757
0.997393906631872 0.997394225958829 0.997395207683478 0.99739534053907 0.997395435574857 0.997395470824016 0.997395521557592 0.997395529585403 0.997395585739819 0.997395551378198 9.99999995966464e-11 0.203819054747707
0.997461872137129 0.99746218299791 0.997463138694724 0.997463268028034 0.997463360544226 0.997463394858864 0.997463444247393 0.997463452062376 0.997463506728031 0.997463473277415 9.99999996305074e-11 0.209184769896384
0.997400709835759 0.997401028341831 0.997402007542769 0.99740214005683 0.997402234848309 0.997402270006857 0.997402320610014 0.99740232861719 0.997402384627251 0.997402350353968 9.99999996156198e-11 0.204362490657474
0.99595475971736 0.995955252793314 0.995956768692471 0.995956973835918 0.995957120580961 0.995957175008009 0.995957253344947 0.995957265738826 0.995957352446245 0.995957299385509 9.99999993980959e-11 0.130627587515286
0.995329434199576 0.995330002435611 0.995331749406472 0.995331985820546 0.995332154934401 0.995332217657938 0.995332307936033 0.995332322219147 0.995332422143672 0.995332360994697 9.99999992963409e-11 0.112925037141758
0.99594990393798 0.995950397363045 0.995951914335617 0.995952119624471 0.995952266473568 0.995952320939285 0.995952399331828 0.995952411734605 0.99595249850356 0.995952445405356 9.99999993832131e-11 0.130405330391485
0.995699344439236 0.995699867935895 0.995701477361718 0.995701695161634 0.995701850960094 0.995701908744707 0.995701991914414 0.995702005072486 0.995702097129125 0.995702040794135 9.99999992922866e-11 0.122700627753178
0.997404727895442 0.997405045869137 0.997406023433422 0.997406155726006 0.997406250359056 0.99740628545884 0.997406335977422 0.997406343971214 0.997406399887666 0.997406365671663 9.99999996139975e-11 0.204654593623868
0.995866645630611 0.995867148839396 0.99586869589147 0.995868905250924 0.995869055011827 0.995869110557478 0.995869190504402 0.995869203153041 0.995869291642478 0.995869237491309 9.99999993594238e-11 0.127687396603755
0.997428838770996 0.997429153729317 0.997430122023355 0.99743025306142 0.997430346797077 0.997430381564019 0.997430431603541 0.997430439521531 0.997430494907737 0.997430461016203 9.99999996006766e-11 0.206532543394275
0.995053968376165 0.995054569477574 0.995056417490355 0.995056667578166 0.995056846473196 0.995056912824395 0.995057008323891 0.995057023432918 0.995057129136789 0.995057064450794 9.99999992101508e-11 0.106521050820551
0.995754431188584 0.995754948145207 0.995756537463014 0.995756752542243 0.995756906394684 0.995756963457906 0.995757045589049 0.995757058583311 0.995757149490343 0.995757093859828 9.99999993213383e-11 0.124333102888456
0.995454295221623 0.995454847832167 0.995456546765774 0.995456776678844 0.995456941142252 0.995457002140746 0.99545708993614 0.995457103826169 0.995457201002749 0.995457141534829 9.99999992347201e-11 0.115935931586696
0.997516591146641 0.997516895646796 0.997517831788284 0.997517958475124 0.997518049098202 0.997518082710667 0.997518131088573 0.997518138743631 0.997518192290676 0.997518159524535 9.99999996185385e-11 0.214035344714597
0.995572859472792 0.995573397754084 0.995575052633582 0.995575276585077 0.99557543678406 0.99557549620104 0.995575581720057 0.995575595250127 0.99557568990707 0.995575631981407 9.99999993068197e-11 0.119060433127348
0.993562918610682 0.993563697921923 0.993566093847791 0.993566418074021 0.993566649999167 0.993566736011639 0.993566859814798 0.993566879391962 0.993567016425091 0.993566932548231 9.99999990449036e-11 0.0815352962784391
0.995421829431624 0.995422386695009 0.99542409993199 0.995424331780644 0.995424497628637 0.995424559140708 0.995424647675259 0.995424661682294 0.995424759676999 0.995424699708543 9.99999992674016e-11 0.11526102141392
0.997402230101769 0.997402548410334 0.997403527004079 0.997403659435973 0.997403754168675 0.997403789305422 0.997403839877202 0.997403847879412 0.997403903854745 0.997403869602711 9.99999996071818e-11 0.204473874865351
0.99307890027196 0.993079737628388 0.993082312018491 0.993082660391798 0.993082909588665 0.99308300200403 0.993083135025064 0.993083156056448 0.993083303292938 0.993083213164143 9.99999988810228e-11 0.0757832228294248
0.997439756009214 0.997440069581148 0.99744103361302 0.9974411640743 0.997441257397366 0.997441292011276 0.997441341830545 0.997441349713683 0.997441404856101 0.997441371113746 9.99999996091178e-11 0.207382091915347
0.997380051888349 0.997380372389506 0.997381357724838 0.997381491069168 0.997381586454583 0.997381621833433 0.997381672753669 0.997381680811028 0.997381737172052 0.997381702684032 9.99999996135701e-11 0.20241075671835
0.995385945054133 0.995386506831553 0.995388233945295 0.995388467672193 0.99538863486386 0.995388696874551 0.995388786126581 0.995388800247476 0.995388899036283 0.995388838582532 9.99999992923071e-11 0.114394829960039
0.994798892092888 0.99479952275945 0.994801461682566 0.994801724067632 0.994801911757403 0.994801981366382 0.994802081557715 0.994802097403487 0.994802208301248 0.994802140426189 9.99999991509552e-11 0.10106838798959
0.997406677115938 0.99740699454362 0.997407970429721 0.99740810249526 0.997408196965909 0.997408232005466 0.997408282437361 0.997408290417444 0.997408346237947 0.99740831208067 9.99999996002667e-11 0.204610183217845
0.994006246668639 0.994006973246532 0.994009207035615 0.994009509325337 0.994009725560392 0.994009805757372 0.994009921187555 0.99400993944522 0.994010067210029 0.994009989014906 9.99999990725967e-11 0.0876785327943963
0.997411337834399 0.997411655061059 0.99741263032859 0.997412762310345 0.997412856721049 0.997412891738364 0.997412942138251 0.997412950113261 0.997413005898333 0.997412971762725 9.99999996106736e-11 0.205215643928716
0.995518020282721 0.995518565704468 0.995520242535289 0.995520469457499 0.995520631781564 0.995520691986847 0.995520778640382 0.995520792350111 0.995520888262775 0.99552082956899 9.99999993813892e-11 0.11770603251481
0.993687455376899 0.99368821996518 0.993690570642038 0.993690888738268 0.993691116276309 0.993691200656919 0.993691322114619 0.993691341314407 0.993691475752256 0.993691393451532 9.99999991096685e-11 0.0831836328376814
