0.998790048690541 0.99879009161022 0.998790223605279 0.998790241474185 0.99879025425742 0.998790258999506 0.998790265824482 0.998790266905202 0.998790274459577 0.998790269838374 9.9999998700449e-11 0.126299150835315
0.999410940941663 0.99941096187208 0.999411026241333 0.999411034955389 0.999411041189346 0.999411043501925 0.999411046830256 0.999411047357321 0.999411051041352 0.999411048787795 9.99999992455365e-11 0.259859356629609
0.999410447323145 0.999410468276244 0.999410532715245 0.999410541438741 0.999410547679453 0.999410549994538 0.999410553326474 0.999410553854111 0.999410557542134 0.999410555286136 9.99999992399464e-11 0.259705565176714
0.998777022610371 0.998777065989588 0.998777199397926 0.99877721745815 0.99877723037825 0.998777235171105 0.998777242069151 0.998777243161436 0.998777250796692 0.998777246126002 9.99999985607680e-11 0.124946600574167
0.997773329993357 0.997773408806439 0.997773651191752 0.997773684003268 0.997773707475792 0.99777371618207 0.997773728713234 0.997773730696014 0.997773744566601 0.997773736078738 9.99999980860833e-11 0.0684819277567367
0.999392278608385 0.9993923002044 0.999392366620627 0.999392375611792 0.999392382043992 0.999392384430112 0.999392387864285 0.99939238840811 0.999392392209296 0.999392389884075 9.99999992823701e-11 0.251908316138746
0.99825513078285 0.998255192571949 0.998255382600213 0.998255408324486 0.998255426727073 0.998255433553056 0.998255443377715 0.998255444932537 0.998255455807288 0.998255449153222 9.99999986989152e-11 0.0874325547106364
0.998560803569625 0.998560854586618 0.998561011484414 0.998561032724437 0.9985610479193 0.998561053555929 0.998561061668418 0.998561062952908 0.998561071932409 0.998561066439222 9.99999984746954e-11 0.106109828210038
0.998807563219685 0.998807605519342 0.998807735607589 0.998807753218357 0.998807765816924 0.998807770490503 0.998807777216883 0.99880777828199 0.998807785727233 0.998807781172786 9.99999988341213e-11 0.128157955139693
0.999433021850283 0.999433042003318 0.999433103981819 0.999433112372223 0.999433118374642 0.99943312060133 0.999433123806042 0.99943312431353 0.999433127860731 0.999433125690876 9.99999991781535e-11 0.27007591923523
0.998636157083086 0.998636205441023 0.998636354160903 0.99863637429394 0.998636388696914 0.998636394039859 0.998636401729614 0.99863640294727 0.998636411458844 0.998636406252097 9.99999986595963e-11 0.112000121412298
0.998791659670756 0.998791702539274 0.998791834376978 0.998791852224588 0.99879186499259 0.99879186972903 0.998791876545878 0.998791877625316 0.998791885170692 0.998791880555006 9.99999987783134e-11 0.12648514459463
0.998414305109573 0.998414361297976 0.998414534100377 0.998414557493304 0.998414574228272 0.998414580436082 0.99841458937073 0.998414590785222 0.998414600674771 0.998414594624529 9.99999984838475e-11 0.0962697357286386
0.999395115974034 0.999395137472307 0.999395203587937 0.999395212538409 0.999395218941496 0.999395221316818 0.999395224735447 0.999395225276811 0.999395229060793 0.999395226746095 9.99999992933377e-11 0.253126450337656
0.99939770466983 0.999397726079241 0.999397791921591 0.999397800835066 0.999397807211687 0.999397809577191 0.999397812981689 0.999397813520816 0.999397817289156 0.999397814984027 9.99999993106254e-11 0.254251749677497
0.999420887160436 0.999420907744608 0.999420971049019 0.999420979618919 0.999420985749748 0.999420988024072 0.999420991297342 0.999420991815688 0.999420995438775 0.999420993222498 9.99999991773683e-11 0.264414131101863
0.998828202581785 0.998828244158997 0.9988283720254 0.998828389335399 0.998828401718803 0.998828406312578 0.998828412924091 0.998828413971023 0.998828421289122 0.998828416812481 9.99999988869516e-11 0.130445784130965
0.998910814866885 0.998910853508163 0.998910972345438 0.998910988433102 0.998910999942055 0.998911004211432 0.998911010356069 0.99891101132906 0.998911018130386 0.998911013969843 9.99999987329226e-11 0.140322549726644
0.99942423965652 0.999424260127644 0.999424323084388 0.999424331607222 0.999424337704381 0.999424339966214 0.999424343221507 0.999424343737006 0.999424347340193 0.99942434513609 9.99999992625035e-11 0.266033545490699
0.998848174096367 0.998848214951484 0.998848340597354 0.99884835760667 0.998848369774945 0.998848374288857 0.998848380785471 0.998848381814133 0.998848389005061 0.99884838460607 9.9999998658472e-11 0.132664130422596
0.99883855647741 0.998838597676756 0.998838724381078 0.998838741533759 0.998838753804616 0.998838758356637 0.998838764908061 0.998838765945474 0.998838773197061 0.998838768761101 9.99999987809805e-11 0.131575066707563
0.998778344303336 0.998778387632866 0.998778520888379 0.998778538927921 0.99877855183323 0.9987785566206 0.998778563510754 0.998778564601795 0.998778572228312 0.998778567562981 9.99999986097127e-11 0.125073613597474
0.999414751977775 0.999414772781764 0.999414836762197 0.999414845423612 0.999414851619913 0.999414853918523 0.999414857226748 0.999414857750629 0.999414861412407 0.999414859172464 9.9999999222502e-11 0.261664078121844
0.999412041874751 0.999412062773319 0.999412127044626 0.999412135745417 0.999412141969888 0.99941214427895 0.999412147602216 0.999412148128477 0.999412151806903 0.999412149556776 9.99999992898427e-11 0.260436464835217
0.999400539659886 0.999400560964659 0.999400626485203 0.999400635355114 0.99940064170057 0.999400644054511 0.999400647442371 0.999400647978863 0.999400651728786 0.999400649434923 9.99999992944926e-11 0.255407705393269
0.998794210466961 0.998794253240283 0.998794384785221 0.998794402593198 0.99879441533285 0.998794420058774 0.998794426860487 0.998794427937529 0.998794435466154 0.998794430860718 9.99999987136713e-11 0.126738815538424
0.998533202981288 0.998533254979823 0.998533414896258 0.998533436544923 0.998533452032125 0.998533457777196 0.99853346604576 0.998533467354959 0.998533476507217 0.998533470908337 9.99999984404867e-11 0.10411943854053
0.998635137914423 0.998635186308122 0.998635335138219 0.998635355286076 0.998635369699618 0.998635375046411 0.998635382741754 0.998635383960196 0.99863539247797 0.998635387267242 9.99999987536206e-11 0.11191599493469
0.998601580506349 0.99860163008359 0.998601782553468 0.998601803194102 0.998601817960183 0.998601823437781 0.998601831321365 0.998601832569651 0.998601841295779 0.998601835957667 9.9999998562228e-11 0.109216419455962
0.999417920471795 0.999417941163902 0.999418004800258 0.999418013415095 0.999418019578072 0.999418021864321 0.999418025154756 0.999418025675819 0.999418029317904 0.999418027090007 9.99999992646829e-11 0.263098579937428
0.99850769742321 0.998507750303765 0.998507912933431 0.998507934949128 0.998507950698812 0.998507956541053 0.998507964949608 0.998507966280708 0.998507975587951 0.998507969893752 9.99999983390909e-11 0.102297625530164
0.998698139838231 0.998698186022415 0.998698328057101 0.998698347285135 0.998698361040682 0.998698366143465 0.998698373487565 0.998698374650496 0.998698382779472 0.99869837780679 9.99999986573948e-11 0.117393584632848
0.998812679020789 0.998812721123055 0.99881285060449 0.998812868133015 0.998812880672715 0.998812885324386 0.998812892019286 0.998812893079314 0.998812900489722 0.998812895956405 9.99999987757022e-11 0.128661916457055
0.99882187884276 0.998821920635219 0.998822049163608 0.998822066563218 0.998822079010727 0.998822083628278 0.998822090274015 0.998822091326359 0.998822098682338 0.998822094182514 9.99999987844345e-11 0.129717253061106
0.998785266487275 0.998785309576161 0.998785442091581 0.998785460030939 0.99878547286458 0.998785477625371 0.998785484477261 0.998785485562253 0.998785493146419 0.99878548850701 9.99999986612283e-11 0.125800621687405
0.999398152452228 0.999398173852918 0.999398239668442 0.999398248578285 0.999398254952308 0.999398257316847 0.999398260719957 0.999398261258865 0.999398265025669 0.999398262721479 9.99999992714831e-11 0.25452631740454
0.999022218871271 0.999022253579725 0.999022360321964 0.999022374772265 0.99902238510987 0.999022388944729 0.999022394463988 0.999022395337962 0.999022401447073 0.999022397709996 9.99999987206048e-11 0.156398181382591
0.999416006605073 0.999416027366981 0.999416091217996 0.999416099861894 0.99941610604566 0.999416108339622 0.999416111641155 0.999416112163975 0.999416115818347 0.999416113582934 9.99999992674041e-11 0.262258297251128
0.999412083992543 0.999412104891326 0.999412169163292 0.999412177864174 0.999412184088709 0.999412186397793 0.999412189721092 0.999412190247362 0.999412193925824 0.999412191675673 9.99999992713644e-11 0.260476715855431
0.998263651514973 0.998263713027772 0.998263902204378 0.998263927814153 0.998263946135092 0.998263952931366 0.998263962712862 0.998263964261625 0.998263975088504 0.998263968465208 9.99999986299352e-11 0.0878966329894598
0.998454879857059 0.998454934617143 0.998455103027299 0.998455125825453 0.99845514213487 0.998455148184691 0.998455156892046 0.99845515827038 0.998455167908365 0.998455162011692 9.99999982655878e-11 0.0988152195513355
0.998776485437006 0.998776528840144 0.99877666232202 0.998776680392207 0.99877669331944 0.998776698114946 0.998776705016806 0.998776706109704 0.998776713749178 0.998776709075926 9.9999998491632e-11 0.124905705493983
0.998506044856402 0.998506097806582 0.998506260649739 0.9985062826946 0.998506298465229 0.998506304315431 0.998506312735312 0.998506314068457 0.998506323388204 0.998506317686844 9.99999985061601e-11 0.102205213389539
0.999386694612358 0.999386716410159 0.999386783446957 0.999386792522133 0.999386799014432 0.999386801422848 0.999386804889109 0.999386805438016 0.999386809274718 0.999386806927771 9.99999992889441e-11 0.249652939854841
0.998099904396752 0.998099971681366 0.998100178609937 0.998100206622349 0.998100226661929 0.998100234095355 0.998100244794141 0.998100246487622 0.998100258329891 0.998100251084436 9.9999998207268e-11 0.0802877546879048
0.998626684815967 0.998626733479351 0.998626883140565 0.998626903400223 0.998626917893512 0.998626923269367 0.998626931006902 0.998626932231329 0.99862694079589 0.99862693555521 9.99999984548084e-11 0.111160341338838
0.999407745379717 0.999407766426 0.999407831151586 0.999407839913879 0.999407846182347 0.999407848507728 0.999407851854483 0.999407852384464 0.99940785608889 0.999407853822859 9.99999992422989e-11 0.258485771962413
0.998435289246919 0.99843534468609 0.998435515185075 0.998435538265855 0.998435554777409 0.998435560902108 0.998435569717304 0.998435571112566 0.998435580869937 0.998435574899953 9.99999986247059e-11 0.0975515196620598
0.998944325834493 0.998944363298883 0.998944478516749 0.998944494114435 0.998944505272861 0.998944509412209 0.9989445153697 0.998944516313058 0.998944522907238 0.998944518873415 9.9999998767835e-11 0.144823424570761
0.998780559648222 0.998780602902718 0.998780735927499 0.998780753935794 0.998780766818744 0.998780771597814 0.998780778476024 0.998780779565164 0.998780787178463 0.998780782521197 9.99999986551568e-11 0.125311190639562
0.998472658810947 0.998472712933381 0.998472879382246 0.998472901915 0.998472918034589 0.998472924014072 0.998472932620137 0.998472933982538 0.998472943508395 0.99847293768052 9.99999984681425e-11 0.0999512651707529
0.998085178467852 0.998085246268565 0.998085454784294 0.99808548301159 0.998085503204903 0.998085510695374 0.998085521476248 0.99808552318275 0.998085535115878 0.998085527814881 9.99999981903706e-11 0.0796639408223794
0.999402614892889 0.999402636123941 0.999402701417763 0.999402710256982 0.99940271658048 0.999402718926276 0.999402722302413 0.999402722837048 0.999402726573995 0.99940272428807 9.99999992699709e-11 0.256295300818335
0.99943133177421 0.999431351989297 0.99943141415863 0.999431422574866 0.999431428595767 0.99943143082931 0.999431434043889 0.999431434552941 0.999431438111065 0.999431435934527 9.99999991979223e-11 0.269299636791779
0.998765019719845 0.99876506353246 0.998765198273634 0.998765216514304 0.9987652295635 0.998765234404252 0.998765241371229 0.998765242474442 0.998765250185992 0.998765245468656 9.99999985831875e-11 0.123753886894839
0.998774636465795 0.998774679926739 0.998774813586411 0.998774831680665 0.998774844625113 0.998774849427002 0.99877485633805 0.998774857432398 0.998774865082044 0.998774860402561 9.99999989363327e-11 0.124694969535694
0.997984922089617 0.997984993416694 0.997985212780569 0.997985242475122 0.997985263717664 0.997985271596398 0.997985282936745 0.997985284730556 0.997985297283113 0.997985289600739 9.99999981612801e-11 0.0756769958388345
0.999421478894783 0.999421499456746 0.999421562692852 0.999421571253506 0.99942157737772 0.99942157964959 0.999421582919329 0.999421583437115 0.999421587056293 0.999421584842408 9.99999992349217e-11 0.264669633118551
0.998332082026955 0.998332141113481 0.998332322828495 0.998332347428085 0.998332365026323 0.998332371554454 0.998332380950063 0.998332382437654 0.998332392837414 0.998332386475268 9.99999983646838e-11 0.0914997727300517
0.999421976926441 0.999421997475776 0.999422060673049 0.999422069228445 0.999422075348898 0.999422077619372 0.999422080887103 0.999422081404571 0.999422085021525 0.999422082809 9.99999992269345e-11 0.264963470754599
0.998163046593959 0.998163111649922 0.998163311724125 0.998163338808776 0.998163358184698 0.998163365372042 0.998163375716581 0.998163377354117 0.99816338880426 0.998163381798963 9.99999986843571e-11 0.0830566542389751
0.998517321575365 0.998517374136483 0.998517535783051 0.998517557665951 0.998517573320726 0.998517579127971 0.998517587486012 0.998517588809396 0.99851759806069 0.998517592401258 9.99999982757306e-11 0.103003330589786
0.998661512768262 0.998661560248647 0.998661706269672 0.998661726037359 0.998661740178966 0.998661745424961 0.998661752975178 0.998661754170747 0.998661762527869 0.99866175741562 9.99999986461362e-11 0.114173497058804
0.999417873636632 0.999417894328738 0.99941795796509 0.999417966579926 0.999417972742904 0.999417975029153 0.999417978319586 0.99941797884065 0.999417982482735 0.999417980254838 9.99999992394122e-11 0.263056398465364
0.998699702973326 0.998699749063535 0.99869989081002 0.998699909998713 0.998699923726007 0.998699928818069 0.998699936146908 0.998699937307102 0.998699945419227 0.998699940456241 9.9999998634575e-11 0.11743752413403
0.999425653883285 0.999425674301233 0.999425737094443 0.999425745595137 0.999425751676458 0.999425753932416 0.999425757179254 0.999425757693412 0.999425761287242 0.999425759088864 9.99999992292093e-11 0.26665078613055
0.998784047529983 0.99878409066687 0.998784223329905 0.998784241289246 0.998784254137182 0.998784258903278 0.998784265762803 0.998784266849003 0.998784274441619 0.998784269797042 9.99999988758517e-11 0.125688410799854
0.998705086946385 0.998705132875255 0.998705274124776 0.998705293246511 0.998705306926009 0.998705312000575 0.998705319304067 0.998705320460561 0.998705328544592 0.998705323599388 9.99999986450683e-11 0.118000557497289
0.998777992917458 0.99877803626385 0.998778169571236 0.998778187617793 0.99877820052812 0.998778205317351 0.998778212210179 0.998778213301641 0.998778220931121 0.99877821626397 9.99999987231197e-11 0.125050414795342
0.998767554170629 0.998767597905054 0.998767732405736 0.998767750613859 0.998767763639773 0.998767768471896 0.998767775426449 0.998767776527704 0.998767784225501 0.998767779516597 9.9999998715782e-11 0.124041692499244
0.998931144247072 0.998931182179301 0.998931298835939 0.998931314628406 0.998931325926183 0.99893133011723 0.998931336149126 0.998931337104274 0.998931343780809 0.998931339696626 9.99999987440123e-11 0.143037523211077
0.998831385247013 0.998831426703986 0.998831554200642 0.998831571460572 0.998831583808155 0.998831588388629 0.998831594981009 0.998831596024897 0.998831603321818 0.998831598858106 9.99999987353734e-11 0.130777906671063
0.999385076331275 0.999385098188878 0.999385165409592 0.999385174509665 0.999385181019778 0.9993851834348 0.999385186910571 0.999385187460984 0.999385191308211 0.999385188954827 9.99999993007822e-11 0.249022354583559
0.999396122954825 0.999396144418993 0.99939621042974 0.999396219366013 0.999396225758942 0.999396228130496 0.999396231543702 0.999396232084208 0.999396235862186 0.999396233551161 9.99999992729983e-11 0.253568235316303
0.999425069262571 0.999425089698322 0.999425152546281 0.999425161054387 0.999425167141012 0.999425169398936 0.999425172648605 0.999425173163212 0.999425176760176 0.99942517455988 9.99999992366242e-11 0.266340844461902
0.998727920201207 0.998727965322569 0.998728104088674 0.998728122874218 0.998728136313208 0.998728141298556 0.998728148473644 0.998728149609806 0.99872815755171 0.998728152693455 9.9999998636364e-11 0.12012486075858
0.998755512051182 0.99875555619977 0.99875569197419 0.998755710354739 0.998755723504002 0.998755728381878 0.998755735402283 0.99875573651396 0.998755744284649 0.99875573953114 9.99999987227117e-11 0.122804740342126
0.998771576171317 0.998771619746135 0.998771753755996 0.998771771897663 0.998771784876033 0.998771789690511 0.998771796619675 0.998771797716901 0.998771805386597 0.998771800694864 9.99999988043959e-11 0.124399527118213
0.998830660650948 0.998830702138646 0.998830829729789 0.998830847002514 0.998830859359248 0.99883086394312 0.998830870540389 0.998830871585053 0.998830878887384 0.998830874420367 9.99999987364547e-11 0.130712688886854
0.999401015333218 0.999401036621996 0.999401102093347 0.999401110956598 0.99940111729729 0.999401119649464 0.99940112303478 0.999401123570869 0.999401127317976 0.999401125025836 9.99999992691402e-11 0.255621504279282
0.99883203947452 0.998832080911509 0.998832208346695 0.998832225598309 0.99883223793994 0.998832242518211 0.998832249107416 0.998832250150805 0.998832257444212 0.998832252982656 9.99999988732282e-11 0.130861343628214
0.999407496064374 0.999407517122453 0.999407581884317 0.99940759065152 0.999407596923501 0.999407599250186 0.999407602598816 0.999407603129096 0.999407606835597 0.999407604568295 9.99999992553877e-11 0.258413071045075
0.998749681624372 0.99874972596955 0.998749862348579 0.998749880810971 0.998749894018783 0.998749898918373 0.998749905970033 0.998749907086652 0.998749914891936 0.998749910117253 9.99999985918566e-11 0.122203798875364
0.998874722563044 0.998874762500795 0.998874885325198 0.998874901952636 0.998874913847744 0.998874918260381 0.998874924611193 0.998874925616847 0.998874932646383 0.998874928346268 9.99999987358542e-11 0.135876478033778
0.998710445227351 0.998710490968192 0.99871063163944 0.998710650682891 0.998710664306386 0.998710669360175 0.998710676633767 0.998710677785525 0.998710685836461 0.998710680911503 9.99999986608276e-11 0.118496013960988
0.999396745927902 0.999396767362883 0.999396833283865 0.999396842207986 0.999396848592223 0.999396850960552 0.999396854369116 0.999396854908886 0.999396858681728 0.999396856373846 9.99999993261714e-11 0.253747027436234
0.998819389956421 0.998819431839082 0.998819560644879 0.998819578082044 0.998819590556419 0.998819595183935 0.998819601844015 0.998819602898631 0.998819610270485 0.998819605760948 9.99999988631588e-11 0.129449677501616
0.998469139698004 0.998469193944587 0.998469360774974 0.998469383359497 0.998469399516161 0.998469405509487 0.998469414135411 0.998469415501076 0.9984694250489 0.998469419207812 9.99999987270695e-11 0.0997202146245914
0.998882722796676 0.998882762433878 0.998882884333993 0.998882900836298 0.998882912641886 0.998882917021309 0.998882923324323 0.998882924322401 0.99888293129903 0.998882927031267 9.99999988323236e-11 0.136791986988496
0.999399023632786 0.999399044995372 0.999399110693715 0.999399119587696 0.99939912595037 0.999399128310699 0.999399131707752 0.999399132245698 0.999399136005798 0.999399133705711 9.99999992783372e-11 0.254810453948036
0.998384567459257 0.998384624679104 0.998384800653607 0.998384824475962 0.998384841518138 0.998384847839911 0.998384856938579 0.998384858379045 0.998384868450144 0.998384862288844 9.99999987710439e-11 0.094460702739984
0.99940055471353 0.999400576021405 0.999400641551485 0.999400650422686 0.999400656769065 0.999400659123349 0.999400662511702 0.99940066304827 0.999400666798739 0.999400664504543 9.99999993140474e-11 0.255457662844793
0.999410199933659 0.999410220905026 0.999410285400211 0.999410294131311 0.999410300377463 0.999410302694567 0.999410306029409 0.999410306557504 0.999410310248742 0.999410307990777 9.99999992296748e-11 0.259713787676274
0.998807449435025 0.998807491742523 0.998807621854869 0.998807639468904 0.998807652069809 0.998807656744259 0.998807663471892 0.998807664537199 0.998807671983826 0.998807667428542 9.9999998583826e-11 0.128157267553705
0.998588698489063 0.998588748520683 0.998588902388052 0.998588923217831 0.998588938119212 0.998588943646974 0.998588951602774 0.998588952862456 0.998588961668522 0.998588956281435 9.99999987139524e-11 0.10821460796563
0.999430224514889 0.999430244776234 0.999430307087821 0.999430315523316 0.999430321557992 0.999430323796648 0.999430327018582 0.999430327528797 0.999430331095062 0.999430328913544 9.99999991536315e-11 0.268867534735923
0.998484710025126 0.998484763739264 0.998484928931862 0.998484951294791 0.998484967292969 0.998484973227592 0.998484981768968 0.998484983121365 0.998484992575588 0.998484986791989 9.99999984130804e-11 0.100780830836022
0.999418778684847 0.999418799349329 0.999418862900726 0.99941887150406 0.999418877658809 0.999418879942006 0.999418883228047 0.999418883748415 0.999418887385638 0.999418885160714 9.99999993001063e-11 0.26352385745937
0.99876683763242 0.998766881373656 0.998767015895318 0.998767034106267 0.998767047134202 0.998767051967064 0.998767058922687 0.998767060024101 0.998767067723086 0.998767063013432 9.99999987645708e-11 0.123916802421835
0.998847676566868 0.998847717421936 0.998847843068308 0.998847860077425 0.998847872245468 0.998847876759099 0.998847883255445 0.998847884283804 0.998847891474469 0.998847887075138 9.99999987045789e-11 0.132550404846194
