0.998976587508227 0.998976619411352 0.998976717527756 0.998976730810558 0.998976740312984 0.998976743838052 0.998976748911439 0.998976749714837 0.998976755330432 0.998976751895303 9.99999986575427e-11 0.131182442657226
0.999492127261561 0.999492143116033 0.999492191875582 0.999492198476571 0.999492203198881 0.999492204950707 0.99949220747198 0.999492207871257 0.999492210661982 0.999492208954899 9.9999999207831e-11 0.264718869641097
0.999503574398512 0.999503589904231 0.999503637591204 0.99950364404699 0.999503648665421 0.999503650378711 0.999503652844522 0.999503653235016 0.999503655964353 0.999503654294821 9.99999991924013e-11 0.270973364371896
0.999064298889558 0.999064328066972 0.999064417800564 0.999064429948528 0.9990644386391 0.999064441863007 0.999064446502946 0.999064447237715 0.999064452373538 0.999064449231911 9.99999984692883e-11 0.143521383673196
0.998813666271858 0.99881370321647 0.998813816838864 0.998813832220361 0.998813843224022 0.998813847305646 0.998813853180291 0.998813854110108 0.998813860612653 0.998813856634076 9.99999982662296e-11 0.11305447993087
0.999492970397439 0.999492986225013 0.999493034901842 0.999493041491632 0.99949304620593 0.999493047954784 0.999493050471778 0.99949305087038 0.99949305365637 0.999493051952183 9.99999992275552e-11 0.265149456105167
0.998172372398733 0.998172429252334 0.998172604104464 0.998172627774856 0.998172644708248 0.998172650989402 0.998172660029814 0.998172661460686 0.998172671467364 0.998172665344769 9.99999983815522e-11 0.0733048658966449
0.998759316787554 0.998759355430127 0.998759474273559 0.998759490362263 0.998759501871984 0.998759506141626 0.998759512286673 0.998759513259692 0.998759520061486 0.998759515900589 9.99999987402126e-11 0.108115801669667
0.998946867564423 0.998946900391956 0.998947001351325 0.998947015019004 0.998947024796768 0.998947028423978 0.998947033644371 0.998947034471051 0.998947040249362 0.998947036714703 9.99999984742855e-11 0.127472368296803
0.999479446007073 0.999479462259544 0.999479512243113 0.999479519009807 0.999479523850661 0.999479525646463 0.999479528231028 0.999479528640328 0.99947953150111 0.999479529751173 9.99999992606739e-11 0.258303321145623
0.998827929776055 0.998827966303794 0.998828078642943 0.998828093851199 0.998828104731083 0.998828108767145 0.998828114575966 0.998828115495831 0.998828121925457 0.998828117992387 9.99999986166325e-11 0.114514254746563
0.998985861538499 0.998985893158572 0.998985990404449 0.998986003569404 0.998986012987525 0.998986016481321 0.998986021509699 0.998986022305974 0.998986027871751 0.998986024467104 9.99999986752129e-11 0.132407399000169
0.998677200561188 0.998677241758862 0.998677368460628 0.998677385613073 0.998677397883753 0.998677402435611 0.99867740898688 0.998677410024128 0.998677417275573 0.998677412839425 9.99999984442524e-11 0.1013983674683
0.999493736665991 0.999493752470772 0.999493801077497 0.999493807657798 0.999493812365306 0.999493814111641 0.999493816625012 0.999493817023038 0.999493819805016 0.999493818103284 9.99999992031942e-11 0.265569614088136
0.999518517571959 0.999518532611194 0.999518578863526 0.999518585125093 0.99951858960458 0.999518591266327 0.999518593657955 0.999518594036702 0.999518596683927 0.999518595064622 9.99999991478111e-11 0.279388005234024
0.999489973703222 0.99948998962698 0.999490038599613 0.99949004522945 0.999490049972396 0.999490051731878 0.999490054264168 0.99949005466519 0.999490057468111 0.999490055753568 9.99999992282857e-11 0.263635232458341
0.998910849810616 0.998910883757925 0.998910988161097 0.998911002294995 0.998911012406288 0.998911016157229 0.998911021555696 0.998911022410578 0.998911028385993 0.998911024730765 9.9999998506047e-11 0.123246220641847
0.998996826698367 0.99899685796452 0.998996954121948 0.998996967139548 0.998996976452251 0.998996979906937 0.99899698487903 0.998996985666388 0.998996991169863 0.99899698780332 9.99999988407689e-11 0.133803109801975
0.999496945846067 0.999496961556966 0.999497009874953 0.999497016416165 0.999497021095709 0.99949702283167 0.999497025330111 0.999497025725772 0.999497028491225 0.999497026799601 9.99999991775176e-11 0.267371143190279
0.998692977206058 0.998693017911161 0.998693143097794 0.998693160045231 0.998693172169287 0.99869317666683 0.998693183139872 0.998693184164836 0.998693191329684 0.99869318694671 9.99999984250851e-11 0.102618880364824
0.998908353371614 0.998908387391752 0.998908492018907 0.998908506183127 0.998908516316113 0.9989085200751 0.998908525485149 0.998908526341864 0.9989085323301 0.998908528667031 9.99999987305507e-11 0.12294636503996
0.998974436047842 0.998974468022472 0.99897456635877 0.998974579671345 0.998974589195071 0.998974592728041 0.998974597812802 0.998974598618006 0.998974604246189 0.998974600803368 9.99999987640276e-11 0.130925438942347
0.99950841241525 0.999508427765994 0.999508474976351 0.999508481367615 0.999508485939885 0.999508487636053 0.999508490077218 0.999508490463811 0.999508493165868 0.999508491513022 9.99999991317085e-11 0.273571166928503
0.999495226474261 0.999495242234052 0.999495290702413 0.999495297263983 0.999495301958091 0.999495303699456 0.999495306205671 0.999495306602564 0.999495309376623 0.999495307679734 9.99999992340956e-11 0.266379262586779
0.999495717003868 0.999495732749835 0.999495781175682 0.999495787731495 0.999495792421485 0.999495794161323 0.999495796665341 0.999495797061885 0.99949579983351 0.99949579813811 9.9999999200016e-11 0.266663396783488
0.998893891586996 0.998893926062222 0.998894032088981 0.998894046442675 0.99889405671121 0.998894060520482 0.998894066002901 0.998894066871075 0.998894072939414 0.998894069227344 9.99999986193207e-11 0.121354444518159
0.99871777469583 0.998717814630687 0.998717937448491 0.998717954075233 0.99871796596986 0.998717970382286 0.998717976732833 0.998717977738391 0.99871798476765 0.998717980467601 9.9999998399354e-11 0.104608833760534
0.998639205698725 0.998639248077198 0.998639378410225 0.998639396054358 0.99863940867682 0.998639413359244 0.998639420098381 0.998639421165471 0.998639428624851 0.998639424061684 9.99999982421454e-11 0.09856103729196
0.998517276963254 0.998517323135182 0.998517465134748 0.99851748435829 0.998517498110656 0.998517503212246 0.998517510554655 0.99851751171729 0.998517519844412 0.998517514872809 9.99999984948147e-11 0.0904487766609479
0.999509643500048 0.999509658815758 0.999509705918368 0.999509712295043 0.999509716856879 0.999509718549175 0.999509720984769 0.999509721370478 0.99950972406637 0.999509722417296 9.99999991535389e-11 0.274319077080326
0.998476171462676 0.99847621888379 0.998476364725958 0.99847638446938 0.998476398593558 0.998476403832842 0.998476411373586 0.998476412567313 0.998476420914008 0.998476415807484 9.99999981767519e-11 0.0879523061053378
0.998821871920768 0.998821908633408 0.998822021541219 0.998822036826457 0.998822047761414 0.998822051817904 0.998822057656126 0.998822058580646 0.998822065042818 0.998822061089836 9.9999998647021e-11 0.113913277683232
0.998653048837382 0.998653090790599 0.998653219815759 0.998653237282841 0.998653249778643 0.998653254414084 0.998653261085602 0.998653262141988 0.998653269526518 0.998653265009147 9.99999986479729e-11 0.099587888715187
0.998967474325618 0.99896750650678 0.998967605478275 0.998967618876836 0.998967628462073 0.998967632017861 0.99896763713546 0.998967637945859 0.998967643610391 0.998967640145322 9.99999985030772e-11 0.130000127652192
0.999081778725263 0.999081807357249 0.999081895413406 0.99908190733428 0.999081915862394 0.999081919026033 0.999081923579236 0.999081924300268 0.999081929340083 0.999081926257182 9.99999987152072e-11 0.146251679210832
0.999516417324483 0.999516432425789 0.999516478869014 0.999516485156422 0.999516489654397 0.999516491323004 0.999516493724503 0.999516494104812 0.999516496762963 0.999516495136976 9.99999991009731e-11 0.278109803280433
0.999123397758367 0.999123425089934 0.99912350914673 0.999123520526176 0.999123528666956 0.999123531686904 0.999123536033304 0.999123536721586 0.999123541532497 0.999123538589613 9.99999987561191e-11 0.153180406106955
0.999500886257311 0.999500901844099 0.999500949780392 0.99950095626993 0.999500960912508 0.999500962634757 0.999500965113459 0.999500965505995 0.999500968249602 0.999500966571341 9.99999991729377e-11 0.26946378919257
0.999486521291928 0.999486537319725 0.999486586612328 0.999486593285481 0.999486598059416 0.999486599830395 0.999486602379229 0.999486602782872 0.999486605604107 0.999486603878361 9.99999992051505e-11 0.261801246242829
0.998674435809795 0.998674477100503 0.998674604088106 0.998674621279367 0.998674633577853 0.998674638140112 0.99867464470629 0.998674645746014 0.998674653013948 0.998674648567935 9.99999985046975e-11 0.101203523164683
0.998742198312024 0.99874223747865 0.99874235793446 0.998742374241165 0.998742385906751 0.99874239023401 0.998742396462121 0.998742397448024 0.998742404341796 0.998742400124113 9.99999984071766e-11 0.106620417954977
0.998954816821067 0.998954849404614 0.998954949613599 0.998954963179698 0.998954972884795 0.998954976485053 0.99895498166665 0.998954982487192 0.998954988222561 0.99895498471418 9.99999985597664e-11 0.128456980204525
0.998712667555594 0.998712707652294 0.998712830967843 0.998712847661965 0.998712859604795 0.9987128640351 0.998712870411379 0.998712871421009 0.998712878478752 0.998712874161274 9.99999984414283e-11 0.104201094473149
0.999509089586186 0.999509104914627 0.999509152056395 0.99950915843837 0.999509163003999 0.999509164697702 0.999509167135322 0.999509167521351 0.999509170219484 0.999509168569039 9.99999991387311e-11 0.273927987305382
0.998417476314835 0.998417525565837 0.998417677035629 0.99841769754095 0.998417712210198 0.998417717651713 0.998417725483495 0.99841772672335 0.998417735392181 0.998417730088679 9.99999987198113e-11 0.0846958468152301
0.998190346832014 0.998190403143292 0.998190576327736 0.998190599772271 0.998190616544059 0.998190622765202 0.998190631719285 0.998190633136406 0.998190643047539 0.998190636983227 9.99999984033956e-11 0.0740552917591321
0.99948838671876 0.9994884026915 0.99948845181477 0.999488458465 0.999488463222535 0.999488464987428 0.999488467527508 0.999488467929764 0.999488470741307 0.99948846902149 9.99999992243674e-11 0.262807967371642
0.998337725486606 0.998337777216514 0.998337936310373 0.998337957847691 0.998337973255178 0.998337978970459 0.998337987196317 0.998337988498446 0.998337997603488 0.998337992032901 9.99999983383233e-11 0.0806278075658372
0.999014543820342 0.999014574542425 0.999014669026597 0.999014681817675 0.999014690968325 0.999014694362896 0.999014699248468 0.999014700022126 0.999014705429834 0.999014702121873 9.99999986130219e-11 0.136244851498076
0.998778645184816 0.998778683238554 0.998778800270843 0.998778816114447 0.998778827448853 0.998778831653525 0.998778837705019 0.998778838663311 0.998778845361543 0.998778841264163 9.99999985872284e-11 0.109864504589892
0.998180231013742 0.998180287612602 0.998180461680769 0.99818048524525 0.998180502102942 0.998180508356176 0.998180517356288 0.998180518780995 0.998180528743042 0.998180522648153 9.99999982527715e-11 0.0736076785264414
0.998681042155908 0.998681083214752 0.998681209490015 0.998681226584532 0.998681238813711 0.998681243350034 0.998681249879042 0.998681250912581 0.998681258139411 0.99868125371797 9.99999985896508e-11 0.101646660799353
0.999474305871543 0.999474322282882 0.999474372755047 0.999474379587887 0.99947438447606 0.999474386289417 0.999474388899245 0.999474389312547 0.999474392201293 0.999474390434251 9.99999992683164e-11 0.255752853853138
0.999497420324627 0.999497436016136 0.999497484274503 0.999497490807643 0.999497495481413 0.999497497215233 0.999497499710589 0.999497500105764 0.999497502867804 0.999497501178267 9.99999991752798e-11 0.267545280941563
0.999011029825693 0.999011060657904 0.999011155480748 0.999011168317682 0.999011177501139 0.999011180907884 0.999011185810977 0.999011186587416 0.999011192014515 0.999011188694706 9.99999985249054e-11 0.135763311910197
0.998824010395837 0.998824047046326 0.998824159762995 0.998824175022358 0.998824185938801 0.998824189988423 0.998824195816762 0.998824196739716 0.998824203190948 0.998824199244659 9.99999986769386e-11 0.114134437135095
0.99825963598179 0.998259690123757 0.998259856637827 0.998259879178831 0.998259895304068 0.998259901284991 0.998259909893604 0.998259911255517 0.998259920784322 0.998259914952931 9.99999983274707e-11 0.0769856902584324
0.999496778844066 0.99949679455739 0.999496842882848 0.999496849425071 0.999496854105339 0.999496855841569 0.999496858340395 0.999496858736117 0.999496861501997 0.999496859810112 9.99999992189898e-11 0.267235009603481
0.998856127790483 0.998856163424516 0.998856273015286 0.998856287851407 0.99885629846505 0.998856302402295 0.998856308068935 0.998856308966223 0.998856315238478 0.998856311401554 9.99999988249036e-11 0.117288285302729
0.999507097374671 0.999507112767567 0.999507160107567 0.999507166516379 0.999507171101206 0.999507172802031 0.9995071752499 0.999507175637554 0.999507178347031 0.999507176689647 9.99999991495695e-11 0.272860614945402
0.998552576804116 0.998552621870375 0.998552760469963 0.998552779233035 0.998552792655921 0.998552797635151 0.998552804801546 0.998552805936128 0.99855281386845 0.998552809015659 9.999999826218e-11 0.0926418943117055
0.998943847708245 0.998943880621227 0.998943981843572 0.998943995546778 0.998944005349932 0.998944008986506 0.998944014220414 0.99894401504916 0.99894402084244 0.998944017298483 9.99999987605001e-11 0.127074790851235
0.998942997186583 0.998943030126477 0.998943131431422 0.998943145145881 0.998943154957109 0.998943158596729 0.998943163834987 0.99894316466449 0.998943170462575 0.998943166915811 9.99999986606826e-11 0.12697365062541
0.999498123612112 0.999498139282357 0.999498187475321 0.999498193999607 0.999498198667043 0.999498200398513 0.999498202890488 0.999498203285125 0.999498206043422 0.999498204356176 9.99999991922134e-11 0.267932294147001
0.999122913477289 0.999122940802502 0.999123024840505 0.999123036217103 0.999123044355744 0.999123047374678 0.999123051719773 0.999123052407552 0.999123057217058 0.999123054274467 9.99999987266589e-11 0.152977687052894
0.999502210327795 0.999502225870564 0.999502273671482 0.999502280142692 0.99950228477216 0.999502286489545 0.999502288961248 0.999502289352674 0.999502292088533 0.999502290415012 9.99999991761533e-11 0.270133999524077
0.998864859870954 0.998864895247116 0.99886500404467 0.998865018773464 0.998865029310342 0.998865033219156 0.998865038844842 0.9988650397357 0.998865045962618 0.998865042153535 9.9999998567329e-11 0.11823760305683
0.999001962592236 0.999001993700331 0.999002089371656 0.999002102323449 0.999002111589073 0.999002115026295 0.999002119973253 0.999002120756632 0.999002126232285 0.999002122882763 9.99999987974522e-11 0.134500424295837
0.998728849109076 0.998728888707833 0.998729010491745 0.998729026978615 0.998729038773212 0.998729043148601 0.99872904944579 0.998729050442994 0.998729057413183 0.998729053149445 9.99999986659452e-11 0.105543366694034
0.998966687211175 0.998966719420006 0.998966818476602 0.99896683188668 0.998966841480157 0.998966845038996 0.998966850160992 0.998966850972083 0.998966856641483 0.998966853173431 9.99999986033258e-11 0.129913754335255
0.999004808955808 0.999004839977237 0.999004935382031 0.999004948297741 0.999004957537553 0.9990049609652 0.999004965898378 0.999004966679575 0.999004972139973 0.999004968799783 9.99999986571807e-11 0.134894013659497
0.998837841498698 0.998837877710264 0.998837989077068 0.998838004153678 0.998838014939382 0.998838018940497 0.998838024699029 0.99883802561092 0.998838031984884 0.998838028085844 9.9999998599168e-11 0.115467621422085
0.999491342767362 0.999491358647618 0.999491407486461 0.999491414098184 0.999491418828171 0.999491420582848 0.99949142310822 0.999491423508146 0.99949142630341 0.99949142459355 9.99999991969839e-11 0.264332091913264
0.999505203678984 0.999505219136116 0.999505266673661 0.999505273109216 0.999505277713174 0.999505279421096 0.999505281879181 0.999505282268452 0.999505284989236 0.999505283324935 9.99999991446744e-11 0.271905540671394
0.99951504239406 0.999515057539543 0.999515104118629 0.999515110424431 0.999515114935565 0.999515116609051 0.999515119017576 0.999515119398996 0.999515122064926 0.99951512043418 9.99999991413654e-11 0.277343690358154
0.998962347142979 0.998962379490652 0.998962478974223 0.998962492442114 0.998962502076955 0.998962505651149 0.998962510795236 0.998962511609838 0.998962517303686 0.998962513820702 9.99999987040868e-11 0.129384660966718
0.998883429594419 0.998883464389802 0.998883571401191 0.99888358588818 0.998883596252072 0.998883600096713 0.998883605630041 0.998883606506275 0.998883612630966 0.998883608884418 9.99999984610232e-11 0.120196863767258
0.999019344613458 0.999019375180703 0.999019469188667 0.999019481915281 0.999019491019814 0.999019494397281 0.999019499258234 0.999019500027996 0.999019505408452 0.99901950211717 9.99999985354295e-11 0.13688857377044
0.998895920258932 0.998895954663594 0.998896060473346 0.99889607479766 0.998896085045176 0.998896088846648 0.998896094317842 0.998896095184236 0.998896101240153 0.998896097535676 9.99999987348477e-11 0.12155148322114
0.999508677323718 0.99950869266728 0.999508739855552 0.999508746243823 0.999508750813956 0.999508752509329 0.999508754949353 0.999508755335764 0.999508758036557 0.999508756384485 9.99999991292408e-11 0.273737823108257
0.998878480871062 0.99887851582736 0.998878623333611 0.998878637887602 0.998878648299431 0.998878652161863 0.99887865772079 0.998878658601086 0.998878664754112 0.99887866099025 9.99999986596653e-11 0.119689465585262
0.999499234416801 0.999499250053685 0.999499298144049 0.999499304654445 0.999499309311944 0.999499311039727 0.999499313526397 0.999499313920195 0.99949931667262 0.999499314988965 9.99999992051159e-11 0.268549098204543
0.998974151311506 0.998974183288991 0.998974281634092 0.998974294947853 0.998974304472425 0.998974308005707 0.998974313090916 0.998974313896184 0.998974319524866 0.998974316081728 9.99999985252044e-11 0.130864467879832
0.998806707682624 0.998806744865453 0.99880685921931 0.998806874700309 0.998806885775312 0.998806889883752 0.998806895796745 0.998806896733103 0.998806903278035 0.998806899274424 9.99999984775614e-11 0.11245856974143
0.99896135352013 0.998961385892344 0.998961485451396 0.998961498929505 0.998961508571654 0.998961512148555 0.998961517296543 0.998961518111759 0.998961523809926 0.998961520324295 9.99999987016138e-11 0.129235195086352
0.999502527526362 0.999502543067257 0.99950259086241 0.999502597332842 0.99950260196175 0.999502603678926 0.999502606150331 0.999502606541711 0.99950260927724 0.99950260760392 9.99999991594429e-11 0.270445775985397
0.9988681701901 0.998868205466259 0.998868313956242 0.998868328643403 0.9988683391505 0.998868343048269 0.998868348658055 0.998868349546401 0.998868355755722 0.998868351957413 9.99999985186831e-11 0.118594067875476
0.99849655051134 0.998496597315486 0.998496741259639 0.998496760746341 0.998496774686939 0.99849677985829 0.998496787301143 0.998496788479595 0.998496796717911 0.998496791678113 9.99999981537137e-11 0.0891768813085021
0.998952222740761 0.998952255398292 0.998952355834835 0.998952369431733 0.998952379158862 0.998952382767288 0.998952387960644 0.998952388783042 0.998952394531427 0.998952391015072 9.99999987836146e-11 0.128111852431009
0.999486645670826 0.999486661699621 0.999486710995281 0.999486717668849 0.999486722443079 0.999486724214167 0.999486726763161 0.999486727166828 0.999486729988238 0.999486728262385 9.99999992498811e-11 0.261944362017766
0.998792150127128 0.998792187742351 0.998792303426518 0.998792319087406 0.99879233029103 0.998792334447033 0.998792340428586 0.998792341375598 0.998792347996444 0.998792343946008 9.99999987456135e-11 0.11104124641955
0.999488549867563 0.999488565833775 0.999488614936977 0.999488621584489 0.999488626340082 0.999488628104254 0.999488630643296 0.999488631045387 0.999488633855782 0.999488632136668 9.99999992079985e-11 0.26286812706842
0.999502393448308 0.999502408991509 0.999502456793754 0.999502463265143 0.999502467894739 0.999502469612169 0.999502472083942 0.999502472475379 0.999502475211314 0.999502473537746 9.99999992167191e-11 0.270340560608759
0.998900219463996 0.998900253744124 0.998900359170857 0.998900373443323 0.998900383653751 0.998900387441468 0.998900392892864 0.998900393756131 0.998900399790132 0.998900396099072 9.99999988527661e-11 0.122060248952219
0.998897178873535 0.998897213230558 0.998897318893967 0.998897333198401 0.998897343431671 0.998897347227807 0.998897352691359 0.998897353556475 0.998897359603941 0.998897355904506 9.99999987956755e-11 0.121660690237703
0.999478299403399 0.999478315693108 0.999478365791197 0.999478372573396 0.999478377425341 0.999478379225259 0.999478381815745 0.999478382225982 0.999478385093318 0.999478383339373 9.999999925969e-11 0.257758701755881
0.998856867993794 0.998856903604135 0.998857013122089 0.99885702794833 0.998857038554893 0.998857042489497 0.998857048152343 0.998857049049005 0.998857055317067 0.998857051482663 9.99999983937758e-11 0.11736221989602
0.999482599672864 0.999482615823648 0.999482665494486 0.999482672218844 0.999482677029411 0.999482678813977 0.99948268138237 0.999482681789111 0.999482684631994 0.999482682893005 9.99999992355451e-11 0.259825944030419
0.998991602338212 0.998991633776827 0.998991730464642 0.998991743554047 0.998991752918117 0.998991756391862 0.998991761391382 0.998991762183086 0.998991767716919 0.998991764331811 9.99999988693423e-11 0.133150772621299
0.998482501129072 0.998482548369229 0.998482693654625 0.998482713322774 0.998482727393135 0.998482732612527 0.998482740124591 0.998482741313875 0.998482749628814 0.998482744541904 9.99999983153261e-11 0.0883490113505573
