0.996999169614989 0.996999413208618 0.997000162223628 0.997000263603021 0.997000336125536 0.997000363026031 0.997000401743127 0.997000407871094 0.997000450725564 0.99700042450522 9.99999992228443e-11 0.11692440484548
0.998383052054736 0.998383183850938 0.998383589103725 0.998383643955084 0.998383683193523 0.998383697748331 0.998383718696468 0.998383722012378 0.99838374519902 0.998383731013003 9.99999995139294e-11 0.217883094732473
0.998417993117688 0.99841812224142 0.998418519276606 0.998418573015681 0.998418611458433 0.998418625718094 0.998418646241434 0.998418649490102 0.998418672206556 0.998418658308204 9.99999995462516e-11 0.22299930638603
0.997066209613053 0.997066447858611 0.997067180428951 0.997067279582557 0.997067350512841 0.997067376822747 0.997067414689816 0.997067420683259 0.997067462596866 0.997067436952214 9.99999991974954e-11 0.119643160357592
0.995028125679871 0.995028527526968 0.995029763191309 0.995029930421898 0.995030050045957 0.995030094405188 0.995030158258842 0.995030168348636 0.995030239027927 0.995030195751141 9.99999984277917e-11 0.0702687701632032
0.998370060171051 0.998370193098513 0.998370601829679 0.998370657151828 0.99837069672705 0.998370711406783 0.998370732534714 0.998370735879084 0.998370759264734 0.998370744956958 9.99999995249179e-11 0.216264627289481
0.996210510549296 0.99621081729751 0.996211760524114 0.996211888182066 0.996211979500483 0.996212013366953 0.99621206211411 0.996212069821669 0.996212123779041 0.996212090750263 9.99999990119971e-11 0.0923326995776671
0.996942793364747 0.996943041263634 0.996943803520671 0.996943906690865 0.996943980493942 0.996944007868308 0.996944047268221 0.996944053502762 0.996944097113204 0.996944070427447 9.99999990363383e-11 0.114643275334944
0.996980762212279 0.996981007414541 0.996981761375453 0.996981863424385 0.996981936425899 0.996981963504156 0.996982002477038 0.996982008645608 0.996982051783179 0.996982025389852 9.99999991759171e-11 0.116265963445911
0.99839002576264 0.998390157125564 0.99839056104596 0.99839061571696 0.998390654826373 0.998390669333321 0.998390690212572 0.998390693517577 0.998390716627973 0.998390702488599 9.99999995363657e-11 0.219054340702199
0.997485000609574 0.997485204911842 0.997485833111782 0.997485918138678 0.997485978963266 0.997486001524602 0.997486033996537 0.997486039135924 0.997486075077879 0.997486053086694 9.9999999228694e-11 0.139610354271912
0.996966947693884 0.996967194083797 0.996967951696934 0.996968054240007 0.996968127594945 0.996968154804163 0.996968193965627 0.996968200163869 0.996968243510197 0.996968216988802 9.99999990524450e-11 0.11576729340586
0.995576453569971 0.995576811383003 0.99557791161815 0.995578060530947 0.995578167055387 0.99557820656482 0.995578263431879 0.995578272428171 0.995578335372702 0.995578296851962 9.99999987981272e-11 0.0790391226813673
0.998354570861311 0.998354705079782 0.998355117780576 0.998355173640016 0.998355213599593 0.998355228421892 0.998355249755019 0.998355253131869 0.998355276744641 0.998355262297905 9.99999995374854e-11 0.214273532848516
0.998400408562695 0.998400539014014 0.998400940131435 0.998400994423058 0.998401033261082 0.998401047667364 0.99840106840173 0.998401071683801 0.998401094633831 0.998401080592574 9.99999995233236e-11 0.220365686191384
0.998409672902147 0.998409802696965 0.998410201795647 0.99841025581402 0.998410294456569 0.998410308790341 0.998410329420349 0.998410332685901 0.998410355520419 0.998410341549833 9.99999995565725e-11 0.221820515646662
0.997355734341761 0.997355949228354 0.997356609973102 0.997356699405086 0.997356763380936 0.997356787111265 0.997356821265622 0.997356826671443 0.997356864475587 0.997356841345311 9.99999992943031e-11 0.132837935533401
0.99702198821444 0.99702223010699 0.997022973891182 0.997023074562604 0.997023146578678 0.997023173291347 0.997023211738095 0.99702321782331 0.997023260378534 0.997023234341357 9.99999991572872e-11 0.117894036504905
0.998461310684089 0.998461436364527 0.998461822812041 0.998461875118052 0.998461912535646 0.998461926415041 0.998461946391082 0.998461949553115 0.998461971663784 0.99846195813606 9.99999995336863e-11 0.229447064053272
0.997026924316944 0.997027165286079 0.997027906234788 0.997028006521091 0.997028078261217 0.997028104870516 0.997028143169194 0.997028149229617 0.997028191621125 0.997028165681514 9.99999990784323e-11 0.117834184312293
0.997000005256136 0.997000249058729 0.997000998715724 0.997001100182089 0.997001172766853 0.997001199690517 0.997001238440905 0.997001244574251 0.997001287465553 0.997001261222884 9.99999991596876e-11 0.11708998149674
0.997027337009423 0.997027578396397 0.99702832062612 0.997028421087138 0.997028492952695 0.997028519609524 0.997028557975908 0.997028564048392 0.997028606514667 0.997028580531889 9.99999991758661e-11 0.118070744347999
0.998473806075163 0.998473930607255 0.998474313523913 0.998474365352036 0.998474402427772 0.998474416180364 0.9984744359739 0.998474439107047 0.998474461015709 0.998474447611581 9.99999995677177e-11 0.231089717261814
0.998384719688943 0.998384851371993 0.998385256276835 0.998385311081096 0.998385350285842 0.998385364828152 0.9983853857583 0.998385389071363 0.998385412238096 0.998385398064257 9.99999995469629e-11 0.218146705498698
0.998376822673962 0.998376954958333 0.998377361712187 0.998377416766719 0.9983774561505 0.99837747075922 0.998377491784951 0.998377495113144 0.998377518385672 0.998377504147108 9.9999999520687e-11 0.217014774501341
0.997082576336907 0.997082813180792 0.997083541441363 0.997083640011608 0.99708371052457 0.997083736679649 0.997083774323905 0.997083780282042 0.997083821949028 0.997083796455194 9.99999992090442e-11 0.120277581808994
0.996767228861801 0.996767490979998 0.996768296958829 0.996768406047012 0.996768484083642 0.996768513028509 0.996768554688681 0.996768561281186 0.996768607393398 0.996768579177367 9.99999990663447e-11 0.108410718597904
0.996449241838062 0.99644952962712 0.996450414540742 0.996450534312587 0.996450619991792 0.996450651771346 0.9964506975115 0.996450704749571 0.996450755377783 0.996450724398282 9.99999990382707e-11 0.0986634494516404
0.996833037693184 0.996833294456182 0.996834083968151 0.996834190827714 0.996834267270142 0.996834295623804 0.996834336432984 0.996834342890966 0.996834388061224 0.996834360421847 9.99999990742218e-11 0.110654760436004
0.998411462591735 0.998411592312357 0.998411991182824 0.998412045170297 0.99841208379074 0.998412098116312 0.998412118734516 0.998412121998197 0.99841214481965 0.998412130857054 9.99999995084698e-11 0.222193475761972
0.99618671343678 0.996187022190423 0.996187971575342 0.996188100070151 0.996188191988319 0.996188226079678 0.996188275148816 0.996188282910587 0.996188337223934 0.996188303983572 9.99999988824291e-11 0.0917788846003178
0.997096336614063 0.997096572340957 0.997097297166999 0.997097395272357 0.997097465452749 0.997097491484453 0.997097528951149 0.99709753488116 0.997097576351616 0.997097550977985 9.9999999155692e-11 0.120847483602898
0.996660332740548 0.996660603608294 0.99666143649035 0.996661549220005 0.996661629861627 0.996661659772844 0.99666170282379 0.996661709636538 0.996661757288129 0.99666172813046 9.999999902188e-11 0.104972633384896
0.997471934372798 0.99747213979694 0.997472771446231 0.997472856940068 0.997472918098711 0.997472940784012 0.997472973434327 0.997472978602025 0.997473014741413 0.997472992629576 9.99999992286118e-11 0.138930218811719
0.996920152328179 0.996920402292355 0.996921170895896 0.996921274926614 0.996921349345776 0.99692137694979 0.996921416679441 0.996921422967675 0.996921466942899 0.996921440036836 9.99999991850947e-11 0.113904175150095
0.998415766074727 0.998415895283555 0.998416292580494 0.998416346355011 0.998416384823117 0.998416399092183 0.998416419629063 0.998416422879874 0.998416445611312 0.998416431703793 9.99999995302401e-11 0.222519970895537
0.99738909100446 0.997389303258881 0.99738995590983 0.99739004424638 0.997390107438627 0.99739013087835 0.997390164614411 0.997390169954098 0.997390207295235 0.997390184448385 9.99999992127424e-11 0.134585049819157
0.99839891200948 0.998399042663853 0.99839944440555 0.998399498781658 0.998399537680119 0.998399552108817 0.998399572875446 0.998399576162624 0.998399599148364 0.998399585085258 9.99999995084562e-11 0.220297868882631
0.998381134763922 0.99838126682907 0.99838167290872 0.998381727871978 0.998381767190463 0.998381781774962 0.998381802765829 0.998381806088501 0.998381829322441 0.998381815107482 9.99999995152085e-11 0.217811038625916
0.996774224006806 0.99677448544425 0.996775289330399 0.996775398135174 0.996775475969009 0.996775504838527 0.996775546390342 0.996775552965524 0.996775598957819 0.99677557081483 9.99999990255064e-11 0.108598323554701
0.994999542753148 0.994999946775968 0.995001189114471 0.995001357255095 0.995001477532353 0.995001522138723 0.995001586344691 0.995001596496738 0.995001667565167 0.995001624062718 9.99999985775485e-11 0.0698424856710659
0.997088828715694 0.997089065260848 0.997089792602355 0.997089891048307 0.99708996147239 0.997089987594592 0.997090025191464 0.997090031142223 0.997090072756747 0.997090047295245 9.99999991928763e-11 0.120643262006794
0.996500653010265 0.996500936483137 0.996501808125451 0.996501926100958 0.996502010495115 0.996502041797953 0.996502086852027 0.99650209398143 0.996502143850257 0.996502113335233 9.99999989595007e-11 0.10006020901211
0.998364274673629 0.998364408036071 0.99836481810477 0.998364873607961 0.998364913312694 0.998364928040467 0.998364949237539 0.998364952592855 0.998364976055037 0.998364961700438 9.99999995420462e-11 0.215440285332777
0.995821332698505 0.995821670798788 0.995822710422767 0.995822851130623 0.995822951785206 0.995822989116495 0.995823042849216 0.99582305134827 0.995823110823665 0.995823074423298 9.99999988839929e-11 0.0836950948523953
0.995663692275637 0.995664042906083 0.995665121075678 0.995665266993681 0.995665371373068 0.995665410080864 0.995665465798328 0.995665474604661 0.995665536277766 0.995665498519614 9.99999988133968e-11 0.0806023468295867
0.998319460463054 0.998319597509337 0.998320018905243 0.998320075941579 0.99832011674306 0.998320131877651 0.998320153660244 0.99832015710824 0.99832018121851 0.998320166467398 9.99999995116654e-11 0.209741388185663
0.99659174801179 0.996592023912716 0.996592872289262 0.996592987108814 0.996593069243052 0.996593099702574 0.996593143546418 0.996593150477509 0.996593199007638 0.996593169298742 9.99999988566511e-11 0.102665451140994
0.997224985662602 0.997225211036277 0.997225904027691 0.997225997824168 0.997226064922155 0.997226089810481 0.99722612563157 0.997226131301078 0.99722617095008 0.997226146690815 9.99999991737984e-11 0.126500957753655
0.997626839152548 0.997627032143961 0.997627625563978 0.997627705883578 0.99762776334083 0.997627784653277 0.997627815327621 0.99762782018269 0.997627854134934 0.997627833361523 9.99999992957657e-11 0.148117887462835
0.995277806221961 0.995278187998847 0.995279361926558 0.995279520810816 0.995279634467471 0.995279676620334 0.995279737293472 0.995279746889367 0.995279814047055 0.99527977294314 9.99999985664992e-11 0.07400342472274
0.996057959953469 0.996058279012743 0.996059260087859 0.99605939287124 0.996059487857033 0.996059523085729 0.996059573792172 0.996059581812383 0.99605963793809 0.996059603587496 9.99999989245505e-11 0.0887480625091953
0.998354282973963 0.998354417226965 0.998354830033919 0.998354885907724 0.998354925877577 0.998354940703689 0.998354962042302 0.99835496542002 0.998354989038864 0.998354974588411 9.99999995257637e-11 0.21425307504116
0.998412465715276 0.998412595182676 0.998412993274696 0.998413047156828 0.99841308570192 0.998413099999542 0.99841312057752 0.998413123834837 0.998413146611769 0.998413132676418 9.99999995139903e-11 0.222039726066062
0.997006588916889 0.997006831968488 0.997007579316566 0.99700768047042 0.997007752831622 0.997007779672344 0.997007818303368 0.997007824417798 0.997007867176985 0.997007841015103 9.99999991645694e-11 0.117243256326928
0.996898866764033 0.996899118597414 0.996899892948245 0.996899997756887 0.996900072732558 0.996900100543028 0.996900140569798 0.996900146905104 0.996900191209196 0.996900164102001 9.99999991849589e-11 0.113186211760147
0.993867571893511 0.993868066757036 0.993869588458772 0.993869794394667 0.993869941703563 0.993869996324495 0.993870074952643 0.993870087371068 0.993870174404931 0.993870121102882 9.99999984883675e-11 0.0568812380728394
0.998434516497032 0.998434644262467 0.998435037121109 0.998435090294888 0.998435128333249 0.998435142442907 0.998435162750359 0.998435165964851 0.998435188442345 0.998435174690191 9.99999995455846e-11 0.225336566095063
0.996726847558001 0.996727112969488 0.996727929075528 0.996728039534085 0.996728118550907 0.996728147859102 0.996728190042379 0.996728196717342 0.996728243408599 0.996728214837637 9.99999990277343e-11 0.107080960829972
0.998344140761651 0.998344275716901 0.998344690683287 0.998344746849392 0.998344787028346 0.998344801932022 0.998344823382268 0.998344826777659 0.998344850520066 0.99834483599402 9.99999995112999e-11 0.212744054656101
0.995196239857064 0.995196628183867 0.995197822247956 0.995197983859243 0.995198099467214 0.995198142345006 0.995198204060717 0.995198213823143 0.995198282134627 0.995198240327668 9.99999987808956e-11 0.0727383100378984
0.996439805814707 0.99644009425886 0.996440981187002 0.996441101231491 0.996441187105723 0.996441218957591 0.996441264801844 0.996441272056355 0.996441322799796 0.996441291749725 9.99999990171434e-11 0.0983643760134304
0.997089714721383 0.997089951119272 0.997090678008345 0.997090776392939 0.997090846773089 0.997090872878902 0.997090910452251 0.997090916399163 0.997090957987665 0.997090932541844 9.99999992178079e-11 0.120640746806146
0.998412031194129 0.99841216081193 0.998412559366299 0.998412613310996 0.99841265190084 0.998412666215062 0.998412686816931 0.998412690078028 0.998412712881402 0.99841269892987 9.9999999528733e-11 0.222175437910805
0.996389632769202 0.996389925069449 0.996390823865119 0.996390945511584 0.996391032530381 0.996391064803653 0.996391111256622 0.99639111860327 0.996391170021009 0.996391138550311 9.9999998963931e-11 0.0969298769007657
0.998407211026129 0.998407340980903 0.998407740571459 0.998407794656412 0.998407833346593 0.998407847698032 0.998407868353468 0.998407871623044 0.998407894485709 0.998407880497903 9.99999995343507e-11 0.221405907419888
0.996868774955205 0.996869029020957 0.996869810236616 0.996869915974274 0.99686999161447 0.996870019671311 0.99687006005276 0.996870066444042 0.996870111140735 0.996870083793019 9.99999989739766e-11 0.112004844770482
0.997296140438742 0.997296360158806 0.997297035765659 0.997297127209285 0.997297192624195 0.997297216888346 0.997297251810992 0.997297257338464 0.997297295992991 0.997297272342506 9.99999992097065e-11 0.129904782891092
0.997109851191468 0.997110085803315 0.997110807200613 0.997110904841955 0.997110974690434 0.99711100059907 0.997111037888606 0.997111043790641 0.997111085064995 0.997111059811469 9.99999992669183e-11 0.121403756273297
0.996927162582936 0.996927411925513 0.996928178617817 0.996928282389842 0.996928356623944 0.996928384159308 0.996928423790156 0.996928430062742 0.996928473928608 0.996928447089436 9.99999991630206e-11 0.114140176840347
0.9969758074272 0.996976052853599 0.99697680750413 0.996976909646318 0.996976982714511 0.996977009817424 0.996977048825848 0.996977054999943 0.99697709817687 0.996977071759266 9.99999991321500e-11 0.115990959095707
0.997017446495459 0.99701768859152 0.997018433001765 0.997018533757892 0.997018605834547 0.997018632569654 0.997018671048715 0.997018677138997 0.997018719729997 0.997018693670836 9.99999991935724e-11 0.117633845447182
0.998355963326935 0.998356097311137 0.998356509291705 0.998356565053678 0.998356604943534 0.998356619739974 0.998356641035881 0.99835664440684 0.998356667978416 0.998356653556889 9.99999995293454e-11 0.214260876112178
0.998430299402857 0.998430427480582 0.998430821299504 0.998430874603261 0.998430912734602 0.998430926878754 0.998430947235845 0.998430950458196 0.998430972990634 0.998430959204867 9.99999995330928e-11 0.224676283442368
0.998402783286511 0.998402913521884 0.998403313975321 0.998403368177075 0.998403406950813 0.998403421333248 0.998403442033294 0.998403445309934 0.998403468221976 0.998403454203963 9.99999995494486e-11 0.220655856487255
0.99703992264402 0.997040162999946 0.997040902059353 0.997041002091271 0.997041073649868 0.99704110019284 0.99704113839535 0.997041144441898 0.997041186726788 0.997041160854991 9.99999991929295e-11 0.118568816521298
0.996850885347601 0.996851141125854 0.996851927606466 0.996852034056905 0.996852110207057 0.996852138453197 0.996852179106999 0.996852185541579 0.996852230539703 0.99685220300793 9.99999991131082e-11 0.11148329676041
0.997140209472236 0.997140441719078 0.997141155844187 0.997141252501244 0.997141321645611 0.997141347293088 0.997141384206733 0.997141390049293 0.997141430907586 0.99714140590866 9.99999993120696e-11 0.122745010487848
0.997022954900922 0.997023196518023 0.997023939455577 0.997024040012377 0.997024111946441 0.997024138628652 0.99702417703159 0.997024183109819 0.99702422561656 0.997024199608947 9.99999992002338e-11 0.117835853702522
0.998420295488911 0.998420424380836 0.998420820703294 0.998420874345906 0.998420912719653 0.998420926953718 0.998420947440221 0.998420950683057 0.998420973358736 0.998420959485332 9.99999995287853e-11 0.223247886815984
0.997062353792172 0.997062592316785 0.997063325745426 0.997063425015115 0.997063496028414 0.997063522369045 0.997063560280384 0.997063566280745 0.997063608243361 0.997063582568555 9.99999991407206e-11 0.119469265234024
0.998379714517367 0.998379846720234 0.998380253223325 0.998380308243895 0.998380347603377 0.998380362203085 0.998380383215839 0.998380386541978 0.998380409800143 0.998380395570362 9.99999995357981e-11 0.217657749124851
0.99683313533841 0.996833392324264 0.996834182518674 0.996834289471652 0.996834365981249 0.996834394360606 0.996834435206222 0.996834441671013 0.996834486881468 0.996834459219492 9.99999991241499e-11 0.110757039982827
0.997331026051928 0.997331242841743 0.997331909438769 0.997331999662857 0.997332064205339 0.997332088145837 0.99733212260269 0.997332128056373 0.997332166195342 0.997332142860173 9.99999992558734e-11 0.131544329820213
0.997158804572659 0.997159035349569 0.997159744955052 0.997159841000271 0.997159909706919 0.997159935191959 0.997159971871869 0.997159977677334 0.997160018276925 0.997159993436095 9.99999991822811e-11 0.123569515336501
0.998333058400169 0.998333194254268 0.998333611984476 0.998333668524669 0.99833370897123 0.998333723974173 0.998333745567286 0.998333748985292 0.998333772885836 0.998333758263042 9.99999995073936e-11 0.211323895612497
0.997017366757737 0.997017608856018 0.997018353273132 0.997018454030174 0.997018526107481 0.997018552842817 0.997018591322219 0.997018597412542 0.997018640003918 0.9970186139445 9.99999991656073e-11 0.117628679244547
0.996225231423698 0.99622553709259 0.996226476987341 0.996226604199715 0.996226695201163 0.996226728953988 0.996226777534837 0.996226785221333 0.996226838993954 0.996226806088283 9.99999988334734e-11 0.092724847638303
0.99701996883491 0.997020210732698 0.99702095453348 0.997021055207032 0.997021127224589 0.997021153937713 0.997021192385179 0.997021198470379 0.997021241026418 0.997021214988494 9.99999990896678e-11 0.117736628061638
0.998396612193951 0.998396742975051 0.99839714510647 0.998397199535336 0.99839723847154 0.998397252914237 0.998397273701018 0.998397276991384 0.998397299999429 0.998397285922679 9.99999995358613e-11 0.21987826665752
0.996562011287056 0.996562289695613 0.996563145771584 0.996563261637857 0.996563344522391 0.996563375263571 0.996563419510454 0.996563426509827 0.996563475485495 0.996563445512594 9.9999998898858e-11 0.101812390215585
0.998387151303876 0.998387282790458 0.998387687091191 0.998387741813685 0.998387780959938 0.998387795480552 0.998387816379473 0.998387819687593 0.998387842819762 0.998387828667072 9.99999995677656e-11 0.21847941014505
0.998402266683337 0.998402397036179 0.998402797850744 0.998402852101369 0.998402890910062 0.998402905305463 0.99840292602417 0.998402929303761 0.998402952236458 0.998402938205805 9.99999995585168e-11 0.220712730968366
0.99725720735783 0.997257430130472 0.99725811512392 0.997258207837931 0.997258274161587 0.997258298762738 0.997258334170474 0.99725833977462 0.997258378966089 0.99725835498688 9.99999992086468e-11 0.127996433805562
0.996686718159442 0.996686986590937 0.99668781198332 0.996687923698802 0.996688003614775 0.996688033256485 0.99668807591978 0.996688082670709 0.996688129893286 0.996688100997219 9.99999989926204e-11 0.105691412852846
0.998394709314885 0.998394840278169 0.998395242969751 0.998395297474433 0.99839533646487 0.998395350927685 0.998395371743419 0.99839537503837 0.998395398078462 0.998395383982103 9.99999995200187e-11 0.219663746056331
0.996138136342892 0.996138449319869 0.99613941168286 0.996139541937461 0.996139635115571 0.99613966967663 0.996139719420149 0.996139727291811 0.9961397823512 0.996139748660412 9.99999988791776e-11 0.0907075385957964
0.998414889926201 0.998415019358519 0.998415417342512 0.998415471210002 0.998415509744614 0.998415524038345 0.998415544610726 0.998415547867154 0.998415570637887 0.998415556706322 9.99999995378573e-11 0.222657552131626
0.996983994527802 0.996984239399199 0.996984992343321 0.99698509425443 0.996985167157282 0.996985194198791 0.996985233118889 0.996985239278901 0.996985282358073 0.996985256000085 9.9999999159867e-11 0.116357806231585
0.996058963733452 0.996059282731246 0.996060263617578 0.996060396375289 0.996060491342682 0.996060526564469 0.996060577261026 0.996060585279562 0.996060641394339 0.996060607050216 9.99999989144921e-11 0.0887762994008891
