0.999492605021473 0.999492613117932 0.99949263801963 0.999492641390985 0.999492643802866 0.999492644697621 0.999492645985365 0.999492646189321 0.999492647614697 0.99949264674284 9.99999979514989e-11 0.135290381999144
0.999773396320649 0.999773399940157 0.99977341107241 0.999773412579569 0.999773413657798 0.999773414057799 0.999773414633487 0.999773414724666 0.999773415361881 0.999773414972122 9.99999983926102e-11 0.303234949139104
0.99976652266679 0.999766526396124 0.999766537866165 0.999766539419056 0.999766540530002 0.999766540942142 0.999766541535295 0.999766541629244 0.999766542285793 0.999766541884207 9.99999985587328e-11 0.294310346295878
0.999514072383386 0.999514080137628 0.999514103986798 0.999514107215655 0.999514109525592 0.999514110382528 0.999514111615844 0.99951411181118 0.999514113176309 0.999514112341303 9.99999976277977e-11 0.141273396969801
0.999039597775164 0.999039613083784 0.999039660167723 0.999039666542126 0.999039671102356 0.999039672794005 0.999039675228722 0.999039675614209 0.999039678309155 0.999039676660498 9.9999997703121e-11 0.0713999833557229
0.999764613515386 0.999764617274029 0.999764628834211 0.999764630399307 0.999764631518983 0.999764631934361 0.999764632532176 0.999764632626863 0.999764633288571 0.999764632883831 9.99999985423948e-11 0.291831182054663
0.999336420801567 0.999336431383177 0.999336463928439 0.999336468334564 0.999336471486701 0.999336472656024 0.99933647433897 0.999336474605453 0.999336476468274 0.999336475328721 9.99999981381737e-11 0.103379291508803
0.999446353737281 0.999446362570604 0.999446389738635 0.999446393416814 0.999446396048197 0.999446397024375 0.999446398429314 0.999446398651823 0.999446400206915 0.999446399255702 9.99999973469626e-11 0.123972102986659
0.999495086182416 0.999495094238893 0.999495119017616 0.999495122372323 0.999495124772293 0.999495125662629 0.999495126944016 0.999495127146964 0.9994951285653 0.999495127697748 9.99999978311866e-11 0.135948598127808
0.999769429328385 0.999769433010509 0.99976944433535 0.999769445868583 0.999769446965465 0.999769447372386 0.999769447958032 0.999769448050791 0.999769448699029 0.999769448302526 9.99999984696372e-11 0.297957276973544
0.999503675116263 0.999503683036077 0.999503707394477 0.99950371069228 0.999503713051541 0.999503713926774 0.999503715186426 0.999503715385933 0.99950371678021 0.999503715927377 9.9999997924074e-11 0.138307899707538
0.999484717744134 0.999484725965622 0.999484751251859 0.999484754675276 0.999484757124403 0.999484758032974 0.999484759340605 0.999484759547711 0.999484760995097 0.999484760109777 9.99999976562359e-11 0.133206108249027
0.999295341050441 0.999295352288572 0.999295386852959 0.999295391532482 0.999295394880224 0.999295396122139 0.999295397909542 0.999295398192605 0.999295400171041 0.999295398960839 9.99999973935894e-11 0.0973647263337978
0.999776307868813 0.999776311441396 0.999776322429326 0.999776323916946 0.999776324981197 0.999776325376012 0.999776325944235 0.999776326034234 0.999776326663187 0.999776326278482 9.99999983790671e-11 0.307145768688453
0.99976633247284 0.999766336204461 0.999766347681534 0.999766349235378 0.999766350347006 0.999766350759396 0.999766351352915 0.99976635144692 0.999766352103872 0.99976635170204 9.99999986049052e-11 0.294011592761436
0.999775613745092 0.999775617328942 0.999775628351529 0.999775629843841 0.999775630911448 0.99977563130751 0.999775631877525 0.999775631967807 0.999775632598743 0.999775632212824 9.9999998373725e-11 0.30621121542593
0.999549758234664 0.999549765419982 0.99954978751935 0.999549790511306 0.999549792651765 0.999549793445826 0.999549794588655 0.999549794769658 0.999549796034626 0.999549795260884 9.99999975060088e-11 0.152482040175341
0.99943967446611 0.99943968340594 0.99943971090153 0.999439714624065 0.999439717287183 0.999439718275141 0.999439719697026 0.999439719922227 0.999439721496078 0.999439720533406 9.9999997647771e-11 0.122493355938158
0.99977252680446 0.999772530437109 0.999772541609784 0.999772543122416 0.999772544204561 0.999772544606015 0.999772545183792 0.999772545275304 0.999772545914831 0.999772545523657 9.99999983509597e-11 0.302013684655824
0.999387689145638 0.99938769891309 0.999387728954161 0.999387733021309 0.999387735930962 0.999387737010371 0.999387738563879 0.99938773880992 0.999387740529462 0.999387739477656 9.99999970698269e-11 0.112073250299205
0.999534714196783 0.999534721621698 0.999534744457978 0.999534747549705 0.999534749761537 0.999534750582077 0.999534751763014 0.999534751950054 0.999534753257205 0.999534752457663 9.99999975323956e-11 0.147542139771762
0.999424103666972 0.999424112855339 0.999424141115339 0.999424144941362 0.999424147678515 0.999424148693937 0.999424150155351 0.999424150386812 0.999424152004417 0.999424151014978 9.99999976441572e-11 0.119182861380014
0.99977347024825 0.999773473866404 0.999773484994492 0.999773486501089 0.999773487578914 0.999773487978765 0.999773488554238 0.999773488645383 0.999773489282359 0.999773488892745 9.99999984136624e-11 0.303319363682403
0.99977722989512 0.999777233453284 0.999777244396872 0.999777245878488 0.999777246938445 0.999777247331666 0.999777247897596 0.999777247987232 0.999777248613646 0.999777248230492 9.99999983039941e-11 0.308443795249737
0.999772776964882 0.999772780593753 0.999772791754806 0.999772793265865 0.999772794346883 0.99977279474792 0.999772795325095 0.999772795416511 0.999772796055374 0.999772795664607 9.99999984098336e-11 0.302364297054439
0.9995306770527 0.999530684541986 0.99953070757624 0.999530710694769 0.999530712925777 0.999530713753432 0.999530714944608 0.999530715133268 0.99953071645175 0.999530715645277 9.99999981626669e-11 0.146271889457282
0.999370664673787 0.999370674711998 0.999370705585835 0.999370709765725 0.999370712756033 0.999370713865363 0.999370715461934 0.999370715714791 0.999370717481998 0.999370716401033 9.99999971887208e-11 0.109032718555246
0.99943286714276 0.99943287618986 0.999432904015404 0.999432907782598 0.999432910477661 0.99943291147746 0.999432912916396 0.999432913144288 0.999432914737012 0.999432913762774 9.99999977653199e-11 0.121005326743123
0.99939819922218 0.999398208820752 0.999398238342426 0.999398242339254 0.999398245198598 0.999398246259344 0.999398247785992 0.999398248027777 0.999398249717589 0.999398248683966 9.99999975305438e-11 0.114016020990248
0.999777601219444 0.999777604771494 0.999777615696269 0.999777617175337 0.999777618233472 0.999777618626018 0.999777619190976 0.999777619280457 0.999777619905794 0.999777619523299 9.99999983447922e-11 0.30894261666244
0.99935088973454 0.999350900086529 0.999350931925487 0.999350936236016 0.999350939319776 0.999350940463755 0.999350942110208 0.99935094237094 0.999350944193365 0.999350943078576 9.99999976713162e-11 0.105694593168521
0.999484605053746 0.999484613276799 0.999484638567856 0.999484641991924 0.999484644441517 0.999484645350261 0.99948464665814 0.999484646865284 0.999484648312947 0.999484647427457 9.99999980680204e-11 0.13317322429129
0.999404510851859 0.999404520350758 0.999404549565862 0.999404553521186 0.999404556350837 0.999404557400568 0.999404558911363 0.999404559150636 0.999404560822901 0.999404559800013 9.99999975544084e-11 0.115236539166981
0.999489906028464 0.999489914167362 0.999489939199587 0.999489942588614 0.999489945013138 0.999489945912584 0.99948994720708 0.999489947412105 0.999489948844951 0.999489947968525 9.99999975235074e-11 0.134564157814528
0.999484383464397 0.999484391691424 0.999484416994705 0.999484420420429 0.999484422871207 0.999484423780392 0.999484425088905 0.99948442529615 0.999484426744512 0.999484425858595 9.99999979214905e-11 0.133123106655276
0.99977521203577 0.999775215626226 0.999775226669133 0.999775228164196 0.999775229233773 0.999775229630562 0.99977523020163 0.999775230292078 0.999775230924178 0.999775230537547 9.99999982981364e-11 0.305680254891831
0.999501897211934 0.99950190515989 0.999501929604848 0.999501932914366 0.999501935282011 0.999501936160353 0.99950193742448 0.999501937624694 0.999501939023927 0.999501938168061 9.99999981346484e-11 0.137810274799362
0.999773821611409 0.999773825223534 0.999773836333081 0.999773837837167 0.999773838913197 0.999773839312382 0.999773839886894 0.999773839977889 0.999773840613803 0.999773840224839 9.99999983905522e-11 0.303755615326099
0.999775010526944 0.999775014120518 0.999775025173004 0.999775026669366 0.99977502773987 0.999775028137004 0.999775028708566 0.999775028799093 0.999775029431741 0.999775029044775 9.99999983884532e-11 0.305397706411607
0.999422161329784 0.999422170547219 0.999422198896638 0.999422202734762 0.999422205480569 0.999422206499198 0.99942220796523 0.999422208197416 0.999422209820131 0.999422208827556 9.99999976767134e-11 0.118757596661303
0.999462271786648 0.999462280362999 0.999462306740756 0.999462310311914 0.999462312866721 0.99946231381447 0.999462315178507 0.999462315394508 0.999462316904333 0.999462315980752 9.99999981841153e-11 0.127597814235713
0.999515691907958 0.999515699636472 0.9995157234065 0.999515726624642 0.999515728926916 0.999515729781009 0.999515731010233 0.999515731204919 0.999515732565517 0.999515731733283 9.9999997912731e-11 0.141747915763938
0.999425190502889 0.999425199671564 0.999425227871031 0.99942523168885 0.999425234420129 0.999425235433364 0.999425236891636 0.999425237122588 0.999425238736717 0.999425237749385 9.9999998086066e-11 0.119377789898494
0.999764390756902 0.999764394519666 0.999764406092528 0.999764407659342 0.999764408780246 0.999764409196078 0.999764409794551 0.99976440988934 0.999764410551775 0.99976441014659 9.99999986001205e-11 0.291599079437809
0.999230252388965 0.999230264661032 0.999230302405502 0.999230307515537 0.999230311171259 0.999230312527408 0.999230314479229 0.999230314788305 0.999230316948738 0.99923031562716 9.99999978188419e-11 0.0891020252480364
0.999207934228549 0.999207946857016 0.99920798569774 0.999207990956145 0.999207994717998 0.999207996113486 0.999207998121949 0.999207998439951 0.999208000663084 0.999207999303069 9.9999998466024e-11 0.086595722320657
0.999768100452285 0.999768104155644 0.999768115545794 0.99976811708787 0.999768118191078 0.999768118600345 0.999768119189368 0.999768119282661 0.999768119934638 0.99976811953585 9.99999985549773e-11 0.29625091741283
0.999042785490674 0.999042800748114 0.999042847674579 0.999042854027689 0.999042858572698 0.999042860258722 0.999042862685326 0.999042863069558 0.999042865755522 0.999042864112413 9.99999976332809e-11 0.0716358714912038
0.999474931666644 0.999474940044677 0.999474965812393 0.999474969300997 0.999474971796757 0.999474972722629 0.99947497405516 0.999474974266209 0.999474975741155 0.999474974838978 9.99999982771892e-11 0.130729808462654
0.999421637993992 0.999421647221008 0.999421675599879 0.999421679441997 0.999421682190665 0.999421683210358 0.99942168467792 0.999421684910356 0.999421686534765 0.999421685541165 9.9999997730047e-11 0.118665887420628
0.99944774025966 0.999447749068297 0.999447776160488 0.999447779828366 0.999447782452368 0.999447783425786 0.999447784826766 0.999447785048616 0.999447786599333 0.999447785650734 9.99999975503927e-11 0.124247700226414
0.999300149479079 0.999300160638389 0.999300194960399 0.999300199607087 0.999300202931333 0.999300204164516 0.999300205939363 0.999300206220416 0.999300208184957 0.999300206983217 9.99999976631643e-11 0.0980151218023733
0.99975956281407 0.999759566653341 0.999759578461505 0.999759580060175 0.999759581203871 0.999759581628159 0.999759582238799 0.999759582335516 0.999759583011419 0.999759582597996 9.99999986695313e-11 0.285699320528529
0.999767102647912 0.999767106367544 0.999767117807742 0.999767119356594 0.99976712046465 0.999767120875715 0.999767121467327 0.999767121561031 0.999767122215871 0.999767121815329 9.99999985367892e-11 0.29500848830162
0.9994329943631 0.999433003408668 0.999433031229473 0.999433034996033 0.999433037690649 0.999433038690289 0.999433040128992 0.999433040356857 0.999433041949321 0.99943304097526 9.99999977313158e-11 0.121038952771643
0.999434459519677 0.99943446854296 0.999434496295229 0.999434500052513 0.999434502740489 0.999434503737667 0.999434505172825 0.999434505400128 0.99943450698867 0.999434506017008 9.99999981598336e-11 0.121367221477059
0.999170953039793 0.999170966256906 0.999171006908253 0.999171012411726 0.999171016348877 0.999171017809346 0.999171019911367 0.999171020244121 0.999171022570818 0.999171021147329 9.99999966619135e-11 0.0827273347871589
0.999769279066267 0.999769282750229 0.999769294080721 0.999769295614719 0.99976929671215 0.999769297119273 0.999769297705211 0.999769297798016 0.999769298446578 0.999769298049877 9.9999998452579e-11 0.297717787161444
0.99931446099385 0.999314471927114 0.999314505553801 0.999314510106388 0.999314513363323 0.999314514571564 0.999314516310493 0.999314516585894 0.999314518510673 0.99931451733332 9.99999976589938e-11 0.100080672914741
0.999772223274391 0.99977222691181 0.999772238099156 0.999772239613775 0.99977224069734 0.99977224109932 0.999772241677856 0.999772241769489 0.999772242409857 0.999772242018168 9.99999983895914e-11 0.301604958623891
0.999240366270619 0.999240378381908 0.999240415631873 0.999240420674959 0.999240424282784 0.999240425621165 0.999240427547416 0.999240427852442 0.999240429984569 0.999240428680307 9.9999997961812e-11 0.0902918156320171
0.999354101804615 0.999354112106519 0.999354143791373 0.999354148081067 0.999354151149929 0.999354152288402 0.999354153926917 0.999354154186419 0.999354156000052 0.999354154890695 9.99999981345878e-11 0.10623166035892
0.999505358616704 0.999505366510107 0.999505390787278 0.99950539407408 0.999505396425472 0.999505397297787 0.999505398553237 0.999505398752078 0.999505400141705 0.999505399291714 9.99999978163048e-11 0.138786590190019
0.999765831556411 0.999765835296084 0.999765846797921 0.999765848355117 0.999765849469143 0.999765849882423 0.999765850477221 0.999765850571431 0.9997658512298 0.999765850827101 9.99999985410607e-11 0.293386779598944
0.999330317780467 0.999330328460743 0.999330361309408 0.999330365756632 0.99933036893818 0.999330370118432 0.999330371817092 0.999330372086085 0.999330373966298 0.999330372816152 9.99999976193224e-11 0.10244980775947
0.99976286111354 0.9997628649007 0.999762876548588 0.999762878125559 0.999762879253731 0.99976287967226 0.999762880274612 0.999762880370016 0.999762881036744 0.999762880628933 9.99999986166354e-11 0.289715464182116
0.999512687719429 0.999512695495438 0.999512719411547 0.999512722649468 0.999512724965891 0.999512725825232 0.999512727062011 0.999512727257894 0.999512728626856 0.999512727789507 9.99999980383771e-11 0.140865991919691
0.999428657650799 0.99942866676659 0.999428694803379 0.999428698599183 0.999428701314716 0.999428702322119 0.99942870377199 0.999428704001623 0.999428705606452 0.999428704624829 9.99999979372951e-11 0.120133950971994
0.999436293121441 0.999436302114891 0.999436329775393 0.999436333520254 0.999436336199343 0.999436337193228 0.999436338623642 0.999436338850193 0.999436340433484 0.999436339465038 9.99999979398939e-11 0.121754123833044
0.999478677294677 0.999478685613005 0.999478711197092 0.999478714660832 0.999478717138809 0.999478718058083 0.999478719381117 0.999478719590661 0.999478721055096 0.999478720159348 9.99999974420010e-11 0.131670029330121
0.999446648024581 0.999446656851864 0.999446684001311 0.999446687676981 0.99944669030657 0.99944669128209 0.999446692686073 0.999446692908438 0.999446694462474 0.99944669351192 9.99999978084281e-11 0.124019010745161
0.999509203205428 0.999509211036834 0.999509235123322 0.999509238384309 0.999509240717233 0.999509241582693 0.999509242828282 0.999509243025561 0.999509244404272 0.999509243560958 9.99999978922184e-11 0.13986219852798
0.999770835028154 0.999770838687764 0.999770849943353 0.999770851467211 0.999770852557386 0.999770852961817 0.999770853543883 0.999770853636074 0.999770854280348 0.999770853886271 9.99999984294804e-11 0.299779421318457
0.999761824641248 0.999761828444801 0.999761840143114 0.999761841726911 0.999761842859967 0.999761843280307 0.999761843885267 0.999761843981084 0.999761844650699 0.999761844241121 9.99999987036028e-11 0.28844282850559
0.99977060307613 0.999770606740141 0.999770618009274 0.999770619534965 0.999770620626453 0.999770621031371 0.999770621614137 0.999770621706438 0.999770622351487 0.999770621956935 9.99999984375305e-11 0.29953345447198
0.99952778263803 0.999527790173885 0.999527813351379 0.9995278164893 0.999527818734182 0.999527819566983 0.999527820765565 0.999527820955399 0.999527822282081 0.999527821470592 9.99999973876371e-11 0.145382754442991
0.99946218013793 0.999462188719632 0.999462215113754 0.999462218687163 0.999462221243595 0.999462222191975 0.999462223556899 0.999462223773078 0.99946222528388 0.999462224359772 9.9999997765296e-11 0.12763325708792
0.999441416914601 0.99944142582637 0.999441453235661 0.999441456946511 0.999441459601267 0.999441460586123 0.999441462003545 0.999441462228039 0.999441463796949 0.999441462837298 9.99999975702358e-11 0.122871877050873
0.999447066455651 0.999447075277179 0.999447102408922 0.999447106082196 0.999447108710072 0.999447109684957 0.999447111088026 0.999447111310247 0.999447112863271 0.999447111913338 9.99999977472134e-11 0.12412580833016
0.999772284817985 0.999772288455012 0.999772299641152 0.999772301155606 0.999772302239055 0.999772302640992 0.999772303219465 0.999772303311088 0.999772303951385 0.99977230355974 9.99999984430354e-11 0.301735448680068
0.999428735510846 0.999428744625646 0.999428772659383 0.999428776454775 0.999428779170015 0.999428780177308 0.999428781627023 0.999428781856632 0.999428783461287 0.999428782479772 9.99999977138258e-11 0.120153608231515
0.999768892702093 0.999768896393061 0.999768907745101 0.999768909282017 0.999768910381534 0.999768910789433 0.999768911376485 0.999768911469467 0.99976891211926 0.999768911721806 9.99999984963684e-11 0.297287578500833
0.999532588449122 0.999532595908372 0.999532618850248 0.99953262195627 0.999532624178332 0.999532625002667 0.999532626189065 0.999532626376969 0.999532627690164 0.999532626886925 9.99999977448652e-11 0.146879244412094
0.999476955368374 0.999476963713952 0.999476989381847 0.999476992856933 0.999476995343026 0.999476996265311 0.99947699759268 0.999476997802911 0.999476999272143 0.999476998373461 9.99999982184238e-11 0.131232982235675
0.999426610448317 0.99942661959667 0.9994266477336 0.999426651542963 0.999426654268197 0.999426655279198 0.999426656734248 0.999426656964702 0.999426658575262 0.999426657590134 9.99999975917859e-11 0.119703669819593
0.999775552183219 0.999775555767821 0.999775566792717 0.999775568285343 0.999775569353173 0.999775569749317 0.999775570319452 0.999775570409753 0.999775571040821 0.999775570654822 9.99999983801732e-11 0.306107422096474
0.999522464576256 0.999522472196884 0.99952249563511 0.999522498808329 0.999522501078464 0.999522501920633 0.999522503132698 0.999522503324665 0.999522504666271 0.999522503845652 9.9999997470124e-11 0.143761920182636
0.99925057284304 0.999250584793092 0.99925062154707 0.999250626523039 0.999250630082861 0.999250631403457 0.999250633304094 0.999250633605097 0.99925063570887 0.999250634422012 9.99999975342234e-11 0.0915326603403517
0.9994662830056 0.999466291520947 0.999466317710985 0.999466321256765 0.99946632379343 0.999466324734477 0.999466326088846 0.999466326303354 0.999466327802473 0.99946632688551 9.99999980140344e-11 0.128601001463209
0.999774392479234 0.99977439608265 0.999774407165414 0.999774408665873 0.999774409739309 0.999774410137532 0.999774410710659 0.999774410801434 0.999774411435816 0.999774411047789 9.99999984169953e-11 0.30455874553287
0.999373613769674 0.99937362376009 0.999373654486956 0.999373658646937 0.999373661622997 0.999373662727033 0.999373664315991 0.999373664567631 0.999373666326414 0.999373665250581 9.99999976936635e-11 0.109537927922971
0.999772313838821 0.999772317474656 0.999772328657122 0.999772330171081 0.999772331254173 0.999772331655978 0.999772332234262 0.999772332325854 0.999772332965942 0.999772332574425 9.99999984185011e-11 0.301713264327155
0.99977268398368 0.999772687613886 0.999772698779042 0.999772700290656 0.999772701372073 0.999772701773256 0.999772702350645 0.999772702442094 0.999772703081191 0.999772702690281 9.99999983925666e-11 0.30222806662722
0.999469520154835 0.999469528618864 0.999469554651068 0.999469558175479 0.999469560696857 0.999469561632234 0.999469562978442 0.999469563191658 0.999469564681744 0.999469563770307 9.99999983480071e-11 0.129390814789291
0.99943259602194 0.999432605072436 0.999432632908431 0.999432636677038 0.99943263937311 0.999432640373283 0.999432641812756 0.99943264204073 0.999432643634049 0.999432642659442 9.99999983177793e-11 0.12093513880378
0.999770380725146 0.999770384392353 0.999770395671315 0.999770397198338 0.999770398290777 0.999770398696049 0.999770399279323 0.999770399371706 0.999770400017317 0.999770399622422 9.99999984929935e-11 0.299214451168012
0.999404895750934 0.99940490524367 0.999404934439822 0.999404938392579 0.999404941220393 0.999404942269442 0.999404943779256 0.999404944018374 0.999404945689553 0.999404944667327 9.99999974568706e-11 0.115310788809493
0.999762002152637 0.999762005953175 0.999762017642208 0.999762019224747 0.999762020356904 0.999762020776912 0.999762021381391 0.999762021477131 0.999762022146217 0.999762021736963 9.9999998647207e-11 0.288643998459265
0.99949906229752 0.999499070291374 0.999499094877501 0.999499098206132 0.999499100587448 0.999499101470863 0.999499102742288 0.999499102943659 0.999499104350971 0.999499103490161 9.99999975371271e-11 0.137041782334235
0.999397542034319 0.999397551642915 0.999397581195454 0.999397585196441 0.999397588058757 0.999397589120593 0.999397590648818 0.999397590890835 0.999397592582394 0.999397591547669 9.99999977689128e-11 0.113886447637171
