0.000153047467863517 0.000153042030706806 0.000153025309313864 0.000153023045637938 0.000153021426224177 0.000153020825478248 0.000153019960867845 0.000153019823950569 0.000153018866938541 0.000153019452351428 0.30440810905273 9.99999994072617e-11
0.000152802496405251 0.000152797076623568 0.000152780408661941 0.000152778152218838 0.00015277653797929 0.000152775939152763 0.00015277507730483 0.000152774940824958 0.000152773986870612 0.000152774570412993 0.114499558898852 9.99999986547904e-11
0.00015282509653924 0.000152819675155729 0.000152803002268193 0.000152800745158286 0.000152799130441721 0.000152798531438242 0.000152797669335634 0.000152797532815438 0.000152796578579201 0.000152797162294028 0.118767323979818 9.99999989098892e-11
0.000152763727905172 0.000152758310869384 0.000152741651351883 0.000152739396051831 0.000152737782629999 0.000152737184106806 0.000152736322695442 0.000152736186284694 0.000152735232813573 0.000152735816060342 0.115604473623551 9.99999988340189e-11
0.000153052827445472 0.000153047389908498 0.000153030667346183 0.000153028403511964 0.000153026783984962 0.000153026183197027 0.000153025318526166 0.000153025181599316 0.000153024224520369 0.000153024809974194 0.306871703895736 9.99999993661228e-11
0.0001526707909844 0.000152665380532385 0.000152648741261198 0.00015264648870181 0.00015264487724059 0.000152644279444687 0.000152643419080071 0.000152643282835051 0.000152642330522541 0.000152642913060518 0.0891505681626908 9.99999982826668e-11
0.00015309335745316 0.000153087917039564 0.000153071185631114 0.000153068920599425 0.000153067300215779 0.000153066699110069 0.000153065833981855 0.000153065696982592 0.000153064739397416 0.000153065325160927 0.314471575462405 9.999999928266e-11
0.000153102444288743 0.000153097003229993 0.000153080269837581 0.00015307800453733 0.00015307638396156 0.000153075782784582 0.000153074917553794 0.00015307478053829 0.00015307382283958 0.000153074408672545 0.310474869354425 9.99999993076337e-11
0.000152785943684485 0.000152780525074322 0.000152763860715377 0.000152761604759937 0.000152759990869249 0.000152759392172119 0.000152758530510428 0.000152758394060028 0.00015275744031183 0.000152758023728067 0.126802538218058 9.99999989162909e-11
0.000153110347881744 0.000153104906261862 0.000153088171143868 0.000153085905610032 0.00015308428486716 0.000153083683628194 0.000153082818308193 0.000153082681278564 0.000153081723481106 0.00015308230937448 0.306385306783005 9.99999993650753e-11
0.000152697847721305 0.000152692435351568 0.000152675790183054 0.000152673536825361 0.000152671924793048 0.000152671326785293 0.000152670466115774 0.000152670329822472 0.000152669377172475 0.0001526699599169 0.107706892518026 9.99999989047804e-11
0.000152803491283127 0.00015279807143121 0.000152781403253593 0.000152779146781255 0.000152777532520795 0.000152776933686513 0.000152776071827417 0.000152775935345781 0.000152774981379079 0.000152775564929026 0.105994981894064 9.99999986078184e-11
0.000152789167407029 0.000152783748570028 0.000152767083513463 0.000152764827463609 0.000152763213505386 0.000152762614783218 0.000152761753085481 0.000152761616629393 0.000152760662841295 0.000152761246281978 0.109622107882386 9.99999986969823e-11
0.000153110850225703 0.000153105408570239 0.00015308867334282 0.000153086407794173 0.000153084787040705 0.000153084185797809 0.000153083320472152 0.000153083183441627 0.000153082225637908 0.000153082811535114 0.303532329947267 9.999999939574e-11
0.000152545759141032 0.000152540357537767 0.000152523745478344 0.000152521496602415 0.00015251988777623 0.000152519290957726 0.000152518431999873 0.00015251829597749 0.000152517345222091 0.000152517926807314 0.0782006058070491 9.99999982553633e-11
0.000152703587789532 0.000152698175013654 0.00015268152859617 0.000152679275069412 0.000152677662916155 0.000152677064863537 0.000152676204129449 0.000152676067825927 0.00015267511510446 0.000152675697892614 0.106673563967677 9.99999984691503e-11
0.000153057162634881 0.000153051724790219 0.000153035001281704 0.000153032737319401 0.00015303111770077 0.000153030516878845 0.000153029652159065 0.00015302951522447 0.000153028558091376 0.000153029143578325 0.305260572675269 9.99999993608784e-11
0.000153064863560585 0.00015305942516917 0.000153042699979288 0.000153040435789385 0.000153038816007935 0.000153038215125613 0.000153037350318905 0.000153037213370547 0.000153036256141237 0.000153036841687048 0.302315743273789 9.9999999409237e-11
0.000153108485297285 0.000153103043809766 0.00015308630909881 0.000153084043620073 0.000153082422916619 0.000153081821692276 0.000153080956393319 0.000153080819367023 0.000153079861592859 0.000153080447471984 0.302738411134722 9.99999994100281e-11
0.000153126482960175 0.000153121040195014 0.00015310430155508 0.000153102035544492 0.000153100414460562 0.00015309981309508 0.000153098947592991 0.000153098810534531 0.000153097852535526 0.000153098438552197 0.311267699410609 9.99999993207764e-11
0.000152735780336917 0.000152730365280127 0.000152713711848453 0.000152711457372199 0.000152709844539688 0.000152709246235091 0.000152708385138349 0.000152708248777397 0.000152707295654524 0.000152707878688217 0.122610238818807 9.99999988508603e-11
0.000153106467555371 0.000153101026210986 0.000153084291940193 0.00015308202652104 0.00015308040586021 0.000153079804651679 0.00015307893937548 0.000153078802352787 0.000153077844603811 0.000153078430467528 0.305994288076333 9.99999993815121e-11
0.00015259835928401 0.000152592953957254 0.000152576330447408 0.00015257408002148 0.000152572470086459 0.000152571872856633 0.000152571013306786 0.000152570877190675 0.000152569925780018 0.000152570507766104 0.0910710978206504 9.99999983457187e-11
0.000153133297839551 0.000153127854590304 0.000153111114461715 0.000153108848249614 0.000153107227021526 0.00015310662560257 0.000153105760023517 0.000153105622952873 0.00015310466486868 0.000153105250937466 0.302514228007435 9.99999994079823e-11
0.000152773151891091 0.000152767734188367 0.000152751072619904 0.000152748817042225 0.000152747203421786 0.000152746604824922 0.000152745743307527 0.000152745606879995 0.00015274465329151 0.000152745236610085 0.106095982727242 9.99999988303405e-11
0.000152786350537417 0.000152780931899219 0.000152764267454011 0.000152762011486913 0.000152760397587891 0.000152759798887684 0.000152758937221554 0.000152758800770469 0.000152757847017356 0.000152758430436636 0.115042937715522 9.99999988114383e-11
0.000153060808898261 0.00015305537079473 0.000153038646490149 0.000153036382420085 0.000153034762724365 0.000153034161873844 0.000153033297112906 0.000153033160171795 0.000153032202993146 0.000153032788507964 0.307128580955797 9.99999993606909e-11
0.00015312600265172 0.000153120559920441 0.0001531038213847 0.000153101555388216 0.000153099934314377 0.000153099332952638 0.000153098467455937 0.000153098330398331 0.000153097372405289 0.000153097958418313 0.305001763268904 9.99999993904279e-11
0.000152726487258712 0.00015272107286068 0.000152704421454801 0.000152702167252772 0.000152700554616437 0.000152699956384613 0.000152699095392608 0.000152698959048241 0.000152698006041297 0.000152698589004072 0.116056735754855 9.99999986050442e-11
0.00015305967648688 0.000153054238463598 0.000153037514405795 0.000153035250369137 0.000153033630697315 0.000153033029855659 0.00015303216510748 0.000153032028168389 0.000153031071003862 0.000153031656510041 0.308354715754638 9.99999993351299e-11
0.000153115028635999 0.000153109586683941 0.000153092850544443 0.000153090584872331 0.000153088964030539 0.00015308836275488 0.000153087497382067 0.000153087360344077 0.000153086402488163 0.0001530869884173 0.304505154210369 9.99999994087196e-11
0.000152642101393397 0.000152636692971036 0.000152620059941484 0.000152617808226973 0.000152616197370149 0.000152615599798425 0.000152614739756472 0.000152614603562509 0.000152613651607148 0.000152614233926579 0.0921685500833781 9.99999988712833e-11
0.000152606246722181 0.000152600840837901 0.000152584215613458 0.000152581964955476 0.000152580354854464 0.000152579757563096 0.000152578897924653 0.000152578761794558 0.000152577810285831 0.000152578392331996 0.092412403159498 9.99999983484761e-11
0.000152824589470551 0.000152819168123164 0.000152802495346709 0.00015280023825184 0.000152798623546035 0.000152798024546549 0.000152797162449685 0.000152797025930401 0.000152796071700523 0.000152796655411463 0.119292072717783 9.99999987304704e-11
0.000153080777393002 0.000153075337872274 0.000153058609209554 0.000153056344549545 0.000153054724431792 0.000153054123424716 0.000153053258438459 0.000153053121461673 0.000153052164033625 0.000153052749701014 0.307877922224648 9.99999993592011e-11
0.000152801574114748 0.000152796154398292 0.000152779486637247 0.000152777230221297 0.000152775616001175 0.000152775017181855 0.000152774155344294 0.000152774018866066 0.000152773064923201 0.000152773648458563 0.115942861414411 9.99999985502047e-11
0.000152633609331979 0.000152628201511229 0.000152611570331718 0.000152609318867648 0.000152607708189988 0.000152607110684731 0.000152606250738436 0.000152606114559627 0.000152605162710145 0.00015260574496482 0.0912349963822541 9.99999986309385e-11
0.00015307346607479 0.000153068027072909 0.000153051300005736 0.000153049035561711 0.000153047415598467 0.000153046814648707 0.000153045949744942 0.000153045812781216 0.000153044855444475 0.000153045441056006 0.305388386345287 9.99999993543362e-11
0.000152672945086866 0.000152667534482154 0.000152650894741389 0.000152648642118439 0.000152647030611749 0.00015264643279898 0.00015264557241009 0.000152645436161229 0.000152644483821849 0.000152645066376269 0.088053346616679 9.99999984964838e-11
0.000153090703887447 0.000153085263662093 0.000153068532832523 0.000153066267879195 0.000153064647551607 0.000153064046466692 0.000153063181368407 0.000153063044373883 0.000153062086821834 0.00015306267256508 0.307677304579507 9.99999993484140e-11
0.000153118103197681 0.00015311266102741 0.000153095924216867 0.000153093658453917 0.000153092037547142 0.000153091436247377 0.00015309057083987 0.000153090433796387 0.000153089475902071 0.000153090061854699 0.307221424694147 9.99999993561947e-11
0.000153066329147386 0.000153060890651959 0.000153044165142226 0.000153041900909025 0.0001530402810966 0.000153039680202786 0.000153038815379541 0.000153038678428564 0.000153037721180948 0.000153038306737956 0.309761295633343 9.99999993235892e-11
0.000153100793920951 0.000153095352979545 0.000153078619947986 0.000153076354696582 0.000153074734155757 0.000153074132991742 0.000153073267779611 0.000153073130767061 0.000153072173089001 0.000153072758909334 0.313918951745361 9.99999992893353e-11
0.000152813079558139 0.000152807659025645 0.000152790988755149 0.000152788731999498 0.00015278711753636 0.000152786518626889 0.00015278565665958 0.000152785520160804 0.000152784566074327 0.000152785149697533 0.121838911794813 9.99999988241978e-11
0.000152678149313305 0.000152672738339487 0.000152656097463667 0.000152653844687064 0.000152652233070453 0.000152651635216904 0.000152650774769324 0.000152650638511166 0.000152649686106826 0.000152650268700976 0.0899859249176356 9.99999986649837e-11
0.000152499378695488 0.000152493980372615 0.000152477378401169 0.000152475130890743 0.000152473523041387 0.000152472926585189 0.000152472068148818 0.000152471932208933 0.000152470982030753 0.000152471563262732 0.0701778315068686 9.99999984942382e-11
0.000152691252756589 0.000152685840853976 0.000152669197121951 0.000152666943958709 0.000152665332065504 0.000152664734109349 0.000152663873514097 0.000152663737232553 0.00015266278466476 0.000152663367358896 0.097201405327198 9.99999990213847e-11
0.000152602458723618 0.000152597053105292 0.00015258042869883 0.000152578178151523 0.000152576568129669 0.000152575970867626 0.000152575111271416 0.000152574975147957 0.000152574023685983 0.000152574605703449 0.100359951182254 9.99999989770309e-11
0.000152591399171391 0.000152585994337963 0.000152569372345128 0.000152567122124578 0.000152565512336491 0.000152564915161188 0.000152564055689802 0.000152563919586139 0.000152562968262323 0.000152563550195333 0.0901969884979624 9.99999987812862e-11
0.00015276262622028 0.000152757209264327 0.00015274054999231 0.000152738294725497 0.000152736681327447 0.000152736082813082 0.00015273522141442 0.000152735085005691 0.000152734131548628 0.000152734714786814 0.0989592838195761 9.99999986160033e-11
0.000153109587596505 0.000153104146030775 0.000153087411079305 0.000153085145568011 0.000153083524841265 0.000153082923608281 0.00015308205829689 0.000153081921268624 0.000153080963480695 0.00015308154936824 0.31247617244143 9.99999992793954e-11
0.000152776029223722 0.000152770611316116 0.00015275394911762 0.000152751693454649 0.000152750079773192 0.000152749481153688 0.000152748619603712 0.000152748483171015 0.000152747529546469 0.000152748112887092 0.119030598856169 9.99999987523254e-11
0.000152777223776661 0.00015277180578521 0.000152755143328872 0.000152752887631 0.000152751273924576 0.000152750675295813 0.000152749813732509 0.000152749677297704 0.000152748723658406 0.000152749307008058 0.112292265524356 9.99999989195282e-11
0.00015305389023643 0.000153048452623775 0.000153031729828724 0.000153029465963 0.000153027846413461 0.000153027245617165 0.000153026380934272 0.000153026244005518 0.000153025286913253 0.000153025872375226 0.303751940577888 9.99999993797452e-11
0.000153099168101653 0.000153093727275512 0.000153076994598415 0.000153074729394995 0.000153073108888495 0.000153072507737212 0.000153071642543408 0.00015307150553376 0.000153070547875985 0.000153071133683908 0.305910712003757 9.99999993918949e-11
0.000153074344966978 0.000153068905902702 0.000153052178643654 0.000153049914173655 0.000153048294191831 0.000153047693235178 0.000153046828321492 0.000153046691356195 0.000153045734008474 0.000153046319626722 0.304421993327563 9.99999994055969e-11
0.000153086753017808 0.00015308131307288 0.000153064583105671 0.000153062318269078 0.000153060698025 0.000153060096971064 0.000153059231917364 0.000153059094929899 0.0001530581374272 0.000153058723140256 0.301502696650129 9.99999994276497e-11
0.000152814862255566 0.000152809441597484 0.000152792770940769 0.000152790514132841 0.000152788899632308 0.000152788300708968 0.000152787438721697 0.000152787302219765 0.000152786348111191 0.000152786931747924 0.110433032743771 9.99999988735165e-11
0.00015280044851023 0.000152795028873241 0.000152778361356577 0.000152776104973706 0.000152774490777249 0.000152773891966706 0.000152773030141778 0.000152772893665549 0.000152771939736668 0.000152772523263472 0.123563356857321 9.99999986310265e-11
0.000153046528907701 0.000153041091817572 0.000153024370629382 0.000153022106981173 0.000153020487587239 0.000153019886848666 0.000153019022248849 0.000153018885333248 0.000153017928332938 0.000153018513738657 0.304084775100267 9.99999994180414e-11
0.000153071565876117 0.000153066127009175 0.000153049400356962 0.000153047135969109 0.00015304551604605 0.000153044915111196 0.000153044050228885 0.000153043913268556 0.000153042955955562 0.000153043541552567 0.308588368972096 9.99999993430835e-11
0.000152601639882186 0.000152596234325346 0.000152579610107752 0.000152577359586099 0.000152575749582626 0.000152575152327466 0.000152574292741117 0.000152574156619306 0.000152573205168235 0.000152573787179195 0.081317141641398 9.99999983938304e-11
0.000152674620692377 0.000152669209967337 0.000152652569856594 0.000152650317183541 0.000152648705641001 0.000152648107814918 0.000152647247406876 0.000152647111154962 0.000152646158794388 0.000152646741361734 0.107704220757967 9.99999984415729e-11
0.000152761380214607 0.000152755963345311 0.000152739304339802 0.000152737049109057 0.000152735435736808 0.000152734837232009 0.000152733975847117 0.000152733839440562 0.000152732885998743 0.00015273346922759 0.114786954677745 9.99999987331029e-11
0.000152799070060637 0.000152793650521329 0.000152776983305052 0.000152774726962844 0.000152773112795475 0.000152772513995722 0.000152771652186324 0.000152771515712553 0.000152770561800861 0.000152771145317148 0.122722057723568 9.99999987491975e-11
0.000152511509270158 0.000152506110090284 0.000152489505483242 0.00015248725761611 0.000152485649511596 0.000152485052960795 0.000152484194388233 0.000152484058426849 0.000152483108097916 0.00015248368942224 0.0713875160763339 9.99999980975137e-11
0.000152634919996964 0.000152629512082185 0.000152612880613611 0.000152610629110374 0.000152609018404683 0.000152608420889 0.000152607560927719 0.000152607424746501 0.000152606472880437 0.000152607055145186 0.106805484436803 9.99999982758327e-11
0.000153091937296969 0.000153086496984104 0.000153069765885423 0.000153067500895666 0.000153065880542018 0.000153065279447436 0.000153064414335237 0.00015306427733851 0.000153063319771061 0.000153063905523727 0.307952277680359 9.99999993507179e-11
0.000153109257643382 0.000153103816100973 0.00015308708122122 0.000153084815719634 0.000153083194999833 0.000153082593769426 0.000153081728461743 0.000153081591434064 0.00015308063365024 0.000153081219535274 0.304045379424097 9.99999993684972e-11
0.000152609413093903 0.000152604006985903 0.000152587381073411 0.000152585130322318 0.000152583520154706 0.000152582922838652 0.000152582063164667 0.000152581927028972 0.000152580975480901 0.000152581557551187 0.0818388844328858 9.99999984309081e-11
0.000153103201333936 0.000153097760221479 0.000153081026663905 0.000153078761341297 0.000153077140749534 0.000153076539566622 0.000153075674327296 0.00015307553731044 0.000153074579602279 0.000153075165441026 0.306120992197185 9.99999993952944e-11
0.000152792052478424 0.000152786633435994 0.000152769967747709 0.000152767711612338 0.000152766097592937 0.000152765498848072 0.000152764637117671 0.000152764500656407 0.000152763546832155 0.000152764130294949 0.115527212530118 9.99999989295842e-11
0.00015310410048614 0.000153098659309842 0.00015308192555595 0.000153079660206767 0.000153078039595993 0.00015307743840603 0.000153076573156555 0.000153076436138092 0.000153075478418697 0.000153076064264317 0.305309372979874 9.99999993823156e-11
0.000153124555426679 0.000153119112798203 0.000153102374578599 0.00015310010862491 0.000153098487581685 0.000153097886231303 0.000153097020750946 0.000153096883695928 0.000153095925720978 0.000153096511722935 0.306339693835772 9.99999993799812e-11
0.000152815003472115 0.000152809582803616 0.000152792912114871 0.000152790655302606 0.000152789040798968 0.000152788441874475 0.000152787579885546 0.000152787443383349 0.00015278648927294 0.000152787072910791 0.122730040842102 9.9999998861375e-11
0.000153120644888188 0.000153115202537239 0.000153098465171078 0.000153096199332916 0.000153094578372337 0.000153093977052613 0.000153093111616381 0.000153092974568349 0.000153092016642238 0.000153092602614318 0.304907655179644 9.99999994120548e-11
0.000152684622928832 0.000152679211495821 0.000152662569207901 0.000152660316240146 0.000152658704486787 0.000152658106582512 0.000152657246061924 0.000152657109792205 0.000152656157307055 0.000152656739950639 0.100001834718735 9.99999989404856e-11
0.000153113673432241 0.000153108231576524 0.000153091495733292 0.000153089230101283 0.000153087609288181 0.000153087008023163 0.000153086142665667 0.000153086005630102 0.000153085047791141 0.000153085633709905 0.309946621637483 9.99999993370084e-11
0.000152652520122513 0.000152647110963545 0.000152630475668752 0.000152628223647618 0.000152626612571448 0.000152626014918367 0.000152625154759316 0.000152625018546827 0.000152624066461851 0.000152624648860602 0.0925549174337272 9.99999982513153e-11
0.000152814577621489 0.000152809156983274 0.000152792486387665 0.000152790229588004 0.000152788615093384 0.000152788016172234 0.000152787154188117 0.00015278701768668 0.000152786063581598 0.000152786647216186 0.123251964119872 9.99999988235361e-11
0.000153075648179213 0.000153070209022552 0.000153053481479406 0.00015305121697095 0.000153049596961614 0.000153048995994755 0.000153048131066381 0.000153047994098759 0.00015304703673478 0.000153047622362974 0.309494490015613 9.99999993513844e-11
0.000152673275599358 0.000152667864970781 0.000152651225156651 0.000152648972523759 0.000152647361009954 0.000152646763194539 0.000152645902801843 0.00015264576655237 0.000152644814208781 0.000152645396765756 0.0953890676893414 9.99999986478579e-11
0.000152645743636734 0.000152640334956209 0.000152623701132762 0.000152621449310779 0.000152619838377071 0.000152619240776823 0.000152618380693821 0.000152618244493354 0.000152617292492556 0.000152617874839775 0.0943895627901564 9.99999985010509e-11
0.000153092719373167 0.000153087279004865 0.000153070547735701 0.000153068282722868 0.00015306666235271 0.000153066061252005 0.000153065196130992 0.00015306505913287 0.000153064101555665 0.0001530646873143 0.307004319443884 9.99999993752085e-11
0.000153122354675958 0.00015311691220369 0.000153100174464455 0.000153097908575791 0.000153096287579083 0.000153095686245957 0.000153094820790436 0.00015309468373935 0.000153093725791889 0.000153094311777028 0.305148269959661 9.99999993618035e-11
0.000152586839597155 0.000152581435085967 0.000152564814084065 0.00015256256399766 0.000152560954305539 0.000152560357165839 0.000152559497745691 0.000152559361650147 0.000152558410383044 0.00015255899228137 0.0839166771757713 9.9999998691838e-11
0.000152717387111331 0.000152711973358073 0.000152695323934973 0.000152693070001352 0.000152691457557034 0.000152690859396444 0.000152689998506959 0.00015268986217883 0.000152688909285361 0.000152689492178731 0.112883352123735 9.99999987381468e-11
0.00015255395770173 0.000152548555517614 0.000152531941672084 0.000152529692554327 0.000152528083555128 0.000152527486672408 0.000152526627622159 0.000152526491585099 0.000152525540727436 0.000152526122375129 0.0890064120751728 9.99999976812952e-11
0.000152811068289466 0.000152805647899935 0.000152788978069064 0.000152786721372929 0.000152785106952369 0.000152784508058696 0.000152783646114123 0.000152783509618951 0.000152782555557638 0.00015278313916546 0.114138895383192 9.99999989375130e-11
0.000152835008179866 0.000152829586092972 0.000152812911042418 0.000152810653639706 0.000152809038713674 0.000152808439632489 0.000152807577418046 0.000152807440880138 0.000152806486520116 0.00015280707031066 0.138741644477756 9.99999989085221e-11
0.00015306091098487 0.000153055472873894 0.00015303874854642 0.000153036484473258 0.000153034864775322 0.000153034263923978 0.000153033399161857 0.000153033262220559 0.0001530323050406 0.000153032890556219 0.295324160794323 9.99999995165213e-11
0.000152671471555325 0.000152666061054601 0.000152649421633631 0.000152647169053965 0.000152645557578238 0.000152644959776952 0.000152644099404589 0.00015264396315834 0.000152643010837256 0.000152643593380474 0.0926255650427488 9.99999985267553e-11
0.000152766416494928 0.000152760999269571 0.00015274433916911 0.000152742083790144 0.00015274047031186 0.000152739871767726 0.000152739010326223 0.000152738873910703 0.000152737920406222 0.0001527385036734 0.105092883015318 9.99999988586641e-11
0.000152664328369598 0.000152658918373234 0.000152642280503328 0.000152640028133598 0.000152638416808045 0.000152637819062446 0.000152636958770245 0.000152636822536662 0.000152635870304309 0.000152636452793194 0.102635145170237 9.99999985778719e-11
0.000152809411366804 0.000152803991093922 0.000152787321621784 0.000152785064974201 0.000152783450588372 0.000152782851707577 0.000152781989781541 0.000152781853289297 0.000152780899248505 0.000152781482843758 0.136135842001934 9.99999988308349e-11
0.000153132315273962 0.000153126872094563 0.000153110132180771 0.000153107865997746 0.000153106244790458 0.000153105643379216 0.000153104777811268 0.000153104640742381 0.000153103682670479 0.000153104268731746 0.308745169282902 9.99999993093957e-11
0.000152792956830473 0.000152787537725209 0.000152770871843682 0.000152768615682159 0.000152767001644049 0.000152766402892249 0.000152765541151864 0.000152765404689025 0.00015276445085372 0.000152765034323286 0.105593094969198 9.99999986283967e-11
0.000152696289179193 0.000152690876920636 0.000152674232094008 0.000152671978782598 0.000152670366783397 0.000152669768787926 0.000152668908136086 0.000152668771845586 0.000152667819215157 0.000152668401947617 0.0992481573491652 9.99999989290254e-11
0.000152810224452858 0.000152804804122763 0.000152788134474679 0.000152785877803283 0.000152784263400419 0.000152783664513307 0.000152782802578179 0.000152782666084498 0.00015278171203364 0.000152782295635058 0.120244941810331 9.99999988421448e-11
0.000152557831021786 0.00015255242856457 0.000152535813879041 0.000152533564647646 0.000152531955567177 0.000152531358654362 0.000152530499560761 0.000152530363516906 0.00015252941261125 0.000152529994288435 0.0752157947871987 9.99999983993674e-11
