0.000352223045039796 0.000352194343483245 0.000352106090663936 0.000352094145555856 0.000352085600508992 0.000352082430872443 0.000352077868946529 0.000352077146830596 0.000352072097419884 0.000352075186738996 0.238250889300963 9.99999997373158e-11
0.000350796568453884 0.000350768098313006 0.000350680556948547 0.00035066870812133 0.000350660231947345 0.000350657087856299 0.000350652562697455 0.000350651846399703 0.000350646837684556 0.0003506499021022 0.123504890441734 9.99999995428457e-11
0.000350434192075272 0.000350405780591765 0.000350318419561031 0.000350306595138439 0.000350298136421932 0.000350294998806091 0.000350290482966807 0.00035028976814394 0.000350284769744116 0.000350287827850076 0.104203440861208 9.99999995187569e-11
0.000350770775494037 0.000350742309558662 0.000350654781123031 0.000350642934045617 0.000350634459123372 0.000350631315496717 0.000350626791006184 0.000350626074814336 0.000350621066838889 0.000350624130804197 0.110782966041067 9.99999994997501e-11
0.00035215116311645 0.000352122473238255 0.000352034256322473 0.00035202231607316 0.000352013774501918 0.000352010606154478 0.000352006046083969 0.000352005324261607 0.000352000276904551 0.000352003364966968 0.236231380755197 9.99999997502299e-11
0.000350294950804165 0.000350266561822132 0.000350179269970457 0.000350167454909304 0.000350159002889163 0.000350155867756662 0.000350151355491869 0.000350150641234112 0.000350145646790777 0.000350148702474754 0.0987784134046898 9.99999995927339e-11
0.000352325660835592 0.000352296942601599 0.000352208638509848 0.000352196686463114 0.000352188136452807 0.00035218496497529 0.000352180400399704 0.000352179677864493 0.000352174625520994 0.000352177716634699 0.236880845941529 9.99999997509422e-11
0.000352329650897291 0.000352300932016514 0.000352212625936286 0.000352200673620465 0.000352192123417677 0.000352188951868776 0.000352184387190443 0.000352183664638985 0.000352178612181758 0.000352181703365078 0.236062021489093 9.99999997645384e-11
0.000350176681470441 0.00035014831160231 0.000350061078513726 0.000350049271404974 0.000350040825073452 0.000350037692050908 0.000350033182822929 0.000350032469045735 0.000350027477963691 0.000350030531590915 0.0980964918905291 9.99999994400354e-11
0.000352188513932045 0.000352159817983437 0.000352071582404983 0.000352059639630085 0.000352051096252218 0.000352047927234703 0.000352043366199758 0.000352042644224803 0.00035203759580026 0.000352040684515913 0.234561669292645 9.99999997477557e-11
0.000350254837538573 0.000350226455042437 0.000350139183130298 0.000350127370767753 0.00035011892067808 0.000350115786261746 0.000350111275027618 0.000350110560933147 0.000350105567630578 0.000350108622616888 0.103570997835679 9.99999994706214e-11
0.000350726851350324 0.000350698392509123 0.000350610885883726 0.000350599041757823 0.000350590568946873 0.000350587426103268 0.000350582902739794 0.000350582186726236 0.00035057717999828 0.000350580243200136 0.11236770909429 9.9999999532576e-11
0.000350774603843045 0.000350746137275958 0.000350658606898385 0.000350646759558106 0.000350638284447807 0.000350635140751354 0.000350630616160396 0.000350629899952596 0.000350624891866 0.000350627955899202 0.122292902154098 9.99999994041598e-11
0.000352319176281389 0.000352290459101315 0.000352202158249725 0.000352190206641464 0.000352181656944807 0.000352178485583614 0.000352173921175457 0.000352173198666726 0.000352168146508548 0.000352171237508826 0.240629899627942 9.99999997017189e-11
0.000349451660270056 0.000349423407482507 0.000349336534348587 0.000349324775949886 0.000349316364461447 0.000349313244360633 0.000349308753731907 0.000349308042895462 0.000349303072400287 0.000349306113425736 0.0825349518546837 9.99999992653641e-11
0.000350418371123483 0.000350389962198867 0.000350302609036101 0.00035029078567786 0.000350282327722579 0.000350279190388779 0.000350274674955642 0.000350273960196637 0.000350268962246408 0.000350272020076481 0.105417517781831 9.99999995631154e-11
0.000352329886203523 0.000352301167283359 0.000352212861082073 0.000352200908749858 0.000352192358535339 0.00035218918698208 0.000352184622297478 0.000352183899745018 0.000352178847280854 0.000352181938468398 0.235433074166124 9.99999997533111e-11
0.000352358089488802 0.000352329365984719 0.000352241045690869 0.000352229091451499 0.000352220539872723 0.000352217367813437 0.000352212802400532 0.000352212079732805 0.000352207026462523 0.000352210118143296 0.237576629423232 9.99999997651354e-11
0.000352539482101818 0.000352510729102946 0.000352422318131447 0.0003524103516208 0.000352401791264002 0.000352398615948935 0.000352394045850017 0.000352393322440831 0.000352388263983835 0.000352391358838484 0.234026671035332 9.99999997382866e-11
0.000352131823669112 0.000352103136935084 0.000352014929685599 0.000352002990744414 0.000351994450108919 0.00035199128210855 0.000351986722537576 0.000351986000794257 0.00035198095399011 0.000351984041714192 0.243875235868718 9.99999997013759e-11
0.000350321486234513 0.000350293092964544 0.000350205787930026 0.000350193971084909 0.000350185517788661 0.00035018238218289 0.000350177869236897 0.000350177154871408 0.000350172159674078 0.000350175215819546 0.104897519941785 9.99999995095071e-11
0.000352252175219107 0.000352223468927094 0.00035213520154929 0.000352123254471017 0.000352114708014808 0.000352111537855521 0.000352106975177243 0.000352106252942253 0.000352101202698788 0.000352104292527458 0.237264018197488 9.99999997348316e-11
0.000349267480397673 0.000349239257326548 0.000349152475551985 0.00034914072951687 0.000349132326872496 0.000349129210051972 0.000349124724144526 0.000349124014055135 0.000349119048785709 0.000349122086613425 0.0713563416714323 9.99999992022006e-11
0.000352340379573371 0.000352311658948122 0.000352223347504787 0.000352211394463172 0.000352202843741196 0.00035219967199972 0.000352195107044219 0.000352194384448894 0.000352189331684886 0.000352192423055909 0.238597638060622 9.9999999711068e-11
0.000350849255601955 0.0003508207769628 0.000350733209471199 0.000350721357108331 0.00035071287840522 0.000350709733376195 0.000350705206867274 0.000350704490356008 0.000350699480146513 0.000350702545478787 0.109142416418097 9.99999995945108e-11
0.000350865301505144 0.000350836820231348 0.000350749244640377 0.000350737391181259 0.000350728911693909 0.000350725766373879 0.000350721239446208 0.00035072052286851 0.000350715512195544 0.000350718577811096 0.122905448707425 9.99999997131894e-11
0.00035260437756668 0.000352575614011278 0.000352487170585289 0.000352475199682585 0.000352466636184001 0.000352463459703613 0.000352458887927479 0.000352458164252873 0.000352453103939455 0.000352456199930021 0.237884934501707 9.9999999721105e-11
0.000352081808147606 0.000352053129534237 0.000351964947250579 0.000351953011688 0.000351944473469331 0.000351941306365377 0.000351936748084597 0.000351936026545437 0.00035193098116934 0.000351934068019593 0.241204532751305 9.99999997105129e-11
0.000350188755849051 0.000350160384026888 0.000350073144930819 0.000350061337009109 0.000350052890096062 0.000350049756857849 0.000350045247319447 0.000350044533493162 0.000350039542067522 0.000350042595905053 0.100510148185227 9.99999994814307e-11
0.000352364709966109 0.000352335985385014 0.00035224766178003 0.000352235707092574 0.00035222715519327 0.000352223983015105 0.000352219417431093 0.000352218694736299 0.000352213641276627 0.000352216733073302 0.241356012146384 9.99999997323336e-11
0.000352021045117262 0.00035199237637719 0.000351904224447608 0.000351892292992815 0.000351883757712574 0.000351880591698497 0.000351876034986358 0.000351875313695412 0.000351870270055565 0.000351873355843384 0.236431212129037 9.99999997629073e-11
0.000349887580439849 0.000349859257271933 0.000349772167758148 0.000349760380078816 0.00034975194764563 0.000349748819777708 0.00034974431796893 0.000349743605365268 0.000349738622495221 0.000349741671096571 0.0925652109262362 9.99999994441891e-11
0.000349372591042209 0.000349344350990973 0.000349257517011824 0.000349245763912507 0.000349237356215081 0.0003492342375208 0.000349229748916176 0.000349229038400588 0.000349224070145715 0.000349227109801394 0.0742836679345081 9.99999993109099e-11
0.000350590980429979 0.000350562543588599 0.000350475104598533 0.000350463269625729 0.000350454803362306 0.000350451662947256 0.00035044714307913 0.000350446427618724 0.000350441424759583 0.000350444485594188 0.107686327627801 9.99999995648242e-11
0.000352584386241335 0.000352555625939189 0.000352467192514848 0.000352455222965666 0.000352446660435303 0.000352443484314038 0.000352438913054781 0.000352438189461972 0.000352433129720658 0.000352436225361165 0.238741335419338 9.99999997506924e-11
0.000350974931047049 0.000350946432044201 0.00035085880194738 0.000350846941112122 0.000350838456348413 0.000350835309071428 0.000350830779327093 0.000350830062303793 0.000350825048513192 0.00035082811603664 0.124786562958742 9.9999999594277e-11
0.000349854877673293 0.000349826559840765 0.000349739486729516 0.000349727701270058 0.000349719270424864 0.000349716143146035 0.00034971164218506 0.000349710929715686 0.000349705947784011 0.000349708995811419 0.0827154808202579 9.99999993828935e-11
0.000352205440503265 0.000352176741807951 0.000352088497785153 0.000352076553867479 0.000352068009672144 0.00035206484035142 0.000352060278880075 0.000352059556836056 0.000352054507928486 0.000352057596939689 0.238448054173907 9.99999997257147e-11
0.00035031708528759 0.000350288692753988 0.000350201389983405 0.000350189573444614 0.000350181120367475 0.000350177984842938 0.000350173472013889 0.00035017275766686 0.000350167762598975 0.000350170818665148 0.0968827116603748 9.99999994503938e-11
0.000352386524390765 0.000352357796262978 0.00035226946175416 0.000352257505591112 0.000352248952636275 0.000352245780066616 0.000352241213919128 0.000352240491135183 0.000352235437051827 0.000352238529230165 0.237223547724806 9.99999997094795e-11
0.00035210387787517 0.000352075195676693 0.000351987002371056 0.000351975065316913 0.000351966526031289 0.000351963358531618 0.000351958799681273 0.000351958078052016 0.000351953032045494 0.000351956119281564 0.234276966104855 9.99999997492196e-11
0.000352279522375325 0.000352250811638685 0.000352162530596505 0.000352150581669044 0.000352142033890053 0.00035213886324014 0.000352134299855712 0.000352133577508984 0.000352128526483917 0.000352131616790856 0.235328570121876 9.99999997331817e-11
0.000352113515831012 0.000352084832066862 0.000351996633947809 0.000351984696242258 0.000351976156490658 0.000351972988818146 0.00035196842971904 0.000351967708050408 0.000351962661768546 0.000351965749173077 0.235753680001655 9.99999997412075e-11
0.000350806809456907 0.000350778337681002 0.000350690791289563 0.00035067894178216 0.000350670465121654 0.000350667320850239 0.000350662795431734 0.000350662079093006 0.000350657070090439 0.000350660134684174 0.109346729319522 9.99999995461255e-11
0.000350165534507987 0.000350137166444338 0.000350049938903234 0.000350038132545283 0.000350029686750854 0.000350026553927567 0.000350022044986343 0.000350021331254587 0.00035001634048993 0.000350019393923063 0.10134267516811 9.99999994675143e-11
0.000349093176213471 0.000349064981270367 0.000348978285975185 0.000348966551641845 0.000348958157367659 0.000348955043650638 0.000348950562210742 0.000348949852826889 0.000348944892502545 0.00034894792730165 0.0687371906438248 9.99999992793303e-11
0.000350145784982573 0.000350117420103984 0.000350030202355287 0.000350018397322392 0.000350009952475771 0.000350006820003927 0.000350002311568602 0.000350001597916757 0.000349996607712071 0.000349999660802283 0.0903063653642008 9.99999995178901e-11
0.000349195658964911 0.000349167447494716 0.000349080701385137 0.000349068960176771 0.000349060560985202 0.000349057445445505 0.00034905296138142 0.000349052251583938 0.000349047288354806 0.000349050324934471 0.0701256346847591 9.99999993771509e-11
0.000349264779723198 0.000349236557083352 0.000349149776637084 0.000349138030780737 0.000349129628263914 0.000349126511489978 0.000349122025650091 0.000349121315570426 0.000349116350375899 0.000349119388155936 0.0706002988039655 9.99999995692899e-11
0.000350866775968705 0.000350838294478148 0.000350750718220532 0.000350738864671279 0.00035073038511948 0.000350727239775607 0.000350722712813577 0.000350721996230525 0.000350716985519518 0.000350720051158507 0.119670986359078 9.99999995505055e-11
0.000352208835153175 0.00035218013590693 0.000352091890190352 0.000352079946043467 0.000352071401684174 0.000352068232302642 0.000352063670743774 0.000352062948685914 0.000352057899681467 0.000352060988751964 0.239718560185098 9.99999997470195e-11
0.000350726216299361 0.000350697757554027 0.000350610251223515 0.00035059840713746 0.000350589934354994 0.00035058679152191 0.00035058226817361 0.000350581552162395 0.000350576545451241 0.000350579608642704 0.117590900416757 9.99999996126575e-11
0.00035079044700146 0.000350761977867089 0.000350674439596752 0.000350662591188352 0.000350654115313991 0.000350650971334145 0.000350646446335303 0.000350645730062961 0.000350640721524899 0.000350643785834359 0.114709776534471 9.99999995745619e-11
0.000352528497920654 0.00035249974670674 0.000352411341222877 0.000352399375454854 0.000352390815629274 0.000352387640511229 0.000352383070695887 0.000352382347331561 0.000352377289188444 0.000352380383851003 0.236183439907437 9.9999999739009e-11
0.000352361524712476 0.000352332800651719 0.000352244478646378 0.000352232524175424 0.000352223972431 0.000352220800310298 0.000352216234808981 0.000352215512127295 0.00035221045875915 0.000352213550499866 0.233770447614463 9.99999997738106e-11
0.00035245492720818 0.000352426187959772 0.000352337819262163 0.000352325858472385 0.000352317302207903 0.000352314128410685 0.000352309560496389 0.000352308837432876 0.00035230378139393 0.000352306874768924 0.239592854539793 9.99999997212577e-11
0.000352263825342445 0.000352235117157594 0.000352146843960515 0.000352134896094728 0.000352126349075187 0.000352123178706961 0.000352118615727957 0.000352117893445385 0.000352112842869062 0.000352115932901418 0.23519078557016 9.99999997590405e-11
0.000350779078054358 0.000350750610760316 0.000350663078147939 0.000350651230505177 0.000350642755178485 0.000350639611401736 0.000350635086695233 0.000350634370469101 0.000350629362254621 0.000350632426365984 0.110450911068813 9.99999995805342e-11
0.00035065655757181 0.000350628110094463 0.000350540638405765 0.000350528799007808 0.000350520329578905 0.000350517187989708 0.000350512666431691 0.000350511950703809 0.000350506945974221 0.00035051000795323 0.111185773008898 9.99999995145915e-11
0.000352488414035507 0.000352459669337313 0.000352371283885099 0.000352359320827945 0.000352350762941538 0.000352347588542744 0.000352343019762608 0.000352342296562094 0.000352337239564792 0.000352340333526225 0.238252940981621 9.99999997394838e-11
0.000352215926678143 0.000352187226273868 0.000352098976997046 0.000352087032368381 0.000352078487664462 0.000352075318155122 0.000352070756412292 0.000352070034325342 0.000352064985117275 0.000352068074312411 0.233357044565287 9.99999997543266e-11
0.000349908860496187 0.000349880533930723 0.000349793433970847 0.000349781644878141 0.000349773211434019 0.000349770083191351 0.000349765580843057 0.000349764868154312 0.000349759884687064 0.000349762933654399 0.0873192734989121 9.99999995545291e-11
0.000350103474697345 0.000350075116688303 0.000349987920059421 0.000349976117884506 0.000349967675082242 0.000349964543368553 0.000349960036024502 0.000349959322545195 0.000349954333548404 0.000349957385899221 0.0970832793331734 9.99999995744501e-11
0.000350656690627793 0.000350628243141644 0.000350540771425887 0.000350528932024258 0.000350520462592724 0.000350517321002546 0.00035051279944312 0.000350512083715007 0.000350507078983861 0.000350510140963808 0.1103184167188 9.99999995853088e-11
0.000350716298812997 0.000350687841711306 0.000350600340433597 0.000350588497031452 0.000350580024738249 0.000350576882086727 0.000350572358999681 0.000350571643029928 0.000350566636607927 0.000350569699622688 0.102536681026988 9.9999999427916e-11
0.000349477243233557 0.000349448986281491 0.000349362100345618 0.00034935034021392 0.000349341927485642 0.000349338806924586 0.000349334315633707 0.000349333604691977 0.000349328633463963 0.000349331674936871 0.0872392183821488 9.99999993713208e-11
0.000349185642677757 0.000349157432799602 0.000349070691584834 0.000349058951038779 0.000349050552320947 0.000349047436956885 0.000349042953145641 0.000349042243388065 0.000349037280438804 0.000349040316847016 0.0684916892708586 9.99999993191776e-11
0.000352287221750598 0.000352258509761724 0.000352170224869735 0.000352158275421279 0.000352149727269602 0.000352146556481456 0.000352141992898072 0.000352141270519857 0.000352136219274577 0.00035213930971626 0.234176194232104 9.99999997645819e-11
0.000352155720445146 0.000352127029824866 0.000352038810627635 0.00035202687006958 0.000352018328277488 0.000352015159848137 0.000352010599659732 0.000352009877818719 0.000352004830331169 0.000352007918473445 0.24072047807583 9.99999997350237e-11
0.000349943896977884 0.000349915564737649 0.000349828447331654 0.000349816655877898 0.000349808220744815 0.000349805091875644 0.000349800588625675 0.000349799875794175 0.000349794891328919 0.000349797940906795 0.0946251551738973 9.99999995201715e-11
0.000352376089384427 0.000352347362950306 0.000352259033648459 0.000352247078190053 0.000352238525739266 0.000352235353356552 0.000352230787478139 0.000352230064736759 0.000352225010951229 0.000352228102947302 0.237434425221153 9.99999997363859e-11
0.000350749061329957 0.000350720598874154 0.000350633081136609 0.000350621235506733 0.000350612761619884 0.000350609618377093 0.000350605094439169 0.000350604378334539 0.000350599370970775 0.000350602434561357 0.125768771253022 9.99999994982259e-11
0.000352417471220047 0.000352388738060074 0.000352300388080475 0.000352288429823797 0.000352279875371323 0.000352276702246195 0.000352272135299222 0.000352271412388784 0.000352266357420516 0.000352269450140368 0.234951645376598 9.99999997580951e-11
0.000352129888313008 0.000352101201892667 0.00035201299560755 0.000352001056796882 0.000351992516254752 0.00035198934828902 0.000351984788767893 0.000351984067032471 0.000351979020283496 0.000351982107973836 0.239940699836829 9.99999997241406e-11
0.000350910685843743 0.000350882197232502 0.000350794599083476 0.000350782742571612 0.000350774260900539 0.000350771114770572 0.00035076658667716 0.000350765869915018 0.000350760857951749 0.000350763924356887 0.124471981965418 9.99999996123542e-11
0.000352428965441685 0.000352400230414293 0.000352311874693595 0.000352299915659971 0.000352291360651722 0.000352288187320449 0.000352283620076778 0.000352282897119384 0.000352277841822717 0.000352280934743505 0.234648658913556 9.99999997523337e-11
0.000350237333344665 0.000350208953706696 0.000350121690581381 0.000350109879408024 0.000350101430169041 0.000350098296068288 0.000350093785288334 0.000350093071265805 0.000350088078465926 0.000350091133144781 0.092838806110414 9.99999994199781e-11
0.00035229003427431 0.000352261321827723 0.000352173035528523 0.000352161085889645 0.000352152537601759 0.000352149366763103 0.000352144803107013 0.000352144080717309 0.000352139029391552 0.000352142119882507 0.238714299233175 9.99999997326665e-11
0.000349969668628992 0.000349941332193862 0.00034985420189154 0.000349842408692423 0.00034983397231079 0.000349830842978443 0.000349826339061891 0.000349825626124801 0.000349820640921752 0.000349823690950877 0.101107659726907 9.99999996547099e-11
0.000350688251085091 0.000350659798488994 0.000350572311063303 0.000350560469535697 0.000350551998583396 0.000350548856429185 0.000350544334057936 0.000350543618201398 0.000350538612571684 0.000350541675101542 0.114128797263135 9.99999995438587e-11
0.000352250552758571 0.000352221846729354 0.000352133580159448 0.00035212163319052 0.000352113086812534 0.00035210991668227 0.000352105354045758 0.00035210463181739 0.000352099581620151 0.00035210267142056 0.232627458796753 9.99999997673578e-11
0.000350287759266558 0.000350259371448208 0.000350172083173939 0.000350160268596988 0.000350151816923236 0.000350148681919264 0.000350144169839426 0.000350143455611007 0.000350138461372379 0.00035014151693123 0.100961563138614 9.99999995478562e-11
0.000349985822065648 0.000349957483035866 0.000349870344756073 0.000349858550477588 0.000349850113323922 0.000349846983705385 0.000349842479376812 0.000349841766374741 0.000349836780715619 0.000349839831024233 0.0968553353429813 9.99999995896278e-11
0.000352190184749096 0.000352161488529741 0.000352073252118912 0.000352061309231369 0.000352052765772923 0.000352049596725521 0.00035204503564756 0.000352044313665799 0.000352039265193644 0.00035204235393843 0.240675642325524 9.99999997137742e-11
0.000352363308666618 0.000352334584311285 0.000352246261400316 0.000352234306806807 0.000352225754974714 0.000352222582821496 0.000352218017273379 0.000352217294584289 0.000352212241164344 0.000352215332936758 0.232904787078411 9.99999997422993e-11
0.000349526338141525 0.000349498073314614 0.000349411163164678 0.000349399399757679 0.000349390984686991 0.000349387863258274 0.00034938337071778 0.000349382659579855 0.00034937768696851 0.000349380729290842 0.0801940849649019 9.99999993766427e-11
0.000350054121158211 0.000350025771113076 0.000349938598967132 0.00034992680010592 0.0003499183596742 0.000349915228840078 0.00034991072276175 0.000349910009483155 0.000349905021887274 0.000349908073381683 0.0953294801630208 9.99999994041481e-11
0.000349248012423714 0.000349219792422643 0.000349133020097785 0.000349121275336876 0.000349112873602461 0.000349109757116078 0.000349105271691908 0.000349104561674484 0.000349099596940545 0.000349102634431962 0.078186534688286 9.99999993435458e-11
0.000350746232080081 0.000350717770100423 0.000350630253826535 0.000350618408394798 0.000350609934649706 0.000350606791459543 0.000350602267597329 0.000350601551504745 0.000350596544224773 0.000350599607764206 0.112436332702436 9.99999994516745e-11
0.000350942464997622 0.000350913971272732 0.000350826357402138 0.000350814498762806 0.000350806015569929 0.000350802868875606 0.000350798339969864 0.000350797623079305 0.000350792610216894 0.00035079567717246 0.109628049400024 9.99999994646618e-11
0.000352370564040909 0.000352341838506513 0.000352253511970772 0.000352241556886686 0.000352233004703657 0.000352229832420246 0.000352225266684765 0.000352224543965989 0.000352219490338664 0.000352222582237903 0.240600192132688 9.99999997392663e-11
0.000350412512894363 0.000350384104917373 0.000350296754667932 0.00035028493170396 0.000350276474030717 0.000350273336801533 0.000350268821518964 0.000350268106783794 0.00035026310900022 0.000350266166728334 0.108032929837349 9.99999994722256e-11
0.000350838426974546 0.000350809950078809 0.000350722387947121 0.000350710536309609 0.000350702058125368 0.000350698913288795 0.000350694387056867 0.000350693670589432 0.000350688660686527 0.000350691725831197 0.103567207158519 9.9999999524081e-11
0.000349666491444523 0.00034963820398369 0.000349551224246394 0.000349539451423151 0.00034953102961704 0.000349527905690829 0.000349523409555237 0.000349522697849383 0.000349517721258686 0.000349520766017834 0.081519646664304 9.99999993497838e-11
0.000350725703485394 0.000350697244818945 0.000350609738730924 0.000350597894677703 0.00035058942191873 0.000350586279094373 0.000350581755758623 0.00035058103974941 0.000350576033052146 0.000350579096235141 0.112750383114617 9.9999999580705e-11
0.000352294039821677 0.000352265326726974 0.000352177038435247 0.000352165088526716 0.000352156540045934 0.000352153369135726 0.000352148805376658 0.000352148082970651 0.000352143031530914 0.0003521461220916 0.237080190361256 9.99999997620144e-11
0.000350819661009413 0.000350791187157601 0.000350703634384056 0.000350691784012969 0.000350683306734641 0.000350680162234072 0.000350675636485751 0.000350674920094836 0.000350669910727212 0.00035067297554433 0.116447881873235 9.999999956259e-11
0.000350198182905936 0.000350169809585364 0.000350082565882345 0.000350070757337281 0.000350062309978364 0.000350059176574853 0.000350054666798486 0.00035005395293465 0.000350048961245605 0.000350052015244515 0.0976488050504224 9.99999995413448e-11
0.000350723159120801 0.000350694700853482 0.000350607195992737 0.000350595352105526 0.000350586879465281 0.000350583736684904 0.000350579213412494 0.000350578497413229 0.000350573490786082 0.000350576553926027 0.113825866552521 9.99999994829132e-11
0.000349477078615344 0.000349448821736564 0.000349361936022242 0.000349350175922053 0.000349341763216816 0.000349338642665423 0.00034933415138767 0.00034933344044951 0.000349328469235835 0.000349331510702828 0.0779664526852667 9.99999992857119e-11
