-0.000749791 -7.6123e-05 -1.23071e-05 1.4912e-06 1.05742e-06 1.232e-05 -1.35745e-06 6.3942e-06 -7.50153e-06 4.58971e-06 -4.214 1 
0.0231944 -0.00134418 -0.00072811 0.000341167 0.000266484 -1.95283e-05 3.44355e-05 -0.000139731 0.000167735 -3.21181e-05 -1.06363 1 
0.0421494 0.00493852 0.00086667 -0.000140796 -8.4641e-05 -0.000738559 7.36483e-05 -0.000364605 0.00043361 -0.000272379 -0.816015 1 
-0.018308 0.00155835 0.000654554 -0.000330186 -0.000169348 3.98313e-05 -3.35374e-05 0.000143287 -0.000148846 3.38571e-05 -0.746818 1 
0.000358238 0.000203709 5.50457e-05 -1.85312e-05 -1.22528e-05 -2.08704e-05 8.43764e-07 -4.94917e-06 6.10839e-06 -6.7635e-06 -3.69809 1 
0.128798 0.0122514 0.00197551 -0.000141615 -0.000182485 -0.00213276 0.000236876 -0.00115221 0.00132887 -0.000799875 0.215526 1 
-0.00268663 -0.000166199 -1.55549e-05 -8.16367e-06 8.61105e-07 3.91146e-05 -5.04602e-06 2.46717e-05 -2.73763e-05 1.49768e-05 -4.51423 1 
0.000335595 0.00042468 0.000112346 -4.16221e-05 -2.22547e-05 -3.43969e-05 4.14365e-07 -3.93845e-06 6.95442e-06 -1.06059e-05 -4.21362 1 
0.0224957 0.0041152 0.000920965 -0.000246725 -0.000172871 -0.000542963 4.49634e-05 -0.000215494 0.000252822 -0.000190742 0.720587 1 
-0.00470949 -7.86248e-05 2.82106e-05 -3.35887e-05 -1.20742e-05 5.17021e-05 -9.01163e-06 4.15278e-05 -4.52036e-05 2.14169e-05 -4.53077 1 
0.0486042 0.018239 0.00462026 -0.00142856 -0.00107723 -0.00202235 0.000103717 -0.000592334 0.0006985 -0.000663835 -0.601169 1 
0.0765406 0.00389268 0.000179704 0.000264782 0.000145137 -0.000947403 0.000135425 -0.000634932 0.000730067 -0.000377807 -0.495162 1 
0.0689578 0.0115053 0.00249578 -0.000529462 -0.00056425 -0.00166765 0.000138393 -0.000726737 0.000816633 -0.000583838 -0.0437397 1 
-0.00103098 0.000226031 7.80035e-05 -3.34334e-05 -1.92809e-05 -1.01711e-05 -1.76263e-06 6.49334e-06 -6.28112e-06 -1.88722e-06 -4.35574 1 
0.0613401 0.00157408 0.000307848 0.000483717 -0.000485088 -0.00131509 0.000174539 -0.000894285 0.000831103 -0.000485522 0.757331 1 
-0.0731481 0.0109755 0.0040702 -0.00188954 -0.000997315 -0.000249158 -0.000125817 0.000541988 -0.000545025 8.86468e-06 -0.168124 1 
-0.00330832 -7.65089e-05 1.82224e-05 -2.18182e-05 -1.09651e-05 3.45059e-05 -5.91844e-06 2.75023e-05 -3.09276e-05 1.43904e-05 -4.07879 1 
-0.00552877 -0.000298889 -2.43182e-05 -1.80867e-05 -1.60902e-06 7.72922e-05 -1.06091e-05 5.01536e-05 -5.56307e-05 3.01102e-05 -4.4794 1 
-0.00101204 0.000620064 0.000189804 -7.53483e-05 -4.373e-05 -4.25159e-05 -1.53695e-06 3.64924e-06 -1.33954e-06 -1.16793e-05 -4.28782 1 
0.00124196 0.000123491 2.39487e-05 -1.2897e-06 -6.26008e-06 -2.46964e-05 2.62625e-06 -1.32566e-05 1.41799e-05 -9.0102e-06 -4.45634 1 
-0.127938 0.0148002 0.00583099 -0.00274807 -0.00157969 -0.000178336 -0.000213457 0.000907336 -0.000955264 9.62671e-05 -0.15802 1 
-0.000160009 5.5509e-05 1.81537e-05 -6.98811e-06 -5.51585e-06 -4.2017e-06 -1.50165e-07 3.20464e-07 -4.38379e-07 -1.06574e-06 -4.16145 1 
0.166198 0.0418742 0.0101866 -0.00283305 -0.0022095 -0.00521379 0.000341584 -0.00187481 0.00217546 -0.00177902 1.47032 1 
-4.74312e-06 0.000150533 3.82047e-05 -1.47931e-05 -7.75071e-06 -9.99606e-06 -2.16263e-07 1.10693e-07 9.6612e-07 -2.8122e-06 -4.50883 1 
0.105708 0.00752289 0.000960283 0.000150546 -6.44457e-05 -0.00159896 0.00019995 -0.000955029 0.00107273 -0.000610542 -0.236155 1 
-0.039606 -0.00054915 0.000333286 -0.000290633 -0.000180321 0.000358007 -6.80829e-05 0.000311259 -0.000355582 0.000155372 -0.867675 1 
0.00143154 0.000357895 8.13535e-05 -2.50264e-05 -1.36084e-05 -3.89478e-05 2.43645e-06 -1.26655e-05 1.61819e-05 -1.33267e-05 -4.23297 1 
0.00076747 8.54304e-05 1.66319e-05 -2.08328e-06 -3.36747e-06 -1.50786e-05 1.55907e-06 -7.69161e-06 8.52421e-06 -5.50172e-06 -3.90281 1 
-0.057228 -0.00333512 -0.00022168 -0.000194111 -8.57544e-05 0.000741808 -9.63455e-05 0.000487405 -0.00056199 0.000291675 -0.0625855 1 
0.00304409 0.000394487 7.90528e-05 -1.4213e-05 -1.35774e-05 -6.13655e-05 5.84641e-06 -2.93053e-05 3.35026e-05 -2.22522e-05 -3.9952 1 
-0.00399168 -0.000360726 -6.00967e-05 1.93918e-06 9.48433e-06 6.92941e-05 -7.85827e-06 3.823e-05 -4.26401e-05 2.58548e-05 -4.05566 1 
-0.229559 -0.0178427 -0.00278623 -0.000173529 0.000423497 0.00383393 -0.000457795 0.00222721 -0.00245674 0.00144799 0.220269 1 
0.109158 -0.0415395 -0.0131546 0.00530639 0.00328799 0.00260574 0.000168118 -0.000506958 0.000421875 0.000652118 0.387702 1 
-0.14597 -0.00847019 -0.000782307 -0.000434663 -2.59502e-05 0.00206049 -0.00027292 0.00131726 -0.00146857 0.00079925 -1.0032 1 
0.00150526 -6.19949e-05 -3.36806e-05 1.84185e-05 1.24207e-05 -7.03462e-06 2.61209e-06 -1.12035e-05 1.25362e-05 -4.06441e-06 -4.37116 1 
0.0056613 0.000712375 0.000122431 -2.48166e-05 -6.32268e-06 -9.43042e-05 8.91401e-06 -4.41949e-05 5.51909e-05 -3.48304e-05 0.269599 1 
0.0972803 -0.0251853 -0.00870338 0.00365479 0.00222327 0.00144337 0.000135575 -0.000513566 0.000504112 0.000331813 -0.229791 1 
-0.00141137 -0.000328666 -8.00973e-05 2.29018e-05 1.57593e-05 4.09861e-05 -2.85923e-06 1.48276e-05 -1.7486e-05 1.41851e-05 -4.3903 1 
0.0216477 -0.0132825 -0.00430436 0.00166928 0.0010944 0.00107116 1.1476e-05 -1.00095e-06 -1.83374e-05 0.000305939 0.00720617 1 
0.000135006 0.000189788 5.49212e-05 -1.87951e-05 -1.37733e-05 -1.90765e-05 5.42738e-07 -3.77369e-06 4.40817e-06 -5.97579e-06 -4.45147 1 
-0.00429278 0.000186745 0.000105346 -5.88768e-05 -3.23456e-05 2.11251e-05 -7.51983e-06 3.35875e-05 -3.65819e-05 1.15243e-05 -4.58328 1 
-0.000389796 -0.000180826 -4.5577e-05 1.4439e-05 1.05438e-05 1.89075e-05 -8.14818e-07 5.05239e-06 -6.16416e-06 6.09749e-06 -4.62014 1 
-0.000626478 4.67476e-05 2.06365e-05 -9.89732e-06 -6.7671e-06 6.80207e-07 -1.03551e-06 4.16765e-06 -4.64939e-06 9.73505e-07 -4.37989 1 
-0.0130323 0.000332534 0.000207909 -0.000157049 -4.42525e-05 0.000124452 -2.6661e-05 0.000127392 -0.000130601 5.45813e-05 -0.791721 1 
-0.108174 -0.0150803 -0.00299367 0.0006523 0.000394141 0.00213078 -0.00019703 0.000968444 -0.00115274 0.000774317 0.364804 1 
0.106482 0.0402714 0.0103049 -0.00331986 -0.00215896 -0.00431797 0.000217422 -0.00120741 0.00148628 -0.001432 1.46684 1 
-0.00948096 -0.00411754 -0.00123552 0.000374997 0.000345449 0.000556494 -3.48689e-05 0.000178543 -0.000184388 0.000184807 0.245836 1 
0.191313 0.037044 0.00852727 -0.002274 -0.00148154 -0.00478647 0.00036383 -0.00188499 0.00224174 -0.00168803 1.38121 1 
-0.60052 -0.00190385 0.00623219 -0.00518683 -0.00231897 0.00567256 -0.00111613 0.00510834 -0.00558478 0.00244593 0.612206 1 
0.019517 -0.00286739 -0.00107263 0.000480671 0.000273539 7.90091e-05 3.35606e-05 -0.000130418 0.000133189 2.00115e-06 -0.506777 1 
1.15271e-05 0.000161383 4.72315e-05 -1.68861e-05 -1.16252e-05 -1.48373e-05 2.40433e-07 -2.09868e-06 2.65889e-06 -4.52635e-06 -3.92345 1 
-0.00705641 0.00419177 0.00127483 -0.000520903 -0.000259303 -0.000259617 -1.35153e-05 4.06619e-05 -1.74441e-05 -7.10469e-05 -0.459053 1 
0.0493733 0.00140707 -0.000165538 0.00030702 0.000107833 -0.000568771 9.03879e-05 -0.000431347 0.00047627 -0.000231104 -0.18548 1 
-0.000727625 0.000333484 9.76681e-05 -4.1739e-05 -2.03039e-05 -1.63865e-05 -1.63218e-06 6.25188e-06 -4.46198e-06 -3.83768e-06 -4.50886 1 
0.00124952 -0.000194069 -7.14593e-05 3.21149e-05 1.8066e-05 5.70054e-06 2.1338e-06 -8.48178e-06 8.5809e-06 2.99755e-07 -4.23306 1 
-0.000326922 7.78801e-05 2.73413e-05 -1.11313e-05 -7.07165e-06 -4.48319e-06 -5.05802e-07 1.52634e-06 -1.53522e-06 -1.02297e-06 -4.3047 1 
-0.00342658 -0.000409337 -7.60016e-05 1.03645e-05 1.39971e-05 6.63234e-05 -6.5415e-06 3.3003e-05 -3.73651e-05 2.4038e-05 -4.40749 1 
-0.0179219 0.00215037 0.000812192 -0.000384627 -0.000231908 -2.75729e-05 -2.95709e-05 0.000129099 -0.000136968 1.44436e-05 -1.01854 1 
-0.00199336 -0.000991927 -0.000218897 0.000104645 2.99641e-06 4.37623e-05 5.37857e-07 -1.12696e-05 -4.59542e-06 1.41596e-05 -1.14871 1 
-0.00290317 -2.26079e-05 2.74293e-05 -2.56538e-05 -8.1199e-06 3.00159e-05 -5.4534e-06 2.58829e-05 -2.78388e-05 1.24791e-05 -4.52477 1 
0.00554463 -0.000377216 -0.000172558 9.07003e-05 4.73755e-05 -1.85561e-05 9.93659e-06 -4.36906e-05 4.62652e-05 -1.22694e-05 -4.47423 1 
-0.0222212 -0.00814354 -0.00174624 0.000638284 0.000207418 0.000626732 -1.85422e-05 0.000110577 -0.000208628 0.000203996 0.657555 1 
0.0611019 0.00216338 -0.000134719 0.000309368 0.000195886 -0.00067041 0.000107045 -0.000496638 0.000572918 -0.000276231 0.613234 1 
-0.0338086 -0.00725792 -0.00172669 0.000457663 0.000377548 0.000953824 -7.00747e-05 0.00036542 -0.000417819 0.000329231 -1.10676 1 
-0.0128405 -0.00586485 -0.00153856 0.000501097 0.000344219 0.000620411 -2.82981e-05 0.000162972 -0.000197907 0.000202681 -0.325555 1 
0.397125 -0.0869524 -0.0294529 0.0128398 0.00722511 0.00363652 0.000685019 -0.00267118 0.00255959 0.000619006 0.990968 1 
-0.216503 -0.0259862 -0.00456984 0.000724196 0.00053785 0.00390266 -0.000385603 0.00191932 -0.00226369 0.00143007 1.0994 1 
-0.00234167 -0.00024682 -4.18217e-05 5.47556e-06 3.45971e-06 3.94732e-05 -4.20312e-06 2.0362e-05 -2.39527e-05 1.47412e-05 -4.27059 1 
0.00281562 0.000416092 8.65384e-05 -1.84863e-05 -1.5008e-05 -6.00693e-05 5.33425e-06 -2.69767e-05 3.12629e-05 -2.15364e-05 -4.18166 1 
0.164368 0.00757537 0.000224152 0.000653222 0.000293811 -0.00202825 0.000296827 -0.00138866 0.00157531 -0.000810556 0.652886 1 
-0.00116827 -0.00013297 -2.45449e-05 1.86719e-06 6.59995e-06 2.39874e-05 -2.41124e-06 1.23772e-05 -1.34158e-05 8.58157e-06 -4.55952 1 
-0.0748167 -0.00848159 -0.00158089 0.0002338 0.00023193 0.0013834 -0.000142082 0.000694687 -0.000796179 0.000508952 -0.779875 1 
0.000409976 -0.000215305 -6.72107e-05 2.6552e-05 1.61512e-05 1.5002e-05 5.70111e-07 -1.30101e-06 6.75688e-07 4.07451e-06 -4.18158 1 
-0.000670331 3.23392e-05 1.908e-05 -9.21804e-06 -7.39323e-06 1.05821e-06 -9.81869e-07 4.0881e-06 -4.94977e-06 1.09288e-06 -4.34789 1 
-0.00998565 0.00437174 0.00138727 -0.000568733 -0.000333237 -0.000285119 -1.3018e-05 4.68944e-05 -3.55868e-05 -7.47827e-05 -0.133405 1 
-0.00247037 -0.000193697 -2.81079e-05 -1.69995e-06 3.31709e-06 3.96364e-05 -4.79075e-06 2.29138e-05 -2.56023e-05 1.49949e-05 -4.4786 1 
0.252945 -0.00762674 -0.00517409 0.00318457 0.0014652 -0.00168975 0.000460046 -0.0020992 0.00224823 -0.000808932 0.208358 1 
-0.0038695 -0.000166504 -3.36849e-07 -1.65399e-05 -8.73938e-06 4.57528e-05 -6.93027e-06 3.1993e-05 -3.65482e-05 1.84288e-05 -4.4946 1 
-0.0166702 -0.010278 -0.00270977 0.000975817 0.000485606 0.000921794 -2.81084e-05 0.000170305 -0.000254761 0.000299667 -0.136645 1 
-0.00994849 -0.000645743 -0.000122614 -9.59194e-06 2.73896e-05 0.00017338 -2.20171e-05 0.000103245 -0.000109358 6.61261e-05 -0.890619 1 
-4.47206e-05 1.67808e-05 7.44804e-06 -2.22189e-06 -3.23038e-06 -2.90295e-06 1.34565e-07 -7.9648e-07 4.71428e-07 -8.79529e-07 -4.0845 1 
-0.08123 -0.0143064 -0.00316761 0.000784577 0.000586406 0.00193312 -0.000156665 0.000799686 -0.000934058 0.000682114 0.716844 1 
0.0570495 0.0141338 0.00348418 -0.000900275 -0.000916834 -0.00189922 0.000131289 -0.000714449 0.000781251 -0.000641183 0.216627 1 
-0.00225245 1.36669e-05 3.05331e-05 -2.23892e-05 -1.04078e-05 1.90094e-05 -4.03286e-06 1.88389e-05 -2.06118e-05 8.42608e-06 -3.99499 1 
-0.00457172 0.000272802 0.000124567 -7.02828e-05 -3.11004e-05 2.42101e-05 -8.85268e-06 3.94359e-05 -4.07316e-05 1.30197e-05 -4.533 1 
0.137819 0.0160206 0.00315362 -0.000420813 -0.000684304 -0.00277553 0.000281511 -0.00139294 0.00153735 -0.00100562 1.06737 1 
-0.0236882 -0.00131446 -0.000181886 -7.20418e-05 4.56778e-05 0.000386767 -5.02313e-05 0.000244726 -0.000259398 0.000147758 0.604367 1 
0.793687 0.0598596 0.00794046 0.000975933 -0.000623139 -0.0123156 0.00149652 -0.00727177 0.00818736 -0.00468304 1.42269 1 
-0.00978765 -0.00182184 -0.000333433 9.70106e-05 4.13378e-05 0.000192387 -1.47281e-05 6.89623e-05 -9.1738e-05 6.64897e-05 -1.18454 1 
-0.00629899 -0.0126986 -0.0032699 0.00125275 0.000596958 0.000903011 5.7355e-06 3.9913e-05 -0.000142249 0.00027029 -0.419238 1 
-0.00104031 0.000188975 6.84113e-05 -2.96387e-05 -1.8623e-05 -8.50397e-06 -1.54367e-06 6.11597e-06 -6.42646e-06 -1.38327e-06 -4.15591 1 
0.122237 0.0016514 -0.00102284 0.000935767 0.000479729 -0.00116129 0.000215077 -0.000997025 0.00111693 -0.00049531 0.281552 1 
-0.130944 0.0138488 0.00550371 -0.00265667 -0.00145347 4.67523e-06 -0.000230536 0.000977573 -0.00101765 0.000157698 -0.726621 1 
0.282689 -0.0330494 -0.0124502 0.00604212 0.00311117 -5.80727e-06 0.000524456 -0.00222877 0.00225695 -0.000352132 0.135044 1 
0.136209 0.0126383 0.00211301 -0.000114794 -0.000311046 -0.0023448 0.000263784 -0.00127642 0.00143441 -0.000874042 -0.893812 1 
0.00169212 0.000152899 2.28266e-05 -7.58542e-07 -1.82978e-06 -2.69182e-05 3.05834e-06 -1.48253e-05 1.70915e-05 -1.01209e-05 -4.23512 1 
-0.0168486 -0.00170785 -0.000287397 2.88671e-05 3.37619e-05 0.000287362 -3.08458e-05 0.000150954 -0.000173826 0.000106732 -0.251732 1 
-0.249018 0.0139597 0.00685955 -0.00375601 -0.00191074 0.00109477 -0.000446265 0.0019915 -0.0021176 0.000629268 0.624383 1 
-0.114439 -0.00506587 -0.000118094 -0.000508058 -0.000155388 0.00144404 -0.000208883 0.000997158 -0.00111402 0.000572978 -0.336278 1 
0.326011 0.00678184 -0.00187522 0.00221474 0.000927374 -0.00348486 0.000604835 -0.00277162 0.00306468 -0.00144253 0.477342 1 
