0.986945 0.989243 0.989605 0.989643 0.989659 0.989666 0.989682 0.989688 0.989688 0.989697 0.179242 1e-10 
0.977737 0.981688 0.9823 0.982365 0.982391 0.982404 0.982431 0.98244 0.98244 0.982455 0.10418 1e-10 
0.977239 0.981242 0.981872 0.981938 0.981966 0.981979 0.982007 0.982016 0.982016 0.982031 0.101804 1e-10 
0.976028 0.980231 0.980894 0.980964 0.980992 0.981006 0.981035 0.981045 0.981045 0.981061 0.0964547 1e-10 
0.987866 0.98998 0.990319 0.990354 0.990369 0.990376 0.990391 0.990396 0.990396 0.990405 0.193139 1e-10 
0.974126 0.978778 0.979491 0.979567 0.979598 0.979612 0.979644 0.979654 0.979654 0.979672 0.0898842 1e-10 
0.986751 0.989146 0.989512 0.989551 0.989567 0.989574 0.98959 0.989596 0.989596 0.989605 0.177272 1e-10 
0.987538 0.989716 0.990064 0.990101 0.990116 0.990123 0.990139 0.990144 0.990144 0.990152 0.187775 1e-10 
0.975051 0.979371 0.980059 0.980131 0.980162 0.980176 0.980206 0.980217 0.980216 0.980234 0.0927414 1e-10 
0.986893 0.98951 0.989868 0.989906 0.989921 0.989929 0.989944 0.98995 0.989949 0.989958 0.183556 1e-10 
0.974905 0.97927 0.979965 0.980038 0.980069 0.980083 0.980114 0.980124 0.980124 0.980141 0.0919145 1e-10 
0.977763 0.982124 0.982723 0.982786 0.982812 0.982824 0.982851 0.98286 0.98286 0.982875 0.107132 1e-10 
0.978002 0.981901 0.982506 0.98257 0.982597 0.98261 0.982636 0.982645 0.982645 0.98266 0.105881 1e-10 
0.985659 0.988672 0.989056 0.989096 0.989113 0.989121 0.989138 0.989143 0.989143 0.989153 0.169739 1e-10 
0.96431 0.970819 0.971784 0.971886 0.971928 0.971948 0.971991 0.972005 0.972005 0.972029 0.0646882 1e-10 
0.975571 0.979983 0.98065 0.980721 0.98075 0.980764 0.980793 0.980803 0.980803 0.98082 0.0953707 1e-10 
0.987035 0.989593 0.989943 0.98998 0.989996 0.990003 0.990019 0.990024 0.990024 0.990032 0.185381 1e-10 
0.985728 0.988665 0.989051 0.989091 0.989108 0.989116 0.989133 0.989138 0.989138 0.989148 0.169501 1e-10 
0.986685 0.989055 0.989427 0.989466 0.989482 0.98949 0.989506 0.989512 0.989512 0.989521 0.176078 1e-10 
0.986175 0.988833 0.989208 0.989248 0.989264 0.989272 0.989289 0.989294 0.989294 0.989304 0.172351 1e-10 
0.973273 0.978052 0.978783 0.97886 0.978892 0.978907 0.97894 0.97895 0.97895 0.978968 0.0867016 1e-10 
0.986598 0.988944 0.989316 0.989355 0.989371 0.989379 0.989396 0.989401 0.989401 0.98941 0.174318 1e-10 
0.968873 0.97453 0.975386 0.975476 0.975513 0.975531 0.975568 0.97558 0.97558 0.975601 0.0745348 1e-10 
0.986314 0.988737 0.989117 0.989157 0.989174 0.989181 0.989198 0.989204 0.989204 0.989213 0.170716 1e-10 
0.978253 0.982062 0.982661 0.982724 0.982751 0.982763 0.98279 0.982799 0.982798 0.982813 0.106865 1e-10 
0.978284 0.982108 0.982706 0.982769 0.982795 0.982808 0.982834 0.982843 0.982843 0.982858 0.106932 1e-10 
0.986574 0.98896 0.989335 0.989375 0.989391 0.989399 0.989415 0.989421 0.98942 0.98943 0.174379 1e-10 
0.987481 0.98967 0.990018 0.990054 0.99007 0.990077 0.990092 0.990097 0.990097 0.990106 0.187176 1e-10 
0.97319 0.977895 0.978631 0.978709 0.978741 0.978756 0.978789 0.9788 0.9788 0.978818 0.0861406 1e-10 
0.987665 0.990043 0.99038 0.990416 0.990431 0.990437 0.990452 0.990457 0.990457 0.990466 0.194211 1e-10 
0.987411 0.989947 0.990288 0.990323 0.990338 0.990345 0.99036 0.990365 0.990365 0.990374 0.192165 1e-10 
0.974016 0.979259 0.979954 0.980027 0.980058 0.980072 0.980103 0.980113 0.980113 0.98013 0.091942 1e-10 
0.96844 0.974856 0.9757 0.97579 0.975826 0.975844 0.975881 0.975893 0.975893 0.975914 0.0754426 1e-10 
0.978826 0.982763 0.983339 0.9834 0.983425 0.983437 0.983463 0.983471 0.983471 0.983486 0.111027 1e-10 
0.987037 0.989577 0.98993 0.989967 0.989982 0.989989 0.990005 0.99001 0.99001 0.990019 0.184922 1e-10 
0.978804 0.982486 0.983072 0.983133 0.983159 0.983171 0.983197 0.983206 0.983206 0.983221 0.109648 1e-10 
0.969427 0.975747 0.976561 0.976647 0.976683 0.976699 0.976735 0.976747 0.976746 0.976767 0.0781422 1e-10 
0.986883 0.989331 0.98969 0.989728 0.989743 0.989751 0.989767 0.989772 0.989772 0.989781 0.180578 1e-10 
0.975479 0.979715 0.98039 0.980462 0.980491 0.980505 0.980535 0.980545 0.980545 0.980562 0.094101 1e-10 
0.986183 0.988669 0.989051 0.989091 0.989108 0.989116 0.989132 0.989138 0.989138 0.989147 0.169782 1e-10 
0.98601 0.988794 0.989173 0.989213 0.98923 0.989237 0.989254 0.98926 0.98926 0.989269 0.171656 1e-10 
0.986963 0.989561 0.989913 0.98995 0.989966 0.989973 0.989988 0.989994 0.989993 0.990002 0.184544 1e-10 
0.986637 0.98898 0.989351 0.98939 0.989406 0.989414 0.98943 0.989436 0.989435 0.989445 0.174684 1e-10 
0.979821 0.983343 0.9839 0.983959 0.983984 0.983995 0.98402 0.984028 0.984028 0.984042 0.115122 1e-10 
0.974104 0.979389 0.980078 0.980151 0.980181 0.980195 0.980226 0.980236 0.980236 0.980253 0.0925585 1e-10 
0.964068 0.970346 0.971327 0.971431 0.971473 0.971494 0.971537 0.971552 0.971551 0.971576 0.0637381 1e-10 
0.973275 0.978037 0.978767 0.978844 0.978876 0.978892 0.978924 0.978935 0.978935 0.978953 0.0868107 1e-10 
0.967273 0.973542 0.974428 0.974521 0.97456 0.974578 0.974617 0.97463 0.974629 0.974651 0.0716647 1e-10 
0.96719 0.973803 0.974679 0.974771 0.974809 0.974827 0.974865 0.974878 0.974878 0.9749 0.0722576 1e-10 
0.977947 0.981963 0.982567 0.982631 0.982657 0.98267 0.982696 0.982705 0.982705 0.98272 0.106054 1e-10 
0.987224 0.989454 0.989809 0.989846 0.989862 0.989869 0.989885 0.98989 0.98989 0.989899 0.183184 1e-10 
0.97789 0.981861 0.982468 0.982532 0.982558 0.982571 0.982598 0.982607 0.982607 0.982622 0.105632 1e-10 
0.978665 0.982901 0.983474 0.983535 0.98356 0.983572 0.983597 0.983606 0.983605 0.98362 0.112244 1e-10 
0.987556 0.989738 0.990085 0.990122 0.990137 0.990144 0.99016 0.990165 0.990165 0.990173 0.187955 1e-10 
0.986066 0.988595 0.98898 0.98902 0.989037 0.989045 0.989062 0.989068 0.989068 0.989077 0.168585 1e-10 
0.986797 0.989453 0.989809 0.989846 0.989862 0.989869 0.989885 0.98989 0.98989 0.989899 0.182772 1e-10 
0.986059 0.988768 0.989147 0.989187 0.989203 0.989211 0.989228 0.989233 0.989233 0.989243 0.171201 1e-10 
0.978645 0.982446 0.983032 0.983094 0.983119 0.983132 0.983157 0.983166 0.983166 0.983181 0.108897 1e-10 
0.977393 0.981526 0.982143 0.982208 0.982235 0.982248 0.982275 0.982284 0.982284 0.982299 0.103303 1e-10 
0.98604 0.988593 0.98898 0.989021 0.989038 0.989046 0.989063 0.989068 0.989068 0.989078 0.168474 1e-10 
0.986159 0.989155 0.989524 0.989563 0.989579 0.989586 0.989602 0.989608 0.989608 0.989617 0.177814 1e-10 
0.971566 0.976533 0.977314 0.977396 0.97743 0.977447 0.977481 0.977493 0.977492 0.977512 0.0811066 1e-10 
0.971694 0.97688 0.977653 0.977735 0.977768 0.977784 0.977818 0.97783 0.97783 0.977849 0.0823649 1e-10 
0.978807 0.982906 0.983482 0.983542 0.983567 0.983579 0.983604 0.983613 0.983613 0.983627 0.111731 1e-10 
0.978782 0.982512 0.983097 0.983159 0.983185 0.983197 0.983223 0.983231 0.983231 0.983246 0.109685 1e-10 
0.966968 0.973608 0.974492 0.974586 0.974625 0.974643 0.974682 0.974695 0.974694 0.974716 0.0718282 1e-10 
0.966837 0.973409 0.974291 0.974384 0.974422 0.974441 0.97448 0.974493 0.974492 0.974514 0.0713033 1e-10 
0.98615 0.9889 0.989275 0.989315 0.989331 0.989339 0.989356 0.989361 0.989361 0.98937 0.173503 1e-10 
0.987251 0.989692 0.990041 0.990078 0.990093 0.9901 0.990116 0.990121 0.990121 0.990129 0.187264 1e-10 
0.971369 0.976373 0.977158 0.977241 0.977275 0.977291 0.977326 0.977338 0.977337 0.977357 0.080546 1e-10 
0.98573 0.988651 0.989035 0.989075 0.989091 0.989099 0.989116 0.989122 0.989122 0.989131 0.169245 1e-10 
0.978967 0.983226 0.98379 0.98385 0.983874 0.983886 0.983911 0.983919 0.983919 0.983933 0.114148 1e-10 
0.987242 0.989488 0.989843 0.98988 0.989896 0.989903 0.989919 0.989924 0.989924 0.989933 0.183516 1e-10 
0.986983 0.98928 0.989642 0.98968 0.989696 0.989703 0.989719 0.989724 0.989724 0.989733 0.17984 1e-10 
0.977791 0.98174 0.982351 0.982416 0.982443 0.982455 0.982483 0.982492 0.982491 0.982507 0.104879 1e-10 
0.98558 0.9885 0.98889 0.988931 0.988948 0.988956 0.988973 0.988979 0.988979 0.988988 0.167085 1e-10 
0.97613 0.981051 0.981693 0.981761 0.981789 0.981802 0.98183 0.981839 0.981839 0.981855 0.10112 1e-10 
0.98672 0.989212 0.989575 0.989613 0.989629 0.989637 0.989653 0.989658 0.989658 0.989667 0.178511 1e-10 
0.972291 0.977245 0.978001 0.978081 0.978114 0.97813 0.978163 0.978174 0.978174 0.978193 0.0835217 1e-10 
0.978133 0.982017 0.982622 0.982686 0.982712 0.982725 0.982751 0.98276 0.98276 0.982775 0.106196 1e-10 
0.986448 0.988924 0.989296 0.989336 0.989352 0.98936 0.989376 0.989382 0.989382 0.989391 0.17409 1e-10 
0.975656 0.97997 0.980637 0.980708 0.980737 0.980751 0.980781 0.980791 0.980791 0.980807 0.0954841 1e-10 
0.97328 0.978647 0.979358 0.979433 0.979464 0.979479 0.97951 0.979521 0.979521 0.979538 0.0892372 1e-10 
0.986813 0.989208 0.989572 0.98961 0.989626 0.989633 0.989649 0.989655 0.989655 0.989664 0.178743 1e-10 
0.986119 0.988864 0.989245 0.989285 0.989302 0.989309 0.989326 0.989331 0.989331 0.989341 0.172675 1e-10 
0.971304 0.976311 0.977098 0.977181 0.977216 0.977232 0.977267 0.977279 0.977278 0.977298 0.0803818 1e-10 
0.975125 0.979423 0.98011 0.980182 0.980212 0.980227 0.980257 0.980267 0.980267 0.980284 0.0929571 1e-10 
0.961471 0.96911 0.970139 0.970247 0.970292 0.970313 0.970358 0.970373 0.970373 0.970398 0.0609772 1e-10 
0.97824 0.98274 0.98332 0.983381 0.983406 0.983418 0.983444 0.983452 0.983452 0.983467 0.11065 1e-10 
0.978957 0.982733 0.983311 0.983372 0.983397 0.983409 0.983435 0.983443 0.983443 0.983458 0.111018 1e-10 
0.98679 0.989109 0.989476 0.989515 0.989531 0.989538 0.989555 0.98956 0.98956 0.989569 0.177203 1e-10 
0.974319 0.97928 0.979972 0.980045 0.980075 0.980089 0.98012 0.98013 0.98013 0.980147 0.0920762 1e-10 
0.976734 0.981506 0.982126 0.982191 0.982218 0.982231 0.982258 0.982267 0.982267 0.982282 0.103278 1e-10 
0.9699 0.976455 0.977249 0.977333 0.977367 0.977384 0.977418 0.97743 0.97743 0.977449 0.0807081 1e-10 
0.979702 0.983282 0.983842 0.983901 0.983925 0.983937 0.983962 0.98397 0.98397 0.983984 0.114706 1e-10 
0.98679 0.989363 0.989722 0.98976 0.989776 0.989783 0.989799 0.989804 0.989804 0.989813 0.181483 1e-10 
0.977334 0.981384 0.982005 0.982071 0.982098 0.982111 0.982139 0.982148 0.982148 0.982163 0.102847 1e-10 
0.975793 0.98013 0.980795 0.980866 0.980895 0.980909 0.980938 0.980948 0.980948 0.980964 0.0963044 1e-10 
0.978482 0.982292 0.982885 0.982948 0.982973 0.982986 0.983012 0.983021 0.983021 0.983035 0.108324 1e-10 
0.970071 0.975707 0.976515 0.9766 0.976636 0.976652 0.976688 0.9767 0.9767 0.97672 0.0782434 1e-10 
