0.00248347 0.00208905 0.0020143 0.00200638 0.00200308 0.0020015 0.00199816 0.00199704 0.00199706 0.00199518 1e-10 0.106341 
0.0025038 0.00210345 0.00202769 0.00201967 0.00201633 0.00201472 0.00201134 0.0020102 0.00201022 0.00200832 1e-10 0.164211 
0.00250604 0.00210504 0.00202917 0.00202114 0.00201779 0.00201618 0.00201279 0.00201166 0.00201167 0.00200977 1e-10 0.174748 
0.00248562 0.00209054 0.00201569 0.00200776 0.00200445 0.00200286 0.00199953 0.0019984 0.00199842 0.00199654 1e-10 0.109932 
0.00245382 0.0020679 0.00199461 0.00198684 0.0019836 0.00198205 0.00197878 0.00197768 0.00197769 0.00197585 1e-10 0.0691062 
0.00250738 0.00210599 0.00203006 0.00202202 0.00201867 0.00201706 0.00201367 0.00201253 0.00201255 0.00201064 1e-10 0.181998 
0.00245436 0.0020683 0.00199499 0.00198722 0.00198398 0.00198242 0.00197915 0.00197805 0.00197807 0.00197622 1e-10 0.0696229 
0.00247884 0.00208574 0.00201122 0.00200333 0.00200004 0.00199846 0.00199514 0.00199402 0.00199403 0.00199216 1e-10 0.0980658 
0.00248584 0.00209072 0.00201585 0.00200792 0.00200462 0.00200303 0.00199969 0.00199856 0.00199858 0.0019967 1e-10 0.11072 
0.00250763 0.00210617 0.00203022 0.00202219 0.00201883 0.00201722 0.00201384 0.00201269 0.00201271 0.0020108 1e-10 0.183509 
0.00248355 0.00208908 0.00201432 0.00200641 0.00200311 0.00200152 0.00199819 0.00199706 0.00199708 0.0019952 1e-10 0.10595 
0.00248602 0.00209084 0.00201597 0.00200804 0.00200473 0.00200314 0.0019998 0.00199868 0.0019987 0.00199681 1e-10 0.110957 
0.00247081 0.00208003 0.00200591 0.00199806 0.00199478 0.00199321 0.00198991 0.00198879 0.00198881 0.00198694 1e-10 0.0866675 
0.0025034 0.00210316 0.00202743 0.00201941 0.00201606 0.00201446 0.00201108 0.00200994 0.00200996 0.00200806 1e-10 0.162459 
0.00250316 0.00210299 0.00202726 0.00201925 0.0020159 0.0020143 0.00201092 0.00200979 0.0020098 0.0020079 1e-10 0.161237 
0.00250566 0.00210477 0.00202892 0.00202089 0.00201754 0.00201593 0.00201255 0.00201141 0.00201143 0.00200952 1e-10 0.173041 
0.00248929 0.00209317 0.00201814 0.00201019 0.00200688 0.00200528 0.00200194 0.00200081 0.00200083 0.00199894 1e-10 0.118325 
0.00248716 0.00209167 0.00201674 0.0020088 0.00200549 0.0020039 0.00200056 0.00199944 0.00199946 0.00199757 1e-10 0.113696 
0.00250284 0.00210276 0.00202705 0.00201904 0.00201569 0.00201408 0.00201071 0.00200957 0.00200959 0.00200769 1e-10 0.159736 
0.00247687 0.00208435 0.00200992 0.00200204 0.00199876 0.00199718 0.00199386 0.00199274 0.00199276 0.00199088 1e-10 0.0950302 
0.00248647 0.00209114 0.00201624 0.00200831 0.00200501 0.00200341 0.00200008 0.00199895 0.00199897 0.00199709 1e-10 0.111577 
0.00248394 0.00208936 0.00201459 0.00200668 0.00200337 0.00200178 0.00199845 0.00199733 0.00199735 0.00199547 1e-10 0.106953 
0.00250537 0.00210455 0.00202872 0.00202069 0.00201734 0.00201573 0.00201235 0.00201121 0.00201123 0.00200933 1e-10 0.171192 
0.00250405 0.00210363 0.00202786 0.00201984 0.00201649 0.00201489 0.00201151 0.00201037 0.00201039 0.00200848 1e-10 0.165388 
0.00250492 0.00210424 0.00202843 0.0020204 0.00201706 0.00201545 0.00201207 0.00201093 0.00201095 0.00200904 1e-10 0.169385 
0.00248266 0.00208846 0.00201375 0.00200584 0.00200254 0.00200095 0.00199762 0.0019965 0.00199652 0.00199464 1e-10 0.104593 
0.0024767 0.00208421 0.0020098 0.00200192 0.00199863 0.00199705 0.00199373 0.00199261 0.00199263 0.00199076 1e-10 0.0946451 
0.00247294 0.00208151 0.00200728 0.00199942 0.00199614 0.00199456 0.00199125 0.00199014 0.00199015 0.00198829 1e-10 0.0889718 
0.0024759 0.00208365 0.00200927 0.00200139 0.00199811 0.00199653 0.00199321 0.0019921 0.00199211 0.00199024 1e-10 0.0934136 
0.00250796 0.00210642 0.00203045 0.00202241 0.00201906 0.00201745 0.00201406 0.00201292 0.00201294 0.00201103 1e-10 0.185422 
0.00246107 0.0020731 0.00199946 0.00199166 0.0019884 0.00198684 0.00198355 0.00198245 0.00198246 0.00198061 1e-10 0.0757796 
0.00248389 0.00208932 0.00201455 0.00200663 0.00200333 0.00200174 0.00199841 0.00199729 0.0019973 0.00199542 1e-10 0.106587 
0.00247549 0.00208336 0.002009 0.00200113 0.00199785 0.00199627 0.00199295 0.00199183 0.00199185 0.00198998 1e-10 0.0928645 
0.00248687 0.00209146 0.00201655 0.00200861 0.0020053 0.00200371 0.00200037 0.00199925 0.00199927 0.00199738 1e-10 0.113013 
0.00248615 0.00209095 0.00201607 0.00200814 0.00200483 0.00200324 0.00199991 0.00199878 0.0019988 0.00199692 1e-10 0.111565 
0.00250586 0.00210492 0.00202906 0.00202103 0.00201768 0.00201607 0.00201269 0.00201155 0.00201157 0.00200966 1e-10 0.174369 
0.00248383 0.0020893 0.00201453 0.00200661 0.00200331 0.00200172 0.00199839 0.00199727 0.00199728 0.0019954 1e-10 0.106808 
0.00250595 0.00210498 0.00202912 0.00202109 0.00201774 0.00201613 0.00201275 0.00201161 0.00201163 0.00200972 1e-10 0.174937 
0.0025044 0.00210388 0.00202809 0.00202007 0.00201672 0.00201511 0.00201173 0.0020106 0.00201061 0.00200871 1e-10 0.166818 
0.00247695 0.00208439 0.00200996 0.00200208 0.00199879 0.00199721 0.00199389 0.00199277 0.00199279 0.00199092 1e-10 0.0946987 
0.00246049 0.00207271 0.00199909 0.0019913 0.00198804 0.00198648 0.0019832 0.00198209 0.00198211 0.00198026 1e-10 0.0754366 
0.00248329 0.00208888 0.00201413 0.00200622 0.00200292 0.00200133 0.001998 0.00199688 0.00199689 0.00199501 1e-10 0.105165 
0.00247625 0.00208389 0.0020095 0.00200162 0.00199833 0.00199675 0.00199343 0.00199232 0.00199233 0.00199046 1e-10 0.093816 
0.00250875 0.00210697 0.00203097 0.00202292 0.00201957 0.00201795 0.00201457 0.00201343 0.00201344 0.00201153 1e-10 0.190079 
0.00246152 0.00207338 0.00199971 0.00199191 0.00198865 0.00198709 0.0019838 0.00198269 0.00198271 0.00198086 1e-10 0.0759228 
0.00245127 0.00206611 0.00199294 0.00198519 0.00198196 0.00198041 0.00197714 0.00197604 0.00197606 0.00197422 1e-10 0.0672847 
0.00250344 0.00210319 0.00202745 0.00201944 0.00201609 0.00201448 0.00201111 0.00200997 0.00200999 0.00200809 1e-10 0.162646 
0.00246369 0.00207499 0.00200121 0.0019934 0.00199014 0.00198857 0.00198528 0.00198418 0.00198419 0.00198234 1e-10 0.0786373 
0.00248081 0.00208713 0.00201251 0.00200461 0.00200131 0.00199973 0.0019964 0.00199528 0.0019953 0.00199342 1e-10 0.101176 
0.00247987 0.00208645 0.00201188 0.00200398 0.00200069 0.00199911 0.00199578 0.00199466 0.00199468 0.0019928 1e-10 0.0993483 
0.00246005 0.00207237 0.00199877 0.00199098 0.00198773 0.00198616 0.00198288 0.00198177 0.00198179 0.00197994 1e-10 0.0748202 
0.0024613 0.00207326 0.0019996 0.0019918 0.00198854 0.00198698 0.00198369 0.00198259 0.0019826 0.00198075 1e-10 0.0760222 
0.00250489 0.00210422 0.00202841 0.00202039 0.00201704 0.00201543 0.00201205 0.00201092 0.00201093 0.00200903 1e-10 0.169459 
0.00250502 0.00210432 0.0020285 0.00202047 0.00201713 0.00201552 0.00201214 0.002011 0.00201102 0.00200911 1e-10 0.169593 
0.00248391 0.00208932 0.00201454 0.00200663 0.00200332 0.00200173 0.0019984 0.00199728 0.0019973 0.00199541 1e-10 0.106354 
0.00248244 0.0020883 0.0020136 0.00200569 0.00200239 0.00200081 0.00199748 0.00199635 0.00199637 0.00199449 1e-10 0.104116 
0.00244589 0.00206224 0.00198933 0.00198161 0.00197839 0.00197684 0.00197359 0.00197249 0.00197251 0.00197068 1e-10 0.0631559 
0.00250555 0.00210468 0.00202884 0.00202081 0.00201746 0.00201585 0.00201247 0.00201133 0.00201135 0.00200944 1e-10 0.17212 
0.0024744 0.00208258 0.00200827 0.0020004 0.00199712 0.00199554 0.00199223 0.00199111 0.00199113 0.00198926 1e-10 0.0912175 
0.00250561 0.00210473 0.00202889 0.00202086 0.00201751 0.0020159 0.00201252 0.00201138 0.0020114 0.00200949 1e-10 0.172795 
0.00246849 0.0020784 0.00200439 0.00199655 0.00199328 0.00199171 0.00198841 0.0019873 0.00198731 0.00198545 1e-10 0.0839171 
0.00248092 0.00208722 0.0020126 0.0020047 0.0020014 0.00199982 0.00199649 0.00199537 0.00199539 0.00199351 1e-10 0.101537 
0.00248715 0.00209166 0.00201673 0.0020088 0.00200549 0.0020039 0.00200056 0.00199943 0.00199945 0.00199757 1e-10 0.113701 
0.00250308 0.00210293 0.00202721 0.0020192 0.00201585 0.00201425 0.00201087 0.00200974 0.00200975 0.00200785 1e-10 0.161109 
0.00246314 0.00207457 0.00200082 0.00199301 0.00198976 0.00198819 0.0019849 0.00198379 0.00198381 0.00198195 1e-10 0.0778638 
0.00250455 0.00210398 0.00202819 0.00202017 0.00201682 0.00201521 0.00201183 0.0020107 0.00201071 0.00200881 1e-10 0.16756 
0.00248659 0.00209127 0.00201637 0.00200844 0.00200513 0.00200354 0.0020002 0.00199908 0.00199909 0.00199721 1e-10 0.112634 
0.00248249 0.00208832 0.00201362 0.00200571 0.00200241 0.00200082 0.00199749 0.00199637 0.00199639 0.00199451 1e-10 0.104021 
0.00248645 0.00209115 0.00201625 0.00200832 0.00200502 0.00200342 0.00200009 0.00199896 0.00199898 0.0019971 1e-10 0.111849 
0.00248658 0.00209123 0.00201633 0.0020084 0.00200509 0.0020035 0.00200016 0.00199904 0.00199905 0.00199717 1e-10 0.112077 
0.00248168 0.00208774 0.00201308 0.00200517 0.00200188 0.00200029 0.00199696 0.00199584 0.00199586 0.00199398 1e-10 0.102324 
0.00248052 0.00208692 0.00201232 0.00200442 0.00200112 0.00199954 0.00199621 0.00199509 0.00199511 0.00199323 1e-10 0.100465 
0.00250374 0.00210341 0.00202766 0.00201964 0.0020163 0.00201469 0.00201131 0.00201017 0.00201019 0.00200829 1e-10 0.164243 
0.002508 0.00210643 0.00203047 0.00202243 0.00201907 0.00201746 0.00201407 0.00201293 0.00201295 0.00201104 1e-10 0.18544 
0.00250514 0.0021044 0.00202857 0.00202055 0.0020172 0.00201559 0.00201221 0.00201107 0.00201109 0.00200918 1e-10 0.170392 
0.00248138 0.00208754 0.00201289 0.00200499 0.00200169 0.0020001 0.00199678 0.00199566 0.00199567 0.0019938 1e-10 0.102123 
0.00248724 0.00209173 0.00201679 0.00200886 0.00200555 0.00200396 0.00200062 0.00199949 0.00199951 0.00199763 1e-10 0.11392 
0.00248377 0.00208922 0.00201446 0.00200654 0.00200324 0.00200165 0.00199832 0.0019972 0.00199721 0.00199533 1e-10 0.106286 
0.00248205 0.00208801 0.00201333 0.00200543 0.00200213 0.00200054 0.00199721 0.00199609 0.00199611 0.00199423 1e-10 0.103329 
0.00250247 0.00210249 0.0020268 0.00201879 0.00201545 0.00201384 0.00201047 0.00200933 0.00200935 0.00200745 1e-10 0.158104 
0.00248547 0.00209045 0.0020156 0.00200768 0.00200437 0.00200278 0.00199945 0.00199832 0.00199834 0.00199646 1e-10 0.109935 
0.00250589 0.00210494 0.00202908 0.00202105 0.0020177 0.00201609 0.00201271 0.00201157 0.00201159 0.00200969 1e-10 0.174683 
0.0024853 0.00209032 0.00201548 0.00200756 0.00200425 0.00200267 0.00199933 0.00199821 0.00199822 0.00199634 1e-10 0.109496 
0.00248463 0.00208985 0.00201504 0.00200712 0.00200382 0.00200223 0.00199889 0.00199777 0.00199779 0.00199591 1e-10 0.108107 
0.00248389 0.00208933 0.00201456 0.00200665 0.00200334 0.00200175 0.00199842 0.0019973 0.00199732 0.00199544 1e-10 0.106852 
0.00250551 0.00210466 0.00202882 0.00202079 0.00201744 0.00201583 0.00201245 0.00201131 0.00201133 0.00200942 1e-10 0.17209 
0.00248278 0.00208853 0.00201381 0.0020059 0.0020026 0.00200101 0.00199768 0.00199656 0.00199658 0.0019947 1e-10 0.10461 
0.00246282 0.00207432 0.00200058 0.00199277 0.00198952 0.00198795 0.00198466 0.00198355 0.00198357 0.00198172 1e-10 0.0772766 
0.00248833 0.0020925 0.00201752 0.00200958 0.00200626 0.00200467 0.00200133 0.0020002 0.00200022 0.00199834 1e-10 0.11636 
0.00250478 0.00210415 0.00202835 0.00202032 0.00201697 0.00201536 0.00201199 0.00201085 0.00201087 0.00200896 1e-10 0.168994 
0.00246878 0.00207859 0.00200456 0.00199672 0.00199345 0.00199188 0.00198858 0.00198747 0.00198748 0.00198562 1e-10 0.0841111 
0.00250375 0.00210342 0.00202767 0.00201965 0.0020163 0.00201469 0.00201132 0.00201018 0.0020102 0.00200829 1e-10 0.164329 
0.00250452 0.00210396 0.00202817 0.00202015 0.0020168 0.00201519 0.00201182 0.00201068 0.0020107 0.00200879 1e-10 0.167567 
0.00248304 0.00208871 0.00201398 0.00200607 0.00200276 0.00200118 0.00199785 0.00199672 0.00199674 0.00199486 1e-10 0.104933 
0.00247121 0.0020803 0.00200615 0.0019983 0.00199503 0.00199345 0.00199015 0.00198903 0.00198905 0.00198719 1e-10 0.0869882 
0.00250595 0.00210498 0.00202912 0.00202109 0.00201774 0.00201613 0.00201275 0.00201161 0.00201163 0.00200972 1e-10 0.174632 
0.00247449 0.00208266 0.00200835 0.00200048 0.0019972 0.00199562 0.00199231 0.00199119 0.00199121 0.00198934 1e-10 0.091596 
0.00250468 0.00210408 0.00202828 0.00202026 0.00201691 0.0020153 0.00201192 0.00201078 0.0020108 0.0020089 1e-10 0.168478 
0.00248221 0.00208814 0.00201345 0.00200554 0.00200224 0.00200066 0.00199733 0.00199621 0.00199622 0.00199435 1e-10 0.103739 
0.00246024 0.00207248 0.00199887 0.00199107 0.00198782 0.00198626 0.00198297 0.00198187 0.00198189 0.00198003 1e-10 0.0747132 
