-0.000159487 -2.35492e-05 -3.27269e-06 3.40113e-07 -7.64327e-08 3.7022e-06 -4.09205e-07 1.93293e-06 -2.39711e-06 1.38905e-06 -3.57218 1 
0.00517554 -0.000192817 -0.000214533 0.000106123 9.20655e-05 -1.53889e-05 1.01516e-05 -4.71747e-05 6.17131e-05 -1.28652e-05 -0.790303 1 
0.00757017 0.00119603 0.000187777 -2.16396e-05 3.84551e-06 -0.000185301 1.86175e-05 -9.641e-05 0.000120243 -6.99769e-05 -0.541785 1 
-0.00325139 0.000220736 0.000134094 -7.38945e-05 -3.75758e-05 2.56408e-05 -9.53165e-06 4.14771e-05 -4.4482e-05 1.38099e-05 -0.470877 1 
6.20013e-05 5.00405e-05 1.44952e-05 -5.10766e-06 -3.08561e-06 -5.45281e-06 2.30261e-07 -1.21573e-06 1.56974e-06 -1.78362e-06 -3.09923 1 
0.0228767 0.00315484 0.000485789 -3.10685e-05 1.99028e-06 -0.000558919 6.26612e-05 -0.000305801 0.000366727 -0.000213252 0.491341 1 
-0.000482564 -5.80103e-05 -8.97183e-06 -7.98863e-07 1.18886e-06 1.26409e-05 -1.45548e-06 7.35793e-06 -8.22698e-06 4.78349e-06 -3.86827 1 
6.5803e-05 0.000102243 2.69934e-05 -1.01533e-05 -4.6238e-06 -7.95169e-06 -5.06532e-08 -5.90228e-07 1.62525e-06 -2.42225e-06 -3.56643 1 
0.00425189 0.00100391 0.000206864 -5.6806e-05 -3.00018e-05 -0.000136579 1.24064e-05 -5.52547e-05 6.82714e-05 -4.85208e-05 0.989366 1 
-0.00095902 -5.36917e-05 1.09457e-06 -7.05582e-06 -2.91095e-06 1.84687e-05 -2.92157e-06 1.31317e-05 -1.46947e-05 7.48e-06 -3.88235 1 
0.00480855 0.00401949 0.00116422 -0.000379039 -0.00029138 -0.000464935 1.91122e-05 -0.000116602 0.000135383 -0.00015011 -0.321494 1 
0.0141894 0.00115682 3.53935e-05 7.41002e-05 6.92749e-05 -0.000257981 3.67566e-05 -0.000173726 0.00020921 -0.000104406 -0.225864 1 
0.00857493 0.00271366 0.000715687 -0.000176122 -0.000176596 -0.000413686 3.03382e-05 -0.000165533 0.000182731 -0.000143512 0.225205 1 
-0.000229999 4.69189e-05 2.01381e-05 -9.16373e-06 -5.16766e-06 -1.46313e-06 -6.12423e-07 2.46902e-06 -2.57115e-06 -5.85836e-08 -3.71929 1 
0.00245933 0.000884558 0.000599984 -0.000108232 -0.000322186 -0.000413788 4.29458e-05 -0.000200989 0.000156427 -0.000143932 1.03749 1 
-0.0112987 0.00196981 0.000826223 -0.000423517 -0.00019996 4.68103e-06 -3.1832e-05 0.000155815 -0.000157963 2.34952e-05 0.109822 1 
-0.000699633 -3.72483e-05 3.67747e-06 -6.11986e-06 -4.04695e-06 1.17306e-05 -1.87502e-06 8.89663e-06 -1.03905e-05 4.87253e-06 -3.4511 1 
-0.00111008 -0.000109099 -1.25676e-05 -3.07349e-06 -4.81611e-07 2.53838e-05 -3.35038e-06 1.55364e-05 -1.77032e-05 9.86148e-06 -3.84055 1 
-0.000215083 0.000140735 4.76926e-05 -1.98896e-05 -1.07264e-05 -9.29817e-06 -5.8557e-07 2.0191e-06 -1.40305e-06 -2.43251e-06 -3.64275 1 
0.000184378 3.70786e-05 1.01465e-05 -1.88882e-06 -2.89829e-06 -7.57903e-06 7.43696e-07 -3.62158e-06 3.74518e-06 -2.73433e-06 -3.807 1 
-0.0228063 0.00249865 0.00126247 -0.000644053 -0.000375538 5.51824e-05 -5.86799e-05 0.000267629 -0.000292146 5.93628e-05 0.120737 1 
-5.26982e-05 1.20511e-05 5.11567e-06 -2.09104e-06 -1.8937e-06 -9.53604e-07 -6.95164e-08 2.66269e-07 -4.18007e-07 -1.97354e-07 -3.52023 1 
0.0218513 0.00941662 0.00262332 -0.000775831 -0.000564048 -0.00125775 7.67459e-05 -0.000428234 0.000500176 -0.00043149 1.73678 1 
-3.61743e-05 3.38374e-05 8.80945e-06 -3.37463e-06 -1.86503e-06 -1.67233e-06 -2.52408e-07 4.92561e-07 -2.19072e-07 -3.5393e-07 -3.86359 1 
0.0182016 0.00211695 0.000296294 1.43113e-05 -5.02086e-06 -0.000434103 5.32605e-05 -0.00025091 0.00029053 -0.000166418 0.0424251 1 
-0.00753188 -0.000289705 8.45376e-05 -7.77622e-05 -6.27534e-05 0.000104664 -1.88315e-05 8.82624e-05 -0.000106106 4.55093e-05 -0.589891 1 
0.000295912 9.26528e-05 1.95143e-05 -5.85434e-06 -2.18597e-06 -1.01266e-05 6.16007e-07 -3.42713e-06 4.73984e-06 -3.51779e-06 -3.60043 1 
0.000136312 2.511e-05 5.63587e-06 -1.0515e-06 -1.09545e-06 -4.53563e-06 4.59285e-07 -2.18943e-06 2.45989e-06 -1.65592e-06 -3.27121 1 
-0.00906433 -0.000843327 -7.84496e-05 -4.58285e-05 -3.14468e-05 0.00019072 -2.26614e-05 0.000126402 -0.000148868 7.65245e-05 0.216784 1 
0.000591747 0.000110479 2.32618e-05 -4.49838e-06 -3.20454e-06 -1.81854e-05 1.7634e-06 -8.68665e-06 1.01558e-05 -6.69646e-06 -3.36846 1 
-0.0007842 -0.000115458 -2.16691e-05 2.36445e-06 2.95733e-06 2.22098e-05 -2.47763e-06 1.17524e-05 -1.33701e-05 8.31686e-06 -3.4282 1 
-0.0378219 -0.00498042 -0.000948917 7.08431e-05 0.000122858 0.00105727 -0.000123633 0.000581836 -0.000654505 0.000400908 0.496398 1 
0.0241392 -0.00798365 -0.00300837 0.00127098 0.000808895 0.000460727 5.9032e-05 -0.000213539 0.000217465 9.5598e-05 0.667616 1 
-0.0242631 -0.00246567 -0.000316968 -6.24191e-05 -5.64907e-06 0.000565661 -7.15034e-05 0.000344876 -0.000392531 0.000219951 -0.725275 1 
0.000379037 -8.29213e-06 -1.06072e-05 5.76142e-06 5.09233e-06 -2.97889e-06 9.59894e-07 -3.99426e-06 4.82967e-06 -1.62878e-06 -3.72924 1 
0.00110809 0.000167548 2.09145e-05 -1.81531e-06 4.20891e-06 -2.25295e-05 2.20715e-06 -1.19203e-05 1.58974e-05 -8.67171e-06 0.527318 1 
0.0161945 -0.00495 -0.00196174 0.000884254 0.000509209 0.000271062 3.29242e-05 -0.000165254 0.000167875 5.4209e-05 0.0491141 1 
-0.000303619 -8.8316e-05 -2.20751e-05 6.5573e-06 3.55305e-06 1.18786e-05 -9.2751e-07 4.40174e-06 -5.39909e-06 4.21651e-06 -3.74777 1 
0.00347352 -0.00282874 -0.00101847 0.000426141 0.000259443 0.000242174 2.67035e-07 -1.57565e-05 1.20173e-05 6.87787e-05 0.282003 1 
-2.53128e-05 4.45348e-05 1.57238e-05 -5.83387e-06 -4.23943e-06 -4.68483e-06 7.3412e-08 -5.30379e-07 5.60277e-07 -1.42513e-06 -3.8031 1 
-0.000891213 2.32996e-05 2.60228e-05 -1.61031e-05 -9.61395e-06 9.00241e-06 -2.38677e-06 1.10543e-05 -1.24738e-05 4.42127e-06 -3.92665 1 
-3.87515e-05 -4.68149e-05 -1.3611e-05 4.33711e-06 3.39419e-06 5.21084e-06 -1.47445e-07 1.23638e-06 -1.49574e-06 1.64993e-06 -3.96311 1 
-0.000165715 4.89301e-06 5.32628e-06 -2.72911e-06 -2.30419e-06 9.72804e-07 -3.99917e-07 1.58621e-06 -1.92185e-06 5.86149e-07 -3.73721 1 
-0.00193309 -7.58524e-06 9.92384e-06 -2.34101e-05 -6.15192e-07 4.31704e-05 -7.28416e-06 3.40156e-05 -3.45103e-05 1.784e-05 -0.51462 1 
-0.0202558 -0.00363649 -0.000647669 0.000127902 2.08695e-05 0.000533854 -5.25723e-05 0.000255769 -0.000321211 0.000199195 0.634045 1 
0.0170947 0.00888194 0.00238156 -0.000795666 -0.000461007 -0.00100077 5.14249e-05 -0.000270786 0.000349315 -0.000335613 1.74596 1 
-0.00128502 -0.00100496 -0.000351797 0.000122745 9.88215e-05 0.00014933 -1.09634e-05 4.19049e-05 -4.27273e-05 4.97298e-05 0.524134 1 
0.0341199 0.00851789 0.00198258 -0.00054154 -0.000238559 -0.00117534 9.62475e-05 -0.000478519 0.000595194 -0.000426627 1.65269 1 
-0.105701 -0.00359738 0.000975524 -0.00109949 -0.000577621 0.00174438 -0.000307893 0.00139748 -0.00157404 0.000733768 0.890491 1 
0.00373168 -0.000476929 -0.000240377 0.000115288 6.43079e-05 5.31562e-07 9.74595e-06 -4.04356e-05 4.36926e-05 -5.80896e-06 -0.235903 1 
-2.02691e-05 3.83117e-05 1.29763e-05 -4.8929e-06 -3.32184e-06 -3.73555e-06 3.59846e-08 -3.1611e-07 4.10984e-07 -1.122e-06 -3.29242 1 
-0.000751026 0.000810598 0.000255855 -0.000109635 -3.98178e-05 -4.6157e-05 -3.70349e-06 1.28566e-05 -4.44219e-06 -1.26628e-05 -0.187128 1 
0.00805406 0.000510587 8.86525e-06 5.94725e-05 2.29158e-05 -0.000160614 2.33045e-05 -0.000113207 0.000127117 -6.47768e-05 0.0775069 1 
-0.00013567 7.23392e-05 2.09169e-05 -9.49649e-06 -3.91236e-06 -2.09938e-06 -6.7226e-07 2.53212e-06 -1.9515e-06 -2.14914e-07 -3.85209 1 
0.000261583 -3.95843e-05 -1.83203e-05 8.77039e-06 4.78431e-06 3.71706e-07 6.92163e-07 -2.93046e-06 3.08444e-06 -3.31974e-07 -3.60008 1 
-7.74668e-05 1.66749e-05 7.70144e-06 -3.26944e-06 -2.06565e-06 -1.01736e-06 -1.62677e-07 5.52058e-07 -6.38079e-07 -2.19914e-07 -3.66403 1 
-0.000592206 -0.000118935 -2.57355e-05 4.52768e-06 4.91633e-06 1.98189e-05 -1.81069e-06 9.38509e-06 -1.06808e-05 7.16636e-06 -3.76906 1 
-0.00345076 0.00037829 0.000176797 -9.0488e-05 -6.07565e-05 8.77942e-06 -8.84988e-06 4.02479e-05 -4.50088e-05 9.96104e-06 -0.743941 1 
-0.00119858 -0.000208687 -2.22257e-06 6.25173e-06 -2.05372e-05 3.10115e-06 -4.20728e-07 -1.5087e-06 -5.96377e-06 1.49736e-06 -0.872746 1 
-0.000498111 -2.39071e-05 1.09627e-06 -5.02052e-06 -5.03091e-07 1.04594e-05 -1.55605e-06 7.6605e-06 -8.21015e-06 4.16314e-06 -3.87598 1 
0.0011591 -5.96907e-05 -4.133e-05 2.41192e-05 1.28237e-05 -1.03873e-05 3.27917e-06 -1.47621e-05 1.60641e-05 -5.37261e-06 -3.81137 1 
-0.00460462 -0.0016459 -0.000251262 8.06052e-05 -1.11261e-05 0.000105641 2.18256e-07 2.13879e-05 -5.3534e-05 3.45261e-05 0.934971 1 
0.0116255 0.000719943 -4.41008e-05 8.82405e-05 8.1693e-05 -0.000187911 2.93285e-05 -0.000139808 0.000170797 -7.84723e-05 0.88953 1 
-0.00498734 -0.00170179 -0.000450728 0.000130185 9.80237e-05 0.000236381 -1.72156e-05 8.54259e-05 -9.84189e-05 8.19171e-05 -0.836819 1 
-0.00176614 -0.00129273 -0.000369042 0.000125579 8.20903e-05 0.000144582 -6.39373e-06 3.49415e-05 -4.3597e-05 4.73372e-05 -0.0486969 1 
0.0714435 -0.0158493 -0.00627751 0.00290934 0.00159647 0.000416439 0.000202018 -0.000838959 0.000844624 -1.1439e-05 1.27025 1 
-0.0365226 -0.00623583 -0.00103952 0.000131782 4.32628e-05 0.000966577 -9.31815e-05 0.000491124 -0.000602392 0.000359839 1.37543 1 
-0.000513923 -7.25335e-05 -1.05349e-05 9.04406e-07 -6.20401e-07 1.19148e-05 -1.32842e-06 6.42906e-06 -7.92862e-06 4.56217e-06 -3.62964 1 
0.000545075 0.000114309 2.45784e-05 -5.42589e-06 -3.43048e-06 -1.7423e-05 1.57145e-06 -7.87202e-06 9.36558e-06 -6.34588e-06 -3.54331 1 
0.0300646 0.00237642 8.44571e-05 0.000159275 0.000124275 -0.000563288 8.11451e-05 -0.000378399 0.000447206 -0.000227067 0.928615 1 
-0.000152532 -4.08258e-05 -1.09769e-05 2.07016e-06 3.4304e-06 7.40316e-06 -6.0694e-07 3.2975e-06 -3.423e-06 2.56886e-06 -3.91677 1 
-0.0130034 -0.0021454 -0.000399633 6.57116e-05 3.6979e-05 0.000358558 -3.76656e-05 0.000179464 -0.000212796 0.000133803 -0.509336 1 
0.000102141 -4.92656e-05 -1.77218e-05 7.38146e-06 4.32651e-06 3.34742e-06 2.32083e-07 -7.98027e-07 6.85531e-07 8.48053e-07 -3.54494 1 
-0.000183407 3.70871e-06 6.33004e-06 -3.27697e-06 -2.9769e-06 8.39266e-07 -3.68015e-07 1.67574e-06 -2.1796e-06 5.59294e-07 -3.70027 1 
-0.00147429 0.000897951 0.000299057 -0.000131329 -7.10086e-05 -5.62791e-05 -3.20745e-06 1.68681e-05 -1.3493e-05 -1.37311e-05 0.133665 1 
-0.000500675 -6.6043e-05 -1.07639e-05 5.80084e-07 1.0191e-06 1.29803e-05 -1.53437e-06 7.13672e-06 -8.16566e-06 4.91397e-06 -3.83435 1 
0.0408059 -0.000305753 -0.000879379 0.000663432 0.00028273 -0.00056845 0.000119218 -0.000560565 0.000607903 -0.000251132 0.487829 1 
-0.000843763 -6.29489e-05 -4.92939e-08 -5.13031e-06 -4.26425e-06 1.48642e-05 -2.20666e-06 1.02633e-05 -1.23026e-05 6.02382e-06 -3.843 1 
-0.00445972 -0.00219804 -0.000539974 0.000197992 5.75862e-05 0.000202982 -8.05465e-06 4.36975e-05 -7.48261e-05 6.90542e-05 0.14363 1 
-0.0018194 -0.000211563 -4.98342e-05 7.76886e-06 8.67408e-06 5.1334e-05 -6.81017e-06 2.74462e-05 -2.98382e-05 1.96481e-05 -0.617126 1 
-2.4695e-05 5.47004e-06 3.38402e-06 -1.28339e-06 -1.4556e-06 -1.04467e-06 5.75483e-08 -1.51095e-07 -2.71872e-08 -3.09237e-07 -3.44606 1 
-0.0134908 -0.003359 -0.00077015 0.000197303 0.000118563 0.000479144 -3.93803e-05 0.000198777 -0.000240167 0.000171503 0.98082 1 
0.00470632 0.00325747 0.0010149 -0.000303268 -0.000302837 -0.00046451 2.71234e-05 -0.00014716 0.000149148 -0.000153207 0.492448 1 
-0.000424715 -8.56153e-06 5.44312e-06 -5.38405e-06 -2.60267e-06 6.6515e-06 -1.18719e-06 5.75199e-06 -6.42119e-06 2.84798e-06 -3.36895 1 
-0.000898487 3.31445e-05 2.43152e-05 -1.61832e-05 -6.60071e-06 1.18656e-05 -2.92937e-06 1.28193e-05 -1.34609e-05 5.44974e-06 -3.88336 1 
0.0206612 0.00413496 0.000963296 -0.000191684 -0.000216467 -0.000730484 7.14564e-05 -0.00034058 0.000376433 -0.000263501 1.34205 1 
-0.00359816 -0.000421348 -0.000101791 6.83086e-06 2.37625e-05 0.000112425 -1.37211e-05 6.29498e-05 -6.68676e-05 4.25257e-05 0.875623 1 
0.131328 0.0162319 0.00246846 5.50253e-05 -0.000107502 -0.00329249 0.000386298 -0.00188575 0.00217517 -0.00125893 1.69928 1 
-0.00166128 -0.000409014 -5.28085e-05 1.18984e-05 2.01812e-06 3.87519e-05 -2.54251e-06 1.44314e-05 -2.14733e-05 1.30297e-05 -0.911311 1 
-0.00104684 -0.00249862 -0.000619404 0.000235405 8.85736e-05 0.000156232 8.14953e-06 -5.20541e-06 -2.42592e-05 4.50178e-05 -0.147239 1 
-0.00022859 4.10728e-05 1.82425e-05 -8.45708e-06 -5.40897e-06 -1.44124e-06 -4.96384e-07 2.2863e-06 -2.54399e-06 -3.26001e-08 -3.50386 1 
0.0216548 0.000891313 -0.000194161 0.000222702 0.000139132 -0.000337993 5.71735e-05 -0.000272458 0.000315583 -0.000142855 0.554778 1 
-0.0234395 0.00218622 0.00115525 -0.000604528 -0.000334172 0.000112437 -6.50823e-05 0.000285534 -0.000307989 7.81326e-05 -0.454116 1 
0.0495555 -0.00518491 -0.00245839 0.00129649 0.000657949 -0.000285975 0.000152037 -0.000646289 0.000673558 -0.000186101 0.414132 1 
0.0228649 0.00336358 0.000600609 -6.61861e-05 -6.87445e-05 -0.000624746 6.99098e-05 -0.000329682 0.000379899 -0.000234143 -0.613782 1 
0.00035341 4.71397e-05 6.72982e-06 -1.62202e-07 -2.02624e-08 -8.37644e-06 9.51641e-07 -4.64248e-06 5.50939e-06 -3.1914e-06 -3.5858 1 
-0.00289747 -0.000432485 -7.22115e-05 7.40488e-06 3.69318e-06 7.40745e-05 -7.86801e-06 3.90313e-05 -4.65085e-05 2.78579e-05 0.0202922 1 
-0.0427609 0.00165661 0.00132882 -0.000823594 -0.000424958 0.000445996 -0.000121921 0.000556782 -0.000606269 0.000218349 0.891454 1 
-0.0192632 -0.00158292 -0.000111849 -9.898e-05 -4.26375e-05 0.000399594 -5.45031e-05 0.000262879 -0.000300557 0.000158568 -0.0653195 1 
0.0573544 0.00315103 -0.000248762 0.000480862 0.000249046 -0.00101891 0.000164288 -0.00074895 0.000855445 -0.000415325 0.758367 1 
