0.981769 0.985265 0.985895 0.985961 0.985989 0.986002 0.98603 0.986039 0.986039 0.986054 0.17112 1e-10 
0.970455 0.976051 0.977066 0.977172 0.977216 0.977238 0.977282 0.977297 0.977297 0.977322 0.103907 1e-10 
0.969687 0.975466 0.976507 0.976617 0.976662 0.976684 0.97673 0.976745 0.976745 0.976771 0.101544 1e-10 
0.968202 0.974246 0.975337 0.975452 0.975499 0.975522 0.97557 0.975586 0.975586 0.975613 0.0965623 1e-10 
0.983027 0.986267 0.986858 0.986919 0.986945 0.986958 0.986984 0.986992 0.986992 0.987007 0.184492 1e-10 
0.965546 0.972187 0.973368 0.973492 0.973543 0.973568 0.97362 0.973637 0.973637 0.973666 0.0894318 1e-10 
0.981597 0.985152 0.985788 0.985854 0.985882 0.985895 0.985923 0.985933 0.985933 0.985948 0.169357 1e-10 
0.982524 0.985863 0.986471 0.986534 0.986561 0.986573 0.9866 0.986609 0.986609 0.986624 0.178686 1e-10 
0.966474 0.972806 0.973956 0.974077 0.974127 0.974151 0.974202 0.974219 0.974219 0.974248 0.0918155 1e-10 
0.981897 0.985604 0.986228 0.986293 0.98632 0.986332 0.986359 0.986369 0.986368 0.986384 0.174818 1e-10 
0.966549 0.972846 0.973996 0.974117 0.974167 0.974191 0.974242 0.974259 0.974259 0.974287 0.0914637 1e-10 
0.970528 0.976495 0.977495 0.9776 0.977644 0.977664 0.977709 0.977723 0.977723 0.977748 0.106389 1e-10 
0.970546 0.976191 0.977201 0.977307 0.977352 0.977373 0.977417 0.977432 0.977432 0.977457 0.105112 1e-10 
0.980339 0.984529 0.985194 0.985263 0.985292 0.985306 0.985335 0.985345 0.985345 0.985361 0.162396 1e-10 
0.952912 0.961992 0.963579 0.963746 0.963815 0.963848 0.963918 0.963942 0.963941 0.963981 0.0645675 1e-10 
0.967398 0.973695 0.974806 0.974923 0.974972 0.974995 0.975044 0.975061 0.97506 0.975088 0.0946587 1e-10 
0.982042 0.985745 0.986356 0.98642 0.986446 0.986459 0.986486 0.986495 0.986495 0.98651 0.177036 1e-10 
0.980435 0.984516 0.985185 0.985254 0.985283 0.985297 0.985326 0.985336 0.985335 0.985352 0.162095 1e-10 
0.981413 0.984996 0.985641 0.985709 0.985737 0.98575 0.985779 0.985788 0.985788 0.985804 0.167901 1e-10 
0.980882 0.984732 0.985384 0.985453 0.985481 0.985495 0.985523 0.985533 0.985533 0.985549 0.164764 1e-10 
0.964522 0.971356 0.972562 0.972689 0.972742 0.972767 0.97282 0.972838 0.972838 0.972868 0.0865827 1e-10 
0.981306 0.984877 0.985523 0.985591 0.985619 0.985633 0.985661 0.985671 0.985671 0.985687 0.166634 1e-10 
0.958486 0.966479 0.967896 0.968045 0.968107 0.968136 0.968198 0.968219 0.968219 0.968254 0.0737229 1e-10 
0.980945 0.984605 0.985263 0.985332 0.985361 0.985375 0.985404 0.985414 0.985413 0.98543 0.163183 1e-10 
0.970832 0.976384 0.977386 0.977491 0.977535 0.977556 0.9776 0.977615 0.977615 0.97764 0.106015 1e-10 
0.970975 0.976529 0.977524 0.977629 0.977672 0.977693 0.977737 0.977752 0.977751 0.977776 0.106406 1e-10 
0.9813 0.984915 0.985563 0.985631 0.985659 0.985673 0.985701 0.985711 0.98571 0.985726 0.166788 1e-10 
0.982461 0.985816 0.986423 0.986487 0.986514 0.986526 0.986553 0.986562 0.986562 0.986577 0.178412 1e-10 
0.964386 0.97115 0.972367 0.972495 0.972548 0.972574 0.972627 0.972645 0.972645 0.972675 0.0860392 1e-10 
0.982863 0.986318 0.986907 0.986969 0.986995 0.987007 0.987033 0.987041 0.987041 0.987056 0.18498 1e-10 
0.982631 0.986211 0.986806 0.986869 0.986894 0.986907 0.986933 0.986941 0.986941 0.986956 0.183339 1e-10 
0.965586 0.972606 0.973774 0.973896 0.973946 0.97397 0.974021 0.974038 0.974038 0.974067 0.090773 1e-10 
0.958627 0.967155 0.968542 0.968688 0.968749 0.968778 0.968839 0.968859 0.968859 0.968893 0.0751725 1e-10 
0.971785 0.977336 0.978298 0.978399 0.978441 0.978461 0.978504 0.978518 0.978518 0.978542 0.110233 1e-10 
0.982098 0.985702 0.986317 0.986382 0.986408 0.986421 0.986448 0.986457 0.986457 0.986472 0.176277 1e-10 
0.971422 0.976844 0.977827 0.977931 0.977974 0.977994 0.978038 0.978052 0.978052 0.978077 0.108357 1e-10 
0.959997 0.968391 0.969724 0.969865 0.969923 0.969951 0.970009 0.970029 0.970029 0.970062 0.0780222 1e-10 
0.981767 0.985384 0.98601 0.986076 0.986103 0.986116 0.986144 0.986153 0.986153 0.986168 0.172355 1e-10 
0.967157 0.973342 0.974467 0.974585 0.974635 0.974658 0.974708 0.974725 0.974724 0.974752 0.093396 1e-10 
0.980768 0.984505 0.985167 0.985236 0.985265 0.985279 0.985308 0.985318 0.985318 0.985334 0.162241 1e-10 
0.980638 0.984638 0.985298 0.985367 0.985395 0.985409 0.985438 0.985447 0.985447 0.985464 0.163614 1e-10 
0.981981 0.985661 0.986277 0.986342 0.986368 0.986381 0.986408 0.986417 0.986417 0.986432 0.175654 1e-10 
0.981362 0.984922 0.985566 0.985634 0.985662 0.985675 0.985704 0.985713 0.985713 0.985729 0.166877 1e-10 
0.972871 0.978025 0.978958 0.979056 0.979097 0.979116 0.979157 0.979171 0.979171 0.979194 0.113967 1e-10 
0.965768 0.972918 0.974066 0.974186 0.974236 0.97426 0.974311 0.974327 0.974327 0.974356 0.0918725 1e-10 
0.952218 0.961206 0.962828 0.962998 0.963069 0.963103 0.963175 0.963199 0.963198 0.963239 0.0633605 1e-10 
0.964466 0.971275 0.972487 0.972614 0.972667 0.972692 0.972746 0.972764 0.972764 0.972794 0.0865623 1e-10 
0.956592 0.965192 0.966662 0.966816 0.96688 0.96691 0.966975 0.966996 0.966996 0.967032 0.0708901 1e-10 
0.956949 0.965718 0.967169 0.96732 0.967383 0.967413 0.967476 0.967497 0.967497 0.967533 0.0718452 1e-10 
0.97058 0.976298 0.977303 0.977408 0.977452 0.977473 0.977518 0.977532 0.977532 0.977557 0.105336 1e-10 
0.982133 0.985545 0.986164 0.986229 0.986256 0.986269 0.986296 0.986305 0.986305 0.986321 0.174884 1e-10 
0.970455 0.976154 0.977166 0.977272 0.977317 0.977338 0.977383 0.977398 0.977397 0.977422 0.104926 1e-10 
0.971616 0.977405 0.978368 0.978469 0.978511 0.978531 0.978574 0.978588 0.978588 0.978611 0.110974 1e-10 
0.982579 0.98591 0.986515 0.986578 0.986605 0.986617 0.986644 0.986653 0.986653 0.986668 0.179001 1e-10 
0.980657 0.984431 0.985096 0.985166 0.985195 0.985209 0.985239 0.985248 0.985248 0.985265 0.161367 1e-10 
0.981761 0.98553 0.986152 0.986217 0.986244 0.986256 0.986284 0.986293 0.986293 0.986308 0.174215 1e-10 
0.980798 0.98466 0.985318 0.985387 0.985416 0.985429 0.985458 0.985468 0.985468 0.985484 0.163815 1e-10 
0.97148 0.976976 0.97795 0.978052 0.978095 0.978115 0.978158 0.978173 0.978173 0.978197 0.10835 1e-10 
0.969997 0.975833 0.976858 0.976965 0.97701 0.977031 0.977076 0.977091 0.977091 0.977116 0.103016 1e-10 
0.980647 0.984399 0.98507 0.98514 0.985169 0.985183 0.985212 0.985222 0.985222 0.985238 0.160913 1e-10 
0.980965 0.985111 0.985751 0.985818 0.985846 0.985859 0.985888 0.985897 0.985897 0.985913 0.169324 1e-10 
0.962074 0.969249 0.970544 0.97068 0.970737 0.970764 0.970821 0.97084 0.97084 0.970872 0.0806636 1e-10 
0.962331 0.969649 0.970932 0.971067 0.971123 0.971149 0.971206 0.971225 0.971225 0.971256 0.0817687 1e-10 
0.971921 0.977508 0.978468 0.978569 0.97861 0.97863 0.978672 0.978686 0.978686 0.97871 0.110785 1e-10 
0.971497 0.976931 0.97791 0.978013 0.978056 0.978076 0.978119 0.978134 0.978134 0.978158 0.108605 1e-10 
0.956358 0.965356 0.966813 0.966967 0.967031 0.967061 0.967125 0.967147 0.967146 0.967183 0.0711897 1e-10 
0.956233 0.965183 0.966645 0.966799 0.966862 0.966893 0.966957 0.966979 0.966979 0.967015 0.0708917 1e-10 
0.980859 0.984813 0.985464 0.985532 0.985561 0.985574 0.985603 0.985613 0.985612 0.985629 0.165762 1e-10 
0.982287 0.985842 0.986451 0.986514 0.986541 0.986554 0.98658 0.986589 0.986589 0.986604 0.178336 1e-10 
0.961813 0.969042 0.970344 0.970481 0.970538 0.970565 0.970623 0.970642 0.970642 0.970674 0.0801127 1e-10 
0.980442 0.984492 0.985157 0.985227 0.985256 0.985269 0.985299 0.985309 0.985308 0.985325 0.161791 1e-10 
0.972176 0.97789 0.978837 0.978936 0.978977 0.978996 0.979038 0.979052 0.979052 0.979075 0.113083 1e-10 
0.982154 0.985589 0.986206 0.98627 0.986297 0.98631 0.986338 0.986347 0.986347 0.986362 0.175064 1e-10 
0.981808 0.985307 0.985936 0.986002 0.986029 0.986043 0.98607 0.98608 0.986079 0.986095 0.171561 1e-10 
0.9703 0.975997 0.977017 0.977124 0.977168 0.97719 0.977235 0.97725 0.977249 0.977275 0.104178 1e-10 
0.980197 0.984274 0.984951 0.985022 0.985051 0.985065 0.985095 0.985105 0.985105 0.985121 0.159613 1e-10 
0.968232 0.97493 0.975997 0.97611 0.976157 0.976179 0.976226 0.976242 0.976242 0.976268 0.099742 1e-10 
0.981523 0.985207 0.985839 0.985906 0.985933 0.985946 0.985974 0.985984 0.985983 0.985999 0.170167 1e-10 
0.963138 0.970212 0.971463 0.971595 0.97165 0.971676 0.971731 0.97175 0.971749 0.971781 0.083107 1e-10 
0.970828 0.976432 0.977433 0.977538 0.977582 0.977603 0.977647 0.977662 0.977661 0.977686 0.105703 1e-10 
0.981161 0.984849 0.985497 0.985565 0.985594 0.985607 0.985636 0.985645 0.985645 0.985661 0.166453 1e-10 
0.967267 0.973524 0.974644 0.974761 0.97481 0.974834 0.974883 0.9749 0.9749 0.974928 0.094267 1e-10 
0.964585 0.971883 0.973072 0.973197 0.973248 0.973273 0.973326 0.973343 0.973343 0.973372 0.0883509 1e-10 
0.981656 0.985236 0.985868 0.985934 0.985962 0.985975 0.986003 0.986012 0.986012 0.986028 0.170896 1e-10 
0.980859 0.984752 0.985412 0.985481 0.98551 0.985523 0.985552 0.985562 0.985562 0.985578 0.164754 1e-10 
0.961543 0.9688 0.970113 0.970251 0.970309 0.970336 0.970394 0.970414 0.970414 0.970446 0.0795358 1e-10 
0.966581 0.972886 0.974034 0.974154 0.974205 0.974229 0.974279 0.974296 0.974296 0.974325 0.0920618 1e-10 
0.94955 0.959704 0.961394 0.961572 0.961645 0.96168 0.961754 0.961779 0.961778 0.96182 0.0607274 1e-10 
0.971387 0.977326 0.978295 0.978396 0.978438 0.978457 0.9785 0.978514 0.978514 0.978538 0.109903 1e-10 
0.97178 0.977229 0.978196 0.978298 0.97834 0.97836 0.978403 0.978417 0.978417 0.978441 0.109945 1e-10 
0.98152 0.98506 0.9857 0.985767 0.985795 0.985808 0.985837 0.985846 0.985846 0.985862 0.168969 1e-10 
0.965938 0.972777 0.973929 0.97405 0.9741 0.974124 0.974175 0.974192 0.974192 0.97422 0.0914027 1e-10 
0.969435 0.9758 0.976829 0.976937 0.976981 0.977003 0.977048 0.977063 0.977063 0.977088 0.102993 1e-10 
0.960725 0.969232 0.970537 0.970675 0.970731 0.970758 0.970816 0.970835 0.970834 0.970867 0.0804314 1e-10 
0.97275 0.977952 0.978888 0.978987 0.979028 0.979047 0.979089 0.979103 0.979102 0.979126 0.113591 1e-10 
0.981675 0.98539 0.986018 0.986083 0.986111 0.986124 0.986151 0.986161 0.98616 0.986176 0.172842 1e-10 
0.969761 0.97558 0.976615 0.976723 0.976769 0.97679 0.976836 0.976851 0.976851 0.976877 0.10237 1e-10 
0.967462 0.973736 0.97485 0.974967 0.975016 0.975039 0.975088 0.975105 0.975104 0.975132 0.0950835 1e-10 
0.971128 0.976656 0.977647 0.977751 0.977795 0.977816 0.977859 0.977874 0.977874 0.977899 0.107328 1e-10 
0.960347 0.968174 0.969515 0.969655 0.969714 0.969742 0.969801 0.969821 0.96982 0.969854 0.077799 1e-10 
