-2.44071e-05 -2.6575e-05 -3.34329e-05 8.87206e-06 6.01276e-06 1.39687e-05 -3.22827e-07 9.53027e-06 -7.59792e-06 6.47686e-06 1 0.396679 
-8.52341e-05 -0.000143945 -4.30655e-05 1.69015e-05 2.11403e-06 1.29407e-05 2.82043e-07 1.09963e-06 -4.83591e-06 4.11689e-06 1 -3.03763 
0.000217478 7.42883e-05 9.32148e-06 -2.68223e-06 -3.10677e-06 -1.5239e-05 2.04711e-06 -7.12441e-06 8.73415e-06 -5.21498e-06 1 -2.95525 
-0.000425554 0.000296669 1.87704e-05 -4.1253e-05 -1.87845e-05 1.94635e-05 -3.65449e-06 3.32931e-05 -3.21738e-05 1.36402e-05 1 -0.952823 
-0.0094224 0.00299266 0.0014821 -0.000564944 -0.00030501 7.85275e-05 -0.000113494 0.000266431 -0.000274827 6.23053e-05 1 1.03138 
-0.000140443 9.5478e-06 2.04276e-05 -1.27063e-05 -8.67383e-06 4.66886e-06 -8.23116e-07 7.52078e-06 -9.00958e-06 2.44998e-06 1 -2.95766 
-0.0312387 -0.0102435 -0.00120096 -2.51057e-05 -0.000212084 0.00206822 -0.000240974 0.00117466 -0.00147923 0.000791157 1 1.16607 
0.00928328 0.00311781 0.000638965 -0.000157643 7.07657e-05 -0.000597708 6.97794e-05 -0.000302057 0.000402851 -0.000233386 1 0.273235 
0.00201391 0.000209372 -7.10431e-05 5.14981e-05 2.79298e-05 -7.65483e-05 1.52357e-05 -5.85972e-05 6.98491e-05 -3.07996e-05 1 -0.189815 
0.000352392 0.000107832 7.49044e-06 1.62583e-06 9.76893e-06 -1.61398e-05 1.6392e-06 -9.82311e-06 1.46263e-05 -6.63288e-06 1 -2.82031 
-0.000119084 0.00100624 0.000368274 -0.000193809 -0.000151777 -0.000102712 9.8001e-06 1.6464e-05 -2.7503e-05 -2.73006e-05 1 -0.80385 
-0.000912867 0.000746775 0.000263596 -0.000170876 -8.32584e-05 9.1566e-06 -8.03335e-06 8.5336e-05 -7.57171e-05 1.97097e-05 1 -0.661987 
0.00514435 0.00276284 0.000537731 -0.000307849 -0.000163685 -0.000387446 5.73079e-05 -7.23157e-05 0.000121598 -0.000114215 1 1.0899 
0.000129962 -1.66342e-05 -1.47859e-05 1.05475e-05 6.05971e-06 -2.83431e-06 6.61999e-07 -5.1385e-06 5.96957e-06 -1.56478e-06 1 -2.97882 
0.000735894 6.17828e-05 -3.65938e-05 2.91184e-05 2.11121e-05 -2.57883e-05 4.22651e-06 -2.49674e-05 3.09051e-05 -1.14662e-05 1 -3.22049 
8.10317e-05 2.82511e-05 -1.36969e-06 -4.71105e-06 -4.80196e-06 -2.55766e-06 1.37129e-06 1.35435e-06 -1.98039e-06 -9.93008e-08 1 -2.97823 
0.00203328 0.00109687 0.000349776 -8.82745e-05 -4.39228e-05 -0.00021662 1.80375e-05 -9.49726e-05 0.000114408 -8.12684e-05 1 0.116733 
-0.0137515 -0.00311555 -0.000320653 -0.000173354 -0.000235447 0.000723838 -8.37606e-05 0.000480443 -0.000611168 0.000299927 1 0.014781 
0.000639931 5.65828e-05 -2.72963e-05 2.25877e-05 1.41956e-05 -2.34558e-05 4.36331e-06 -2.09928e-05 2.46653e-05 -1.02729e-05 1 -3.24203 
-0.00927962 -0.00211236 -0.000353514 -5.7554e-05 -0.000103321 0.000541466 -6.59214e-05 0.000342692 -0.000421956 0.000224202 1 0.481438 
0.012029 0.00241577 -0.000277202 0.000332321 0.000304169 -0.000535235 7.15846e-05 -0.000407971 0.000525371 -0.000217857 1 -1.08482 
0.000351027 0.000269017 8.7947e-05 -4.05803e-05 -3.16958e-05 -2.8642e-05 3.95119e-06 3.57981e-06 -4.51653e-06 -7.35671e-06 1 -0.565896 
0.000406613 6.52646e-05 -1.64244e-05 8.94565e-06 1.1669e-05 -1.31317e-05 2.50201e-06 -1.04683e-05 1.44703e-05 -5.42916e-06 1 -3.12817 
0.000231837 -9.53081e-05 -4.53456e-05 2.44616e-05 9.64647e-06 2.19908e-07 1.75163e-06 -8.78809e-06 8.02196e-06 -1.2912e-06 1 -3.03997 
-0.000189527 7.82968e-06 7.19984e-06 -1.11336e-05 -9.27384e-06 5.73704e-06 -5.10701e-07 7.7479e-06 -9.85385e-06 3.28492e-06 1 -3.0139 
-0.00182524 0.00101332 0.000492255 -0.000271929 -0.00018026 -4.8558e-05 -4.91407e-06 7.0598e-05 -8.60666e-05 -3.87434e-06 1 0.0546146 
0.00344677 0.00104481 0.000321612 -8.12119e-05 4.08405e-05 -0.000235541 2.68366e-05 -0.000126674 0.00016198 -9.86746e-05 1 0.0306303 
0.00336629 0.00113328 1.27975e-05 8.2369e-05 0.000176724 -0.00010085 -8.0593e-07 -7.33526e-05 0.000146818 -4.25903e-05 1 -0.622646 
0.00179116 -0.000607435 -0.000389368 0.000250435 0.000132591 3.61533e-05 1.11151e-06 -7.06114e-05 7.6551e-05 -3.50865e-06 1 0.113399 
0.00103743 0.000261719 3.24278e-05 1.07158e-05 1.79572e-05 -5.79693e-05 6.436e-06 -3.72037e-05 4.81764e-05 -2.38187e-05 1 -2.88091 
-0.0270141 -0.00524036 0.000243726 -0.000734222 -0.000654219 0.00131092 -0.00016426 0.000995541 -0.00127243 0.000546345 1 0.894945 
-0.00157674 -0.000150773 0.000162256 -0.000107622 -5.8875e-05 4.54719e-05 -5.32247e-06 5.61042e-05 -7.21735e-05 1.79171e-05 1 -0.850847 
0.00109753 0.00247343 0.000702206 -0.000304531 -0.000187467 -0.000240969 8.8658e-06 -1.23126e-05 3.54581e-05 -6.94372e-05 1 0.00953922 
-0.0028763 -0.00109082 -0.000226609 5.58005e-05 3.33619e-05 0.000179407 -1.97096e-05 7.46971e-05 -9.11444e-05 6.45527e-05 1 -0.200577 
0.00553891 0.00111865 3.48514e-05 7.67093e-05 0.000120403 -0.000272077 3.54025e-05 -0.000185927 0.000246103 -0.000111028 1 -0.00954944 
-0.000135976 -2.37549e-05 1.50406e-06 -2.38942e-06 -3.32694e-06 4.9893e-06 -8.30458e-07 3.67683e-06 -4.91902e-06 2.14743e-06 1 -2.59937 
-0.0139986 -0.00306998 -0.000282478 -0.00018777 -0.000242915 0.000726451 -8.66142e-05 0.000486544 -0.00061927 0.000301343 1 -0.442377 
-6.21396e-05 -2.86766e-05 -9.86936e-06 1.29925e-06 -1.29795e-06 4.87863e-06 -1.64236e-07 2.75052e-06 -3.68634e-06 2.16735e-06 1 -2.65253 
-0.00029294 -4.14443e-05 1.35247e-06 -1.0182e-05 -1.1199e-05 1.41054e-05 -1.57986e-06 1.20782e-05 -1.54512e-05 6.49968e-06 1 -2.99942 
0.00376797 0.00408354 0.00118474 -0.000448874 -0.000118951 -0.000472807 2.00554e-05 -9.867e-05 0.000188656 -0.000158182 1 -0.328014 
-0.0109823 -0.00132173 0.000503802 -0.000432015 -0.000420177 0.000329717 -4.21457e-05 0.000336533 -0.000466928 0.000151949 1 1.43079 
-0.00155789 0.000178418 0.000103699 -0.000121598 -8.48898e-05 5.2944e-05 -6.09662e-06 7.90938e-05 -9.08329e-05 3.1313e-05 1 -1.18148 
-0.00603656 -0.00138017 -2.91744e-05 -0.000182036 -0.000163091 0.000329387 -2.63804e-05 0.000247032 -0.000320541 0.000136291 1 0.123582 
0.000302114 0.000127344 3.33697e-05 -1.09656e-05 -1.39862e-06 -2.22035e-05 2.40172e-06 -9.15285e-06 1.22969e-05 -8.40055e-06 1 -2.91401 
-0.00578045 0.00395887 0.00178918 -0.000833471 -0.00022591 -8.2214e-05 -7.12046e-05 0.000245737 -0.000189294 -1.96761e-06 1 0.317398 
-0.00886482 -0.00246636 -4.49227e-05 -3.6557e-06 -0.000224168 0.000320549 -5.68926e-05 0.000163106 -0.000267105 0.000125323 1 1.37086 
-0.00035661 -6.25223e-05 1.01023e-05 -1.09888e-05 -8.28643e-06 1.66979e-05 -2.5001e-06 1.29214e-05 -1.60031e-05 6.77028e-06 1 -3.01183 
-0.00653967 -0.00146293 -0.00039664 7.86092e-05 -4.93324e-05 0.000393413 -5.71646e-05 0.00021128 -0.000271903 0.000160185 1 1.71089 
0.00166088 0.000746012 0.000150771 -4.46457e-05 -3.03004e-05 -0.000119859 1.41576e-05 -4.7671e-05 5.58079e-05 -4.27171e-05 1 -0.772661 
0.00333513 0.00067595 -2.74949e-05 7.99388e-05 8.95883e-05 -0.000141374 1.4338e-05 -0.000108934 0.000145769 -5.94775e-05 1 -1.00414 
-0.00142377 -0.0018908 -0.000303646 0.000120774 5.53526e-05 0.000145854 5.07484e-06 1.23895e-05 -4.8341e-05 3.54956e-05 1 0.959495 
-0.0205221 -0.00529951 -0.000454399 -0.000203662 -0.000240521 0.00108627 -0.00012745 0.000667003 -0.000861037 0.000426141 1 0.731565 
1.95879e-05 -2.87964e-05 -2.09669e-05 7.50382e-06 2.43544e-06 2.92848e-06 4.82703e-07 -4.08718e-07 -4.86815e-08 1.15423e-06 1 -2.80001 
0.000677868 0.000194853 3.30536e-05 -2.41699e-07 5.12192e-06 -4.27524e-05 5.15375e-06 -2.44291e-05 3.05835e-05 -1.69802e-05 1 -3.19318 
0.00345546 0.00130021 5.03727e-05 -7.8825e-06 5.83572e-05 -0.00015123 1.79672e-05 -6.23138e-05 0.000113439 -5.05072e-05 1 -1.21251 
0.00133684 0.000404772 1.33081e-05 2.34141e-05 -2.66185e-06 -8.49672e-05 7.34975e-06 -5.40566e-05 6.35006e-05 -3.08122e-05 1 -0.463164 
-0.00491071 -0.00603282 -0.00253394 0.000894168 0.000767375 0.00109458 -8.97234e-05 0.000306506 -0.000268682 0.000381659 1 1.25366 
0.000377982 0.000145171 2.00778e-05 -6.25e-06 3.63041e-06 -2.24756e-05 2.66685e-06 -1.04786e-05 1.47195e-05 -8.42875e-06 1 -3.06576 
0.00128975 -0.000411509 -0.000140368 8.75829e-05 9.5937e-05 -2.45527e-05 9.04e-06 -5.67134e-05 8.46279e-05 -1.70764e-05 1 -0.254602 
0.000116318 0.000101627 3.8448e-05 -1.48724e-05 -5.12849e-06 -1.59825e-05 1.29735e-06 -4.85521e-06 6.12643e-06 -6.00748e-06 1 -2.94433 
0.0275522 -0.00197431 -0.00252256 0.00162465 0.000887951 -0.000750406 0.000203334 -0.001022 0.0011316 -0.000385405 1 1.43584 
0.00162208 0.00122138 9.59066e-05 6.06282e-05 0.000128781 -4.6801e-05 -2.24873e-05 -3.70475e-05 8.89207e-05 -2.16759e-05 1 0.249221 
0.000950498 0.000204882 1.00453e-05 2.45362e-05 1.97431e-05 -4.55729e-05 2.68327e-06 -3.29081e-05 4.18131e-05 -1.84026e-05 1 0.00726375 
2.21096e-05 -2.4535e-05 -1.37192e-05 -6.91052e-08 1.19703e-07 4.28386e-06 6.88885e-07 2.87293e-06 -3.2577e-06 1.99677e-06 1 -2.98723 
0.0241185 0.00565111 0.000530139 0.000229878 0.000291301 -0.0013327 0.000166764 -0.000854769 0.00103537 -0.000540486 1 0.810061 
-0.000351347 -0.000104158 -1.71062e-07 -6.99217e-06 -1.11902e-05 1.78264e-05 -1.64203e-06 1.21157e-05 -1.76422e-05 6.98013e-06 1 -2.89812 
-0.00160398 6.02716e-05 8.13054e-05 -8.78302e-05 -5.19303e-05 5.50364e-05 -8.62847e-06 7.15757e-05 -7.36347e-05 3.05583e-05 1 0.248939 
0.0116334 0.00204007 -0.000270484 0.000338453 0.000256797 -0.000543566 7.68885e-05 -0.000417762 0.000516393 -0.000221462 1 -0.765497 
-0.000706708 -0.00189953 -0.000732055 0.000321786 0.000108303 0.000207284 -7.60425e-06 1.02846e-05 -3.59096e-05 6.93671e-05 1 -0.572402 
0.00284623 0.000842652 0.000120509 4.198e-06 7.19522e-05 -0.000149537 1.33953e-05 -8.84095e-05 0.000127261 -6.04517e-05 1 -0.752801 
0.00282562 -0.000999206 -0.00057497 0.00033577 0.000178097 1.29315e-05 1.35108e-05 -0.000109784 0.000123616 -1.19431e-05 1 -1.1147 
-0.0022277 -0.00120632 -9.03023e-05 -7.6848e-06 -2.71935e-05 0.000131721 -7.22872e-06 6.5211e-05 -9.30006e-05 4.71238e-05 1 -0.948516 
-6.08145e-05 8.44701e-07 -6.11013e-07 -5.65443e-07 -5.38621e-07 2.67904e-06 -7.20141e-07 1.92752e-06 -2.14195e-06 1.27562e-06 1 -2.80894 
0.000261386 8.3111e-05 1.12007e-06 4.66068e-06 5.88818e-06 -1.21435e-05 9.50826e-07 -7.93284e-06 1.08847e-05 -4.70235e-06 1 -2.96522 
0.000397218 0.000124817 3.49244e-06 5.42492e-06 9.62518e-06 -1.89137e-05 1.49023e-06 -1.20626e-05 1.75788e-05 -7.28922e-06 1 -3.09064 
-8.02059e-05 7.96053e-05 5.45054e-05 -5.48871e-05 -5.72156e-05 -2.92263e-05 9.12519e-06 3.36191e-06 -1.45122e-05 -6.76668e-06 1 -0.549114 
-0.00279667 -0.000565072 -4.66211e-05 -4.68731e-05 -8.2269e-05 0.000128929 -1.31543e-05 9.18593e-05 -0.000130019 5.56347e-05 1 -0.0255997 
0.00268787 0.000972787 0.000218864 -6.85924e-05 -5.74556e-06 -0.000175455 2.12731e-05 -7.64877e-05 0.000102033 -6.61858e-05 1 -0.944759 
0.00161453 0.000472451 3.77378e-06 5.78999e-05 6.36197e-05 -7.40612e-05 1.92025e-06 -5.83349e-05 8.63681e-05 -3.06369e-05 1 -0.54791 
2.8039e-05 -8.07894e-06 -4.15557e-07 6.12472e-07 6.11184e-06 2.7554e-06 -5.50692e-07 7.45779e-07 6.38324e-07 5.01512e-07 1 -3.24989 
-0.00535407 -0.00168581 -0.000196058 -3.86327e-05 -0.000150684 0.000273517 -2.01941e-05 0.00017271 -0.000249604 0.000114091 1 -0.237969 
-0.000140033 5.36438e-06 8.20215e-06 -4.9232e-06 -2.06754e-06 4.42659e-06 -1.15444e-06 4.67033e-06 -4.4457e-06 2.13534e-06 1 -2.67736 
-0.00330173 -0.000593255 -9.03696e-05 -7.93099e-05 -2.64878e-05 0.000205064 -2.36443e-05 0.000149593 -0.000159613 8.90437e-05 1 -0.428926 
-0.00559072 0.00153233 0.00077788 -0.000443927 -0.000216137 7.44925e-05 -4.64635e-05 0.000212909 -0.000213761 5.91919e-05 1 -0.802497 
-0.0013481 3.64554e-05 0.000188973 -0.000152687 -0.000128988 -7.06175e-06 4.55816e-06 4.80054e-05 -7.40532e-05 6.94768e-06 1 -0.237037 
0.000629534 0.000167979 9.33475e-06 4.20017e-06 9.35968e-06 -3.09902e-05 3.94266e-06 -1.85209e-05 2.44645e-05 -1.21132e-05 1 -3.11879 
-0.000104003 0.000442771 0.00017788 -0.000124026 -8.80678e-05 -5.81084e-05 1.07205e-05 1.30163e-05 -1.7796e-05 -1.29788e-05 1 -0.415795 
0.00917361 -0.00185751 -0.00167999 0.000957354 0.000549307 -2.72818e-05 4.08772e-05 -0.000340174 0.000398315 -5.23716e-05 1 0.102484 
0.00263719 -0.000267218 -0.000197516 0.000118315 8.56942e-05 -5.40851e-05 1.99309e-05 -7.73807e-05 8.99527e-05 -3.07225e-05 1 0.404824 
2.04596e-05 2.4758e-05 6.59072e-06 -3.7766e-06 -2.74822e-06 -3.54747e-06 3.79594e-07 -6.21752e-07 6.64184e-07 -1.07224e-06 1 -2.85322 
-0.00130003 -0.000784722 -0.000128874 1.92084e-05 -0.000151047 1.83191e-05 1.08988e-05 4.41668e-06 -6.7307e-05 1.44363e-05 1 0.716651 
-0.000206191 -1.52139e-05 6.94995e-06 -6.2655e-06 -5.44263e-06 6.70778e-06 -1.1988e-06 6.16383e-06 -7.84768e-06 3.01931e-06 1 -2.82876 
-0.00052496 -6.41105e-05 1.91562e-05 -1.83064e-05 -1.43676e-05 2.13115e-05 -3.34562e-06 1.85439e-05 -2.28919e-05 9.18455e-06 1 -2.98287 
0.00727431 0.000992201 -0.00015652 0.00015421 0.000158462 -0.000303729 5.29795e-05 -0.000228041 0.00029213 -0.000125149 1 -1.1101 
0.000696566 0.000535381 1.15928e-05 6.80446e-05 5.79477e-05 -5.74324e-05 -5.81047e-06 -5.57764e-05 7.47369e-05 -2.65167e-05 1 0.0693235 
-0.000220714 -7.07731e-05 -2.79469e-06 -5.75385e-06 -6.32618e-06 1.33293e-05 -1.07738e-06 9.63597e-06 -1.24592e-05 5.49819e-06 1 -2.84331 
-0.00474279 0.002214 0.000928403 -0.00050192 -0.00024464 -1.69922e-05 -3.8749e-05 0.000186416 -0.00017899 2.85667e-05 1 0.454748 
0.000316931 0.000126818 3.44197e-05 -9.50044e-06 -1.65932e-06 -2.41828e-05 2.65286e-06 -1.09432e-05 1.36239e-05 -9.35991e-06 1 -2.95272 
0.00290863 0.000778185 6.12323e-05 3.57341e-05 3.37782e-05 -0.000152798 1.44391e-05 -9.48645e-05 0.000125578 -5.85352e-05 1 -0.190753 
0.00766079 -0.00246748 -0.000969636 0.000676935 0.000224154 -0.000182006 6.50109e-05 -0.000359157 0.000348176 -0.000110148 1 0.420965 
