0.133416692490061 0.00206473070871291 1.36920130544055e-20 -2.72751550176124e-20 3.94768532961436e-20 3.26446978125117e-20 -5.12689674349161e-20 1.81820271533541e-20 1.0951258285311e-20 1.93835823736254e-20
0.108363599879562 0.00359511418788673 2.45945140327646e-20 -4.89924166964383e-20 7.0907938522375e-20 5.86348317586257e-20 -9.20848749290688e-20 3.26562819747409e-20 1.96688588249976e-20 3.48128752382836e-20
0.0887495171879546 -0.00484546945329317 -3.48948889478379e-20 6.95103125217585e-20 -1.00603257340108e-19 -8.31897219298451e-20 1.30646897047805e-19 -4.63312847424923e-20 -2.79050997475883e-20 -4.93902382912177e-20
0.1339593847293 -0.00423400504871469 -2.91384827530877e-20 5.80438446768795e-20 -8.40080277796085e-20 -6.94672705671634e-20 1.0909666588606e-19 -3.86890920617352e-20 -2.33023429696685e-20 -4.12438261946853e-20
-2.35628029569835 -0.336153004058509 -2.20184971552638e-18 4.38590660746976e-18 -6.34755490095308e-18 -5.24865926202946e-18 8.2425594716413e-18 -2.92295153887726e-18 -1.76041529088529e-18 -3.11570947137695e-18
0.0557963007440912 -0.0028742694621894 -1.9836609976414e-20 3.95141624623168e-20 -5.71891298994022e-20 -4.72899686330581e-20 7.4267081893402e-20 -2.63371945120974e-20 -1.58626833609462e-20 -2.80757977854151e-20
-2.05945312923741 0.687478883856535 4.74382621421654e-18 -9.44940453983717e-18 1.36758866852528e-17 1.13084055064674e-17 -1.77590221641103e-17 6.29770830848557e-18 3.79297539624225e-18 6.71314171411277e-18
0.616270153664753 -0.00814810170851667 -5.66884225736219e-20 1.12922300156977e-19 -1.63433258605196e-19 -1.35143758308659e-19 2.12238096143373e-19 -7.52655963005611e-20 -4.53318731013651e-20 -8.02341263106779e-20
0.163713267175606 -0.00441952857871396 -3.01295380320853e-20 6.00178175558272e-20 -8.68646964959004e-20 -7.18292353557035e-20 1.12805682427008e-19 -4.00042864662246e-20 -2.40943976078317e-20 -4.26455700172227e-20
0.0988662337644877 5.27244857232169e-05 3.5335536797698e-21 -7.03671086279239e-21 1.01812958094613e-20 8.41649343863942e-21 -1.32139017947384e-20 4.68464550664287e-21 2.82069636327571e-21 4.99096134011919e-21
-0.0492326765611449 0.0149442056267489 1.05763281708236e-19 -2.10674868881429e-19 3.04905969297408e-19 2.52123861088118e-19 -3.95944001683793e-19 1.40410440891834e-19 8.4566631093584e-20 1.49674205701049e-19
0.322565201578708 -0.00554497703153372 -3.68585969362769e-20 7.34226659600338e-20 -1.06266623331374e-19 -8.78736044672372e-20 1.38004039243903e-19 -4.89407896200057e-20 -2.94770581865546e-20 -5.21729761943487e-20
0.636173377891832 -0.0103774469619022 -7.07662604871945e-20 1.40967995995405e-19 -2.04028193945268e-19 -1.68715379280696e-19 2.64966492050288e-19 -9.39665010880751e-20 -5.65964443268543e-20 -1.00173660669052e-19
0.115662767231455 0.00159183564469217 9.88922978732193e-21 -1.96992712975675e-20 2.85110513038354e-20 2.35760545046567e-20 -3.70254900465488e-20 1.31303504340971e-20 7.9083486526357e-21 1.39972784045645e-20
0.0790073824650507 0.00114166878211279 8.34506561676045e-21 -1.6622697454792e-20 2.40573963174844e-20 1.98925551348559e-20 -3.12395170790424e-20 1.10780639184862e-20 6.67202109563922e-21 1.18086230068971e-20
0.108966050385867 0.00246512403807091 1.6028317912554e-20 -3.19281418583584e-20 4.62098671391493e-20 3.82111951933168e-20 -6.00092665882135e-20 2.12809901658311e-20 1.28173821656433e-20 2.26858543896029e-20
-0.59848196737727 -0.0944311561593911 -6.41386791692637e-19 1.27760669429516e-18 -1.84905455751311e-18 -1.52896343754314e-18 2.40113330030159e-18 -8.51493344550941e-19 -5.12838045552923e-19 -9.07669036331925e-19
-0.39094305676154 0.0854327799981461 5.60257081452228e-19 -1.11599786409851e-18 1.61515703192866e-18 1.33555251568347e-18 -2.09738898596985e-18 7.43777117081017e-19 4.4796144239659e-19 7.92842206458159e-19
0.0914289404268086 -0.00429099357605518 -3.01451124057199e-20 6.00488824671731e-20 -8.69097162240253e-20 -7.18665112689902e-20 1.12864299397436e-19 -4.00251007812216e-20 -2.41069501803252e-20 -4.26678158944377e-20
-1.22688473945818 0.29564884687462 1.87797307866072e-18 -3.74082987615882e-18 5.4140459127145e-18 4.47683140293337e-18 -7.030583013064e-18 2.49320367604587e-18 1.50161351625709e-18 2.65770568207614e-18
0.915174416688799 0.0646836627905106 4.5149872905849e-19 -8.99372181691858e-19 1.30166057052041e-18 1.07634346274276e-18 -1.69034674695776e-18 5.9944113781399e-19 3.61036639549347e-19 6.39005091705581e-19
0.145096274014957 0.00279336691578426 1.94275598081086e-20 -3.86998138045217e-20 5.60111998143928e-20 4.63164967530944e-20 -7.27391674250081e-20 2.57956671168984e-20 1.55367147725006e-20 2.74991915735029e-20
0.0925663275056031 0.00154260803281461 1.14377316584544e-20 -2.2782369981755e-20 3.29710877634509e-20 2.72622989519167e-20 -4.28117982340531e-20 1.51813459853874e-20 9.14304959178482e-21 1.61815520969093e-20
0.106441343244056 -0.00722319128433215 -4.70921118766196e-20 9.38077134580854e-20 -1.35770155063822e-19 -1.1227030593984e-19 1.7631826134486e-19 -6.25281385348047e-20 -3.76606401035809e-20 -6.66573740133965e-20
0.0999376019728247 -0.0037275649261048 -2.40709111847585e-20 4.79503441324817e-20 -6.9401092508248e-20 -5.73899325735819e-20 9.01315663569958e-20 -3.19642073704855e-20 -1.9252403395556e-20 -3.40764443175067e-20
-0.0128430221397917 -0.000614815959811718 -3.84253183480013e-21 7.65478914918538e-21 -1.1079607345153e-20 -9.16242289324194e-21 1.43902417723877e-20 -5.10354164718516e-21 -3.07403795799374e-21 -5.44120504908797e-21
0.368862566471734 -0.00443779480659013 -3.03411656317778e-20 6.04400864026591e-20 -8.74768776407381e-20 -7.23363013414506e-20 1.13603345712834e-19 -4.02876339409735e-20 -2.42653408308811e-20 -4.29486320596361e-20
-0.891369257851403 0.185184921405303 1.27622222170131e-18 -2.54219051193882e-18 3.67930054937255e-18 3.0424066767609e-18 -4.77794407583863e-18 1.69437945030689e-18 1.02050298928533e-18 1.80620147537571e-18
-0.633982684741653 0.0759451353012649 5.19502955663458e-19 -1.03481544169843e-18 1.49765975202212e-18 1.23839230470428e-18 -1.94480080924809e-18 6.89664425504632e-19 4.15369414549088e-19 7.3515600577646e-19
0.0716328737760685 -0.0026098144881976 -1.76369682459156e-20 3.51323013133692e-20 -5.08469195120251e-20 -4.20453067273194e-20 6.60301374528929e-20 -2.34159992738597e-20 -1.41031844004439e-20 -2.49614598061753e-20
-1.60281010890527 0.12937767700956 7.80593733314749e-19 -1.55489941236719e-18 2.25037512893205e-18 1.86081144268656e-18 -2.92227857095859e-18 1.03630281012263e-18 6.24145337664728e-19 1.10467135297005e-18
0.0413202663625566 -0.00121942860218794 -5.89392566182771e-21 1.17412072991998e-20 -1.69940245276223e-20 -1.405317829409e-20 2.20711351679638e-20 -7.82745543565442e-21 -4.71466165579758e-21 -8.34504661896085e-21
0.0690372000656907 0.0123034200079201 8.71933955305628e-20 -1.73683975461433e-19 2.51368753770658e-19 2.07853652658658e-19 -3.26419297512406e-19 1.15755012733228e-19 6.97168538307306e-20 1.23391163295598e-19
-0.632542039587156 0.0187088911370246 1.28733922206058e-19 -2.56428730619497e-19 3.71121182829138e-19 3.06873673817089e-19 -4.81920407521912e-19 1.70897936291119e-19 1.02927710090433e-19 1.82169685490521e-19
0.316382744195922 -0.000224240780306658 -4.313178592589e-22 8.57887896864994e-22 -1.23976153406531e-21 -1.02362229432866e-21 1.60513750632209e-21 -5.68368100123193e-22 -3.41806459518562e-22 -6.0405748002952e-22
0.110033467404803 -0.0147835008896802 -1.02147885722935e-19 2.03478982188582e-19 -2.94499872950452e-19 -2.43526089612935e-19 3.82452650448715e-19 -1.35629971781752e-19 -8.16897674715808e-20 -1.4458656963738e-19
-0.940406837284363 0.205030732335874 1.22103273284679e-18 -2.4322531888092e-18 3.52018620853127e-18 2.91083321016679e-18 -4.5713113494144e-18 1.62110109546063e-18 9.76367666600927e-19 1.72808453826495e-18
0.0908933324290353 -0.00403000391014333 -2.5971636897983e-20 5.17356051506408e-20 -7.48781533438509e-20 -6.19178040957796e-20 9.72406298299151e-20 -3.4484648016118e-20 -2.07700635046223e-20 -3.67619176181171e-20
0.110367530082756 -0.00688854989591871 -4.50765848471946e-20 8.97926089033906e-20 -1.29958759112605e-19 -1.07464581142219e-19 1.6877065712166e-19 -5.98514049258397e-20 -3.60483797598885e-20 -6.38036399946719e-20
-0.738634800756905 -0.102862664742824 -6.78466982590548e-19 1.35146092734018e-18 -1.95593154512793e-18 -1.61732997644867e-18 2.53989297801124e-18 -9.00695546224688e-19 -5.42468600370356e-19 -9.60106700322221e-19
-1.58368071317558 -0.335216302933606 -2.30597937548898e-18 4.59333986555177e-18 -6.6477874063625e-18 -5.49693361745865e-18 8.63248153923015e-18 -3.06123479132824e-18 -1.84370576828731e-18 -3.26313389057886e-18
0.135894457756414 -0.000359442753436853 -2.79883005418645e-21 5.57577410627582e-21 -8.07066263632986e-21 -6.67433568089142e-21 1.04828336482616e-20 -3.71787821652932e-21 -2.23947190387369e-21 -3.96409800321111e-21
0.225212047025002 0.000126755461159902 1.71656691619508e-21 -3.41987228380589e-21 4.95033269935958e-21 4.09405513020157e-21 -6.43050013931738e-21 2.28077059055482e-21 1.37389144420311e-21 2.43204445890742e-21
0.112821508809725 -0.00455211555498361 -3.38653162538176e-20 6.74606768025424e-20 -9.76386199670872e-20 -8.07397497211335e-20 1.26801666486374e-19 -4.49684936651246e-20 -2.70848048287136e-20 -4.79392666683382e-20
-1.31950349684489 -0.143449657303757 -9.1976394830806e-19 1.83211349354323e-18 -2.65157395272297e-18 -2.19255220582178e-18 3.44324509733232e-18 -1.22104522308774e-18 -7.35410035166617e-19 -1.3015943662282e-18
-2.48740504877479 -0.488627984669546 -3.33646319947533e-18 6.64597724458414e-18 -9.61848652297253e-18 -7.95333836501408e-18 1.2490044156056e-17 -4.42918993309316e-18 -2.66758720734686e-18 -4.72129626014444e-18
0.0936022818320913 0.00444168552251535 3.16612239888659e-20 -6.30684915013088e-20 9.12793557555891e-20 7.54792395671468e-20 -1.18537089979002e-19 4.20365264281108e-20 2.53182319261193e-20 4.48113708988551e-20
-1.60712891359144 0.416681300057619 2.75965243926292e-18 -5.49707467110017e-18 7.95580746469439e-18 6.5785733399162e-18 -1.03312048606259e-17 3.66366742220357e-18 2.20655676335657e-18 3.9053725668965e-18
0.170025824867714 -0.00375590677239372 -2.53442307836813e-20 5.0485827684953e-20 -7.30693472786855e-20 -6.04220984192373e-20 9.48916890548642e-20 -3.36516503192188e-20 -2.02683572459674e-20 -3.5873936901144e-20
0.15497651384402 -0.00395484423112762 -2.53939156909607e-20 5.05857390861117e-20 -7.32153100679669e-20 -6.05439204876044e-20 9.50847721122011e-20 -3.37207492700333e-20 -2.03103521573686e-20 -3.59489323273354e-20
-0.763720798118374 -0.0414195253997706 -2.6743232875945e-19 5.3272404774303e-19 -7.71020770773629e-19 -6.37565314426604e-19 1.00127894193287e-18 -3.55084160278894e-19 -2.13865882692063e-19 -3.78529754607929e-19
-1.07756175328725 0.053359449144969 3.41939895806352e-19 -6.81121644081531e-19 9.85768570825142e-19 8.15117245794499e-19 -1.28007964632982e-18 4.53941322910462e-19 2.73398695163205e-19 4.83884222232105e-19
0.111631493479477 -0.00710279276726373 -4.82292777893625e-20 9.60732656765779e-20 -1.39049594992248e-19 -1.14982495818897e-19 1.80578287617887e-19 -6.40390891157152e-20 -3.85708094686396e-20 -6.82685480414472e-20
0.112304310650154 -0.00570357453600172 -3.8641056648962e-20 7.69724302630372e-20 -1.11402973965218e-19 -9.21198451498137e-20 1.44670975715662e-19 -5.13044975553261e-20 -3.09003543262631e-20 -5.46914938822338e-20
0.326478116729262 -0.00312499010191191 -2.24238198080706e-20 4.46653651551485e-20 -6.46409253999307e-20 -5.34489369137592e-20 8.39348611422398e-20 -2.97640139511444e-20 -1.7925637780112e-20 -3.17253221770249e-20
0.125467533552734 -0.00570255670082158 -3.83206327256497e-20 7.63340980652308e-20 -1.10479033581532e-19 -9.13557701719534e-20 1.43470924441077e-19 -5.08788898861825e-20 -3.0643992663108e-20 -5.42377142253056e-20
-2.65963061754806 0.530248943821399 3.66454460971859e-18 -7.29950500280106e-18 1.05643355801093e-17 8.73546028991509e-18 -1.3718328404328e-17 4.86477112743678e-18 2.92993254643588e-18 5.18562534746005e-18
0.0898174322198331 -0.000885703754471758 -5.3199702853018e-21 1.05977805060563e-20 -1.533896366504e-20 -1.26844589989848e-20 1.99213919150388e-20 -7.06501731174877e-21 -4.255403800383e-21 -7.53210964495943e-21
-1.204108977779 -0.0953191877199195 -6.51642691512677e-19 1.29802749178515e-18 -1.87859703678639e-18 -1.55338176653069e-18 2.43946487581376e-18 -8.65080956895066e-19 -5.21018238537784e-19 -9.22141157455273e-19
0.103135941593164 -0.0054969490303856 -3.64742501251384e-20 7.26573459290268e-20 -1.05159392273672e-19 -8.69583786420605e-20 1.36567259919852e-19 -4.84314614583323e-20 -2.9170410775784e-20 -5.16304393710915e-20
1.85825519119006 0.0251597850102969 1.74404485279944e-19 -3.47406835387768e-19 5.02799052455073e-19 4.15762554175457e-19 -6.52932206424596e-19 2.31545651108766e-19 1.39456627864887e-19 2.46825484350794e-19
-1.36461759332782 0.291325292807322 2.0549348679975e-18 -4.09331613476197e-18 5.92417520112616e-18 4.89863779013173e-18 -7.69297922212119e-18 2.72809573705722e-18 1.64307976188982e-18 2.90807760235099e-18
0.161331332792365 -0.001213470722229 -8.54436674744139e-21 1.70210608445248e-20 -2.46359179308676e-20 -2.03725645448203e-20 3.19959090444714e-20 -1.13472081697687e-20 -6.83467053146803e-21 -1.20974671803344e-20
0.108494293670335 -0.00574321816080253 -3.95703187480322e-20 7.88254353612096e-20 -1.140876377787e-19 -9.43421189059546e-20 1.48164602663541e-19 -5.25447235912091e-20 -3.16481082145026e-20 -5.60163366855657e-20
2.28330520819597 0.0735464477209997 5.16960474753798e-19 -1.0297786992452e-18 1.49041032584535e-18 1.23243103655351e-18 -1.93549119607653e-18 6.86381534770582e-19 4.13403335162183e-19 7.31695977471481e-19
0.0996652942291137 -0.00586691576361216 -4.17074158392542e-20 8.30815438418991e-20 -1.20246159535516e-19 -9.94334937752159e-20 1.5615862653015e-19 -5.53789960596293e-20 -3.33547867355946e-20 -5.90363588359263e-20
0.202139111145184 2.15093265710429e-05 4.18030062097831e-22 -8.32837306120786e-22 1.20555807526797e-21 9.9703604574967e-22 -1.5660488620913e-21 5.55450680056785e-22 3.34595132376449e-22 5.92300323037252e-22
1.21874882770642 0.0740518512820552 5.12953768006478e-19 -1.02179429187694e-18 1.4788499171324e-18 1.22286794065706e-18 -1.92046684852605e-18 6.81051395699642e-19 4.10191779571995e-19 7.26009535064975e-19
-0.817417087964592 0.241020647138011 1.63903084793832e-18 -3.26487595223842e-18 4.72521553730305e-18 3.90725171057524e-18 -6.13610740958412e-18 2.17600722492641e-18 1.31057447424716e-18 2.31959082892719e-18
-0.217885875641985 0.0201386553700051 1.3108698048452e-19 -2.61119821680302e-19 3.77916193735484e-19 3.12497100226954e-19 -4.90759006017409e-19 1.74034913389722e-19 1.04818629494973e-19 1.85519206694218e-19
-0.0455866275141246 0.00241288094100223 1.70320925648716e-20 -3.39268371377306e-20 4.91014275923406e-20 4.06012768641228e-20 -6.37612849024182e-20 2.26110247115896e-20 1.36181282652582e-20 2.41025449336376e-20
-0.383573082986244 -0.0351221784493682 -2.28819202448479e-19 4.55793316332147e-19 -6.59657975918176e-19 -5.45462013667465e-19 8.56607753959201e-19 -3.03770298315539e-19 -1.82954293606295e-19 -3.23808474106884e-19
0.0921853643275899 0.00106714736946172 9.9834422044592e-21 -1.98868040602602e-20 2.87822710808391e-20 2.38001639716408e-20 -3.73771886662503e-20 1.32549816287841e-20 7.98335822000001e-21 1.41299428924189e-20
0.105737155589629 -0.000896439020943823 -5.48036931338748e-21 1.09170219013808e-20 -1.580061237408e-20 -1.30658746014437e-20 2.05198815800377e-20 -7.27707803904303e-21 -4.38301753052618e-21 -7.7577841186134e-21
0.10577624179406 0.00516658752113268 3.75935608461435e-20 -7.4884872234485e-20 1.08380238419441e-19 8.96191743150719e-20 -1.40741951981918e-19 4.99105111346315e-20 3.0060379293747e-20 5.32041120644899e-20
0.140749126858762 0.00130109858593025 9.59413399995531e-21 -1.91113546352126e-20 2.76600231505527e-20 2.28722258675652e-20 -3.59199823909108e-20 1.2738245406271e-20 7.67215018330769e-21 1.35791592425842e-20
-0.086973418195911 -0.0197689334280843 -1.31548265667313e-19 2.62041345408744e-19 -3.79253759882638e-19 -3.13606313893595e-19 4.92505967547352e-19 -1.74656202437972e-19 -1.05193891399249e-19 -1.86185276911865e-19
0.18058040677119 -0.00147589197586137 -1.00650816653787e-20 2.00494006422569e-20 -2.90175585446945e-20 -2.39946917856131e-20 3.7682636559428e-20 -1.33632842809141e-20 -8.0485774633267e-21 -1.42453576755989e-20
-0.0391922546717038 0.012499990900534 7.71728595808782e-20 -1.53729110638202e-19 2.22496414557966e-19 1.83985987188381e-19 -2.88947056196124e-19 1.02470207981953e-19 6.17178733936078e-20 1.0923771182493e-19
0.102801422558102 0.00338769355438887 2.38983584713003e-20 -4.76055146960459e-20 6.89004149637118e-20 5.69745936718905e-20 -8.94772092629979e-20 3.17314149834705e-20 1.91117492017802e-20 3.38267084679309e-20
-0.846246435475128 -0.171944027065173 -1.17997557273232e-18 2.35042926929007e-18 -3.40170568963e-18 -2.812814640831e-18 4.41730398714527e-18 -1.56645988171004e-18 -9.43442111896494e-19 -1.66978111109037e-18
0.136917450297036 -0.00231324523298238 -1.4824586689575e-20 2.9532429079128e-20 -4.27455711313051e-20 -3.53490628968259e-20 5.55183410967645e-20 -1.96897803493368e-20 -1.18598515300246e-20 -2.09925858153595e-20
-0.106274045259009 0.01747545515473 1.25118830129516e-19 -2.49230604903666e-19 3.60707729091902e-19 2.98266414156909e-19 -4.68408808953415e-19 1.66108390836462e-19 1.0004423783882e-19 1.77068331286805e-19
-0.737501808501832 -0.201445816153879 -1.40308881080239e-18 2.79486597401906e-18 -4.04494100571983e-18 -3.34470812836934e-18 5.2526208776395e-18 -1.86268622109409e-18 -1.12185658196943e-18 -1.98556123040273e-18
-0.0864366295091035 -0.0118118376841017 -7.97791848720507e-20 1.58917840307396e-19 -2.30001725877532e-19 -1.90188548503199e-19 2.98682260648911e-19 -1.05920570785847e-19 -6.37947863765598e-20 -1.12911549840712e-19
0.132664975346069 -0.00248316531782749 -1.74270937399136e-20 3.47157730988984e-20 -5.02463008991225e-20 -4.15504924996873e-20 6.52559403781448e-20 -2.31424718935163e-20 -1.39390581111168e-20 -2.46720602706374e-20
0.102212444929384 -0.00963801421495131 -6.54093092934954e-20 1.30296092530784e-19 -1.88581289455799e-19 -1.5594111617459e-19 2.44903207016076e-19 -8.68508599027347e-20 -5.23103667890616e-20 -9.25869362902823e-20
-0.736794827693155 0.49390364491893 3.44580637166397e-18 -6.8638506972092e-18 9.93390876211391e-18 8.21423897898911e-18 -1.28998986071278e-17 4.57457841275919e-18 2.75517917737419e-18 4.87637307297849e-18
0.875493458945888 -0.00563020817273995 -3.94282080475261e-20 7.85346486987458e-20 -1.13655628582313e-19 -9.39756667588143e-20 1.47574620820423e-19 -5.23303632428621e-20 -3.15159070625454e-20 -5.57768745628068e-20
0.119088991806342 -0.000755550358606311 -5.32707779672333e-21 1.06113406706145e-20 -1.53577239604776e-20 -1.26992562445572e-20 1.9943506220944e-20 -7.07246093321643e-21 -4.25964684487399e-21 -7.53919434360833e-21
-1.0007421566385 -0.155818490902021 -1.05540037487661e-18 2.10228771189338e-18 -3.04258303830408e-18 -2.51586628937669e-18 3.95097669741489e-18 -1.40109375385154e-18 -8.43847401806276e-19 -1.49351278165447e-18
0.106014980183933 -0.00575709998778878 -4.10356326255374e-20 8.17439450880071e-20 -1.18311084266401e-19 -9.78340660630778e-20 1.53647878762269e-19 -5.44890016285691e-20 -3.28189834116736e-20 -5.80884387149452e-20
0.0880323360223538 -0.00559488701242807 -3.8754096894161e-20 7.7198217107342e-20 -1.11730643748711e-19 -9.23915302597706e-20 1.45098798536794e-19 -5.14566240161725e-20 -3.09922249093132e-20 -5.48545335981921e-20
0.542973226501784 -0.00386449181551856 -2.54279216736847e-20 5.06500574408751e-20 -7.33034476579836e-20 -6.06127082939184e-20 9.51863723107244e-20 -3.37545000087678e-20 -2.03293070960532e-20 -3.59800514822868e-20
-0.696772927760032 0.0254233539049437 2.0973900541061e-19 -4.17802096981927e-19 6.04696433335664e-19 5.00033414517552e-19 -7.85294296026442e-19 2.78491327688657e-19 1.67735466281254e-19 2.96883752476614e-19
0.118689236940357 0.003784212175521 2.57770128975605e-20 -5.134749703247e-20 7.43158325106114e-20 6.14523142803674e-20 -9.6508804016571e-20 3.42248410350026e-20 2.0613414501123e-20 3.64843604178969e-20
-0.32622703763234 -0.0613956947434406 -4.16441295314453e-19 8.29523927720283e-19 -1.20054772012038e-18 -9.92715413356914e-19 1.5589848645581e-18 -5.52846862422988e-19 -3.32967458648664e-19 -5.89314380951986e-19
0.105733150254258 -0.00273926447091577 -1.80043974805971e-20 3.58653910229777e-20 -5.19096294344918e-20 -4.29254755816181e-20 6.74146212521956e-20 -2.3907760637698e-20 -1.43998408228987e-20 -2.54873562656986e-20
0.0686869536059048 -0.0231457606050249 -1.58851499510385e-19 3.16427166624216e-19 -4.57964260437141e-19 -3.78690351481749e-19 5.94714722415119e-19 -2.10901154172121e-19 -1.2702324857943e-19 -2.24820433353577e-19
-1.73088228826967 -0.319638229398287 -2.18470976137522e-18 4.35179254742098e-18 -6.29822250356461e-18 -5.20790007266493e-18 8.17860214130489e-18 -2.90028941499898e-18 -1.74677748331646e-18 -3.09159173811821e-18
