0.14471123833092 -0.00333041836935251 -7.52524853798647e-10 1.50167301403642e-09 -2.17723502726809e-09 -1.80355796478782e-09 2.83744022186991e-09 -1.00802007412037e-09 -6.08198942466619e-10 -1.07837664543083e-09
0.118793694291532 0.000505216478969981 1.79460720689667e-10 -3.58131845626821e-10 5.19268373487152e-10 4.30165572591953e-10 -6.76785804433273e-10 2.40443292438826e-10 1.45080185180945e-10 2.57247912703914e-10
0.112667399436923 -0.00450989083556192 -1.08563916719725e-09 2.16649323872074e-09 -3.14126502302131e-09 -2.60223595239359e-09 4.09412019577714e-09 -1.45452217377168e-09 -8.77635377620671e-10 -1.5561670934521e-09
0.201578654200043 -0.00883830306599855 -2.11125932425924e-09 4.21317649305453e-09 -6.10876095323844e-09 -5.06047709348717e-09 7.96162317164145e-09 -2.82850933192397e-09 -1.70666244344093e-09 -3.02611883733538e-09
-2.04780554304876 -0.47175928017426 -1.19596742704819e-07 2.38654725927949e-07 -3.46015960684667e-07 -2.86626987135328e-07 4.50930744923852e-07 -1.60194815720001e-07 -9.665427882564e-08 -1.71372859494407e-07
0.0693835562481343 0.00715678781991732 1.85186923368678e-09 -3.695534944567e-09 5.35820981877687e-09 4.43871204868557e-09 -6.9833860333269e-09 2.48096689840793e-09 1.49695900496348e-09 2.65428269408455e-09
-2.09180821421185 0.696343588905085 1.7761008005299e-07 -3.54421482229898e-07 5.13863618557076e-07 4.25667563612379e-07 -6.69676510887417e-07 2.37906011786263e-07 1.43542261548803e-07 2.5450861243094e-07
0.786020295964278 -0.00490299404644128 -1.39580065426052e-09 2.78522900264396e-09 -4.03806983631062e-09 -3.34488811577383e-09 5.26212531894835e-09 -1.86933277051241e-09 -1.12783630194462e-09 -1.99964936541772e-09
0.154320073701833 -0.00182361825871485 -3.87690386554769e-10 7.73657457080301e-10 -1.12172863448536e-09 -9.2922685137174e-10 1.46193316269483e-09 -5.19372711266112e-10 -3.13375294304374e-10 -5.55646667599977e-10
0.106258357241978 -0.00384809547176613 -8.82917070301253e-10 1.76196300228666e-09 -2.55475385613959e-09 -2.11639241695936e-09 3.32977703154826e-09 -1.18298694796048e-09 -7.13803661744133e-10 -1.26568584299401e-09
0.0312440346370166 0.0127552562421412 3.78300729849181e-09 -7.5492307053053e-09 1.09457020534957e-08 9.06732955997744e-09 -1.42655001069823e-08 5.06804478697869e-09 3.05793256988609e-09 5.42205222614021e-09
0.204967416748429 -0.00633930350881761 -1.61178588947722e-09 3.21650629508593e-09 -4.66376724716701e-09 -3.8635290708023e-09 6.07859659757e-09 -2.15957505873783e-09 -1.30306866434563e-09 -2.31054606082605e-09
0.255817551588265 -0.0186030234977369 -4.70415005712543e-09 9.38735869707688e-09 -1.36107189229236e-08 -1.12749226766134e-08 1.77385412107552e-08 -6.3018501643117e-09 -3.80235150788153e-09 -6.74193846205437e-09
0.0715930649959435 -0.00681987390867236 -1.77452385181379e-09 3.54121555327787e-09 -5.13450156976474e-09 -4.2534278742723e-09 6.69193442640147e-09 -2.37744305167912e-09 -1.4345067185224e-09 -2.54356817103915e-09
0.105052554350482 -0.00298800667033084 -6.87722264207314e-10 1.37242370734726e-09 -1.98993432958249e-09 -1.64848170151613e-09 2.593590093878e-09 -9.21434329551092e-10 -5.55982927153556e-10 -9.85840949606717e-10
0.0802891900056225 -0.00199276215990207 -5.2455169324687e-10 1.04678163905686e-09 -1.51774673044416e-09 -1.25729552536229e-09 1.9780955060182e-09 -7.0275344831179e-10 -4.24026239568154e-10 -7.51849320097296e-10
-0.133029195710317 -0.0279373521302957 -7.11816675728631e-09 1.42044164431533e-08 -2.05946322301298e-08 -1.70600201316314e-08 2.6839650713137e-08 -9.53498517841459e-09 -5.75303746895372e-09 -1.02005294533105e-08
-0.864807222698474 0.269573530131885 6.44083350772266e-08 -1.28527482694677e-07 1.86348257562863e-07 1.54365244317525e-07 -2.42854153093544e-07 8.62754805772431e-08 5.20550966187663e-08 9.22969729857206e-08
0.0878605900161894 -0.000969221835159162 -1.5736796945807e-10 3.14065904423815e-10 -4.55407992717029e-10 -3.77290057749898e-10 5.93638277863664e-10 -2.10918306447772e-10 -1.27274287182305e-10 -2.25691604364744e-10
-1.09138889333982 0.252751890212087 5.91660818286662e-08 -1.18067571721854e-07 1.71184271547445e-07 1.41805129585994e-07 -2.23096031668367e-07 7.92569931509577e-08 4.78208572062721e-08 8.47901596643353e-08
0.430273129469272 0.0128889411600187 3.70946463092261e-09 -7.40246046375211e-09 1.07328822609719e-08 8.89101797650035e-09 -1.3988090518302e-08 4.96948315106794e-09 2.9984584086648e-09 5.31658997196333e-09
0.223761974000382 -0.00386218331938335 -1.08205948501814e-09 2.15931398351588e-09 -3.130803899837e-09 -2.59352710247128e-09 4.08035114679102e-09 -1.44960651345831e-09 -8.7465492069123e-10 -1.55085676570891e-09
0.0992011193326985 2.54373623362248e-05 3.81275975994801e-11 -7.61024154995646e-11 1.10365370076968e-10 9.14454362917738e-11 -1.43900746486601e-10 5.11340127993845e-11 3.08596288606867e-11 5.47292918825388e-11
0.128839017274317 -0.00623150651072408 -1.54657126685491e-09 3.08625230545572e-09 -4.47474533379774e-09 -3.70680785380828e-09 5.83181377649722e-09 -2.07182497026131e-09 -1.25007622797748e-09 -2.21650268492311e-09
0.087288912448351 0.00513605330205847 1.47771882326765e-09 -2.94884010442212e-09 4.27549152097467e-09 3.54173227096598e-09 -5.57207854655428e-09 1.97954132861457e-09 1.19438938392694e-09 2.11775456878673e-09
0.0261014452055534 0.0245631918265958 7.07445785391073e-09 -1.41174345697884e-08 2.04688672719839e-08 1.69561281523324e-08 -2.66766562637156e-08 9.47724128850925e-09 5.71829426700343e-09 1.01390997352951e-08
0.480137696556587 -0.0113996628036107 -2.9145772550714e-09 5.81629304565478e-09 -8.43319987712469e-09 -6.98607689089851e-09 1.09912263187773e-08 -3.90485382853073e-09 -2.35612012972996e-09 -4.1777111476536e-09
-0.677059985641929 0.199412776029924 5.20096699979691e-08 -1.03786466708679e-07 1.50477914002485e-07 1.24652114822738e-07 -1.96109377829187e-07 6.96695354709157e-08 4.20360098787238e-08 7.45329631257167e-08
-0.892228527117049 0.150139274561168 4.11083829905792e-08 -8.20335170009713e-08 1.18939928967934e-07 9.8527819624036e-08 -1.5501077639961e-07 5.50694517856767e-08 3.32271913421275e-08 5.89148590603046e-08
0.100503547611331 -0.000738559231139258 -1.90102197763948e-10 3.79403094229186e-10 -5.50161252695072e-10 -4.55799643056278e-10 7.17182655872603e-10 -2.54818768641803e-10 -1.53768387410265e-10 -2.72678586038889e-10
-1.99172674485966 0.425518091679048 9.76809986376225e-08 -1.94920779366937e-07 2.82606139810112e-07 2.34099184078099e-07 -3.68290086206004e-07 1.30835620547427e-07 7.89397934585573e-08 1.39963341947689e-07
0.00668051342023199 -0.000374405789063741 -2.92030586181483e-11 5.82441968919229e-11 -8.44019097799216e-11 -6.98789908799841e-11 1.0987849003201e-10 -3.9014358243256e-11 -2.35271951373061e-11 -4.16930875372507e-11
0.0980324121958049 0.00654344501106601 1.82535075838615e-09 -3.64255888903366e-09 5.28131704484267e-09 4.3749465546307e-09 -6.88295748402027e-09 2.44524998415068e-09 1.47538532999794e-09 2.61598945489626e-09
-0.304671561354627 0.000849966103439629 1.51833391975063e-10 -3.02938268436223e-10 4.39153537301752e-10 3.63725275723192e-10 -5.7214011155366e-10 2.03225007922794e-10 1.22598714295733e-10 2.17341674994758e-10
0.428873358232942 -0.00566651702987655 -1.47261629506147e-09 2.93868609474456e-09 -4.26081030985498e-09 -3.52960458962958e-09 5.55305190212036e-09 -1.97280087441994e-09 -1.19033386145049e-09 -2.11058406861875e-09
0.079595585820471 0.00756751745573588 1.90835921790334e-09 -3.80825092045199e-09 5.52161841546418e-09 4.57406233410678e-09 -7.19630545122197e-09 2.55660092177241e-09 1.54258928677439e-09 2.73518062735423e-09
-0.738406917316251 0.232287332261408 5.46159645757634e-08 -1.08986933202375e-07 1.58017309193503e-07 1.30897015927702e-07 -2.05933334575142e-07 7.31592761643478e-08 4.41414063414221e-08 7.82656619415579e-08
0.0696413552248918 -9.30159921951252e-05 -7.81118869581156e-12 1.56030809697148e-11 -2.26453276898291e-11 -1.8777653451283e-11 2.95716434790416e-11 -1.05161084494832e-11 -6.35138266878622e-12 -1.12727388585801e-11
0.109658763868098 -0.00297472156643535 -6.44959641670951e-10 1.28705512326556e-09 -1.86610966801699e-09 -1.54586666747359e-09 2.43208486849312e-09 -8.64034854067718e-10 -5.21336121017174e-10 -9.2438460309765e-10
-1.00548133699336 -0.507729417138532 -1.41125821906823e-07 2.81621219397883e-07 -4.08319077331442e-07 -3.38243003589454e-07 5.32144766328669e-07 -1.89049969085713e-07 -1.14066323531884e-07 -2.02249105265662e-07
-1.83128145842279 -0.51678620861417 -1.33061810191001e-07 2.6552590402759e-07 -3.84977875040484e-07 -3.18903657140694e-07 5.01712648857812e-07 -1.78236416979001e-07 -1.07540451011771e-07 -1.90675807931473e-07
0.205198181975664 -0.000567480615709524 -1.08202437086803e-10 2.15912289268524e-10 -3.13035138668293e-10 -2.59300691801351e-10 4.07930413027079e-10 -1.44915333201252e-10 -8.74332485505987e-11 -1.55019818425231e-10
0.215278908720478 -0.0140413730859008 -3.67064373708608e-09 7.32506930195473e-09 -1.06207857274768e-08 -8.79825227647205e-09 1.38422916796983e-08 -4.91773842204999e-09 -2.96726866841005e-09 -5.26134340441351e-09
0.0996925153940458 -0.00840019774451166 -2.11313426018509e-09 4.21693491447231e-09 -6.11423477574409e-09 -5.06503181336442e-09 7.9688208992929e-09 -2.83107775181955e-09 -1.70821898878044e-09 -3.02889086176481e-09
-2.27888940472746 -0.287065414458937 -7.33039968595044e-08 1.46280108026165e-07 -2.12089074173223e-07 -1.75689648693355e-07 2.76404987265165e-07 -9.81954620312922e-08 -5.92476295103426e-08 -1.05050680910624e-07
-2.15633933219796 -0.438116536764744 -1.04445220505539e-07 2.08419882147931e-07 -3.02179589284736e-07 -2.5031447284617e-07 3.93802633700914e-07 -1.3989980650047e-07 -8.44091697483786e-08 -1.49661631160597e-07
0.0920116807655969 -0.000597001309743949 -5.61148918261034e-11 1.12014368378869e-10 -1.62459349418735e-10 -1.34620284490994e-10 2.11859569416704e-10 -7.52889904688548e-11 -4.54411009660523e-11 -8.05961901507204e-11
-1.02795108423982 0.196353726781674 4.80669489924067e-08 -9.59184229654391e-08 1.39069825336675e-07 1.15201634962038e-07 -1.81240895094143e-07 6.43872084525279e-08 3.88487466690453e-08 6.8881525954242e-08
0.137769986184921 0.00277263241745748 7.17635455590627e-10 -1.43212373956592e-09 2.07650320329507e-09 1.72020228309485e-09 -2.70643907429103e-09 9.61529983266438e-10 5.80178224009882e-10 1.02874644515924e-09
0.169777132055759 -0.00919507679301718 -2.21517068644197e-09 4.42051143388331e-09 -6.40933906980155e-09 -5.30944139037013e-09 8.3532645779973e-09 -2.96762817926128e-09 -1.79059246875464e-09 -3.17491682757368e-09
-0.338335309781635 -0.0238674787461794 -5.71563717033913e-09 1.14057493511692e-08 -1.65370637987896e-08 -1.36989674881672e-08 2.1552075053854e-08 -7.65660406467908e-09 -4.61973758317075e-09 -8.19118540636362e-09
-1.8028081215042 0.222630511017715 5.39498344293146e-08 -1.07656925777649e-07 1.56087900140868e-07 1.29297865657247e-07 -2.03416087032191e-07 7.22645126192282e-08 4.36012437312227e-08 7.73073896018443e-08
0.0955642551160659 -0.00488338117977769 -1.33539236913794e-09 2.6648809844343e-09 -3.86386684908134e-09 -3.20082065034092e-09 5.03584495927254e-09 -1.78907770598949e-09 -1.07949360772279e-09 -1.91407644031366e-09
0.082586535249464 0.00262438801333125 7.11137374637256e-10 -1.41905216549626e-09 2.05739946310181e-09 1.7042517006348e-09 -2.68114727581886e-09 9.52474693802053e-10 5.74672264622617e-10 1.01890890719168e-09
0.266530202921352 -0.00527937224845165 -1.31127372852206e-09 2.6167401814843e-09 -3.79405177720515e-09 -3.14297378187503e-09 4.94481543151554e-09 -1.75673096592856e-09 -1.05997212883439e-09 -1.87945515443679e-09
0.103783827958991 -0.0105234785045097 -2.65971014810713e-09 5.30759949343803e-09 -7.69550959360218e-09 -6.37487213084267e-09 1.00294563878802e-08 -3.56310936699886e-09 -2.14988351421304e-09 -3.81196616847786e-09
-2.30587687307353 0.512005411333131 1.32610150701894e-07 -2.64626827246426e-07 3.83677540238315e-07 3.17829158709113e-07 -5.00026384982771e-07 1.77638847450037e-07 1.07180798853066e-07 1.90039712145377e-07
0.115834525099157 -0.00697594498895356 -1.74960686454996e-09 3.49150093514174e-09 -5.06243263380824e-09 -4.19373713131042e-09 6.59804045701074e-09 -2.34409163588204e-09 -1.41438686167524e-09 -2.50789975301834e-09
-0.971101417753892 -0.00651682517620438 -1.01492767416378e-09 2.02611148596318e-09 -2.93877901255323e-09 -2.43537204006042e-09 3.83297039480619e-09 -1.36223300181771e-09 -8.22245090076844e-10 -1.45847655722975e-09
0.0956096396234618 -0.00629750418915978 -1.53203158959137e-09 3.05731252528475e-09 -4.43289410355718e-09 -3.67222879226678e-09 5.77755286284457e-09 -2.05259830642847e-09 -1.23850573520998e-09 -2.19604082216962e-09
1.58307373162803 0.023185010333712 6.29436742544852e-09 -1.25609129797237e-08 1.82123391951314e-08 1.50870770544965e-08 -2.37364796668519e-08 8.43283016910293e-09 5.08820285293434e-09 9.02202056299258e-09
-1.10321471826551 0.228996414360149 6.07030819346546e-08 -1.21134550556155e-07 1.75630820266241e-07 1.45488370903436e-07 -2.28890440085865e-07 8.13154125366029e-08 4.90627743715808e-08 8.69920704373007e-08
0.14772104278501 -0.0135544531377082 -3.53191586588078e-09 7.04819028973498e-09 -1.02192799927177e-08 -8.4656016717665e-09 1.33188639837661e-08 -4.73175642066202e-09 -2.85503603642232e-09 -5.06231470511933e-09
0.0811646813398081 -0.00543473702387685 -1.39804731243174e-09 2.78996185646716e-09 -4.04529379514355e-09 -3.35117204416961e-09 5.2724831704165e-09 -1.8731800413919e-09 -1.13025870003795e-09 -2.00412371248167e-09
2.55121505314057 0.0392266117820019 1.07645090246574e-08 -2.14814392753317e-08 3.11464055109173e-08 2.58016420798701e-08 -4.05936948422415e-08 1.4421673614221e-08 8.701753198563e-09 1.54292989358315e-08
0.0803676739183237 -0.00401681819401451 -1.02085255138449e-09 2.03714086533733e-09 -2.95361925290978e-09 -2.44671178862841e-09 3.849310475665e-09 -1.36750496529609e-09 -8.25104395655447e-10 -1.46297606858283e-09
0.182105438336715 -0.00240131657447013 -5.5605672466319e-10 1.10964333856391e-09 -1.6088780647237e-09 -1.33277766404506e-09 2.09683426074535e-09 -7.44931511065205e-10 -4.49471962164416e-10 -7.96961237107626e-10
0.462359407412895 0.0112570417585027 3.23824320193537e-09 -6.46210074863619e-09 9.369434808745e-09 7.76154031316177e-09 -1.22110852730931e-08 4.33816886945531e-09 2.61753598830683e-09 4.64116706335922e-09
-0.433640876411406 0.163676075547696 4.24809541397989e-08 -8.47722622358295e-08 1.22910416286573e-07 1.01816569530355e-07 -1.6018433901167e-07 5.69072355716839e-08 3.43359400908588e-08 6.08805724887338e-08
-0.0814222248706525 0.0113179434504472 2.94201273810896e-09 -5.87094831973142e-09 8.51230884869939e-09 7.05149726770599e-09 -1.10939737441511e-08 3.94129341801884e-09 2.37806882936195e-09 4.21656116492312e-09
-0.379151611983451 0.0729457524670976 1.78525836886411e-08 -3.56257400427274e-08 5.16537811233085e-08 4.27893013428691e-08 -6.73193780894719e-08 2.39161262586525e-08 1.44303078983405e-08 2.5586370807665e-08
-1.09007571658421 -0.176899726306233 -4.56841609714461e-08 9.11640544662458e-08 -1.32177342901968e-07 -1.09492723068827e-07 1.72260347364125e-07 -6.11971536573811e-08 -3.69242043356838e-08 -6.54695566459537e-08
0.0916488281195799 -0.00351397452186731 -1.01362898444278e-09 2.02282729055669e-09 -2.9330130394112e-09 -2.4297636857935e-09 3.82283806765551e-09 -1.3581683607814e-09 -8.19512031025296e-10 -1.45313308016016e-09
0.0883416295729699 -0.00376692888302563 -8.9092315771669e-10 1.77793181796435e-09 -2.57789582994605e-09 -2.13555362315448e-09 3.35990827233891e-09 -1.19368628659033e-09 -7.20256202708952e-10 -1.27712128200423e-09
0.0832904205133804 0.000442933786694851 1.39666743485976e-10 -2.78808071850241e-10 4.04383134197297e-10 3.35100848765462e-10 -5.27387452295631e-10 1.87426005317194e-10 1.13126375290565e-10 2.0065323943679e-10
0.133957068567789 -0.00369990588526907 -9.09590023675297e-10 1.81519797907368e-09 -2.63195049940224e-09 -2.18035037584596e-09 3.43041516531092e-09 -1.21874520763771e-09 -7.35382306672206e-10 -1.30395247792552e-09
-0.244106472604043 -0.0607941483225646 -1.47409048720733e-08 2.94159365738474e-08 -4.26497631324879e-08 -3.53301450600862e-08 5.55835191462758e-08 -1.97466078300619e-08 -1.19144220506955e-08 -2.11252467757853e-08
0.162764432887062 -0.00255706358831084 -6.78970429662391e-10 1.35491282290737e-09 -1.96447837747273e-09 -1.62733890875373e-09 2.56023946023472e-09 -9.09555091314263e-10 -5.4879664852015e-10 -9.73065835162996e-10
0.0800632062878931 0.0235576146783548 6.52131740463366e-09 -1.30134322016927e-08 1.88679090895166e-08 1.56296966873311e-08 -2.4589468812577e-08 8.73561703030492e-09 5.27074545689613e-09 9.34542015258188e-09
0.0873978856631635 -0.0032631293264265 -8.18914834840832e-10 1.63417472233495e-09 -2.36937414838993e-09 -1.96274399753514e-09 3.08791610939624e-09 -1.0970165305095e-09 -6.61903792208357e-10 -1.17361296680488e-09
-0.581133229915676 -0.0669048139378011 -1.51935738944374e-08 3.03189032650716e-08 -4.39584568600057e-08 -3.64138201606554e-08 5.72877637204833e-08 -2.03518239916008e-08 -1.22794474296403e-08 -2.17722163614435e-08
0.105229984895056 -0.00445896286682714 -1.08575960113417e-09 2.16671275795352e-09 -3.14155312440982e-09 -2.6024496086816e-09 4.09441699527262e-09 -1.4546136380219e-09 -8.77682129844138e-10 -1.55623503268095e-09
-0.0811147801430603 0.0275374659016266 6.82711690796035e-09 -1.36237323297575e-08 1.97528729861969e-08 1.63628629975539e-08 -2.57430582484462e-08 9.14548679570789e-09 5.51807415676435e-09 9.78400283368491e-09
-0.299670365151067 -0.0431737924481075 -1.09489818662316e-08 2.18489943992626e-08 -3.167849761825e-08 -2.62417355130333e-08 4.12850061488352e-08 -1.46668886795564e-08 -8.84947803772007e-09 -1.56908202571533e-08
-0.662154563644567 -0.0455641705310292 -1.12079266912095e-08 2.23656263374429e-08 -3.24274093605469e-08 -2.68619970508569e-08 4.22606489704035e-08 -1.5013428117019e-08 -9.05852721593248e-09 -1.60614092901866e-08
0.0753935092287508 -0.00302781517997394 -8.17221182633085e-10 1.63081416021954e-09 -2.36452951246172e-09 -1.95875382957138e-09 3.08167475519593e-09 -1.09481209215341e-09 -6.60581472186556e-10 -1.17128214636149e-09
0.209555505098581 0.00491412178222596 1.28599381484846e-09 -2.56629193444172e-09 3.72090552026805e-09 3.08237929453369e-09 -4.84948181396966e-09 1.72286176110871e-09 1.03953602631429e-09 1.84321920843971e-09
-0.71495709317884 0.318347491691653 8.70925624768613e-08 -1.73796610362662e-07 2.51986306687449e-07 2.08740843612078e-07 -3.28404991420621e-07 1.16669653092165e-07 7.03947192701169e-08 1.24816093951872e-07
0.596729487461137 -0.00138874957138321 -2.82894204918633e-10 5.64448613690568e-10 -8.18276669402614e-10 -6.77751945667807e-10 1.06613743147994e-09 -3.78705353389675e-10 -2.28467120030086e-10 -4.05036623143653e-10
0.0564185563397494 0.00107713826345246 2.35687383217049e-10 -4.70283637761751e-10 6.81802836219957e-10 5.64745249074396e-10 -8.88419709544228e-10 3.15594640857696e-10 1.90403561054984e-10 3.37573882666703e-10
-0.399085822931447 -0.0680494396232405 -1.72107717441536e-08 3.43442343511536e-08 -4.97946563093484e-08 -4.12483416903056e-08 6.48936301678299e-08 -2.30538513098491e-08 -1.39097371674589e-08 -2.46628176157548e-08
0.0922226162492854 -0.00468414647639116 -1.20820863722953e-09 2.41106431615992e-09 -3.49583608881833e-09 -2.89593081111886e-09 4.55614066690747e-09 -1.61864611475859e-09 -9.7665395307836e-10 -1.73172069514208e-09
0.102212492677426 -0.00279829269336637 -6.85756870819486e-10 1.3685310548219e-09 -1.98433298786699e-09 -1.64387693260191e-09 2.58640107658781e-09 -9.18900072016281e-10 -5.54465739652376e-10 -9.83171947312761e-10
0.665503192252378 -0.00890555769576129 -2.35507869501409e-09 4.69953547027302e-09 -6.81365037850499e-09 -5.64416383761896e-09 8.87955495917007e-09 -3.15448617767332e-09 -1.90326856517238e-09 -3.37458095614732e-09
-0.148434643572552 0.00573238209019372 1.31452583849056e-09 -2.62307621734367e-09 3.8030155264092e-09 3.15021460603446e-09 -4.95591677723235e-09 1.76057167679241e-09 1.06222723985521e-09 1.88334328922717e-09
0.0750723900576 0.00424600555785385 1.26005765871974e-09 -2.51455028511051e-09 3.64590742270439e-09 3.02027022891015e-09 -4.75179600386895e-09 1.68816781278131e-09 1.0186088850576e-09 1.80612429760971e-09
-0.587340692329591 -0.328658535436344 -9.27050586320368e-08 1.84996190553193e-07 -2.68223944127478e-07 -2.221913549036e-07 3.49565522912767e-07 -1.24186923890918e-07 -7.49302471373089e-08 -1.32857718977367e-07
0.0886019179662038 0.00596852830951269 1.71857389992134e-09 -3.42947025436682e-09 4.97234523889123e-09 4.11898644900384e-09 -6.48024272808092e-09 2.30217336864828e-09 1.38905293240016e-09 2.46290634079265e-09
0.168593918041822 -0.033139350669776 -8.95475080537052e-09 1.78695874778348e-08 -2.59090181613249e-08 -2.14625953796291e-08 3.37664452765596e-08 -1.19959401615317e-08 -7.23797795831448e-09 -1.28336016073876e-08
-1.63855734319284 -0.474793312489045 -1.19588862788553e-07 2.38639633971143e-07 -3.45994996437771e-07 -2.86610380808946e-07 4.50905814643903e-07 -1.60186383844089e-07 -9.66494476914149e-08 -1.71364748102969e-07
