0.142647383738835 -0.00558959328895389 -2.31430366845394e-26 4.60545135466438e-26 -6.65885289212498e-26 -5.50074426831002e-26 8.63008892266473e-26 -3.05741849172584e-26 -1.83962152390883e-26 -3.25274761670717e-26
0.0883462350774163 0.00827917069240257 3.4380094905242e-26 -6.84165901574081e-26 9.89216031455704e-26 8.17176146097215e-26 -1.28207076726982e-25 4.54207307903708e-26 2.7329407417274e-26 4.83230796451815e-26
0.0972961444885105 -0.0102089967567876 -4.42343789374584e-26 8.80252098955968e-26 -1.27271033306569e-25 -1.05134894748438e-25 1.64943793965028e-25 -5.84347078356287e-26 -3.5159262054589e-26 -6.21665714602627e-26
0.126816874556826 -0.0113376626349288 -4.83847940222632e-26 9.62846449413975e-26 -1.39213238154818e-25 -1.15000267602493e-25 1.80421773635625e-25 -6.39182456322649e-26 -3.84587108078668e-26 -6.80006224927155e-26
-2.45855665238952 -0.489922982920931 -2.06943258310145e-24 4.11798826851776e-24 -5.95380069841781e-24 -4.91811062663099e-24 7.71567765336699e-24 -2.73335259875471e-24 -1.64456566521503e-24 -2.90773664531145e-24
0.0612299871166313 -0.00171150004113346 -6.91500607239047e-27 1.37601679972791e-26 -1.98943736901757e-26 -1.64335586448241e-26 2.57812961234203e-26 -9.13321489499247e-27 -5.49511241847396e-27 -9.71578234183227e-27
-2.04063184495976 0.600261511781252 2.39128787698959e-24 -4.75848838906197e-24 6.87989058563221e-24 5.68314664499599e-24 -8.91595720124358e-24 3.15858733403289e-24 1.90042957842017e-24 3.3601523113788e-24
0.356072031061205 -0.00801414860765749 -3.43216690028737e-26 6.82986272236112e-26 -9.87485927541811e-26 -8.15726682754717e-26 1.2797649225227e-25 -4.53379142703898e-26 -2.72788996290028e-26 -4.82325750546172e-26
0.282676810818843 -0.00741786524568176 -3.08096449868291e-26 6.13097855979645e-26 -8.86437797372064e-26 -7.32253653871259e-26 1.14880577485481e-25 -4.06984129365681e-26 -2.44873796523206e-26 -4.32967647296393e-26
0.08263604588558 -0.000230180009185423 -8.23078195618663e-28 1.63628568963744e-27 -2.36348088226883e-27 -1.95047068882407e-27 3.05701875338474e-27 -1.08193740896516e-27 -6.50338860191097e-28 -1.14874893232751e-27
0.148340900443688 0.00932857846646671 3.87077397558471e-26 -7.70290489028721e-26 1.11374719938677e-25 9.20054446432314e-26 -1.44348479738507e-25 5.11395264962105e-26 3.07705436025902e-26 5.44078953480563e-26
0.647939346181112 -0.0166617964129593 -7.44703023807047e-26 1.48192729347052e-25 -2.14262437565809e-25 -1.76994592829872e-25 2.7768072683399e-25 -9.83733083544879e-26 -5.9189244102025e-26 -1.04654185145927e-25
0.906179874343129 -0.0286185376156669 -1.2336561945164e-25 2.45492060200873e-25 -3.54940962827769e-25 -2.93203809746344e-25 4.59996869966845e-25 -1.62961849858176e-25 -9.80507663758361e-26 -1.7336616010867e-25
0.125460552058217 -0.00305925814688753 -1.29207866177325e-26 2.57119532956349e-26 -3.71754771367698e-26 -3.07095069847836e-26 4.81793479029827e-26 -1.7068477798691e-26 -1.02698155031792e-26 -1.81584502856868e-26
0.100074896114258 -0.000799247475360605 -4.36673575457831e-27 8.68815263895115e-27 -1.25595280856416e-26 -1.03732297613029e-26 1.62714568266518e-26 -5.76347832414952e-27 -3.4671836871192e-27 -6.12939078950473e-27
0.106630349733223 -0.0039288172871893 -1.69183905849308e-26 3.36672097228216e-26 -4.86777579853915e-26 -4.02113656932159e-26 6.308685255333e-26 -2.23498544793021e-26 -1.34475917448666e-26 -2.37773046782964e-26
-0.379093815531235 -0.0385813386052294 -1.5960576879327e-25 3.17601113396077e-25 -4.59188299657164e-25 -3.79310114873297e-25 5.95072410976808e-25 -2.10809903345464e-25 -1.26837063706941e-25 -2.2425887573261e-25
-0.838880331790217 0.223546135094128 9.21190764212827e-25 -1.8331035499964e-24 2.6503289932179e-24 2.18931065196643e-24 -3.43468389909263e-24 1.21677971285425e-24 7.32101207909348e-25 1.29443002356756e-24
0.105153702466073 -0.00505867419989981 -2.24115546011958e-26 4.45987095822151e-26 -6.44834058490303e-26 -5.32682531172453e-26 8.35719858668183e-26 -2.9607299042212e-26 -1.78143850172152e-26 -3.14985939756618e-26
-0.941396659216374 0.215382664260568 8.94974762853367e-25 -1.78094524653806e-24 2.57493169035977e-24 2.12704006497877e-24 -3.3370092471347e-24 1.18218365863476e-24 7.11289619654512e-25 1.25763982312121e-24
1.45408225136812 0.071918998683494 2.98320769369179e-25 -5.93648560718118e-25 8.58322929948191e-25 7.09033614158469e-25 -1.11238395917359e-24 3.9408364661836e-25 2.37113394079643e-25 4.19249017068334e-25
0.106704358225258 0.000351463319078449 1.31536911470509e-27 -2.61897855276653e-27 3.7887110193118e-27 3.13145161493005e-27 -4.91554395430523e-27 1.74238103807629e-27 1.04893490608857e-27 1.85567579631083e-27
0.100477103465036 0.00262695256457906 1.05145614115242e-26 -2.09250893066661e-26 3.02565107686591e-26 2.49956927756437e-26 -3.92178059683112e-26 1.38946371375021e-26 8.36074738355781e-27 1.47839771775478e-26
0.108095084271528 -0.0043941136806797 -1.89187912036452e-26 3.76471583837523e-26 -5.4431008699719e-26 -4.4963009945154e-26 7.05401129166666e-26 -2.4989796831618e-26 -1.50356869921068e-26 -2.6584721605696e-26
0.088647544596468 -0.00401483099504505 -1.67555866210212e-26 3.3343787709831e-26 -4.82109392108888e-26 -3.98264012366443e-26 6.24839272683988e-26 -2.21366231952876e-26 -1.33195147647334e-26 -2.3551237102373e-26
0.152030040091165 0.00944522994761697 3.77100344105154e-26 -7.50436315000417e-26 1.08504093284278e-25 8.96340905232385e-26 -1.40628094672539e-25 4.98214968728936e-26 2.99775011700862e-26 5.30056759590018e-26
0.396208366828855 0.000931688952858357 3.56908043953235e-27 -7.10393667745422e-27 1.02734704318058e-26 8.48848264486179e-27 -1.33203218620528e-26 4.72003432774904e-27 2.84059654999938e-27 5.02368299710339e-27
-0.181554888494938 0.0113354827653854 4.52381524567525e-26 -9.00218641990726e-26 1.30156694520123e-25 1.07517667212869e-25 -1.68680522413665e-25 5.97579711105525e-26 3.59551188179237e-26 6.35731753292002e-26
-0.635434671929401 0.126892353394705 4.99157659205661e-25 -9.93288246784146e-25 1.43611169788875e-24 1.18630389560094e-24 -1.86112470922424e-24 6.59326900962275e-25 3.96698075472878e-25 7.01403102690375e-25
0.0954851280893421 -0.00072462549667933 -2.65600138814862e-27 5.28445886023947e-27 -7.63920378983551e-27 -6.30943497758898e-27 9.89702367462179e-27 -3.50561756516874e-27 -2.10891184414681e-27 -3.72821192940628e-27
-1.4988706627159 0.352946597735446 1.4659600562715e-24 -2.91714969516208e-24 4.21765119485611e-24 3.48399415763895e-24 -5.46582795487914e-24 1.93633412247479e-24 1.16503404659595e-24 2.05989567942747e-24
0.0676324953841894 0.00200644595183668 8.53432162546081e-27 -1.69846310408152e-26 2.45594474969392e-26 2.02897118618505e-26 -3.18350067706879e-26 1.12792393761058e-26 6.78716889174966e-27 1.20017834980738e-26
0.197463406860303 0.0103887157177001 4.0953083158766e-26 -8.14962068623725e-26 1.17832082953935e-25 9.73384730450464e-26 -1.52713449233201e-25 5.4102314769051e-26 3.25528026925402e-26 5.75584668438578e-26
-0.85152979067589 0.0645962944001449 2.48214402984251e-25 -4.93935755884438e-25 7.1414979997073e-25 5.89933400578226e-25 -9.25525595817282e-25 3.2788359190824e-25 1.97280841432151e-25 3.48817632535384e-25
0.33559002540641 0.000973502888743147 3.95845332195838e-27 -7.87977483478374e-27 1.13966554111574e-26 9.41750380568165e-27 -1.47797108439903e-26 5.23771467629008e-27 3.15247518989807e-27 5.57583319929224e-27
0.0983744378849392 0.000585942747834083 2.49884171065286e-28 -4.98122209112325e-28 7.21451691168579e-28 5.96997138006531e-28 -9.38226850226642e-28 3.32956965492909e-28 2.00678649834159e-28 3.55435966467456e-28
-0.524706969693198 0.238042273949079 1.00044888441525e-24 -1.9908203375204e-24 2.87835660661345e-24 2.37767199289535e-24 -3.73019097574682e-24 1.32146600029955e-24 7.95087448446577e-25 1.40579531711654e-24
0.0770860419797786 -0.00401300128839899 -1.70184766207853e-26 3.38661052087893e-26 -4.8964935762484e-26 -4.04482687376691e-26 6.34580126928954e-26 -2.24811642096551e-26 -1.35264896650758e-26 -2.39166144489742e-26
0.117982354596804 -0.0117863266677186 -5.04084120744774e-26 1.00311229537695e-25 -1.45034544822356e-25 -1.19808649407806e-25 1.87964862002863e-25 -6.65902997512293e-26 -4.00663007631925e-26 -7.08428157915169e-26
-1.07675923236342 -0.18749516228203 -7.14362673424862e-25 1.42155793928049e-24 -2.05534979055632e-24 -1.69785944679203e-24 2.6637257568923e-24 -9.43676385950285e-25 -5.67793796511365e-25 -1.00393707031474e-24
-2.27287934871117 -0.555818149624002 -2.29690184576402e-24 4.57073288085014e-24 -6.60852613903992e-24 -5.45906413866354e-24 8.56453056632128e-24 -3.03413382996428e-24 -1.82557584024707e-24 -3.22784980184808e-24
0.164600916393321 0.00388037542487301 1.53603541139939e-26 -3.05680887652011e-26 4.41988235781206e-26 3.65130362629216e-26 -5.72871173125919e-26 2.02960625301563e-26 1.22123879848286e-26 2.1594228172698e-26
0.326292091055081 -0.0099733957582978 -4.16583994843642e-26 8.28997750095391e-26 -1.19861439088774e-25 -9.90148731494301e-26 1.55343527685518e-25 -5.50340775549427e-26 -3.31134320396503e-26 -5.85497424472544e-26
0.107973627050446 -0.00296098614581379 -1.25559209668368e-26 2.49859551154083e-26 -3.61259022210818e-26 -2.98425727373847e-26 4.68193737607543e-26 -1.65867286709142e-26 -9.97998426437293e-27 -1.76460401248498e-26
-1.65019612576569 -0.128776737756799 -5.32448436040574e-25 1.05955302352125e-24 -1.53194509792581e-24 -1.26548942960731e-24 1.98538906335354e-24 -7.0336140082249e-25 -4.23199762977621e-25 -7.48273891505768e-25
-1.67469174101003 -0.162669976377864 -6.65225037584137e-25 1.3237226567484e-24 -1.91381865109443e-24 -1.58088171279809e-24 2.48010318117516e-24 -8.78589328788039e-25 -5.28610852624666e-25 -9.34618807867469e-25
0.105745614186921 0.00157803757612883 6.57278863065569e-27 -1.30812907277534e-26 1.8915894863161e-26 1.56278054145881e-26 -2.45211524128028e-26 8.68819493779625e-27 5.2282002112583e-27 9.24534562698115e-27
-1.08714239575493 0.0505409767681874 1.98537912693907e-25 -3.9504944847097e-25 5.71129812411914e-25 4.71751197737993e-25 -7.40053251097253e-25 2.62155352259974e-25 1.57720614667547e-25 2.7884732382523e-25
0.122613725457309 0.00168141641693113 5.19630482514631e-27 -1.03426427715437e-26 1.49569753921171e-26 1.23580751206504e-26 -1.9392314589808e-26 6.8715427141353e-27 4.13535515759907e-27 7.31340547410356e-27
0.142377898024891 -0.00141972109574405 -5.82875588434197e-27 1.15984578490624e-26 -1.67687230867817e-26 -1.38514279733519e-26 2.17300578159054e-26 -7.69791328445501e-27 -4.63147284042077e-27 -8.18867277639028e-27
-0.74610469909132 -0.0647623534609515 -2.63626466553058e-25 5.24585807510076e-25 -7.58436857653762e-25 -6.26494318565289e-25 9.82848603543364e-25 -3.48178471635924e-25 -2.09484155925108e-25 -3.70381032996263e-25
-1.23492001791116 0.154596809741071 6.22424440364755e-25 -1.23857958848052e-24 1.7907566208231e-24 1.47925833778134e-24 -2.32072279312447e-24 8.22144794631064e-25 4.94660614148324e-25 8.74610414140357e-25
0.0999224218309238 -0.00325051705873603 -1.32187286495561e-26 2.63029713444942e-26 -3.80272831694147e-26 -3.14109156035137e-26 4.92762524671277e-26 -1.74558317048265e-26 -1.05021301189034e-26 -1.85678890047443e-26
0.100363561636462 -0.00870932128588745 -3.73699921813353e-26 7.43646540132238e-26 -1.07519065614928e-25 -8.8817636936854e-26 1.39342862502673e-25 -4.93646478071143e-26 -2.97017018645107e-26 -5.25163962406805e-26
0.227500607614267 0.00257118628179733 1.08708201279888e-26 -2.16345080414241e-26 3.12829068350501e-26 2.58441343156729e-26 -4.05497944081466e-26 1.43668356293758e-26 8.64505108852431e-27 1.52870009855609e-26
0.158842488934801 0.00546202529080804 2.19612062560643e-26 -4.37045720651136e-26 6.31935741584091e-26 5.22052019130695e-26 -8.19080189152998e-26 2.90191619230688e-26 1.74613286661976e-26 3.08757843534794e-26
-2.3399596997768 0.456123716597979 1.86560862660459e-24 -3.71243144948391e-24 5.36749576779605e-24 4.43383769973301e-24 -6.95600129920828e-24 2.4642531421498e-24 1.48267157243919e-24 2.62151829957783e-24
0.0927360762844685 -0.00170795685938657 -7.92664473165576e-27 1.57731914343067e-26 -2.28047396010524e-26 -1.88375956908467e-26 2.95527298655619e-26 -1.04692491536036e-26 -6.29893956293846e-27 -1.11369850160811e-26
-0.529501875126251 -0.0103552804947022 -4.74530121376139e-26 9.44217861391193e-26 -1.36507339171283e-25 -1.12754686622406e-25 1.76882546646722e-25 -6.26586684869606e-26 -3.76973929019699e-26 -6.66484047490397e-26
0.0706233985363216 -0.000899767298775735 -4.02353409218176e-27 8.00595646127113e-27 -1.15742836673152e-26 -9.56026273049078e-27 1.4997446055931e-26 -5.31264241493223e-27 -3.19622859944632e-27 -5.65084462363755e-27
1.20060902296115 0.00574332665099803 2.37031122704563e-26 -4.7167496227683e-26 6.81954879440939e-26 5.63330511703504e-26 -8.83776993552946e-26 3.13089074723759e-26 1.88376669324811e-26 3.33069302730574e-26
-0.61344285004759 0.202207223130569 8.37434844778444e-25 -1.66643977598108e-24 2.40937047836959e-24 1.99027166365643e-24 -3.12243147866978e-24 1.10616337614361e-24 6.65548350570779e-25 1.17676092414629e-24
0.117605303778982 -0.00231017535786184 -1.00154771640604e-26 1.9928183958519e-26 -2.88097281894478e-26 -2.37960791494812e-26 3.73287479478009e-26 -1.32229159363413e-26 -7.95508859812671e-27 -1.4064072252948e-26
0.0925038416890652 -0.00234758105068825 -1.12695626593079e-26 2.24255192676853e-26 -3.24230091136543e-26 -2.67829827399058e-26 4.20180937092281e-26 -1.48853671212539e-26 -8.95605458056658e-27 -1.58351507876703e-26
2.11779424647124 0.0329932932052575 1.36049182882965e-25 -2.7073833763919e-25 3.91452386900111e-25 3.2337239873417e-25 -5.07339567149253e-25 1.79738173187387e-25 1.08147352326206e-25 1.91222834827372e-25
0.11179746519138 -0.00178322892694546 -7.74175966199424e-27 1.54053933108484e-26 -2.22731304557032e-26 -1.83985900583429e-26 2.88642053260821e-26 -1.02254038155532e-26 -6.1522688617201e-27 -1.08777339976736e-26
0.269977802875005 -0.00691012534852968 -2.94048279807637e-26 5.85145868287653e-26 -8.46028528286291e-26 -6.98876899722006e-26 1.09644826555665e-25 -3.884377281094e-26 -2.33716106433835e-26 -4.13241729414818e-26
0.596574741456601 0.0104586617600935 4.15678271991936e-26 -8.27206061850923e-26 1.19603932473632e-25 9.88034305909499e-26 -1.55013803163355e-25 5.49179758161535e-26 3.30440027387695e-26 5.84277374712264e-26
-0.852370135273911 0.373007965599615 1.63875987107309e-24 -3.2610296584302e-24 4.71486804221904e-24 3.89474608704649e-24 -6.11027193231593e-24 2.16465021738154e-24 1.30241352478294e-24 2.30281132491563e-24
-0.0141325358119674 0.0180447840358327 7.31744542731847e-26 -1.45614493911677e-25 2.10535377896718e-25 1.73916335909411e-25 -2.72852195016985e-25 9.66630132018629e-26 5.81603730648375e-26 1.0283532610744e-25
-0.644661279692656 0.303935619757523 1.32474739508044e-24 -2.63615989694377e-24 3.81141105638359e-24 3.1484343609142e-24 -4.93941230286142e-24 1.74985360520837e-24 1.05283940583693e-24 1.86153341887189e-24
-0.647896326923243 -0.0481318961031184 -1.90579358017513e-25 3.79242546609866e-25 -5.48319403991572e-25 -4.52944499370036e-25 7.10604816613952e-25 -2.5174282781284e-25 -1.51467704430981e-25 -2.67812764348876e-25
0.0972697710435787 0.00194319135770422 7.94486723157435e-27 -1.58114338193525e-26 2.28628954229706e-26 1.88880018894401e-26 -2.96355223002764e-26 1.04998949652103e-26 6.31816989441979e-27 1.11723860766064e-26
0.106236235582539 -0.00714248590351089 -3.06818083806677e-26 6.10556488503091e-26 -8.82767049505383e-26 -7.29224398119728e-26 1.1440580166508e-25 -4.05303830518363e-26 -2.43863804543377e-26 -4.31183638084698e-26
0.0918026384189593 0.00471131233040041 1.96296708252621e-26 -3.90642432683243e-26 5.64834454488111e-26 4.66613993280177e-26 -7.3209277110791e-26 2.59370321414057e-26 1.56066043024786e-26 2.7595918216635e-26
0.160045711153344 -0.00217547446622377 -8.21034739497762e-27 1.63373537223738e-26 -2.36198563778714e-26 -1.95104641948703e-26 3.06076318863781e-26 -1.08427053110792e-26 -6.52348326342306e-27 -1.15337288548721e-26
-0.91374983468436 -0.135425859529387 -5.65283235864403e-25 1.12492106337444e-24 -1.62649734169481e-24 -1.34362934775019e-24 2.10803291137402e-24 -7.46828865383423e-25 -4.49364522568953e-25 -7.9455645461487e-25
0.309694795725725 -0.00620993875710153 -2.5814733701375e-26 5.13697640426687e-26 -7.42716131725455e-26 -6.13525976028004e-26 9.62531238991304e-26 -3.40990682720814e-26 -2.0516542177346e-26 -3.62755588681052e-26
0.105633557446295 0.00120971845563863 3.93284331857181e-27 -7.82667583237693e-27 1.13167942120108e-26 9.3489816865653e-27 -1.46682055038833e-26 5.19679361097375e-27 3.12700038545489e-27 5.52928143968117e-27
0.0891421719655753 -0.000293614022451792 -9.81361863104852e-28 1.95218317207661e-27 -2.82154672862705e-27 -2.32996110668446e-27 3.65411159155418e-27 -1.29407864546398e-27 -7.78347331749152e-28 -1.37573387304623e-27
-0.969613208070372 -0.163467741887565 -6.69006433222231e-25 1.33127556806272e-24 -1.92477954777565e-24 -1.58996967907101e-24 2.49441363030625e-24 -8.83677712102195e-25 -5.31683654724862e-25 -9.40071763112601e-25
0.0863773102329324 -0.00463130868501564 -2.1272832274811e-26 4.23323999546894e-26 -6.12062582413974e-26 -5.05607587508811e-26 7.93237278322841e-26 -2.81020789709047e-26 -1.69086042872408e-26 -2.98968450919009e-26
-0.246469708666921 0.010418816466455 3.76304352880398e-26 -7.48822378665657e-26 1.082664144689e-25 8.94341755395689e-26 -1.40308843068809e-25 4.97064082062101e-26 2.99070583838892e-26 5.28790089081669e-26
-0.547256025772078 -0.105302506892299 -4.11562471803898e-25 8.18986095173418e-25 -1.18411165558796e-24 -9.78145807411936e-25 1.53456864985254e-24 -5.4364431121591e-25 -3.27097595703988e-25 -5.78346547646602e-25
-0.23186114983651 0.0122765345356151 4.09667356233475e-26 -8.1522060174066e-26 1.17867561814082e-25 9.73662104999771e-26 -1.5275450157142e-25 5.41159852645362e-26 3.25605026121762e-26 5.75711523044531e-26
0.114342667054855 -0.0109099060469974 -4.98597898500494e-26 9.92205313036819e-26 -1.43459072299169e-25 -1.18508445359526e-25 1.85926958484108e-25 -6.58690242707383e-26 -3.96327376386994e-26 -7.00769521750496e-26
0.21029781293374 -0.0096093476467767 -4.27341546502851e-26 8.50401447860502e-26 -1.22955576226578e-25 -1.01570427572852e-25 1.59352217983075e-25 -5.64540034877841e-26 -3.39676385318476e-26 -6.00598516326676e-26
-0.974745149089283 0.573586028609341 2.36599602248992e-24 -4.70818547331359e-24 6.80719954630988e-24 5.62313116554012e-24 -8.82185119735933e-24 3.12526640862673e-24 1.8803917514301e-24 3.32474178765955e-24
0.436817139071265 -0.0046607674692846 -1.97817934104642e-26 3.93652232999757e-26 -5.69161009988245e-26 -4.70167251409102e-26 7.37634788857678e-26 -2.61322140596617e-26 -1.57233470094613e-26 -2.7801106506525e-26
0.0870045770899772 -0.00126797904884425 -4.87844624217535e-27 9.70755388089422e-27 -1.40350336793545e-26 -1.15934293453089e-26 1.81878833131754e-26 -6.44314935138406e-27 -3.87657519304881e-27 -6.85403810919895e-27
-1.29674130406579 -0.17637058756131 -7.17141794395126e-25 1.42708418715593e-24 -2.06333393388504e-24 -1.70444998359586e-24 2.67405776464561e-24 -9.47333968575809e-25 -5.69992857283287e-25 -1.00782240373491e-24
0.0970232663187498 -0.00104670409510561 -4.46773060049565e-27 8.88917181750954e-27 -1.28502322004879e-26 -1.06134224116209e-26 1.6648368915819e-26 -5.89703520219285e-27 -3.54755970088232e-27 -6.27153690498086e-27
0.104192304331036 -0.000419051485222862 -2.19054356276886e-27 4.35868228165127e-27 -6.30135413302139e-27 -5.20483978003449e-27 8.16493279584297e-27 -2.8923021171678e-27 -1.74007778934813e-27 -3.07639397888974e-27
0.208976717306134 0.00389552175764674 1.61666103665802e-26 -3.21732980268805e-26 4.65208410078022e-26 3.84321203265918e-26 -6.02993893898978e-26 2.13637400209326e-26 1.28551050731121e-26 2.27311949905077e-26
-0.152494236787003 -0.0101707398525 -4.21274862590803e-26 8.38308668464555e-26 -1.21204217895539e-25 -1.00121263806533e-25 1.57074864397821e-25 -5.56458608294712e-26 -3.3480583149705e-26 -5.91972391712311e-26
0.0869864537563968 -0.0028638786490698 -1.24862484530285e-26 2.4847225152084e-26 -3.59251990376655e-26 -2.96766778901095e-26 4.65589484760585e-26 -1.6494412234112e-26 -9.92440552013835e-27 -1.75477100089075e-26
-1.11375185018171 -0.369440093397014 -1.46242711065309e-24 2.91016554778951e-24 -4.20762015748141e-24 -3.47576314060693e-24 5.45300131056029e-24 -1.93182078038887e-24 -1.16233694691319e-24 -2.05515955263199e-24
0.0879059585628348 -0.00614462477781915 -2.54718141819325e-26 5.06886379293966e-26 -7.32886514182279e-26 -6.05421239207285e-26 9.49839784927493e-26 -3.36502939181997e-26 -2.02470308453815e-26 -3.579992508946e-26
-0.0515479429249477 -0.0700938662123065 -3.03718134124548e-25 6.04389436288385e-25 -8.73852983292615e-25 -7.21862856315891e-25 1.13251196823013e-24 -4.01214580622825e-25 -2.41404072559212e-25 -4.26835732554036e-25
-1.50083458122392 -0.222088843036307 -8.83252346571499e-25 1.75757562190106e-24 -2.54108156507758e-24 -2.0990268971336e-24 3.29298068130817e-24 -1.1665575351219e-24 -7.01870711872874e-25 -1.24095595554532e-24
