0.144017190709895 -0.00363704606935442 -5.79643298922189e-11 1.15643650965238e-10 -1.67632480076072e-10 -1.38831940978815e-10 2.18369730340049e-10 -7.75606281219396e-11 -4.6786893471908e-11 -8.29383572853706e-11
0.103412925052754 0.000558100057280337 8.50391117133664e-12 -1.69662656982203e-11 2.45940029038954e-11 2.03688744346128e-11 -3.20388312458614e-11 1.13797348285167e-11 6.86470119601342e-12 1.21691282064877e-11
0.0876114531725433 -0.00862316137295269 -1.36447188382007e-10 2.72229917063691e-10 -3.94623108314347e-10 -3.26831589000345e-10 5.14087869204886e-10 -1.82598213934553e-10 -1.1015132061447e-10 -1.95268063392765e-10
0.100913824228842 -0.00224155389497654 -3.43660539904798e-11 6.85638889427685e-11 -9.93886103401414e-11 -8.23137983092521e-11 1.29473379193081e-10 -4.5986902756725e-11 -2.77409832711443e-11 -4.91765283698903e-11
-1.93427294583713 -0.226690489293177 -3.52886503790544e-09 7.04029154406603e-09 -1.02052028360468e-08 -8.45176645802582e-09 1.32936779316175e-08 -4.72159416961927e-09 -2.84817173702477e-09 -5.04884475016775e-09
0.0771215150781024 -0.00160930470994582 -2.51570806189488e-11 5.01915782918562e-11 -7.27573488616839e-11 -6.02584185167562e-11 9.47829914437477e-11 -3.36657994385588e-11 -2.0308669232392e-11 -3.60016436174695e-11
-1.85506672169065 0.381515239881513 5.95296278912541e-09 -1.18766021943057e-08 1.72157780489076e-08 1.42579126703162e-08 -2.24262709165567e-08 7.96533447289764e-09 4.80490697532064e-09 8.51754190564587e-09
0.674708073369787 -0.0037110223570971 -5.80059594431751e-11 1.15732029613854e-10 -1.67768308338836e-10 -1.38950825152073e-10 2.18566778816292e-10 -7.76341872182631e-11 -4.68334209415535e-11 -8.30246549953648e-11
0.157374534702531 0.000470327461761289 8.01402880771552e-12 -1.59893744878266e-11 2.31786135351043e-11 1.9197217590224e-11 -3.01968013095731e-11 1.07257936286776e-11 6.47041220006235e-12 1.14705116587014e-11
0.106007276612318 -0.000204801042762442 -3.12302310381062e-12 6.22947257854362e-12 -9.02823256153202e-12 -7.47565107586881e-12 1.1756203665575e-11 -4.17475500283703e-12 -2.51784433114115e-12 -4.46246744556709e-12
0.117023744098815 0.0167653102521261 2.64958566140533e-10 -5.2861954884419e-10 7.66273625708676e-10 6.34628230489516e-10 -9.98221031070783e-10 3.5455195422054e-10 2.13878468785784e-10 3.79142594388151e-10
0.922185028044603 -0.0146706960731069 -2.48414250813984e-10 4.9561435040753e-10 -7.18433612380817e-10 -5.95009999660222e-10 9.3590917690448e-10 -3.32421409619123e-10 -2.00529505626585e-10 -3.55480603254041e-10
1.50224795548063 -0.0376905388804436 -6.34920135896865e-10 1.26675189308105e-09 -1.83628221119226e-09 -1.52083515689126e-09 2.39219555673564e-09 -8.49683246115715e-10 -5.12567948541087e-10 -9.08644841533045e-10
0.103202556668454 0.00683557740574728 1.09335060172168e-10 -2.18135617392176e-10 3.16205282780622e-10 2.6188251913161e-10 -4.1192269211736e-10 1.46308906142982e-10 8.82591669573464e-11 1.56457797665111e-10
0.0610083066159504 -0.00144445240429494 -2.25996154115352e-11 4.50896550926293e-11 -6.53624286835933e-11 -5.41345211552771e-11 8.51514871448468e-11 -3.02451688920398e-11 -1.82454174962329e-11 -3.2344461520155e-11
0.0867190909490424 0.00137166983445966 2.22815884974325e-11 -4.44562231239249e-11 6.44457644755215e-11 5.33766171403519e-11 -8.39613726564443e-11 2.98231733197288e-11 1.7991285215051e-11 3.18947242559307e-11
-0.524321891905384 -0.041172831263885 -6.26289632066327e-10 1.24947984582688e-09 -1.81116780887114e-09 -1.49997139051881e-09 2.35927778712738e-09 -8.3795562403517e-10 -5.05471850716133e-10 -8.96027332248478e-10
-0.391760755979961 0.0219624655781847 3.35336062499315e-10 -6.69013286240571e-10 9.69760805438142e-10 8.0313649751877e-10 -1.26324013572208e-09 4.48671318119224e-10 2.70647932360038e-10 4.7976597813066e-10
0.0831643571537542 -0.00223451248406767 -3.50125997261064e-11 6.98536507434019e-11 -1.01257980003357e-10 -8.38618153622883e-11 1.3190798205612e-10 -4.68515249407414e-11 -2.82624884835557e-11 -5.01008844027444e-11
-1.01993032598582 0.175300826533829 2.73546457793278e-09 -5.45745552554234e-09 7.91087855300244e-09 6.5517011539147e-09 -1.03051723566896e-08 3.6601786095622e-09 2.20791988703357e-09 3.91392655118818e-09
0.998477935088478 0.0606268821915326 9.70736910337885e-10 -1.93673129221417e-09 2.8074536777788e-09 2.32514841789722e-09 -3.65729994446148e-09 1.29902143757502e-09 7.8362101042417e-10 1.38913404037937e-09
0.104418373326573 -0.00123548177368305 -1.76350484277442e-11 3.51833577277403e-11 -5.10003679664682e-11 -4.22380812096145e-11 6.64365185373138e-11 -2.35969235521121e-11 -1.42343589915725e-11 -2.52329929830768e-11
0.05551249509644 0.000229932387706257 4.01911588564927e-12 -8.01816952687583e-12 1.16223871865236e-11 9.62521173377031e-12 -1.51389954931917e-11 5.37687157030432e-12 3.24336837585049e-12 5.74925030968063e-12
0.0677323508965685 0.00327150093998132 5.30978337033700e-11 -1.05941065554442e-10 1.5357738643854e-10 1.27199398650507e-10 -2.00085059908351e-10 7.10706198644734e-11 4.28745483898185e-11 7.60076562670342e-11
0.0826200111900553 -0.000522855781591972 -7.88625321337556e-12 1.57355319078024e-11 -2.2812218893449e-11 -1.88950685503411e-11 2.97235871895689e-11 -1.05584410144194e-11 -6.36989653517529e-12 -1.12931026408887e-11
0.126613492921343 0.000602406583617388 1.05320490593823e-11 -2.10138429016558e-11 3.0463057701988e-11 2.52311099999235e-11 -3.96890808150238e-11 1.40978071426386e-11 8.50483916517667e-12 1.50774874096866e-11
0.575386105382695 0.00108256733767339 1.66949537363214e-11 -3.3313362306364e-11 4.82977736245388e-11 4.00065036607373e-11 -6.29369794613425e-11 2.23576948901899e-11 1.34890747462881e-11 2.39158388206451e-11
-0.282251283789006 0.0270743712558091 4.2162467746709e-10 -8.41176877749485e-10 1.21933778866127e-09 1.0098470257091e-09 -1.58839666523038e-09 5.64167652191406e-10 3.4032308558412e-10 6.0328561085388e-10
-0.104140679545734 0.0363163477091436 5.72029978353773e-10 -1.14126084550195e-09 1.65434639425187e-09 1.37013333182487e-09 -2.15511789634251e-09 7.65464535492711e-10 4.61756619634408e-10 8.18558107496194e-10
0.105454552520457 -0.00330246770197495 -5.15290794657082e-11 1.02807974065599e-10 -1.49031001650458e-10 -1.23430159443263e-10 1.94150171247317e-10 -6.89604528055887e-11 -4.16002983208111e-11 -7.37464490101384e-11
-1.57453993840488 0.0721029737565296 1.06682206422674e-09 -2.12838151926251e-09 3.0851932470834e-09 2.55511302281656e-09 -4.018922926205e-09 1.4274308493838e-09 8.61062139003804e-10 1.52637848908464e-09
-0.0134749908199176 0.00152111704100301 2.5531408074796e-11 -5.09360836822205e-11 7.38332073098103e-11 6.11466639173109e-11 -9.61757578592228e-11 3.41589335930097e-11 2.06052080187387e-11 3.65256563510161e-11
0.2974638459024 -0.00115751887096164 -1.63142049474942e-11 3.25499655469067e-11 -4.71857161891865e-11 -3.90809772933573e-11 6.14740879791441e-11 -2.18355737463276e-11 -1.31725886939891e-11 -2.3352101999929e-11
-0.615245490932073 0.0414591813937624 6.77433024087743e-10 -1.35151024984284e-09 1.95905994674718e-09 1.62244863821426e-09 -2.55191383892805e-09 9.06372865187464e-10 5.46741194330263e-10 9.69181301170824e-10
0.367764251503659 0.000796011365467267 1.28607640948003e-11 -2.56620687859066e-11 3.72041982414153e-11 3.0816767021245e-11 -4.84790397020265e-11 1.72213332343867e-11 1.03899518835972e-11 1.84208056205714e-11
0.101633983596447 -0.00407871707426757 -6.58604815581934e-11 1.31399011134029e-10 -1.90473557993522e-10 -1.57751007676471e-10 2.48131218448901e-10 -8.81325858672982e-11 -5.31649771352482e-11 -9.42460327510013e-11
-0.564427097782379 0.0885171803005284 1.36379514452918e-09 -2.72085723965843e-09 3.94400787123618e-09 3.26636445135906e-09 -5.13763593300295e-09 1.82476881031572e-09 1.10074415055619e-09 1.951251503202e-09
0.074132067151896 0.00222241636494719 3.50462041912829e-11 -6.99192506134043e-11 1.01350978396951e-10 8.39371031201759e-11 -1.32023677581322e-10 4.68916499553181e-11 2.82861094037368e-11 5.01417222818847e-11
0.0970334109410784 0.000942079678690756 1.43437145676424e-11 -2.86189426248657e-11 4.1487850774469e-11 3.4362372564843e-11 -5.40526719238138e-11 1.91998144332287e-11 1.15827294191719e-11 2.05339792990285e-11
-0.931860219302979 -0.19892331838233 -3.16766251511742e-09 6.31977887859446e-09 -9.16094474607232e-09 -7.58705958717429e-09 1.19337942209901e-08 -4.23866831834837e-09 -2.55690349639099e-09 -4.53260181566172e-09
-2.05714351708682 -0.310678992259979 -4.87462546127127e-09 9.72537264450729e-09 -1.40976476789624e-08 -1.16756725173816e-08 1.83649172941083e-08 -6.52291752967735e-09 -3.93485572545579e-09 -6.97531889324478e-09
0.127531566955952 0.00359314944209793 5.78580985818446e-11 -1.1543732323927e-10 1.67341532110501e-10 1.38597719434165e-10 -2.18011923076491e-10 7.74373078364988e-11 4.67147748640792e-11 8.28145415533337e-11
0.476933685333685 -0.00173069500931064 -2.58675408057728e-11 5.16113105413516e-11 -7.48186780241619e-11 -6.19683625543583e-11 9.74769261715351e-11 -3.46241775508145e-11 -2.08877238508079e-11 -3.70297766580921e-11
0.0948411851466228 0.00121254816192847 2.03232127511704e-11 -4.05470985940357e-11 5.8776349147689e-11 4.86788468876869e-11 -7.6568436192477e-11 2.71960050220492e-11 1.6405688592743e-11 2.9082527264611e-11
-1.7134428215084 -0.181973830214631 -2.88270893610835e-09 5.7512172954819e-09 -8.33669976686861e-09 -6.90435949757261e-09 1.0859865571699e-08 -3.85719274379734e-09 -2.32676352332311e-09 -4.12459660607863e-09
-2.12361169452075 -0.322757195690117 -5.09720415767355e-09 1.01692730004997e-08 -1.47408723934492e-08 -1.22081910552079e-08 1.92022122701392e-08 -6.82019911377159e-09 -4.11411905961188e-09 -7.29297937382315e-09
0.12301297692803 -0.000565257088739139 -8.97073822919496e-12 1.78990366013673e-11 -2.59481573040233e-11 -2.14920691641059e-11 3.38081764656047e-11 -1.20091174829496e-11 -7.24493420301126e-12 -1.28441721227029e-11
-1.66288008819608 0.302295363277571 4.69558527927214e-09 -9.36802184632912e-09 1.35794274670804e-08 1.12463054491615e-08 -1.76892780350329e-08 6.28284260360744e-09 3.78997430757088e-09 6.71838177902842e-09
0.113520177454197 0.00368484651174442 5.88561083268302e-11 -1.17423182623992e-10 1.70212540954984e-10 1.4096916043128e-10 -2.21732059142876e-10 7.8755103388741e-11 4.7507583039755e-11 8.42161715052726e-11
0.087864430681638 0.00108617642841218 1.71464498038116e-11 -3.42081889115391e-11 4.95862600884051e-11 4.10664797673323e-11 -6.45929943456943e-11 2.29418902318179e-11 1.38390727239004e-11 2.45320088956575e-11
-1.39672635472223 -0.107325543904608 -1.67776819294536e-09 3.34728283942181e-09 -4.85208352723975e-09 -4.01845377623255e-09 6.32064654196179e-09 -2.24496653668084e-09 -1.35422944904106e-09 -2.40061748050225e-09
-1.20835870496025 0.129289805469687 2.03142152533795e-09 -4.05279131009862e-09 5.8746748538026e-09 4.86528491572998e-09 -7.65252116597012e-09 2.71798239391027e-09 1.63954277855216e-09 2.90634518248015e-09
0.0513049693041438 -0.00232124667629547 -3.70249281541146e-11 7.38705585647868e-11 -1.07083841630513e-10 -8.86893256589237e-11 1.39505259112352e-10 -4.95513675848655e-11 -2.98919827967887e-11 -5.29910016885281e-11
0.0818476350663386 -0.00357670935996973 -5.6267532562489e-11 1.12259162739464e-10 -1.62727566226948e-10 -1.34770645868204e-10 2.11983133978539e-10 -7.52927476220044e-11 -4.54191494779331e-11 -8.05143287295677e-11
1.47143440003855 -0.0245658768669793 -4.17321705906727e-10 8.32614501325821e-10 -1.20695859307895e-09 -9.99621580397707e-10 1.57235532371089e-09 -5.58485121478559e-10 -3.36904285481412e-10 -5.97241245170097e-10
0.0855003470049598 -0.00478054055445161 -7.5378855925483e-11 1.50391569176405e-10 -2.18008206559461e-10 -1.80558128132157e-10 2.84009628235386e-10 -1.00877641830597e-10 -6.08542330339069e-11 -1.07878523217978e-10
-2.42469761339923 0.232898840637153 3.58806623124582e-09 -7.15839704456448e-09 1.03763955174008e-08 8.59353997675878e-09 -1.35166635557411e-08 4.80079038977005e-09 2.89594292720884e-09 5.13352380476381e-09
0.083752841570704 -5.18791097656914e-05 -6.53377909842168e-14 1.29862107069211e-13 -1.87529414644416e-13 -1.54719375363274e-13 2.42429395675768e-13 -8.57758624621651e-14 -5.15433060067274e-14 -9.10166973175789e-14
-1.32076052242492 -0.010768707156191 -1.75012201191197e-10 3.49174936184115e-10 -5.06166273054737e-10 -4.19216337068059e-10 6.59409221199041e-10 -2.34216601608283e-10 -1.41290952215782e-10 -2.504721017948e-10
0.0792126213570773 0.00102492457081778 1.73851584606621e-11 -3.468631679704e-11 5.02820670489995e-11 4.16450042659696e-11 -6.55065185303156e-11 2.32676202049316e-11 1.40363254444975e-11 2.48830275907859e-11
2.11276626436505 0.0131509793256757 2.17426267058476e-10 -4.33803010395549e-10 6.28852102771015e-10 5.20833997696764e-10 -8.19260380846256e-10 2.90998279313431e-10 1.75546794884648e-10 3.11202958837593e-10
-0.967740294201147 0.143477012610215 2.30467148272567e-09 -4.5980511133108e-09 6.6652119477532e-09 5.52012591406203e-09 -8.68272053047592e-09 3.08395832158097e-09 1.86035228414928e-09 3.29784478592083e-09
0.101460921823383 0.00245688333891816 4.02713704822849e-11 -8.03444529132462e-11 1.16463755212867e-10 9.64540640613954e-11 -1.51712753974413e-10 5.38851990829639e-11 3.25050550512985e-11 5.76209810453487e-11
0.0852437023577542 0.00389069931807723 6.16969970441026e-11 -1.2309290199658e-10 1.78433912288683e-10 1.47780331245382e-10 -2.32449005436488e-10 8.25628332683215e-11 4.9805292859187e-11 8.8290654531562e-11
1.5457692116908 0.0128285144846848 2.10351082316313e-10 -4.19689504033686e-10 6.08396725702471e-10 5.03895498387364e-10 -7.92621607969964e-10 2.81538100122935e-10 1.69840968549545e-10 3.01089817235646e-10
0.0839049049730604 0.00180505999206883 2.92690415884365e-11 -5.83964296394297e-11 8.46524420038183e-11 7.01112220138185e-11 -1.10282702713175e-10 3.917176166564e-11 2.36304950432864e-11 4.1891013143248e-11
0.308911283911349 -0.00494346564232709 -8.1712650381882e-11 1.63026849452852e-10 -2.36322121767497e-10 -1.95724174203532e-10 3.0786220836842e-10 -1.0934882743207e-10 -6.59638347278983e-11 -1.16935395162712e-10
0.547833754969831 0.028524619124393 4.5482467105606e-10 -9.07428672001042e-10 1.31539559789954e-09 1.0894194421765e-09 -1.71358510324639e-09 6.08642218229137e-10 3.67157567663474e-10 6.50865456609345e-10
-0.755953169057362 0.184870002795974 2.91365168377396e-09 -5.81299048820704e-09 8.42630151664408e-09 6.97861483077643e-09 -1.09767375775407e-08 3.89873011913292e-09 2.35183624536278e-09 4.1690712128797e-09
-0.0813354599551835 0.00659508615694135 1.01638207453533e-10 -2.02780113152855e-10 2.93947065003448e-10 2.43448860561155e-10 -3.82928934359999e-10 1.36011133286527e-10 8.20473861745935e-11 1.4544653156784e-10
-1.0440281034208 0.334621997502349 5.29678830299991e-09 -1.05676109097537e-08 1.53185061889975e-08 1.26867642295227e-08 -1.99552485113367e-08 7.08776404704217e-09 4.27558334589325e-09 7.57931279287132e-09
-0.98799509300573 -0.0445520030278626 -6.74781698113141e-10 1.34627931450914e-09 -1.95156245778449e-09 -1.61630973534635e-09 2.54236875411988e-09 -9.0302201053665e-10 -5.44743610884044e-10 -9.65682327507528e-10
0.0818339418715366 -0.000554014515497479 -8.69015206712525e-12 1.73371158512244e-11 -2.51305345689839e-11 -2.08123658103742e-11 3.27350486636902e-11 -1.16265367214347e-11 -7.01328933812547e-12 -1.24320134375893e-11
0.0806501701049162 -0.00166975643196487 -2.70837044807536e-11 5.40361321463981e-11 -7.83313924664225e-11 -6.48757347668906e-11 1.02047072734741e-10 -3.62463810895559e-11 -2.18656689171576e-11 -3.87622708542514e-11
0.0575923966071915 0.00149294983765807 2.40968401315835e-11 -4.80764959489509e-11 6.96916776473737e-11 5.7719675619961e-11 -9.0790135114978e-11 3.22477398416692e-11 1.94533282210483e-11 3.44855276044635e-11
0.113353985503743 0.00272119685725132 4.36332830228586e-11 -8.70553377936148e-11 1.26196793953235e-10 1.0451920290501e-10 -1.64405247367634e-10 5.83957310546123e-11 3.52273957910986e-11 6.24494051626958e-11
-0.196250747262452 -0.0155932109245631 -2.37563636389249e-10 4.73961864322188e-10 -6.87040338647534e-10 -5.69004793861984e-10 8.9499669740692e-10 -3.17887008417243e-10 -1.91760052708814e-10 -3.39931828067578e-10
0.233785256826919 -0.00194399184113402 -3.04377395045274e-11 6.07280376796458e-11 -8.80321890528696e-11 -7.29102528127052e-11 1.14685239072974e-10 -4.07354278359877e-11 -2.45737283319627e-11 -4.35630371263219e-11
0.0904179114855486 0.00253403187574715 3.94391498513636e-11 -7.86826352540004e-11 1.14052721283727e-10 9.44555013362294e-11 -1.48566427953881e-10 5.27667012187203e-11 3.18297495762438e-11 5.64228250335287e-11
0.0668482901780553 -0.000256016368195502 -3.04604356694152e-12 6.07602128586082e-12 -8.80598306353981e-12 -7.29174102989228e-12 1.14671746049262e-11 -4.07218438217472e-12 -2.4560230438995e-12 -4.35297075204312e-12
-0.222987665247319 -0.0136096308732989 -2.06916738561101e-10 4.12818531758245e-10 -5.98409043362083e-10 -4.95600757885023e-10 7.79538545034788e-10 -2.76878392800675e-10 -1.67022334957213e-10 -2.96079517424704e-10
0.0851002077533299 0.00269481645071008 4.24957920677961e-11 -8.47842759787257e-11 1.22902327223994e-10 1.01788742316321e-10 -1.60107327809734e-10 5.68680726356669e-11 3.43051896428844e-11 6.08134256406104e-11
-0.256109663499832 0.00820435541443561 1.25273704103247e-10 -2.49933994489532e-10 3.62298173391713e-10 3.00055650304233e-10 -4.71964456113367e-10 1.67634195875851e-10 1.01123001689205e-10 1.79260918640496e-10
-0.90646267631109 -0.235047034413902 -3.72206519177109e-09 7.42583205759096e-09 -1.07641978912794e-08 -8.91483017114436e-09 1.40222044095156e-08 -4.9804129334503e-09 -3.00433546907105e-09 -5.32573834939025e-09
-0.368299355608026 0.00486280689775256 8.94573414530778e-11 -1.78467549257537e-10 2.58688984138405e-10 2.14235511912536e-10 -3.36958802944455e-10 1.19676255103007e-10 7.21893596623818e-11 1.27963678636392e-10
0.091593480762809 0.00167730707065939 2.72256736462963e-11 -5.43196303989003e-11 7.87427145488867e-11 6.5216698664226e-11 -1.02583865268066e-10 3.64372126736421e-11 2.19808889353279e-11 3.89667051865066e-11
0.12948904462863 0.00321969760934884 5.09426509522301e-11 -1.01638326359951e-10 1.47335999025424e-10 1.22026762805193e-10 -1.91943375129244e-10 6.81768612740264e-11 4.11277446134869e-11 7.29089952294991e-11
-0.415610419722192 0.239144641282762 3.782446476951e-09 -7.54634110667276e-09 1.09389459365805e-08 9.05960724718776e-09 -1.42500072063914e-08 5.06135310092371e-09 3.05317855747147e-09 5.41235281311595e-09
0.525111740101061 0.000569800159165146 1.00043365185605e-11 -1.99698197253279e-11 2.89624501642451e-11 2.39988927609368e-11 -3.77675514319357e-11 1.34212260923637e-11 8.10026953501418e-12 1.43666322883558e-11
0.116693987776948 -0.00223926638183912 -3.5763207576762e-11 7.135347106502e-11 -1.03435387957719e-10 -8.56678840667886e-11 1.34753095521312e-10 -4.78635931883743e-11 -2.88739273919495e-11 -5.11864191322571e-11
-1.23117923297237 -0.240575817214866 -3.77032727932685e-09 7.52213054229316e-09 -1.09038052161251e-08 -9.03046583727441e-09 1.42041104938215e-08 -5.04503018505352e-09 -3.04331923151206e-09 -5.39485255946106e-09
0.0766422046974044 0.0018888151421126 2.99102137399436e-11 -5.96753665644252e-11 8.6505969337878e-11 7.16459934388316e-11 -1.12696274517517e-10 4.00288440559774e-11 2.41474097941066e-11 4.28071568389889e-11
0.0881681436335648 -0.00100433211686192 -1.53126721360048e-11 3.05510806574812e-11 -4.42871336336968e-11 -3.66795010351717e-11 5.76953861583194e-11 -2.04929551107014e-11 -1.23623805261503e-11 -2.19153269586115e-11
0.368230207358356 -0.0024882642689061 -3.79378454285961e-11 7.56921355409955e-11 -1.09724663225878e-10 -9.08767118996942e-11 1.42946251691351e-10 -5.07736958743243e-11 -3.06294216795783e-11 -5.42984139653832e-11
-0.131771978715862 0.002585603582533 4.19749363473057e-11 -8.37424656721363e-11 1.21388304381596e-10 1.00531646924689e-10 -1.5812501105161e-10 5.61622088251247e-11 3.38783153363815e-11 6.00548049601152e-11
0.0702186723075538 0.0017903709054841 2.85265302088889e-11 -5.69134165642503e-11 8.25003457790278e-11 6.83269022753503e-11 -1.07473035188634e-10 3.81727226179555e-11 2.30271809777647e-11 4.08203515870357e-11
-0.196035152773884 -0.107690015604175 -1.71812890910734e-09 3.42781475372319e-09 -4.96883236296836e-09 -4.11515498843951e-09 6.47276540498884e-09 -2.2990021438734e-09 -1.38682895281655e-09 -2.45841247738744e-09
0.087262584925349 -0.0016196676544477 -2.2846546653008e-11 4.55844927559868e-11 -6.60828990762622e-11 -5.47338369700551e-11 8.60982878897054e-11 -3.05829215635594e-11 -1.8450045276758e-11 -3.27087709232787e-11
0.0928485381997806 -0.00482044837969057 -7.49738950012141e-11 1.49581281745995e-10 -2.16830229493946e-10 -1.79579707083015e-10 2.82466212415137e-10 -1.00327870160406e-10 -6.05216407180262e-11 -1.07287251855902e-10
-1.47890086217176 -0.266846638376985 -4.20880824589392e-09 8.39682631183975e-09 -1.21715700393475e-08 -1.00802867203896e-08 1.58551730381023e-08 -5.63138118535149e-09 -3.39697913050608e-09 -6.0217006155648e-09
