0.181275490673074 -0.010319251281908 -1.1724943691372e-14 2.33740596264061e-14 -3.38557873784079e-14 -2.80173158704964e-14 4.403438541355e-14 -1.56279918967257e-14 -9.41994606292727e-15 -1.66856054203435e-14
0.105976678784655 0.00498329167144768 6.29065029348711e-15 -1.25406104381581e-14 1.8164238721511e-14 1.50317852273139e-14 -2.36252127634353e-14 8.3846843988011e-15 5.0539589869882e-15 8.952101981443e-15
0.0960693101214808 0.00302736778184298 3.25561654077566e-15 -6.4900370454106e-15 9.40018702826869e-15 7.77894409361234e-15 -1.22257809763358e-14 4.33888757707928e-15 2.61525586410266e-15 4.63231715695844e-15
0.192830051306878 0.0144198830185558 1.68387560015926e-14 -3.35689580343399e-14 4.86229279732015e-14 4.02382598702769e-14 -6.32425073223996e-14 2.24452679152594e-14 1.35292745003292e-14 2.39647298533516e-14
-2.05611818923909 -0.346331268723649 -3.76144717182008e-13 7.49826485068144e-13 -1.08603038221223e-12 -8.98706764283523e-13 1.41242647941087e-12 -5.01255921842584e-13 -3.0212536112762e-13 -5.35134761452244e-13
0.0920001622920156 0.00368838342202387 4.27642452263567e-15 -8.52518815091781e-15 1.23481678313279e-14 1.02187061781015e-14 -1.60605755867793e-14 5.69996416265814e-15 3.43571511670821e-15 6.08569918119003e-15
-2.0510932062998 0.627873456484482 7.01373041760334e-13 -1.39815648360666e-12 2.02505993736533e-12 1.67577157596136e-12 -2.63368337672557e-12 9.34669628169814e-13 5.63360897193434e-13 9.9784614189896e-13
0.761553268243121 -0.00814622871083649 -9.53803271871062e-15 1.90145814260733e-14 -2.75416604408468e-14 -2.27923080329225e-14 3.58226983366372e-14 -1.27137629736628e-14 -7.66344288403996e-15 -1.35744440846908e-14
0.211398253763523 0.0051752875463912 5.91906051486914e-15 -1.17999123324386e-14 1.70914996513657e-14 1.41441351401608e-14 -2.22302542000461e-14 7.88965995981612e-15 4.75560903354921e-15 8.42368882342145e-15
0.125375295588 0.00768054075575933 9.00466512105438e-15 -1.79507909004732e-14 2.60000988927995e-14 2.1515985815808e-14 -3.38157718400305e-14 1.20011588972608e-14 7.23370958111693e-15 1.28128949873334e-14
0.120225056107552 0.00279378515539457 3.20306182352627e-15 -6.38527970397452e-15 9.24847062419957e-15 7.65340604637649e-15 -1.20284978593865e-14 4.26887916664093e-15 2.57306247287545e-15 4.55758855091332e-15
0.647701040503823 -0.00374841276868714 -4.62419678928436e-15 9.2187719643066e-15 -1.33531960659804e-14 -1.10507617522882e-14 1.73688478451712e-14 -6.1644683966152e-15 -3.71581642904863e-15 -6.58205011827121e-15
0.294432773969919 -0.0105863911881908 -1.13794775582095e-14 2.26851618833414e-14 -3.28576751570092e-14 -2.71910900540264e-14 4.27354430147661e-14 -1.51668582738074e-14 -9.14191224338608e-15 -1.61929801157843e-14
0.0728243265116469 0.00620279269448025 7.30044048912698e-15 -1.45535272210886e-14 2.10796235039291e-14 1.74442489006369e-14 -2.74165942826007e-14 9.73017299664231e-15 5.86491361521097e-15 1.03884557145402e-14
0.101975014139099 0.00146516374947063 2.01919688365915e-15 -4.02531122547195e-15 5.83036375354167e-15 4.8248817607086e-15 -7.58314751142598e-15 2.69127550788757e-15 1.62218662026255e-15 2.87337153918766e-15
0.0990579454787999 -0.00155484661317877 -1.68758168632351e-15 3.36420940366143e-15 -4.8727780010064e-15 -4.03241357062911e-15 6.33760713575575e-15 -2.24921714471216e-15 -1.35572453824068e-15 -2.40137421012327e-15
-0.482546480448498 -0.0706253628004628 -7.97286005825193e-14 1.58935818821774e-13 -2.30199732711844e-13 -1.90494606108586e-13 2.99386598390242e-13 -1.06249734559524e-13 -6.40408890020815e-14 -1.13431889021197e-13
-0.370095530957644 0.104731850393715 1.11903747239161e-13 -2.23075133309147e-13 3.23097116201078e-13 2.67368253453566e-13 -4.20202276903245e-13 1.49125800764128e-13 8.98837486648455e-14 1.59205431043709e-13
0.0698070221361268 -0.00171072396100161 -1.86855170237349e-15 3.72502030661112e-15 -5.39544858789099e-15 -4.4649984132392e-15 7.0175717805168e-15 -2.49056707769903e-15 -1.50121751369937e-15 -2.65911619866362e-15
-0.871595159147589 0.175045541881047 1.86023747456857e-13 -3.70831867495055e-13 5.37107351344865e-13 4.44467470753358e-13 -6.9853902211762e-13 2.47906085182956e-13 1.4942308656858e-13 2.64665012599846e-13
1.27027836223393 0.00932089038669025 1.07385520456413e-14 -2.14084156754108e-14 3.10097824895867e-14 2.5663019160772e-14 -4.03356055557818e-14 1.43157873845254e-14 8.62930657768658e-15 1.52856838155317e-14
0.115912268858224 0.00660885461681755 7.75232080815308e-15 -1.54546179412995e-14 2.23851598066058e-14 1.85249464853274e-14 -2.91155856410698e-14 1.03333210634685e-14 6.22856953952381e-15 1.10327817261392e-14
0.090419800850483 -0.00389188951829282 -4.22809332307651e-15 8.428682537144e-15 -1.22081601375208e-14 -1.01026562168301e-14 1.58778880828013e-14 -5.63502338985671e-15 -3.39650853226873e-15 -6.01614106202123e-15
0.112730061205667 0.013232640057486 1.58214051571756e-14 -3.15402705917434e-14 4.56836890954802e-14 3.78052188828221e-14 -5.94174694965096e-14 2.10873677820313e-14 1.27105573449939e-14 2.25141280027026e-14
0.0569946400978745 0.00289045013416536 3.49834880926763e-15 -6.97384738489825e-15 1.01008322526178e-14 8.35866107842094e-15 -1.31367543620321e-14 4.66213954664735e-15 2.81006560639885e-15 4.97732461176934e-15
0.160385232012914 0.00762221338385212 8.51799986470364e-15 -1.6980884978803e-14 2.45956554767014e-14 2.035407258481e-14 -3.19901327300535e-14 1.13534170313536e-14 6.84338762298221e-15 1.21217131900877e-14
0.238164268153046 0.00390530494871832 4.68055567795626e-15 -9.33080691945243e-15 1.35150102483802e-14 1.118428932813e-14 -1.75781114184834e-14 6.23852411520337e-15 3.76032606173024e-15 6.6606630802208e-15
-0.169829989160884 0.0333376104024505 3.81363878980848e-14 -7.6023788831388e-14 1.10112051191465e-13 9.11202773127539e-14 -1.43207913710204e-13 5.08235302580459e-14 3.06335014161137e-14 5.42596221849587e-14
-0.224460404172072 0.0362362098343422 4.31258272964221e-14 -8.59694583767524e-14 1.24516335484496e-13 1.03039396894203e-13 -1.61939237506197e-13 5.74707278334227e-14 3.46397943510799e-14 6.13553202285335e-14
0.0859263537767006 0.0046543727174873 5.49781609861343e-15 -1.09602187620531e-14 1.58753615824021e-14 1.31378066409279e-14 -2.06487568749549e-14 7.32842725276002e-15 4.41734838276843e-15 7.82457643777592e-15
-1.27076313573332 0.203781866970475 2.1781121599366e-13 -4.34199143914245e-13 6.28887663412186e-13 5.20417659530535e-13 -8.17904843853376e-13 2.90268133746602e-13 1.74956443595132e-13 3.09890910538442e-13
-0.0130260035596565 -0.00790964911147672 -8.64773972100172e-15 1.72392671150505e-14 -2.49695305636892e-14 -2.06631626079495e-14 3.24754378037783e-14 -1.15254810574314e-14 -6.94699696322177e-15 -1.23050525148338e-14
0.221222721878242 -0.00206580439545809 -2.33554191541439e-15 4.65624761102811e-15 -6.74465678677028e-15 -5.58185404239297e-15 8.77341957728949e-15 -3.11390346624842e-15 -1.87704804105731e-15 -3.32501755493757e-15
-0.468587650632475 0.00105404187289603 4.33668986477605e-16 -8.64725379127073e-16 1.25277605709868e-15 1.03696364412681e-15 -1.63014197616988e-15 5.78672928742511e-16 3.48879066251361e-16 6.18108877007686e-16
0.28990360958969 0.0015606524818048 2.19199781510402e-15 -4.3698693788034e-15 6.32954051465427e-15 5.23806339572782e-15 -8.23267786693362e-15 2.92184598951751e-15 1.76119530949981e-15 3.11965116815468e-15
0.0953811820615121 0.00217343745378522 2.4484548902433e-15 -4.88095038498274e-15 7.06955486787839e-15 5.85025213838092e-15 -9.1945166771754e-15 3.26308999934999e-15 1.96681359501401e-15 3.48373945026077e-15
-0.396613828312212 0.0252195609018193 2.47385684944298e-14 -4.93150840989096e-14 7.14266661777318e-14 5.91065783474628e-14 -9.28930158968367e-14 3.29667498364934e-14 1.98702441225241e-14 3.51948069711015e-14
0.105050522447325 -0.000664231356193513 -6.51446988511901e-16 1.29859694371699e-15 -1.8808105467892e-15 -1.55636176748702e-15 2.44595155560629e-15 -8.68022463035471e-16 -5.2317630720159e-16 -9.26645192002601e-16
0.102899054380154 -0.00133157896643798 -1.42028601125288e-15 2.8315068307743e-15 -4.10142527778318e-15 -3.39427345344064e-15 5.33495368145334e-15 -1.89347816331471e-15 -1.14136341124885e-15 -2.02178934183142e-15
-0.625502706431055 -0.148570830543714 -1.75127389778549e-13 3.49114844176865e-13 -5.05659237297646e-13 -4.18448882832331e-13 6.57655847015342e-13 -2.33399963762024e-13 -1.40681465589058e-13 -2.49184657352391e-13
-1.36232308747205 -0.290177296181236 -3.08774875549289e-13 6.15531951376529e-13 -8.91527280583672e-13 -7.37757290539214e-13 1.1594824729429e-12 -4.11491332579595e-13 -2.48022566238829e-13 -4.39308914724522e-13
0.126174822571001 0.00126362505007016 1.50573332745332e-15 -3.00167829258074e-15 4.3476604100331e-15 3.5978406221393e-15 -5.65457582107687e-15 2.0067994223332e-15 1.20960034768415e-15 2.14253612126674e-15
0.341747784173984 -0.00174431253753791 -1.96414524752109e-15 3.91532313820358e-15 -5.67070437580805e-15 -4.69246711117854e-15 7.37457962715279e-15 -2.61709280348147e-15 -1.5773750772677e-15 -2.79382460123316e-15
0.0979483173013599 -0.00590403567822346 -6.70756167786343e-15 1.3371712004152e-14 -1.93679984980232e-14 -1.60279252334427e-14 2.51907836384787e-14 -8.94029548286637e-15 -5.38884966647663e-15 -9.54527791973604e-15
-1.90430885486976 -0.171845146299999 -1.97289126136347e-13 3.93287715342688e-13 -5.69630194645368e-13 -4.71379248751965e-13 7.40831981937621e-13 -2.62914664737505e-13 -1.58468847432329e-13 -2.80686355884359e-13
-2.35503936299945 -0.526185919375054 -5.8224386144544e-13 1.1606670002544e-12 -1.68106979146085e-12 -1.3911010796833e-12 2.18626819041271e-12 -7.75879020941177e-13 -4.67647462893649e-13 -8.28307263937485e-13
0.0696242517892406 -0.000667039527106127 -5.99048031737061e-16 1.19431632282475e-15 -1.73002538481068e-15 -1.43179359898404e-15 2.25050591478719e-15 -7.98777314671777e-16 -4.81509968999703e-16 -8.52968816800932e-16
-1.2348090610868 0.174286436239997 1.787743487294e-13 -3.56380389777862e-13 5.16175968846718e-13 4.27146253683209e-13 -6.71316353496156e-13 2.38244935495274e-13 1.43599897071059e-13 2.54350674898632e-13
0.170659101247389 0.000551551838107944 8.19434636936574e-16 -1.63339888819286e-15 2.3656232847678e-15 1.95746388012565e-15 -3.07619410790973e-15 1.091640257958e-15 6.57929492567021e-16 1.16527246287159e-15
0.118927341856168 0.00378425900606089 4.39644093150616e-15 -8.7643796933522e-15 1.26945267536501e-14 1.05052570645795e-14 -1.65108206062354e-14 5.8597145365075e-15 3.53198020844308e-15 6.25616765331668e-15
-1.23977626724138 -0.330475524202872 -3.79776780823499e-13 7.5707246566212e-13 -1.09653344763012e-12 -9.07404968692043e-13 1.42610738203478e-12 -5.06114906391144e-13 -3.05056322426452e-13 -5.40330206593993e-13
-1.65451706589301 0.386481455482316 4.22811826950145e-13 -8.42855610796855e-13 1.22077218900517e-12 1.01020824470055e-12 -1.58766545613281e-12 5.63446788890885e-13 3.3961027509887e-13 6.01529664739636e-13
0.106240088027667 -0.00416177539374393 -4.67550056065374e-15 9.32080394455568e-15 -1.35006295748041e-14 -1.11724779522754e-14 1.75596880270986e-14 -6.23203537845824e-15 -3.75644491532101e-15 -6.65384152924016e-15
0.0968171746938168 -0.000161102359153209 1.6281755842567e-16 -3.24651913768208e-16 4.7033800190245e-16 3.89311285409383e-16 -6.12006036352336e-16 2.17250221231937e-16 1.309781143443e-16 2.3205211895351e-16
0.391110241241464 -0.00511501513267891 -5.74970071573206e-15 1.14625589193817e-14 -1.66032577471167e-14 -1.3740415753545e-14 2.15962447400877e-14 -7.66482829806104e-15 -4.6201983354194e-15 -8.18402826238648e-15
0.206885344621135 0.00039227724138612 3.37924155900594e-16 -6.73700811533741e-16 9.75866212075165e-16 8.07622330009374e-16 -1.269398991849e-15 4.5054045578633e-16 2.71583529872714e-16 4.81084502296971e-16
-2.48551268521475 0.362519264806053 3.91566078845596e-13 -7.80574924410179e-13 1.13057536586393e-12 9.35576442607693e-13 -1.47038425111585e-12 5.21829025679226e-13 3.14528223899962e-13 5.57107913211704e-13
0.0846849500206767 0.00288259719850506 3.2233467655351e-15 -6.42588645255752e-15 9.30753020968084e-15 7.70248212074114e-15 -1.21059464487358e-14 4.2964783076364e-15 2.58976584715116e-15 4.58729521111299e-15
-1.30935832194096 -0.300616546840536 -3.42615588385014e-13 6.82993226642189e-13 -9.89238623391974e-13 -8.18616642296819e-13 1.28656543701897e-12 -4.56592755435455e-13 -2.75207429513633e-13 -4.87460698390962e-13
0.10913237437273 0.00620841042270335 7.0028522772753e-15 -1.39603846294257e-14 2.02206537379101e-14 1.67335404593534e-14 -2.62997905257745e-14 9.33388759365934e-15 5.62609219470081e-15 9.96550790036167e-15
2.1009423709745 0.00731659547717927 8.55376010956365e-15 -1.70528073668782e-14 2.47007474335098e-14 2.0441800266862e-14 -3.21292058391767e-14 1.1403198027327e-14 6.87364885621267e-15 1.21757671018899e-14
-1.08632858709046 0.1450162766531 1.66817095137069e-13 -3.32543746021253e-13 4.81650931030255e-13 3.98575739342317e-13 -6.26413518489466e-13 2.22309083347108e-13 1.33994599486278e-13 2.37337135408935e-13
0.23956963577741 0.00699113326888784 8.22671782539545e-15 -1.64002633197763e-14 2.37547481173924e-14 1.96582509674335e-14 -3.08966309566504e-14 1.09653677374369e-14 6.60951019453453e-15 1.17074865341551e-14
0.083955179412417 -0.00328143972109378 -4.00983289234833e-15 7.99369330391442e-15 -1.15782808042883e-14 -9.58154429324791e-15 1.50590907307688e-14 -5.34450900819189e-15 -3.22144616084064e-15 -5.70613780629681e-15
2.40631599638153 0.0068347376689558 8.30080751767747e-15 -1.65484806309618e-14 2.39701801234821e-14 1.98371513051425e-14 -3.11787801017769e-14 1.10658494472316e-14 6.67028508766614e-15 1.18155066526913e-14
0.109016624027422 -0.000155292899230217 -2.35912890496464e-16 4.70285949544514e-16 -6.81157778793469e-16 -5.63674346531109e-16 8.85891674243568e-16 -3.14397288015802e-16 -1.89500761091299e-16 -3.35653697794759e-16
0.199694143599517 -0.00324761210397137 -3.77522965080073e-15 7.52612161552985e-15 -1.09012042290703e-14 -9.02137125381828e-15 1.41788967043507e-14 -5.03220291967756e-15 -3.03324752076735e-15 -5.37286427738155e-15
1.13391381200929 0.0107429815739855 1.2146684933433e-14 -2.42161493947497e-14 3.50774323124108e-14 2.90298865495348e-14 -4.5628341708526e-14 1.61945862050716e-14 9.76200498381421e-15 1.72924491482355e-14
-0.741148086860625 0.167751717231647 1.83889929391598e-13 -3.66582576558184e-13 5.30959116754993e-13 4.39384955121591e-13 -6.90559473717317e-13 2.45077148547616e-13 1.47719745501887e-13 2.61651119684053e-13
-0.0537446724358961 0.0247953720341746 2.70098757152142e-14 -5.3843419416658e-14 7.79862555919996e-14 6.45354498622121e-14 -1.01426261927152e-13 3.59955093324551e-14 2.16960277275801e-14 3.84291205461701e-14
-0.578640854116335 0.16194572061681 1.82834619841324e-13 -3.64476775161709e-13 5.27906094562086e-13 4.36856024165254e-13 -6.86581009904433e-13 2.43663832465112e-13 1.46867044418021e-13 2.60139292086676e-13
-0.89593375743282 -0.197714587041279 -2.20272516623474e-13 4.39105445339656e-13 -6.35993565051816e-13 -5.2629768228974e-13 8.27145666612536e-13 -2.93547486324612e-13 -1.76932956241799e-13 -3.13391646938484e-13
0.063923407824712 0.00639340951514011 7.19443880084403e-15 -1.43420604626882e-14 2.07731121091498e-14 1.71904172467739e-14 -2.70173703745728e-14 9.58838713346075e-15 5.77939057624565e-15 1.02368619160891e-14
0.0989606122287171 -0.0011790118045907 -1.45187348914558e-15 2.8943175782813e-15 -4.1921708937276e-15 -3.46917822049179e-15 5.45237915794816e-15 -1.93504608197519e-15 -1.16635451655486e-15 -2.06594213529136e-15
0.082707854243733 0.00294727401982028 3.44347749281859e-15 -6.86451255205151e-15 9.94254460008981e-15 8.22773374987294e-15 -1.29310775566977e-14 4.5891793336979e-15 2.76610933900685e-15 4.89950236359691e-15
0.121367320091314 0.0079650473783223 9.15803722685514e-15 -1.82571004600441e-14 2.64445751779955e-14 2.18844794285317e-14 -3.439597706403e-14 1.22074486385232e-14 7.35827747869901e-15 1.30339403785912e-14
-0.692642644996508 -0.247812040851388 -2.71573645545082e-13 5.41379351025014e-13 -7.84135546639025e-13 -6.48896503601253e-13 1.01983880275158e-12 -3.61937394496503e-13 -2.18157114513893e-13 -3.86414683332153e-13
0.143254868610251 -0.00184566890737904 -1.9766633038297e-15 3.9405499792945e-15 -5.70763733138623e-15 -4.72335661884891e-15 7.42364008939472e-15 -2.63468625416963e-15 -1.58808924162384e-15 -2.81299665833772e-15
0.0873859855663397 0.000795135333655344 1.04079658973547e-15 -2.07504947048973e-15 3.00584400035824e-15 2.48770715738681e-15 -3.91024417470483e-15 1.38788769019071e-15 8.36640279279828e-16 1.48207959602333e-15
0.0858605425257286 0.000577388932493009 5.96830403540227e-16 -1.18984554302389e-15 1.72347752644473e-15 1.42631515336344e-15 -2.24180157918325e-15 7.95654765970791e-16 4.79607719921536e-16 8.49563751348861e-16
-0.595435624999388 -0.0714982271621055 -6.92194324015627e-14 1.37987949625947e-13 -1.99861746701253e-13 -1.65391441722932e-13 2.59937054042231e-13 -9.22505953906602e-14 -5.56037604880615e-14 -9.84889403356769e-14
0.101153898641565 0.00468755024908234 5.47988458877949e-15 -1.09242914074648e-14 1.58230620330721e-14 1.30943101185266e-14 -2.05800544469078e-14 7.30392394446561e-15 4.40250609894283e-15 7.79815755011874e-15
-0.349806728737615 0.0345973358028861 3.85313272454432e-14 -7.68113519022842e-14 1.11253130000718e-13 9.20648616532937e-14 -1.44692951877186e-13 5.1350736183518e-14 3.09513768153151e-14 5.48228470720879e-14
-0.423011624400189 -0.144653390498675 -1.74231385166216e-13 3.47328473986721e-13 -5.03071572135311e-13 -4.16307276998171e-13 6.54289624519834e-13 -2.32205172798842e-13 -1.39961229215607e-13 -2.47908787148247e-13
-0.885940034002544 -0.158331792560782 -1.86937244184025e-13 3.72658290412662e-13 -5.39760535101095e-13 -4.46669506733227e-13 7.02009981896066e-13 -2.49141511596889e-13 -1.5016990411292e-13 -2.6599166395286e-13
0.0847744179550412 0.0024194607870256 2.6185158136804e-15 -5.22016201636415e-15 7.5611552045857e-15 6.25730263530308e-15 -9.83462880650138e-15 3.49039526377009e-15 2.10390075443345e-15 3.726698019046e-15
0.194698843345417 -0.00130146527346293 -1.29237235853225e-15 2.57618348995544e-15 -3.73113798534386e-15 -3.08745518138833e-15 4.8521231516652e-15 -1.7219034269158e-15 -1.03781456873254e-15 -1.838141950528e-15
-0.877281515080919 0.123466261156157 1.3414892514882e-13 -2.67425161587899e-13 3.8734033678927e-13 3.20536892208636e-13 -5.03773273279561e-13 1.78787869747022e-13 1.0776431616107e-13 1.90879909106257e-13
0.981258327878472 0.00143805601437603 2.00581780110329e-15 -3.99909683647837e-15 5.7930562672146e-15 4.7945561348913e-15 -7.53634673678196e-15 2.67497149459545e-15 1.61254351767619e-15 2.85661716420121e-15
0.0908949135640865 0.0024998064039786 2.9703085909759e-15 -5.92132641694776e-15 8.57653420761089e-15 7.09740329838544e-15 -1.11547271114311e-14 3.95880621096148e-15 2.38618184839502e-15 4.22659999516145e-15
-0.982403142433178 -0.157631897782639 -1.60023784742091e-13 3.19002542816823e-13 -4.62039538711898e-13 -3.82348134514605e-13 6.00911637758544e-13 -2.1325934945632e-13 -1.2854037015547e-13 -2.27677087486461e-13
0.0789743150840894 0.00425878598398506 4.86544894154536e-15 -9.6992564244904e-15 1.40484804966315e-14 1.162559266868e-14 -1.82714350117395e-14 6.48449319508832e-15 3.90852974681479e-15 6.92307632461412e-15
0.0997165772246739 -0.00289127581781102 -3.42748359323072e-15 6.83279578128385e-15 -9.89684767095418e-15 -8.19011816272063e-15 1.28722733642066e-14 -4.56842148977495e-15 -2.75366483065962e-15 -4.87757890980704e-15
0.500934366046317 -0.00179248493747702 -2.02424298820737e-15 4.03530577436238e-15 -5.84474601635172e-15 -4.8367058451506e-15 7.6016087496358e-15 -2.69778400776898e-15 -1.62608348802281e-15 -2.88022767135103e-15
-0.496104824386982 -0.0151833044542548 -2.06545508318263e-14 4.11736679206353e-14 -5.96346601525475e-14 -4.93483658971303e-14 7.75565725738211e-14 -2.75239186150269e-14 -1.65896002793224e-14 -2.93839308176206e-14
0.0975547093010025 0.00388156210668515 4.45902383973106e-15 -8.88936008155154e-15 1.28758702470202e-14 1.06555904781054e-14 -1.67475103644133e-14 5.94386332045173e-15 3.58279016623795e-15 6.3463240933002e-15
-0.947169383613923 -0.316267353626801 -3.76437032143506e-13 7.50423374761548e-13 -1.08691543340831e-12 -8.99456148617507e-13 1.41363093315092e-12 -5.01692848658376e-13 -3.02394426386977e-13 -5.35621459677235e-13
0.0984549684382506 -0.00281477237654105 -2.90929270951878e-15 5.79977300792729e-15 -8.40059336427652e-15 -6.95190399458076e-15 1.09262057255626e-14 -3.87775892220209e-15 -2.33736339499681e-15 -4.14018726254341e-15
0.0950321792933348 -0.00910772377342162 -1.02059037930624e-14 2.03456924127934e-14 -2.94692354012028e-14 -2.43870965735969e-14 3.83286155944347e-14 -1.36029152778919e-14 -8.19926369281108e-15 -1.45233240839772e-14
-1.76795334238445 -0.407639754430085 -4.52560908305002e-13 9.02159627102987e-13 -1.30666761562637e-12 -1.08128879979459e-12 1.69937837094788e-12 -6.03093008282379e-13 -3.63506768410644e-13 -6.43856410831381e-13
