0.121378669149352 0.00478837577706827 1.4937597290479e-05 -2.98387017836658e-05 4.32989357217699e-05 3.5899319131189e-05 -5.65265564528781e-05 2.01004827531993e-05 1.21387594584207e-05 2.15413751759872e-05
0.0669951814038551 -0.00145274567964166 -3.68917263000753e-06 7.37400937282113e-06 -1.07007488883403e-05 -8.87152538236365e-06 1.39698528129433e-05 -4.96717239584102e-06 -2.99997970228389e-06 -5.3235121877911e-06
0.107790630953267 0.00602236529489611 1.9199365144455e-05 -3.83429798147093e-05 5.56396231804568e-05 4.61316838677207e-05 -7.26368782736479e-05 2.58294521159513e-05 1.55979605534989e-05 2.76802460782316e-05
0.146005014622755 0.00844299013543692 2.75687652023416e-05 -5.50603106171694e-05 7.98980319928636e-05 6.62445292942925e-05 -0.000104305833888436 3.70908743770185e-05 2.23987246111405e-05 3.97488545232863e-05
-1.85271444566696 -0.318660133393979 -0.000918912261926759 0.00183529190773693 -0.00266303171337756 -0.00220782286603322 0.00347621367606066 -0.00123605334919688 -0.000746402287880994 -0.00132450346304045
0.11621646887868 0.000534256764944915 2.55679073060271e-06 -5.1076635491612e-06 7.41226242085915e-06 6.1459933515948e-06 -9.6776119174331e-06 3.44165617801e-06 2.07861099191882e-06 3.68889374441611e-06
-2.38856996606062 0.458119812962992 0.00129573017160791 -0.00258782720620254 0.00375508854863035 0.00311323039358866 -0.00490182035371052 0.00174294614407279 0.00105250490987639 0.00186769200240603
0.280856925147372 -0.0034783855955876 -8.58013591025894e-06 1.71294450368984e-05 -2.48596032920914e-05 -2.06121692756016e-05 3.24558769023348e-05 -1.15405075452522e-05 -6.969089284459e-06 -1.23677739195091e-05
0.265239796928607 -0.000810851074717069 -3.59881370648666e-07 7.23856268483248e-07 -1.05203779971012e-06 -8.71880150620095e-07 1.37464936719806e-06 -4.8801618858011e-07 -2.95200118518589e-07 -5.23834966423667e-07
0.0934555403168069 -0.00221485779338438 -5.9012552298421e-06 1.17853514789902e-05 -1.71020790386159e-05 -1.41791220257968e-05 2.23257608336428e-05 -7.93835537311524e-06 -4.79378600284828e-06 -8.5068568456522e-06
-0.0105058057688867 0.0541881202030478 0.000173291765577602 -0.000345975169169813 0.000502061343439964 0.000416265141500945 -0.000655407704540332 0.000233051433318916 0.000140729544522236 0.000249734773902113
0.394813361692779 -0.00819221770133135 -2.47330159535343e-05 4.93821808232163e-05 -7.16619924186554e-05 -5.9418729363071e-05 9.35596778820596e-05 -3.32704181824033e-05 -2.00911567491328e-05 -3.56549709386842e-05
0.858276760246457 -0.0555818293716123 -0.000167471424974894 0.000334377331159173 -0.000485200115245728 -0.000402283539753246 0.000633399988648931 -0.000225233038555198 -0.000136004912651995 -0.000241350789958231
0.0661605475303423 -0.00199964504094853 -5.10957617165376e-06 1.01988645954637e-05 -1.48000569499605e-05 -1.22707135310244e-05 1.9320007659976e-05 -6.8694909438743e-06 -4.14793559202838e-06 -7.36069701765973e-06
0.0905659332620261 0.0105836448385394 3.36231791495582e-05 -6.71639886149482e-05 9.74607509469834e-05 8.08042095980889e-05 -0.000127231603907126 4.52423032143722e-05 2.73217678404784e-05 4.84844349299006e-05
0.0727280458963226 0.00458191278419016 1.44324453917649e-05 -2.8831242969953e-05 4.18362886335649e-05 3.46864472263752e-05 -5.46167629756141e-05 1.94214973645159e-05 1.17287211683532e-05 2.08136408107029e-05
-1.12949681749969 -0.434659295317648 -0.00132398002428962 0.0026440026674084 -0.0038366264517834 -0.00318089095137186 0.00500833073484151 -0.00178086166748814 -0.00107539698347472 -0.00190834390466348
-0.713686740101885 0.138137045220987 0.000392517129695735 -0.000784064688053875 0.00113769574689938 0.000943217076791538 -0.00148511917698701 0.000528067733708483 0.000318886534163607 0.00056586738380816
0.0904432049059575 0.000477543063438055 1.92100663321156e-06 -3.8372810852569e-06 5.56758693834115e-06 4.61619393149691e-06 -7.26841085015804e-06 2.58490590069906e-06 1.56096797949216e-06 2.77014471096904e-06
-1.06687626923015 0.266325151120735 0.000772424929545481 -0.00154296098929881 0.00223889554260355 0.00185619020582979 -0.00292263495630664 0.00103921637326377 0.000627562457547991 0.00111362188501802
0.665236497381534 0.0136772877341582 4.34283658127726e-05 -8.66975236503248e-05 0.000125816682378923 0.00010432280014812 -0.000164263264635551 5.84131505264822e-05 3.52740959454561e-05 6.25999930496564e-05
0.0961939948427005 -0.00508559887470169 -1.48899058387441e-05 2.97394106784168e-05 -4.31536761721863e-05 -3.57775385220904e-05 5.63325169359178e-05 -2.00303992777409e-05 -1.20957974013974e-05 -2.14643313093977e-05
0.107464222169187 0.00275291733057915 9.29662594001375e-06 -1.85748079359101e-05 2.69530720545974e-05 2.23463167285562e-05 -3.51859761614786e-05 1.25118789700919e-05 7.55613170184281e-06 1.34087518508731e-05
0.0582252266010171 0.00792980628743521 2.45977317975519e-05 -4.91261022753003e-05 7.12854102927718e-05 5.91024871174963e-05 -9.30589614459437e-05 3.30907602383876e-05 1.99827172701318e-05 3.54608159650086e-05
0.108105048105598 0.000934916735139284 2.73753653975347e-06 -5.47290281803599e-06 7.94139015636087e-06 6.58430862108718e-06 -1.03686189961592e-05 3.68734497446484e-06 2.22710288324224e-06 3.95235366872838e-06
0.0615395834846878 0.0142172896280129 4.29289716529308e-05 -8.57119442182136e-05 0.000124380764952247 0.000103126367435367 -0.000162374883626456 5.77382962542555e-05 3.48660321678735e-05 6.18730754631741e-05
0.282481624073594 0.00762261855299721 2.3585304036089e-05 -4.71167049444405e-05 6.83689383168021e-05 5.66835221841169e-05 -8.92518952182772e-05 3.1736894643534e-05 1.91658583699803e-05 3.40108656179253e-05
-0.359013875387763 0.0453137054678245 0.000121632620018926 -0.000242890102403446 0.000352448746544972 0.000292207311483714 -0.000460082181788635 0.000163592177041006 9.87854964750371e-05 0.0001752985118445
-0.809211005977731 0.25652446120648 0.000808137224355486 -0.001613583210234 0.00234149568384826 0.00194133456570995 -0.00305662288429011 0.00108687524204664 0.000656316951556064 0.00116467268329475
0.0692556367102383 0.00297445438610895 1.02120244761973e-05 -2.04011827625225e-05 2.9602537440823e-05 2.45426038613186e-05 -3.86430780181102e-05 1.37409934635306e-05 8.29810390383699e-06 1.47252267190422e-05
-1.57394667453258 0.251981522995795 0.000700160159772831 -0.00139877246104371 0.00202962781825734 0.00168264062677701 -0.00264935879096975 0.000942015883753492 0.000568863440435359 0.00100943213419454
-0.0183573425818614 -0.00216862897940478 -4.93788289178681e-06 9.87354910612449e-06 -1.43304165717774e-05 -1.18799492788464e-05 1.87077997105239e-05 -6.65059010558018e-06 -4.01707590535945e-06 -7.12761692561901e-06
0.170885234534018 -0.00711277376306716 -2.07901482386288e-05 4.15324168525573e-05 -6.02656836357202e-05 -4.99649957225525e-05 7.86735643599949e-05 -2.79749712523748e-05 -1.6893926794429e-05 -2.99792386480577e-05
-0.575583554576481 -0.00528927935324751 -2.62260786698507e-05 5.24012942731353e-05 -7.60395929162789e-05 -6.30392519866278e-05 9.92516866739194e-05 -3.52901447866273e-05 -2.13124794973377e-05 -3.78168074370541e-05
0.281931564331946 0.00342605162074022 1.21761699050886e-05 -2.43234827859539e-05 3.52942831640967e-05 2.92627100727256e-05 -4.60761139600128e-05 1.63850549420661e-05 9.8949075696263e-06 1.75594327132254e-05
0.0624366734422228 -0.00220050276678412 -6.71605390972915e-06 1.34084290952438e-05 -1.94589363676989e-05 -1.61347340922974e-05 2.54057902798497e-05 -9.0343899724693e-06 -5.45574391474824e-06 -9.68225722650204e-06
-0.595102664247967 0.145766202361446 0.000426587271302907 -0.000852113390169576 0.00123643945836809 0.00102508122980932 -0.00161400944819968 0.00057389740609863 0.000346561995896412 0.000614976043243792
0.111155669513026 0.00305533803789303 9.02599483079924e-06 -1.80254697980822e-05 2.6157539884888e-05 2.16880650313437e-05 -3.41498237652703e-05 1.21437043168947e-05 7.3334760723029e-06 1.30142854577171e-05
0.0916199067132093 0.00212944944094679 7.81322924058092e-06 -1.56092533223603e-05 2.26514681068941e-05 1.87817596724789e-05 -2.95751125201137e-05 1.05178273436741e-05 6.3522068780218e-06 1.12733417475546e-05
-0.769910642631162 -0.347885775432639 -0.00106908898885647 0.00213498777635238 -0.00309797032449242 -0.00256849279735226 0.00404411725590151 -0.0014380290925313 -0.000868368247885664 -0.00154096652534292
-1.56456054608972 -0.343273238101582 -0.000955620031589071 0.00190864313847377 -0.00276958419729386 -0.00229619003778481 0.0036154262241437 -0.00128554512133441 -0.000776306181796631 -0.00137757698132127
0.277123855158182 0.00991015882671512 3.30021481339537e-05 -6.59231748314658e-05 9.56607917984355e-05 7.93136966332966e-05 -0.000124886326017425 4.44098809335146e-05 2.68193906561125e-05 4.75939821159393e-05
0.248262305807526 0.00544623302837821 1.83295493929929e-05 -3.66148321982476e-05 5.31313295086118e-05 4.40517580313913e-05 -6.93631941658521e-05 2.46657035060567e-05 1.48957672342919e-05 2.64340796635572e-05
0.0699185680592672 0.00376077042513691 1.18244989213782e-05 -2.36176838427439e-05 3.42720129972293e-05 2.84154077868199e-05 -4.47422666251374e-05 1.59101742491367e-05 9.60815379775484e-06 1.7050759315905e-05
-2.05269316357774 -0.452876815476304 -0.0013844045616426 0.00276437748703976 -0.00401130602605099 -0.00332574999552832 0.00523638443172612 -0.001861970174568 -0.00112435972335865 -0.00199524767801898
-2.03261947301277 -0.432304844023827 -0.00123859288521358 0.00247354622401892 -0.00358929485535047 -0.00297579659395258 0.004685409797564 -0.00166600106554175 -0.00100603580352817 -0.00178523812023522
0.0780770912450481 0.00332525996851234 1.12954751481991e-05 -2.25577112856894e-05 3.27326314653701e-05 2.71389026178315e-05 -4.27309399347423e-05 1.51950816893085e-05 9.17588658374794e-06 1.62834473725032e-05
-1.30360544492011 0.269765513938427 0.000838016923884973 -0.00167393498275245 0.00242890287677848 0.00201368799378003 -0.00317054340052968 0.0011273548049077 0.000680775964384417 0.00120802650304953
0.146777450493488 -0.0088590721528125 -2.59393691061186e-05 5.17999449478277e-05 -7.51681515290054e-05 -6.23224180345701e-05 9.81296949533521e-05 -3.48933765859561e-05 -2.10712288875961e-05 -3.73927487650084e-05
0.161811672087162 0.00362180054197146 1.17391294383017e-05 -2.34508719512581e-05 3.40296618186741e-05 2.82140276319422e-05 -4.4425302256429e-05 1.57973646087253e-05 9.54019173706106e-06 1.69298345378388e-05
-0.948280685194866 -0.19850427779271 -0.000588595251877424 0.00117575187269044 -0.00170612214026503 -0.00141449705528826 0.00222719070248696 -0.000791928244120103 -0.000478238261987875 -0.000848642341269018
-1.4094223837597 0.435177862933865 0.00133786181751243 -0.00267223738549187 0.00387747269802376 0.00321466143007088 -0.00506148701611223 0.00179973641798519 0.00108680443105484 0.00192853953594731
0.0929312158138746 0.00447137331128117 1.37255148618504e-05 -2.74119125376685e-05 3.97780100913534e-05 3.29804112220128e-05 -5.19296669462309e-05 1.8465732212635e-05 1.11512363336102e-05 1.97890161072922e-05
0.0850517360515997 0.000545221651114096 2.20740273763889e-06 -4.41123328200334e-06 6.40208645597292e-06 5.30845746190314e-06 -8.35938090376607e-06 2.97280353882454e-06 1.79563326095715e-06 3.18679475880356e-06
0.456135275363674 3.96237030861311e-05 1.27332920151311e-06 -2.56046550174046e-06 3.71489766286626e-06 3.07885851155933e-06 -4.84983685377335e-06 1.72430820621852e-06 1.04247795627642e-06 1.84989325938807e-06
0.171466363974023 0.00332379306284584 1.14081272776679e-05 -2.2787280459012e-05 3.30674048750366e-05 2.741740582064e-05 -4.31716968180662e-05 1.53523854120756e-05 9.27154671078286e-06 1.64537629346798e-05
-1.92995359995341 0.347539399825369 0.00101649530455154 -0.00202961684375746 0.00294513129421789 0.00244177070114735 -0.00384453226488331 0.00136702164099922 0.000825470848136871 0.00146483445331437
0.107646714701868 0.00314706058748514 1.09041075723231e-05 -2.17775235824564e-05 3.16011154213925e-05 2.6201651993639e-05 -4.125657869292e-05 1.46714854775289e-05 8.86000688136208e-06 1.57234743844461e-05
-0.753134141147473 -0.0294979237444944 -8.36760265674739e-05 0.000167211887164205 -0.000242645019348134 -0.000201166858272218 0.000316760357102795 -0.000112629351864065 -6.80204574181742e-05 -0.000120701852981851
0.102271581437656 0.00226739332909514 7.87798163506568e-06 -1.57384317998371e-05 2.28376407559183e-05 1.89347402216516e-05 -2.98143408176568e-05 1.06019974912646e-05 6.40268235228119e-06 1.13621481900975e-05
2.15318630832816 0.0118948522461936 3.67775836770271e-05 -7.34030124622905e-05 0.000106525808800837 8.83296724934205e-05 -0.000139080229641336 4.94586268155818e-05 2.9865839114258e-05 5.30025919686113e-05
-1.43517791780832 0.377219597588651 0.00114204054233433 -0.00228078680162514 0.00330965414213282 0.00274401223446184 -0.00432054152355303 0.00153630446003652 0.000927736732026818 0.00164632136223035
0.186078103180823 0.00505637869274869 1.62295192191661e-05 -3.24194630599001e-05 4.70430502600579e-05 3.90032962532534e-05 -6.14133653280007e-05 2.18382252346678e-05 1.31880798351847e-05 2.34033535114225e-05
0.0772406914439474 0.00242974214760716 7.39405724848942e-06 -1.47754699038595e-05 2.143893043642e-05 1.777388499631e-05 -2.7986023432546e-05 9.95127594849139e-06 6.00965478051814e-06 1.06641572539051e-05
2.47533102975293 0.0279991428271295 8.74908030744563e-05 -0.000174640828067303 0.000253446983066283 0.000210152987877919 -0.000330900928164949 0.000117671530222094 7.10581255381904e-05 0.000126106120020576
0.0942427870092732 0.00137945151470434 5.01269540435922e-06 -1.00178828368837e-05 1.45374867241083e-05 1.2053874278532e-05 -1.89816467740745e-05 6.7505320154039e-06 4.07720929659071e-06 7.23591152804669e-06
0.173806324267484 -0.00383010609310757 -9.82647048972649e-06 1.96242499850737e-05 -2.84782936346856e-05 -2.36117965776106e-05 3.71792425105085e-05 -1.32202361162629e-05 -7.98354591901846e-06 -1.41676100166949e-05
0.934215066955899 0.0148366780205254 4.53810507605242e-05 -9.06000739081233e-05 0.000131480407073152 0.000109018649188384 -0.000171658550904415 6.10426208159995e-05 3.68622382912808e-05 6.54184304425322e-05
-0.754236209507377 0.106606634035216 0.000277547146102651 -0.000554084128787185 0.000804055982858087 0.000666653291060542 -0.00104965836512804 0.000373234301425097 0.000225376108154978 0.000399952070456357
-0.397404486680445 0.105070333929283 0.000322104657119317 -0.000643401641220093 0.000933639769417244 0.000774075870584897 -0.00121883756570835 0.000433402690113048 0.000261730064829659 0.000464457268938461
-0.311379196691142 0.0173554027209354 4.51152309939324e-05 -9.00418542731265e-05 0.000130671477564989 0.000108348750067944 -0.000170601550338693 6.06652301103545e-05 3.66325622601827e-05 6.5011933148215e-05
-0.853368207382587 -0.244609587629351 -0.000736213495764653 0.00147060092668829 -0.0021339593126346 -0.00176920022599601 0.00278566962359627 -0.000990508240089643 -0.000598154894733704 -0.00106143394856512
0.0850595529350582 0.00441724346430559 1.42851756959484e-05 -2.8526029679766e-05 4.13955206163639e-05 3.43222536394265e-05 -5.40422565485803e-05 1.9217325142693e-05 1.16050671764047e-05 2.05946878895281e-05
0.0898518945978263 0.00235189660807107 7.57868473972008e-06 -1.514152911162e-05 2.19719089399966e-05 1.82173180803673e-05 -2.86856150603407e-05 1.02008241504391e-05 6.16056229300304e-06 1.09327172436905e-05
0.092512663341579 0.00848037163726833 2.7252529556868e-05 -5.44338490908585e-05 7.89876856073817e-05 6.54887348680056e-05 -0.000103115819798423 3.66673509189296e-05 2.21430197732778e-05 3.92945751210991e-05
0.221578953881162 -0.00451145046728932 -1.13266987799843e-05 2.26142978042499e-05 -3.28187736882307e-05 -2.7211578218183e-05 4.28476390157761e-05 -1.52359556113314e-05 -9.20074181521192e-06 -1.6328411287509e-05
-0.209998938678035 -0.0753270943034347 -0.000230503687925683 0.00046040629122695 -0.000668092640619246 -0.000553908032612317 0.000872157323434586 -0.000310123803287637 -0.00018728002207348 -0.000332338348044651
0.330935092943733 0.00693167700387247 2.30510540048197e-05 -4.60377796983724e-05 6.68054002671093e-05 5.53902723324362e-05 -8.72162723222528e-05 3.10148187718093e-05 1.87296216159117e-05 3.32382765407153e-05
0.0763591567221091 0.0142910921839859 4.37078918586075e-05 -8.7287544212884e-05 0.000126662789463925 0.000105017156766937 -0.000165354523134916 5.87986301370633e-05 3.55071816795214e-05 6.30108779046646e-05
0.0832414218763634 0.00298337340057177 9.14774330676721e-06 -1.8274215856167e-05 2.65187463446799e-05 2.19872287790033e-05 -3.46216420225659e-05 1.23113690557641e-05 7.43514990106782e-06 1.3194615348181e-05
-0.747026193442712 -0.30024639729788 -0.000949509461214525 0.00189641826125421 -0.00275183819241567 -0.00228150169077904 0.00359226934254384 -0.00127734345141589 -0.000771358574449889 -0.00136880786921698
0.0943012730261996 0.000666651427635523 2.34347298205116e-06 -4.68029702555352e-06 6.79116821069515e-06 5.63068858967348e-06 -8.86566139774418e-06 3.15277045911495e-06 1.90388798393873e-06 3.37870665774813e-06
-0.147298340000863 0.0203459130272158 5.70456697998426e-05 -0.000113898445175457 0.000165272506178162 0.000137024729913065 -0.000215742826496022 7.67127300455016e-05 4.63219334273146e-05 8.22003551898003e-05
-0.722651474776696 -0.150368893390771 -0.000438742100520069 0.000876159534499831 -0.00127136251378414 -0.00105408273110971 0.00165968399325406 -0.000590162097428378 -0.00035637636247727 -0.000632416232306566
-0.169240036771064 -0.0728329464368696 -0.000214111580399366 0.000427597134888716 -0.000620479392378915 -0.000514431447781863 0.000809984705725107 -0.00028801298315614 -0.000173922164701228 -0.000308634214839737
0.0790541062281645 0.00772312406130235 2.48556525276789e-05 -4.96446182241354e-05 7.20386100827283e-05 5.97277735138983e-05 -9.40450645663687e-05 3.34421031477366e-05 2.01953407505214e-05 3.5838570903661e-05
0.17550758140468 0.00666249663042665 2.11032997337701e-05 -4.21518245206782e-05 6.11680593920407e-05 5.07158664643414e-05 -7.98572614089751e-05 2.83972444448749e-05 1.7149311861212e-05 3.04336410134713e-05
-0.992713497422366 0.286941391364993 0.000860924017559235 -0.0017189967723325 0.00249447045929016 0.00206816766397376 -0.00325634339561044 0.00115788854139794 0.000699200171215274 0.00124077517543114
0.449860643327481 0.00455081189219703 1.47806716529296e-05 -2.95147360884731e-05 4.28311878532064e-05 3.55141755300626e-05 -5.59209996021539e-05 1.98865162611106e-05 1.20093798151379e-05 2.13129864552099e-05
0.0990312901312483 0.00383417366596043 1.2415079712758e-05 -2.47978263154856e-05 3.59825816277974e-05 2.983297666102e-05 -4.69733972460355e-05 1.6703553933972e-05 1.0086957510993e-05 1.79000334851386e-05
-1.5314621046776 -0.526189223888663 -0.00159209697203615 0.0031798186032385 -0.00461415909830438 -0.00382552321445156 0.00602339297752238 -0.00214179732257712 -0.00129338197286483 -0.00229516572873103
0.0731682043126291 -0.00427037820743052 -1.18491249997483e-05 2.36671621580847e-05 -3.43428436776722e-05 -2.84727800910409e-05 4.48317330043185e-05 -1.59409539355983e-05 -9.62639077951418e-06 -1.70823456603038e-05
0.103836123252423 0.00511933980465378 1.59019427912406e-05 -3.17593466752396e-05 4.60865771676771e-05 3.82112018949084e-05 -6.01662924643786e-05 2.13949213371204e-05 1.29202277380186e-05 2.29284651629051e-05
0.168121635252235 0.000646799619249359 2.85256398835652e-06 -5.7008158385622e-06 8.27158684841193e-06 6.8581166974813e-06 -1.07989555706217e-05 3.84055533216637e-06 2.31945176016714e-06 4.11619693677047e-06
-0.167666762723572 -0.00310439680912654 -6.79439006228733e-06 1.35508348576e-05 -1.96620372318254e-05 -1.63014322311129e-05 2.56638015967038e-05 -9.12477302781062e-06 -5.50861264884463e-06 -9.77533196672123e-06
0.0868981228946575 0.00768235034453652 2.31777695584076e-05 -4.6294959978421e-05 6.71782078095454e-05 5.56975080852403e-05 -8.7699568929474e-05 3.11851192871868e-05 1.88324347638234e-05 3.34198127165145e-05
-0.483479288024655 -0.155148404997377 -0.0004613333771871 0.000921264648390797 -0.0013368057858179 -0.00110833558200123 0.00174509374652228 -0.000620529988514587 -0.00037471200810798 -0.000664949340382365
0.092780147011469 0.00382302153518183 1.19998214358352e-05 -2.39661415127541e-05 3.47778603905309e-05 2.88347556021265e-05 -4.54021290159321e-05 1.61446767353498e-05 9.74963785956081e-06 1.73016807939312e-05
0.0777634294951075 -0.026154710634126 -9.1578451480003e-05 0.00018286495167461 -0.000265341552570955 -0.000219992517712958 0.000346372279551238 -0.000123167183955062 -7.43740409319658e-05 -0.000131979924804457
-1.78578511034759 -0.438651192946316 -0.00126271719216973 0.00252198784905372 -0.0036595632170955 -0.0030340357078811 0.00477714069160744 -0.0016986187865093 -0.00102574667814441 -0.00182020987231097
