0.232517692690863 0.000587322410437696 2.36136903207245e-09 -4.71299131940415e-09 6.83446985079296e-09 5.66249573260504e-09 -8.9101040366018e-09 3.16594608132283e-09 1.91054944027626e-09 3.38814031778551e-09
0.0979972022699435 0.00139759214385156 6.15247332083037e-09 -1.22812234971313e-08 1.78118462357872e-08 1.47594812758071e-08 -2.32276393417188e-08 8.25438833348953e-09 4.98194280821676e-09 8.83610586588225e-09
0.0600987938015011 -0.000377196376274066 -1.3009025551553e-09 2.59617573517131e-09 -3.7644263275436e-09 -3.11859056932792e-09 4.90670255703912e-09 -1.74327914461299e-09 -1.05190893595682e-09 -1.86525269137529e-09
0.0907283214875916 -0.0012180076334721 -5.01821006861551e-09 1.00160839946777e-08 -1.45252121803799e-08 -1.20348828511037e-08 1.89379546348622e-08 -6.72930355777039e-09 -4.06107664371063e-09 -7.20212383167934e-09
-2.20864529443063 -0.561255732929002 -2.33272370906658e-06 4.65589994144191e-06 -6.75179709313234e-06 -5.59409687180824e-06 8.80262919182548e-06 -3.12781226083141e-06 -1.88756957284002e-06 -3.34744609637224e-06
0.077789952421983 -0.00117704522334902 -4.76078041347756e-09 9.50177264272799e-09 -1.37786454376308e-08 -1.14157189734275e-08 1.79627090457214e-08 -6.38243270282087e-09 -3.85154229068369e-09 -6.83016867552182e-09
-2.0045750665901 0.267987555402074 1.08515456438231e-06 -2.16586570247855e-06 3.14084753499188e-06 2.60229808623183e-06 -4.09485995880062e-06 1.45501312146911e-06 8.78069285159867e-07 1.55718063932397e-06
0.692964481922929 -0.000929444603859061 -3.73403117594553e-09 7.4517662182529e-09 -1.08047791898875e-08 -8.95091454193656e-09 1.40828558525325e-08 -5.0033385002814e-09 -3.01899950680207e-09 -5.35321290127307e-09
0.273240617684242 0.00121078983150417 5.16259355952746e-09 -1.03056304337027e-08 1.49470882205915e-08 1.23860686713552e-08 -1.94931573946848e-08 6.9275032149964e-09 4.18124194508643e-09 7.41621293145663e-09
0.10698826890703 0.00206177895587184 8.58459275732024e-09 -1.71348148717508e-08 2.48493220239637e-08 2.05894396902302e-08 -3.2400098946171e-08 1.15131454056751e-08 6.94825362772987e-09 1.2322694163808e-08
0.111555683541863 0.0325365875000821 1.39241977807889e-07 -2.77924663158129e-07 4.0305044213536e-07 3.33953941025501e-07 -5.25515547506373e-07 1.86737014480836e-07 1.12696200377113e-07 1.99864872604147e-07
0.61238396914644 -0.011734289415496 -5.00865320250643e-08 9.99727271639206e-08 -1.44983147654843e-07 -1.2012913907251e-07 1.8903883342424e-07 -6.71737411512641e-08 -4.053984309717e-08 -7.18973566467251e-08
0.912918619793639 -0.020444565052821 -8.73424002899901e-08 1.7432933896552e-07 -2.52808255806126e-07 -2.09462786859173e-07 3.29605406431956e-07 -1.17119071444645e-07 -7.06797385165175e-08 -1.25346029414989e-07
0.100330604291353 0.00200083964532315 8.49337876106913e-09 -1.69527781678288e-08 2.45853659267283e-08 2.03707646896463e-08 -3.20560357294388e-08 1.13909026742779e-08 6.87449009438439e-09 1.21918939185644e-08
0.0759189878006938 9.10059495905193e-05 7.73140832704637e-10 -1.54353379948467e-09 2.23897409593894e-09 1.85556782732048e-09 -2.92062909049842e-09 1.03805844898259e-09 6.26615613499029e-10 1.11154982290595e-09
0.0561104453134358 -0.00492630217194929 -2.07907631341515e-08 4.14975298843436e-08 -6.01796241579278e-08 -4.98622133447756e-08 7.8463099310853e-08 -2.78807986667553e-08 -1.68259262950427e-08 -2.98401559343639e-08
-0.587763477821922 -0.115462990393624 -4.81449884330072e-07 9.60935205136181e-07 -1.39351783557905e-06 -1.15458474591124e-06 1.81681590874373e-06 -6.45567826332541e-07 -3.89589149165149e-07 -6.90907904123149e-07
-0.682298376393805 0.122449759377291 5.14341822565384e-07 -1.02658377229433e-06 1.48871772437791e-06 1.23346031073394e-06 -1.94092978601457e-06 6.89668380202021e-07 4.16202634875628e-07 7.38104188090454e-07
0.0977286902503451 0.00217230847415438 8.69061132055785e-09 -1.73469252294395e-08 2.5157651455679e-08 2.08455108630432e-08 -3.28040009237374e-08 1.16570036907491e-08 7.03527492930813e-09 1.24773842177912e-08
-1.23651586562305 0.318670999709677 1.3295083307901e-06 -2.65359725607423e-06 3.84817102082726e-06 3.18836899155145e-06 -5.01712144170252e-06 1.78273378599762e-06 1.07585166756951e-06 1.90794843727466e-06
0.947770589174016 0.00974532757359799 4.10562279434141e-08 -8.19445386298707e-08 1.18832817014937e-07 9.84572333765508e-08 -1.54928276302036e-07 5.50502880628749e-08 3.32217513789474e-08 5.89160723197587e-08
0.122309441138032 0.00163025713018453 6.81324247351594e-09 -1.35993237002347e-08 1.97222376548302e-08 1.63414249023378e-08 -2.57155302214068e-08 9.13791030403677e-09 5.51483242106797e-09 9.78061322454203e-09
0.0661511902149283 -0.00481919873965205 -2.05835106014362e-08 4.10844786469968e-08 -5.95815121403102e-08 -4.93673844005849e-08 7.76856025427619e-08 -2.76049397425085e-08 -1.66596966009849e-08 -2.95457967401208e-08
0.0649773696840253 -0.0032090952590715 -1.34881613261899e-08 2.69216316559943e-08 -3.90414026553194e-08 -3.23477667449372e-08 5.09020200125352e-08 -1.808720980853e-08 -1.09154628296978e-08 -1.93580259322216e-08
0.0661805840476971 -0.00143370331629383 -6.09111754880316e-09 1.21581531360977e-08 -1.76324899148675e-08 -1.46101452435208e-08 2.29914967613323e-08 -8.17007041200859e-09 -4.93081117784549e-09 -8.74498917110166e-09
0.116483094787925 0.0306272349833469 1.33278101271496e-07 -2.66020616517775e-07 3.85786657748286e-07 3.19649455501505e-07 -5.03005298168278e-07 1.78738041817338e-07 1.07868701971112e-07 1.91303204294497e-07
0.363606183858642 -0.0109189109505702 -4.63419503068032e-08 9.24967580197619e-08 -1.34138709183018e-07 -1.11141586022026e-07 1.74892377140635e-07 -6.21456901499674e-08 -3.75046545178277e-08 -6.65131714316862e-08
-0.412332195492171 0.0303420229955889 1.17554679463686e-07 -2.34630082499693e-07 3.40253713805616e-07 2.81914174102337e-07 -4.43611478105896e-07 1.57628405602909e-07 9.5126213816246e-08 1.68699686120256e-07
-0.525159240792515 0.0472816125710576 1.83926686918839e-07 -3.67112014904339e-07 5.32387509581319e-07 4.41115150388398e-07 -6.94141348725214e-07 2.46654873948537e-07 1.48855713403793e-07 2.63991321222907e-07
0.0890454747525861 0.00220095339774523 9.51937942402287e-09 -1.90011133496927e-08 2.75565515825329e-08 2.28331351078226e-08 -3.59317234641609e-08 1.27683975455385e-08 7.70599572863454e-09 1.36668826746888e-08
-1.2727359470877 0.153763156095481 6.12960670719916e-07 -1.22341679830988e-06 1.77415548252869e-06 1.46995409528008e-06 -2.31306422699013e-06 8.21897115937959e-07 4.95999502934051e-07 8.79616485292007e-07
0.0176494846274249 -0.0176383848222268 -7.64422795850805e-08 1.5257672522649e-07 -2.21267871422415e-07 -1.83334113728461e-07 2.88496157855283e-07 -1.02513870048668e-07 -6.18670267600653e-08 -1.09719594800095e-07
0.210286220269583 0.017559423380772 7.76780885529354e-08 -1.55044874153993e-07 2.24849385596982e-07 1.86303431852151e-07 -2.93171554853978e-07 1.04176233526472e-07 6.28708734451954e-08 1.11500976593082e-07
-0.604664575012863 0.0146667341422673 5.80154390403013e-08 -1.15793560264675e-07 1.67919309339163e-07 1.39127098229389e-07 -2.18924637281636e-07 7.77899325089185e-08 4.69446569775929e-08 8.32524989984012e-08
0.252093544958371 -0.00406826272328667 -1.72347131091828e-08 3.44000544070808e-08 -4.98872550388126e-08 -4.13347145462566e-08 6.50447278557022e-08 -2.31129352801844e-08 -1.39486483209704e-08 -2.47375952547973e-08
0.0828253807264687 0.00204135799107944 8.45312173008183e-09 -1.68723521877605e-08 2.44686242226547e-08 2.02739480087227e-08 -3.19035441667781e-08 1.13366667650753e-08 6.84172875151826e-09 1.2133739269466e-08
-0.816453583190394 0.305326091257316 1.28709890127189e-06 -2.56893837237943e-06 3.72538241977555e-06 3.0866180539772e-06 -4.85698483909314e-06 1.72582377833532e-06 1.04150214572759e-06 1.84702265983942e-06
0.0987692378839548 -0.00179507972354651 -7.4204896213724e-09 1.48111935845434e-08 -2.14794402917367e-08 -1.77971604626764e-08 2.80059489967559e-08 -9.95166419664496e-09 -6.00585924562534e-09 -1.06513073732423e-08
0.0799619539929937 -0.00164891245501247 -7.17296828623827e-09 1.43169071882512e-08 -2.07622738673109e-08 -1.72026548490873e-08 2.7069975268542e-08 -9.61891496142251e-09 -5.80494794857587e-09 -1.0294823533725e-08
-0.369380686784688 -0.069242005999117 -2.87542082971557e-07 5.73917296866427e-07 -8.32286063750909e-07 -6.89589735920952e-07 1.08512752553426e-06 -3.85581880411099e-07 -2.32694691022349e-07 -4.12671681400095e-07
-1.54917104262569 -0.18271373655904 -7.49569508861621e-07 1.49610253431119e-06 -2.1696326847228e-06 -1.79765326573662e-06 2.82876888688619e-06 -1.00515919724961e-06 -6.06605377430794e-07 -1.07578626631342e-06
0.187310558198291 0.000941031818448067 4.08020829310814e-09 -8.14436981774311e-09 1.18115813967413e-08 9.78708738711555e-09 -1.54017727299991e-08 5.47310526585532e-09 3.30316990411216e-09 5.85836409983735e-09
0.339536333968526 -0.00278240545881721 -1.17593494961067e-08 2.34706242130619e-08 -3.40362251753898e-08 -2.82002520713115e-08 4.4374800595696e-08 -1.57676031607595e-08 -9.51544197631157e-09 -1.68748756435635e-08
0.0801611034951411 0.00274803428517408 1.13250469830343e-08 -2.26046510093191e-08 3.27816651732195e-08 2.71618327983893e-08 -4.27424053229807e-08 1.5188143481007e-08 9.16609692572844e-09 1.6255956723755e-08
-1.9858102448355 -0.226559281054236 -9.30790497192471e-07 1.85778153217879e-06 -2.69409404014135e-06 -2.23216203853729e-06 3.51245290473239e-06 -1.24807633122689e-06 -7.53192185112302e-07 -1.33573036175497e-06
-2.32571942921588 -0.49768082101887 -2.07265932487848e-06 4.13685285407217e-06 -5.99912113424863e-06 -4.97049962952595e-06 7.82139618034745e-06 -2.77916523956882e-06 -1.67717536165085e-06 -2.97434206080206e-06
0.0805108732854775 0.000893478059394838 3.24657960510662e-09 -6.48028822743398e-09 9.39805539761895e-09 7.78711409515158e-09 -1.22542546929141e-08 4.35454832608746e-09 2.62804834266481e-09 4.66092292794537e-09
-1.75807703002904 0.106853166315389 4.49985655352235e-07 -8.98154018255581e-07 1.30250192585867e-06 1.07919714562778e-06 -1.69822420605312e-06 6.03441412422902e-07 3.64174234687796e-07 6.45849987772494e-07
0.119874642817135 -0.00199379241635113 -8.38645912790663e-09 1.67392614202475e-08 -2.42755655462383e-08 -2.0113945830827e-08 3.16516984278463e-08 -1.12471530704142e-08 -6.78769331090129e-09 -1.20378838739861e-08
0.125812761439395 0.00500588319567732 2.09488966684065e-08 -4.18136439726981e-08 6.06387568113922e-08 5.02432146079973e-08 -7.90635613089701e-08 2.80944912936774e-08 1.69550858757906e-08 3.00695652819295e-08
-0.834412196771247 -0.0820123983389033 -3.41038122259215e-07 6.80697061758371e-07 -9.87143369666602e-07 -8.17902332765083e-07 1.28704723532437e-06 -4.57333874704627e-07 -2.75998216897753e-07 -4.89471620379785e-07
-1.42769517011643 0.104280005236843 4.1194381975711e-07 -8.22203731851641e-07 1.19232954089588e-06 9.87888706800468e-07 -1.554502990044e-06 5.52358380182202e-07 3.33337637389933e-07 5.91147819810428e-07
0.114384294990151 -0.000153482510104093 -5.38059463479043e-10 1.07359191799542e-09 -1.55640827094621e-09 -1.28914750277378e-09 2.02793227119986e-09 -7.2036077126485e-10 -4.34590882733564e-10 -7.7047655846796e-10
0.0838048919160767 -0.00617275498671201 -2.70369061932602e-08 5.39653491017481e-08 -7.82615409933233e-08 -6.4845023885175e-08 1.02041477295495e-07 -3.62595712142535e-08 -2.1882785821716e-08 -3.880886022385e-08
0.631889828889878 -0.00915601492024603 -4.03915530458445e-08 8.06180315035786e-08 -1.16909347137089e-07 -9.68637184674832e-08 1.52421019715772e-07 -5.41594733972829e-08 -3.26842123039538e-08 -5.79628786742115e-08
0.219643675316713 -0.00201285380118145 -8.34152377911773e-09 1.66492035346933e-08 -2.41444289938374e-08 -2.00048486147273e-08 3.14793257258851e-08 -1.11856548851899e-08 -6.75042983783997e-09 -1.19715331072374e-08
-2.33940562513987 0.26924824603331 1.08088060324269e-06 -2.15733078675627e-06 3.12846404187152e-06 2.59203254604027e-06 -4.07869806955407e-06 1.44926735270226e-06 8.74600015673728e-07 1.55102495816938e-06
0.0675040025765574 0.00183731302453387 7.72774669742918e-09 -1.54250032918551e-08 2.23703645739103e-08 1.85359869751335e-08 -2.91695812434293e-08 1.03655062742864e-08 6.25582892920098e-09 1.10950060630243e-08
-0.769945885901345 -0.0017758069510608 -2.98182985415489e-09 5.96310830862747e-09 -8.66435751952235e-09 -7.19272262467946e-09 1.13401948554407e-08 -4.03730912099912e-09 -2.44115835304708e-09 -4.33757187488981e-09
0.0847694470290613 -0.00198864188198947 -8.28638974266972e-09 1.65385698131825e-08 -2.39831350142431e-08 -1.98705005925394e-08 3.12668036836226e-08 -1.11097428882427e-08 -6.70437885683082e-09 -1.18894405414469e-08
2.44215483699844 0.00520115158418277 2.19279731304293e-08 -4.37668151885326e-08 6.34697532507558e-08 5.25876219926776e-08 -8.27507771081719e-08 2.94040041584047e-08 1.77449545598817e-08 3.1469630443256e-08
-0.698779095237675 0.0958412225666564 4.02264578524316e-07 -8.02891787015769e-07 1.1643341815737e-06 9.6470190429488e-07 -1.51803033063362e-06 5.39403309992675e-07 3.25522330140982e-07 5.77293008898458e-07
0.158109588661742 -0.0046510888888962 -1.95181303909052e-08 3.89577781778858e-08 -5.64970215908247e-08 -4.68114163282155e-08 7.36630730527683e-08 -2.61754241369199e-08 -1.57968917224455e-08 -2.80154683884375e-08
0.0670520051635145 0.00208552697227287 8.90584009663049e-09 -1.77760609873391e-08 2.57793272662755e-08 2.13600608594211e-08 -3.36128407006772e-08 1.19441100111629e-08 7.20835876477659e-09 1.27840166479977e-08
1.81588048951548 0.00508799084591761 2.14493273680011e-08 -4.28111290125619e-08 6.20833431802026e-08 5.14385086503452e-08 -8.09419137523057e-08 2.87610286869384e-08 1.73567890206857e-08 3.07809975108054e-08
0.0969106427907343 -0.00742923724422624 -3.12503502310837e-08 6.23748334818878e-08 -9.04564037898936e-08 -7.49486979656423e-08 1.17939882673637e-07 -4.19085982413979e-08 -2.52917917954477e-08 -4.48543321571291e-08
0.389766399637137 -0.00535591803353751 -2.28275089845721e-08 4.55634432278655e-08 -6.60769453173927e-08 -5.47492575948836e-08 8.61545730602904e-08 -3.06142961107016e-08 -1.84758420763977e-08 -3.27666873415755e-08
0.989815724150824 0.00299738037496297 1.27387585392369e-08 -2.54257246437219e-08 3.68718547172068e-08 3.05500191774475e-08 -4.80728441559867e-08 1.70818142285946e-08 1.03086594792001e-08 1.82817905829213e-08
-0.651476106152288 0.171163502200578 7.12871347456623e-07 -1.42282538049224e-06 2.06332412699903e-06 1.70953566666236e-06 -2.69005215497203e-06 9.55848536093073e-07 5.76834834015246e-07 1.02296838554452e-06
-0.122921056277155 0.0154299162415068 6.4511836671957e-08 -1.28762864073775e-07 1.86731359261344e-07 1.54717252883938e-07 -2.43462488809924e-07 8.65109764719977e-08 5.22088817307964e-08 9.25903876231718e-08
-0.366038605532328 0.0435730613604175 1.77067209799001e-07 -3.53412488250806e-07 5.12508471811979e-07 4.24634291106652e-07 -6.68191429678938e-07 2.37428355652936e-07 1.43284195290471e-07 2.54104483183557e-07
-0.511199214804526 -0.0171636154612708 -6.88101618657184e-08 1.37344113654849e-07 -1.99178717738798e-07 -1.65032953002078e-07 2.59698974552309e-07 -9.22817123621828e-08 -5.56922899526627e-08 -9.87694968443675e-08
0.113843050968492 -0.00766365681321317 -3.26840136338363e-08 6.52363197583202e-08 -9.46060545105309e-08 -7.83868594808888e-08 1.23350076564635e-07 -4.38310047513729e-08 -2.64519351225788e-08 -4.69117684538185e-08
0.0902622077116084 -0.00195362200138226 -8.39734272172249e-09 1.67604887846643e-08 -2.43056303231028e-08 -2.0138260368107e-08 3.16890221341797e-08 -1.12600823695135e-08 -6.79529500696592e-09 -1.20510085970304e-08
0.0925170089784447 -0.00111889739271631 -4.64164260647969e-09 9.264424902333e-09 -1.34350918280654e-08 -1.11316019298964e-08 1.75164671137835e-08 -6.22416663906999e-09 -3.75621050483243e-09 -6.66142229432923e-09
0.127334562352551 -0.00256936378651398 -1.05300843454324e-08 2.1017776672583e-08 -3.04801503026515e-08 -2.52547044955446e-08 3.97410467559305e-08 -1.41215431347812e-08 -8.52234343223237e-09 -1.51141677825648e-08
-0.238569631296004 -0.0232611561459448 -9.67832234371162e-08 1.93172769996362e-07 -2.80134850757899e-07 -2.32104324692993e-07 3.65233957056293e-07 -1.29779145405017e-07 -7.83200023960936e-08 -1.38895702475054e-07
0.200018224749597 0.000332242777202683 1.44302312508065e-09 -2.88093670076048e-09 4.1789726559255e-09 3.4633802700561e-09 -5.45133198811487e-09 1.93754103315432e-09 1.16958875878959e-09 2.07474045674733e-09
0.0551907334653121 0.000305468264563036 9.98143866452231e-10 -1.99203529664249e-09 2.88852639536526e-09 2.39304311604369e-09 -3.765273662438e-09 1.33779149224623e-09 8.07261700801363e-10 1.43149098349547e-09
0.107818631751528 0.000207721007716169 5.32467729184385e-10 -1.06286940745112e-09 1.54149447286788e-09 1.27731771232149e-09 -2.01014674497193e-09 7.14335901122668e-10 4.31132987417477e-10 7.64660056629724e-10
-0.439737363499354 -0.0667256272002616 -2.72407291996258e-07 5.43703294517343e-07 -7.88461712861213e-07 -6.53272099559266e-07 1.02796762326598e-06 -3.65267142774979e-07 -2.20432587684609e-07 -3.90921291163768e-07
0.0925270824525758 0.000778567869985422 3.43447272056406e-09 -6.8563616205442e-09 9.94495342103769e-09 8.2415070301984e-09 -1.29712647452025e-08 4.61003097838513e-09 2.78265503123817e-09 4.93586434293788e-09
-0.114133524600551 0.0265909858867325 1.07362130709501e-07 -2.14286611941343e-07 3.10752308563793e-07 2.57471133975011e-07 -4.05148796010434e-07 1.43961513766753e-07 8.68784926150615e-08 1.54072980417886e-07
-0.0878362080674833 -0.00120109647299026 -4.18399589083778e-09 8.3504006520568e-09 -1.21087351760054e-08 -1.00319440193371e-08 1.57849510102338e-08 -5.60850635611469e-09 -3.3844274549909e-09 -6.00166197243317e-09
-0.184936275832347 0.00576948381812343 2.33075107922339e-08 -4.65198398052245e-08 6.74614911624761e-08 5.58944284819366e-08 -8.7953459929576e-08 3.12523862232845e-08 1.88602505576886e-08 3.34472231764435e-08
0.0727090063928692 8.97620213729573e-05 2.65670841248673e-10 -5.29912758129283e-10 7.67962657925639e-10 6.35873199005749e-10 -9.99936902513395e-10 3.55075207895435e-10 2.14142050583806e-10 3.79517434048884e-10
0.198883927059235 0.00208503537328914 8.88885776630538e-09 -1.77430796828564e-08 2.57328243911157e-08 2.1322629695359e-08 -3.35556685767256e-08 1.19244092134995e-08 7.19684029519602e-09 1.27642467743297e-08
-0.426643950698536 0.179223898613009 7.38709992767846e-07 -1.4744012584218e-06 2.13812366647325e-06 1.7715148817878e-06 -2.78758817768003e-06 9.90508639481619e-07 5.9775324459144e-07 1.06006855069718e-06
0.549092761103495 0.00444816241449044 1.8589553365434e-08 -3.71064732577486e-08 5.38153055407193e-08 4.45919840981513e-08 -7.01745450492827e-08 2.49372327304666e-08 1.5050500062226e-08 2.6693279497319e-08
0.0844887664891976 0.00249822071389685 1.01536997651827e-08 -2.02663236846443e-08 2.93900985203019e-08 2.43512896727941e-08 -3.83190486057853e-08 1.36161182644986e-08 8.21723928023539e-09 1.45729302896035e-08
-1.2157968934195 -0.222194255833481 -9.06367247672053e-07 1.80904454126904e-06 -2.62343147865469e-06 -2.17362713752998e-06 3.4203629593831e-06 -1.21536069444112e-06 -7.33452848571345e-07 -1.30073116721892e-06
0.0924968516129854 0.00188216827118761 8.10358236821141e-09 -1.6174830510302e-08 2.34572899327141e-08 1.94361745314163e-08 -3.05854989755316e-08 1.08684145566489e-08 6.55919952359663e-09 1.16327882558499e-08
0.0934254471022806 0.00249994712037707 1.06962415031544e-08 -2.13500535180526e-08 3.09629366810518e-08 2.5655481962787e-08 -4.03729082885633e-08 1.43464925638976e-08 8.65835643003139e-09 1.53558378083311e-08
0.295939287945551 0.000558387947176493 2.67284507846826e-09 -5.33585597699552e-09 7.73944486786259e-09 6.41372553857295e-09 -1.0094452018615e-08 3.58757477373723e-09 2.16547506417587e-09 3.841083413304e-09
-0.408805635149282 0.0111227117542087 5.15714715278449e-08 -1.02939609378207e-07 1.4929006850231e-07 1.2370127490799e-07 -1.94665620713927e-07 6.91751624170029e-08 4.17489095664865e-08 7.40437524663249e-08
0.111246895800603 -0.0031609662184091 -1.3462244003631e-08 2.68702816407086e-08 -3.89674858902833e-08 -3.22869789547739e-08 5.08070825977766e-08 -1.80537302485188e-08 -1.08954120538611e-08 -1.93227396704166e-08
-0.137624818384178 -0.0545918367729474 -2.25319408441234e-07 4.49723226836316e-07 -6.5217994977484e-07 -5.40361532506069e-07 8.50302060167238e-07 -3.02139762285219e-07 -1.82337734965776e-07 -3.23365410183309e-07
0.0896646750466077 0.000992508531658757 4.20969812667936e-09 -8.40221192194195e-09 1.218461236389e-08 1.00954262431458e-08 -1.58858123420458e-08 5.64468928491269e-09 3.40647083039769e-09 6.04112249851734e-09
-0.0832637306882604 -0.00656555878839526 -2.62429111766105e-08 5.23783076377342e-08 -7.5956740836433e-08 -6.29326525239571e-08 9.90279015427315e-08 -3.51872202572148e-08 -2.12347113704701e-08 -3.76579000385847e-08
-2.12810305044304 -0.335061972522718 -1.38336014137492e-06 2.76109906333781e-06 -4.00409274634918e-06 -3.31757787032988e-06 5.22047412633268e-06 -1.85500299639768e-06 -1.11947217683562e-06 -1.98531913079933e-06
