0.16691229108643 0.00610261459307708 5.93605214662456e-23 -1.18197477165821e-22 1.70999200601766e-22 1.4134315288051e-22 -2.21884650027993e-22 7.8654858236285e-23 4.73541266862558e-23 8.37796245210172e-23
0.0964033720462474 0.00166631622500759 1.89782013161742e-23 -3.77909276128231e-23 5.46758352718347e-23 4.51958043083752e-23 -7.09533001116264e-23 2.5153179337987e-23 1.51442286318834e-23 2.67947509199647e-23
0.100867089538034 -0.0102250024700867 -9.39909121218311e-23 1.87149463026522e-22 -2.70748887837647e-22 -2.23789445319347e-22 3.51304982214176e-22 -1.24530241136628e-22 -7.49720412421176e-23 -1.32639275746588e-22
0.132684895744536 -0.0060823677992244 -5.7061984990303e-23 1.13621425397205e-22 -1.64379996019335e-22 -1.35872798350936e-22 2.13298530993753e-22 -7.5611702915966e-23 -4.55222961652022e-23 -8.05392535412094e-23
-1.95113917411484 -0.424184497579841 -3.9742012383556e-21 7.91296139365434e-21 -1.14473144767551e-20 -9.46156555681025e-21 1.48523160469965e-20 -5.26467021830585e-21 -3.16943717584932e-21 -5.60714030048703e-21
0.112959600053092 0.00097895385421498 1.03119504382226e-23 -2.05291943515673e-23 2.96946600837367e-23 2.45402860565027e-23 -3.85170184886924e-23 1.36512211460349e-23 8.21720868710065e-24 1.45353475027268e-23
-2.11260575842932 0.478521549431046 4.56981441232568e-21 -9.09900158699698e-21 1.31632852661571e-20 1.088001935323e-20 -1.7079172820257e-20 6.05410304946084e-21 3.64474182939327e-21 6.44810399236737e-21
1.13126006517966 -0.0166017900841399 -1.68945784839125e-22 3.36395864012162e-22 -4.8666409756017e-22 -4.0225624128419e-22 6.31463225947277e-22 -2.23840747216171e-22 -1.34760997040048e-22 -2.38417200093652e-22
0.205144822828056 -0.00713505187359052 -7.09350599055899e-23 1.4124809443401e-22 -2.04352346717817e-22 -1.68916270168829e-22 2.65176556774294e-22 -9.40036206829982e-23 -5.65962975760485e-23 -1.00133584013951e-22
0.0703268148953507 -0.00420390919048034 -3.7364357369088e-23 7.43989324680826e-23 -1.07634442533427e-22 -8.89673491150687e-23 1.39663147735865e-22 -4.95083910493705e-23 -2.98064178776111e-23 -5.27337989830389e-23
0.213264226966885 -0.000357380795772494 -3.49796432111805e-24 6.96902496239892e-24 -1.0087972525126e-23 -8.34315736673699e-24 1.3104746424622e-23 -4.64806797753516e-24 -2.79994924051997e-24 -4.95651012322897e-24
0.277532337365866 -0.0134163728126923 -1.31333478760619e-22 2.61507080369594e-22 -3.7832655918832e-22 -3.12712348798566e-22 4.90902250431595e-22 -1.74016658584423e-22 -1.04766060504853e-22 -1.85352608258177e-22
0.536507678748309 -0.0814678757008588 -7.96169940027214e-22 1.58527077246952e-21 -2.29338254955205e-21 -1.89558986118816e-21 2.97566503106968e-21 -1.05479853135156e-21 -6.35022301797321e-22 -1.12345773663201e-21
0.107646361674352 -0.00444094949439748 -4.65513393864513e-23 9.26952626205492e-23 -1.34109106895386e-22 -1.10854626288986e-22 1.74028814997957e-22 -6.16927760266471e-23 -3.71433822162086e-23 -6.57168714634781e-23
0.0693627893263512 -0.00345083205698148 -2.8238411518379e-23 5.62276996384265e-23 -8.13459141372013e-23 -6.72381868833943e-23 1.05552380956283e-22 -3.74167347321392e-23 -2.25267075948635e-23 -3.9854545266779e-23
0.106866780746636 -0.000410065069103337 -3.92393231844468e-24 7.81534799658027e-24 -1.13096839948724e-23 -9.35077064244206e-24 1.46830437086527e-23 -5.20631632626581e-24 -3.13529897041138e-24 -5.54850051062651e-24
-0.844485653208726 -0.100879861640074 -9.27318189477411e-22 1.84638555774689e-21 -2.67110761027979e-21 -2.20777696107625e-21 3.46569866895546e-21 -1.22849166016465e-21 -7.39584177553041e-22 -1.30843246062312e-21
-0.982453261097225 0.299662521694531 2.62949128531789e-21 -5.23558100925338e-21 7.57414135868414e-21 6.26032314331473e-21 -9.82724732737044e-21 3.4834760760228e-21 2.09714164345393e-21 3.71014596537423e-21
0.0804035771565707 -0.0041666512100807 -3.63000948096966e-23 7.22785604140588e-23 -1.04565063139992e-22 -8.64288107213647e-23 1.35675759444446e-22 -4.8094099414188e-23 -2.89544499573675e-23 -5.12256103899293e-23
-0.772216402188903 0.177218241862526 1.57046342685932e-21 -3.12694724136325e-21 4.52364645408071e-21 3.7389665441999e-21 -5.8692998001607e-21 2.08049568189046e-21 1.25251036961627e-21 2.21586930426732e-21
0.913756847229597 0.018361608919819 1.91345384377589e-22 -3.81004549187889e-22 5.512107879263e-22 4.55617168775353e-22 -7.15244037653026e-22 2.53544517737445e-22 1.52646971126118e-22 2.70066340994197e-22
0.132126683863001 -0.00200429995828235 -1.65980718593361e-23 3.30521449714575e-23 -4.78208209925445e-23 -3.95302194126635e-23 6.20602053407503e-23 -2.20010292307642e-23 -1.32466716003391e-23 -2.34379075700798e-23
0.105802022514418 -0.00462195184647842 -4.68583608525952e-23 9.3304840770358e-23 -1.34988457157705e-22 -1.11579372055351e-22 1.75163245011416e-22 -6.20937461001718e-23 -3.7384082497737e-23 -6.6141477256546e-23
0.094251689905383 0.00200851041299509 2.04183607183217e-23 -4.06554521811236e-23 5.88155405698392e-23 4.86138717855336e-23 -7.63132797391144e-23 2.70511564257311e-23 1.62856665233998e-23 2.88120087594493e-23
0.0840172456487291 -0.00574534781492473 -5.38497351415319e-23 1.07223472238275e-22 -1.5512133628394e-22 -1.28217714228604e-22 2.01278002672358e-22 -7.13494137582801e-23 -4.29554715056514e-23 -7.59967241020126e-23
0.249532258398935 0.0102326848545243 9.31712638516412e-23 -1.85512397683497e-22 2.68373273916666e-22 2.21819852102584e-22 -3.48203673198332e-22 1.23427546122026e-22 7.43061614317808e-23 1.31457647981774e-22
0.331064978570642 -0.0022140807444096 -1.90536960856696e-23 3.79383721949085e-23 -5.48849822655294e-23 -4.53652373614952e-23 7.12138784534428e-23 -2.52436356222794e-23 -1.51975350718135e-23 -2.6887022296671e-23
-0.52449767349109 0.115204732175982 1.12343362250517e-21 -2.23688186115769e-21 3.23604127806476e-21 2.67472957518448e-21 -4.19872564110367e-21 1.48833578997652e-21 8.96021311750277e-22 1.58519996195333e-21
-0.234760682133737 0.0453242585444484 4.39351064160926e-22 -8.74792653400536e-22 1.26553437466776e-21 1.04601421653446e-21 -1.6419994923509e-21 5.82041914327373e-22 3.50404349479479e-22 6.19916243049886e-22
0.113298438784809 0.00227094608702144 2.56122254356856e-23 -5.09990664528646e-23 7.37823546019785e-23 6.09870485821294e-23 -9.57402400508806e-23 3.39388574297247e-23 2.04330834263431e-23 3.61508820324395e-23
-1.80538947576949 0.381390650512007 3.31209758156704e-21 -6.59477776825046e-21 9.54053177015437e-21 7.88569221014349e-21 -1.23788087393854e-20 4.38797045883428e-21 2.64169408710424e-21 4.67357970376119e-21
0.0612987181631619 -0.00394547851307385 -3.41840240349837e-23 6.80651710033772e-23 -9.8469576317898e-23 -8.13905570653269e-23 1.27766725061128e-22 -4.52905209095895e-23 -2.72665916794272e-23 -4.82394883925897e-23
0.306975188284652 0.00589664914156132 5.4064301454581e-23 -1.07649604446652e-22 1.55736228818765e-22 1.28724641373177e-22 -2.02071709817977e-22 7.16300330028384e-23 4.31239735547121e-23 7.62940534583888e-23
-0.122704677902885 -0.00721230390702712 -6.72012037521505e-23 1.33807379862082e-22 -1.93579095373797e-22 -1.60004305171622e-22 2.51175150635156e-22 -8.90363782504771e-23 -5.36033937719805e-23 -9.4834288092133e-23
0.395141149414531 -0.00346402836422532 -3.42738414427389e-23 6.82444839455294e-23 -9.87296733081004e-23 -8.16061085651208e-23 1.28105987504578e-22 -4.54110976587497e-23 -2.73393734461607e-23 -4.8368588671812e-23
0.115895412182805 -0.00889658929260935 -8.26743094413644e-23 1.64617075205613e-22 -2.3815217984139e-22 -1.96847119148817e-22 3.09012007954506e-22 -1.09538669032277e-22 -6.59467730833057e-23 -1.16672348308701e-22
-0.886337035200831 0.217635529454639 1.84150835567042e-21 -3.66662205816822e-21 5.30437200804607e-21 4.38426326641293e-21 -6.88225984331582e-21 2.43955895169174e-21 1.46867450238341e-21 2.59829281903166e-21
0.118429440844241 -0.00137817153458294 -1.40591569340799e-23 2.79931250288327e-23 -4.04966280779139e-23 -3.34719616560446e-23 5.25430474043873e-23 -1.86249519164764e-23 -1.12126702144258e-23 -1.98367827659146e-23
0.0903950029878947 -0.000231289023796918 1.75723603779638e-24 -3.49574230840859e-24 5.05270273949513e-24 4.17255972631722e-24 -6.54414356414929e-24 2.31765365866908e-24 1.39404853226266e-24 2.46408225040995e-24
-0.622930695645732 -0.147007168882556 -1.39808045431867e-21 2.78374544955732e-21 -4.02719121517894e-21 -3.32866281202708e-21 5.22527495360806e-21 -1.85222739236674e-21 -1.11509904441079e-21 -1.97279012187331e-21
-1.9607877384875 -0.676830488585159 -6.35019479897887e-21 1.26438583680875e-20 -1.82914262998496e-20 -1.51185570513951e-20 2.37325773634199e-20 -8.41250389299068e-21 -5.06453570648081e-21 -8.95988213198121e-21
0.17952032938191 -0.00362845804353339 -3.29845493579963e-23 6.5678555981959e-23 -9.50193404382426e-23 -7.85407872422032e-23 1.23296366837132e-22 -4.37070122785272e-23 -2.6313944062843e-23 -4.65552941035348e-23
0.185569226793863 0.00418514929743758 3.97555079549804e-23 -7.91609978380053e-23 1.14525075169342e-22 9.46639737941092e-23 -1.48607478509142e-22 5.26795926420779e-23 3.17159799508553e-23 5.61128282521535e-23
0.120717516323892 -0.00552915115700813 -4.96311744326728e-23 9.88245984963624e-23 -1.42971982609586e-22 -1.18176641389684e-22 1.85517181228376e-22 -6.576312489248e-23 -3.95926647291472e-23 -7.00479327508247e-23
-1.80770368079586 -0.43383671033446 -4.22012950599252e-21 8.40265502883906e-21 -1.21557753040146e-20 -1.00471668757115e-20 1.57716219317566e-20 -5.59055482298352e-21 -3.36563836423988e-21 -5.95426676267234e-21
-2.21620554315145 -0.308262215816693 -2.80261740446608e-21 5.58022809713889e-21 -8.07263771388199e-21 -6.67227281746929e-21 1.04737913642569e-20 -3.71261446118755e-21 -2.23506301007913e-21 -3.9541031065122e-21
0.125114052771024 -0.00697200317546086 -6.65005798850328e-23 1.32413549866111e-22 -1.91564398280267e-22 -1.58340493237405e-22 2.4856557313219e-22 -8.81121448197953e-23 -5.30474551691248e-23 -9.38515902859876e-23
-1.43351576110993 0.20210523874538 1.77551429351859e-21 -3.53521386830666e-21 5.11425744730802e-21 4.22711733129344e-21 -6.63556349858113e-21 2.35210728522708e-21 1.4160234019823e-21 2.50514019006856e-21
0.223645295098709 -0.00229690460831374 -2.18666489371364e-23 4.35427721325838e-23 -6.29977866863236e-23 -5.20750062448593e-23 8.17532751764953e-23 -2.89818964556399e-23 -1.74494774877462e-23 -3.08735345917366e-23
0.146776783192505 0.000201003161207629 5.98817258368813e-24 -1.19235969795328e-23 1.72502596659571e-23 1.42586629041318e-23 -2.23837966253715e-23 7.93477297569482e-24 4.77715398102232e-24 8.4518594915541e-24
-1.03687859951966 -0.111507979602195 -1.07811095443751e-21 2.14663124294858e-21 -3.10546620855481e-21 -2.56679386421172e-21 4.02927554238901e-21 -1.42826486839295e-21 -8.5985362456929e-22 -1.52120799361271e-21
-1.11737368257953 0.0821593320355198 6.87233362166144e-22 -1.36834445495661e-21 1.97952966094449e-21 1.63615111620397e-21 -2.56836417209709e-21 9.10407032725191e-22 5.48085851398934e-22 9.69638560798759e-22
0.0743122868444955 0.00403817291712046 3.8983016373657e-23 -7.76199430419237e-23 1.12291420040211e-22 9.28142481184044e-23 -1.45698311385441e-22 5.16464169383837e-23 3.10928020444493e-23 5.50082497652738e-23
0.0783641297570952 0.00293510573952494 2.63137419662676e-23 -5.23944013816402e-23 7.57988343464755e-23 6.2652007607065e-23 -9.83511054981371e-23 3.48633654977195e-23 2.09890777636941e-23 3.71334843678672e-23
0.360209989903346 -0.00483988011390667 -4.75486633594428e-23 9.46749050007237e-23 -1.36964122124593e-22 -1.13207078122342e-22 1.77710109962797e-22 -6.29936105475245e-23 -3.7924062477306e-23 -6.70936634805615e-23
0.159437216247542 -0.00469225680230382 -4.37546606177789e-23 8.71232320905312e-23 -1.26043081537676e-22 -1.04183482209008e-22 1.63549988058074e-22 -5.7975963586482e-23 -3.49043392355996e-23 -6.17531572421566e-23
-2.1588540155693 0.445007369605164 4.13336190930489e-21 -8.22985193802128e-21 1.19057287851155e-20 9.84044571445267e-21 -1.54470426133616e-20 5.47547410657513e-21 3.29634075525774e-21 5.8316408542778e-21
0.118247629992293 0.00185285579873853 1.74395218568017e-23 -3.47223311145311e-23 5.02294643683774e-23 4.15148085709793e-23 -6.5165738359452e-23 2.30983740189777e-23 1.3905207756626e-23 2.45992491992262e-23
-1.06747937834252 -0.0460714176249473 -4.8754183687011e-22 9.70766141827177e-22 -1.40440616625924e-21 -1.16082207358956e-21 1.82226015605855e-21 -6.4595298952181e-22 -3.88888797369742e-22 -6.8801554953665e-22
0.127823931667034 0.00830445890289026 8.25688652453428e-23 -1.64409653046945e-22 2.37855765669787e-22 1.96605143320539e-22 -3.08636905816613e-22 1.09407387408158e-22 6.58687502722491e-23 1.16536105066565e-22
2.53053101847856 0.0323232008540628 3.31759699387799e-22 -6.60598927684901e-22 9.55712963683758e-22 7.8997239311822e-22 -1.2401326588056e-21 4.39612657460679e-22 2.64670915963607e-22 4.68263767275198e-22
-0.647578604593549 0.0394178150880745 3.49944791503439e-22 -6.96778943344862e-22 1.00801240368697e-21 8.33166034380271e-22 -1.30788340034442e-21 4.63609481459487e-22 2.79106259761731e-22 4.9378187475924e-22
0.0966279009034167 -0.00134612767377133 -1.17576469724666e-23 2.34121296107276e-23 -3.38716847060323e-23 -2.79980315765095e-23 4.39531485239636e-23 -1.55811063958254e-23 -9.38081523314193e-24 -1.65970602697327e-23
0.123075066665036 -0.00478300371793633 -4.58618452192309e-23 9.13196487587645e-23 -1.32115056335791e-22 -1.09203163023291e-22 1.71431217993902e-22 -6.07701647402687e-23 -3.65868400616958e-23 -6.47303103330962e-23
1.62277391971054 0.0214240636249383 2.20432244187492e-22 -4.38924727320297e-22 6.35009687453243e-22 5.24886590979992e-22 -8.23990867668222e-22 2.92095678459236e-22 1.75857888098395e-22 3.11133573615165e-22
0.121030189838049 -0.00391394346269296 -3.68695294762363e-23 7.34133212405809e-23 -1.0620807170888e-22 -8.77879683646469e-23 1.37811120478421e-22 -4.88516616103289e-23 -2.94109059892027e-23 -5.20338266729674e-23
0.396980007219602 -0.011406796938821 -1.14110322084393e-22 2.27210188109403e-22 -3.28704800500127e-22 -2.7169341667549e-22 4.26504850993722e-22 -1.51187068592769e-22 -9.10205184133063e-23 -1.61032028474421e-22
1.25764109986983 0.0241883082286493 2.44477954145898e-22 -4.86802880751812e-22 7.04274482828467e-22 5.82137520502885e-22 -9.13862849835359e-22 3.23953194475332e-22 1.95037220538752e-22 3.45065097507749e-22
-0.683504049808227 0.290925663427857 3.01971896263469e-21 -6.01265128067633e-21 8.69843017416687e-21 7.18969668519808e-21 -1.12863118749303e-20 4.00073085550942e-21 2.40857742026271e-21 4.26118299781886e-21
-0.0179320109213548 -0.00484286987233621 -4.85780050278249e-23 9.67286393954971e-23 -1.39941284643648e-22 -1.15672855182374e-22 1.81588710446044e-22 -6.43712649631594e-23 -3.8755132686231e-23 -6.85669311092164e-23
-0.512876044599885 0.0429255250216778 3.7676383416507e-22 -7.50191908214693e-22 1.0853027849548e-21 8.97065762584584e-22 -1.40821652498111e-21 4.99183706640608e-22 3.00528284825177e-22 5.3169013655485e-22
-0.283596024691547 -0.0348195108036046 -3.15429009960923e-22 6.28053963842115e-22 -9.08589396276454e-22 -7.50988332898362e-22 1.17888246205768e-21 -4.17881971396197e-22 -2.51576893123558e-22 -4.45078037421918e-22
0.136185951195859 0.00631370465492484 6.21606935963534e-23 -1.2377283746332e-22 1.79064797788373e-22 1.48009607821334e-22 -2.32349311038037e-22 8.23642371442231e-23 4.95872423847242e-23 8.77302836315418e-23
0.10417915888429 -0.00378749284331406 -3.7021713335055e-23 7.37169771196516e-23 -1.06648290161211e-22 -8.81525944157119e-23 1.38384704473113e-22 -4.9055408159357e-23 -2.95338240186767e-23 -5.22517417751596e-23
0.0785742956482573 -0.00628774255661505 -5.84279655535361e-23 1.16338492224353e-22 -1.6830672618391e-22 -1.3911512064136e-22 2.18383082575668e-22 -7.74122086324743e-23 -4.66051501465702e-23 -8.24530385558373e-23
0.13249986269086 -0.0027213468916669 -2.61786534678225e-23 5.21281419686132e-23 -7.54175745354957e-23 -6.23401293940777e-23 9.78666287083909e-23 -3.46934402767014e-23 -2.08878669860473e-23 -3.69563540280125e-23
-0.176075423668746 -0.0273860278387157 -2.52877789516546e-22 5.03510559920542e-22 -7.28419988947457e-22 -6.02074105983913e-22 9.45126270330409e-22 -3.35023700446876e-22 -2.01695038080828e-22 -3.56831509753931e-22
0.274328765079868 -0.0196875589280187 -1.91411995910927e-22 3.811405861787e-22 -5.5141251342051e-22 -4.55787971119582e-22 7.15518539809164e-22 -2.53644081747944e-22 -1.52708271459806e-22 -2.70177195074204e-22
0.122289228570754 -0.00676978722044972 -6.71717343099724e-23 1.33751761690637e-22 -1.93503058841554e-22 -1.59945114879048e-22 2.51087975951091e-22 -8.90075120418911e-23 -5.35872404880866e-23 -9.48078775900765e-23
0.052449355073179 -0.0019244436562157 -1.92421622843372e-23 3.83145433770604e-23 -5.5430501994372e-23 -4.58172262408173e-23 7.1925115493638e-23 -2.54963583745722e-23 -1.53500477215992e-23 -2.71574886611063e-23
-0.600135035179419 -0.113412367867584 -1.04805669300027e-21 2.0867854888666e-21 -3.01888253459285e-21 -2.49522345390659e-21 3.91691785221528e-21 -1.38843417042076e-21 -8.3587263912763e-22 -1.47877883281057e-21
0.122199038325593 -0.0067502910444364 -6.52089936042959e-23 1.29842604795202e-22 -1.87846157541148e-22 -1.55268098644554e-22 2.4374400589372e-22 -8.64035258200315e-23 -5.20191164716069e-23 -9.20328303272731e-23
-0.131954108362639 0.0227687157920189 2.18765066811072e-22 -4.35585651482106e-22 6.30150857363662e-22 5.20847183096226e-22 -8.17613207085954e-22 2.89821958506392e-22 1.74481208894152e-22 3.086841539077e-22
-0.913036852550451 -0.388508590452446 -3.87338408816407e-21 7.7123131339392e-21 -1.11571717729087e-20 -9.22185749821933e-21 1.44761970172068e-20 -5.13140595834283e-21 -3.08924426751606e-21 -5.46533043744887e-21
-0.218045744420206 0.0142765480649707 1.3908564728305e-22 -2.76942916188989e-22 4.00657780788963e-22 3.31170561437845e-22 -5.19878262197032e-22 1.84288147341514e-22 1.10949956512856e-22 1.96293161162296e-22
0.110438657223995 -0.00411847225181605 -4.05577754317789e-23 8.07559356003539e-23 -1.16828864368599e-22 -9.65652080173301e-23 1.51587362535294e-22 -5.37342417074221e-23 -3.23499220970595e-23 -5.72326235363446e-23
0.140078023841999 0.00280497072043524 2.49976401016967e-23 -4.9773895861815e-23 7.20078147489258e-23 5.95185645692251e-23 -9.34323031586776e-23 3.31197819997385e-23 1.99393900428832e-23 3.52764250110399e-23
-0.963237036538748 0.252244695526244 2.53437381387727e-21 -5.04624728091894e-21 7.30031767384998e-21 6.03406260575632e-21 -9.47217374026194e-21 3.3576491202096e-21 2.02141251543707e-21 3.57620899198316e-21
0.380239865018649 0.000707061224087358 7.95014865443347e-24 -1.58325027293209e-23 2.29086377833535e-23 1.89384215322045e-23 -2.97344616422656e-23 1.05419800130932e-23 6.34772758257979e-24 1.12321441723924e-23
0.0878618420069548 0.00739569873419881 7.1393189520782e-23 -1.42153859265845e-22 2.05653402349473e-22 1.69983968920602e-22 -2.66840546736674e-22 9.45891861503203e-23 5.69462514746763e-23 1.00748153235607e-22
-0.715230371293964 -0.0832224236066421 -7.09006359429886e-22 1.41170374849949e-21 -2.04226634169723e-21 -1.68801388341782e-21 2.64978989250236e-21 -9.39274808957311e-22 -5.65467822465111e-22 -1.00039478376937e-21
0.0851999216738595 -0.00591983133800726 -5.65114052702154e-23 1.12523577139869e-22 -1.62789476961829e-22 -1.3455627264897e-22 2.11228910661446e-22 -7.48770251092549e-23 -4.50793650033703e-23 -7.97545186858181e-23
0.0875393538067461 -0.00729393465973632 -6.94750536425976e-23 1.38337380649638e-22 -2.00136168069689e-22 -1.65427015454092e-22 2.59692303784653e-22 -9.20571518847355e-23 -5.54229930438988e-23 -9.80552195821568e-23
0.624349047721013 -0.00655450795040505 -6.80746568131281e-23 1.35545408431052e-22 -1.96091846031498e-22 -1.62079870807987e-22 2.54431230944747e-22 -9.01898297125962e-23 -5.42973583358371e-23 -9.60612281144058e-23
-0.221105280630997 0.0107675431740988 1.08431711465937e-22 -2.15906351591135e-22 3.12356034044886e-22 2.5818392823781e-22 -4.05303449123481e-22 1.43673676860308e-22 8.64984050751415e-23 1.53033775749189e-22
0.104656114851571 -0.00148048699849638 -1.5751065396391e-23 3.13647004722771e-23 -4.53782483678128e-23 -3.75101786391277e-23 5.8887392778929e-23 -2.08757136081817e-23 -1.2568814566871e-23 -2.22379938870545e-23
-0.412775053823678 -0.242014507044923 -2.32216735052175e-21 4.6236874522382e-21 -6.68896307983719e-21 -5.52871178893433e-21 8.67882424138172e-21 -3.07640597925867e-21 -1.85208274843729e-21 -3.2766150832045e-21
0.115241099376785 -0.00762072594450517 -7.04268717140031e-23 1.40231110555641e-22 -2.02873687700396e-22 -1.67687965708409e-22 2.6323877386243e-22 -9.33133181924338e-23 -5.61786622145475e-23 -9.93910899128502e-23
-0.0376759078473652 -0.055874060581369 -5.44606474408998e-22 1.08437796566256e-21 -1.56875073836989e-21 -1.29664779195979e-21 2.03545683577986e-21 -7.21518681499347e-22 -4.34377428363137e-22 -7.68484689474688e-22
-1.50947707211464 -0.282037536041658 -2.55958154356207e-21 5.09636154857189e-21 -7.37270513973874e-21 -6.09380176868537e-21 9.56580602739853e-21 -3.39078792854805e-21 -2.04133213643627e-21 -3.61139520225795e-21
