0.129225307911804 0.00509625580781097 4.53175693444602e-19 -9.02901404050908e-19 1.30704166358758e-18 1.08101909428932e-18 -1.69804461642206e-18 6.02296928183083e-19 3.62832510220408e-19 6.42317931957744e-19
0.107269700273879 -0.00786803621140925 -7.62299799815225e-19 1.51875960640085e-18 -2.1985059859013e-18 -1.81828140320305e-18 2.85605350738407e-18 -1.01301855588326e-18 -6.1024250681608e-19 -1.08027871150934e-18
0.120589936158876 -0.0104420145040682 -1.03875465544903e-18 2.06957833006045e-18 -2.99589188256257e-18 -2.47779421476344e-18 3.89202957310889e-18 -1.38048867213777e-18 -8.31617380440546e-19 -1.47218563353837e-18
0.130870982838208 -0.000683042492515886 -3.70668471129685e-20 7.38479451211071e-20 -1.06897257697872e-19 -8.84075878390884e-20 1.38862287301009e-19 -4.92521172212149e-20 -2.96687662037563e-20 -5.251971657668e-20
-2.1491626394998 -0.315685375920584 -2.82548397842751e-17 5.62912888400523e-17 -8.14826074181367e-17 -6.7388140595259e-17 1.05845848021839e-16 -3.75413597338209e-17 -2.26141445600461e-17 -4.00312025826192e-17
0.124326133795015 -0.00990375688533496 -9.69820015270467e-19 1.93224752320985e-18 -2.79711136772028e-18 -2.31340456161944e-18 3.63383509865139e-18 -1.28891613955354e-18 -7.76458238778401e-19 -1.37454781233801e-18
-1.91392059813905 0.529382805302104 4.44688177731736e-17 -8.85954604718548e-17 1.28245678141456e-16 1.06064204103396e-16 -1.66596830571275e-16 5.90895185025155e-17 3.55949314947766e-17 6.3010681912019e-17
1.23531482309633 -0.0188190128019787 -1.76945332504259e-18 3.52521999316391e-18 -5.10280201991365e-18 -4.22013206163833e-18 6.62849848440266e-18 -2.3509862980413e-18 -1.41618185977656e-18 -2.50689568251757e-18
0.161788429461232 5.86641503879552e-05 1.387793313612e-20 -2.76621992877386e-20 4.00611983210103e-20 3.31478930378641e-20 -5.20906351232908e-20 1.84845604509556e-20 1.11401882508918e-20 1.97298676622112e-20
0.120767682330743 -0.0043370406864114 -4.37547241992976e-19 8.71749653107174e-19 -1.26192631825278e-18 -1.0436888469221e-18 1.6393809536501e-18 -5.81479684338701e-19 -3.5028633914755e-19 -6.20097759964125e-19
0.376386382822 0.00936885078611503 8.2705659939279e-19 -1.64771148609969e-18 2.38507745811747e-18 1.97250737258021e-18 -3.09817952304457e-18 1.09885487766048e-18 6.61923947888806e-19 1.17172083786318e-18
0.606433024475257 -0.0169373015100631 -1.60054627898966e-18 3.18883781268473e-18 -4.61606598688401e-18 -3.81774059250661e-18 5.99670411730891e-18 -2.12698606392568e-18 -1.28129951458683e-18 -2.26821901159571e-18
0.875081514987562 -0.0271863158449227 -2.61193067709648e-18 5.20380776283872e-18 -7.53279633041162e-18 -6.22997115456078e-18 9.78560416975809e-18 -3.47084381611131e-18 -2.09081925988584e-18 -3.7012312481377e-18
0.100595653274024 -0.00348971521302881 -2.59516668752337e-19 5.17058970240843e-19 -7.48497368433903e-19 -6.19063655964298e-19 9.72416089801289e-19 -3.44917144501337e-19 -2.07783674006639e-19 -3.67837809174199e-19
0.119597526627145 -0.00982000796218489 -9.15412092755827e-19 1.82384388287884e-18 -2.64018317618334e-18 -2.18361107439331e-18 3.42995415830966e-18 -1.21659817882566e-18 -7.32892036277694e-19 -1.29742168132458e-18
0.0899221279409853 -0.00438494124828839 -4.21907857614938e-19 8.40591947925685e-19 -1.21682527032479e-18 -1.00638938136166e-18 1.58079542400914e-18 -5.60700719545683e-19 -3.37769593566273e-19 -5.97940950310956e-19
-0.324836095240286 -0.0277063674191056 -2.18735577337947e-18 4.35787761498192e-18 -6.3082081410065e-18 -5.21713205515004e-18 8.19463176620124e-18 -2.90651704746522e-18 -1.75085548089477e-18 -3.09938861255495e-18
-0.672585461648046 0.314040209524517 2.87857550732041e-17 -5.73501721525786e-17 8.30170331593662e-17 6.86585333115937e-17 -1.07843415376606e-16 3.82506274742251e-17 2.3041857606439e-17 4.07891561783374e-17
0.0880306872241816 -0.0145242128682942 -1.39257896848414e-18 2.77447901986189e-18 -4.01622875205579e-18 -3.32162245013966e-18 5.21739709301078e-18 -1.85056070195315e-18 -1.11477385102987e-18 -1.97341542543657e-18
-1.35200103728907 0.594797314966805 5.64640434538295e-17 -1.12494778214383e-16 1.62842640238221e-16 1.34678644607252e-16 -2.11544207282058e-16 7.50324896347743e-17 4.51992855981797e-17 8.0013283387351e-17
0.531122644698943 0.0400164288403121 3.60822472320295e-18 -7.18875116238258e-18 1.0406117056041e-17 8.60634583774278e-18 -1.35182564098075e-17 4.79477668557885e-18 2.88835177191962e-18 5.11305062825851e-18
0.129519748237202 -0.00770189686822522 -7.74736397838083e-19 1.54357341220892e-18 -2.23447757694203e-18 -1.84807478843074e-18 2.9029187601908e-18 -1.02966521192861e-18 -6.2028487538007e-19 -1.09808169260806e-18
0.125359159218523 -0.00364868820479911 -3.4649221482339e-19 6.90357416616118e-19 -9.99378242131922e-19 -8.26571856546942e-19 1.29838394150176e-18 -4.60544366398115e-19 -2.77443021618516e-19 -4.91161643357279e-19
0.0993254384597494 -0.00389391149660543 -3.65429288970643e-19 7.28080067139607e-19 -1.05397500623487e-18 -8.717186007937e-19 1.36928582438153e-18 -4.85688398300783e-19 -2.92587212106632e-19 -5.17966007923571e-19
0.099359907918638 -0.00343727740854467 -3.23001615228558e-19 6.43523563506608e-19 -9.3153589770823e-19 -7.70423580805911e-19 1.21012807406982e-18 -4.29218985587438e-19 -2.58559503292202e-19 -4.57709991651477e-19
0.30712834337569 0.0119264764430383 1.14824138261348e-18 -2.28766479325584e-18 3.31151681269982e-18 2.73877509485012e-18 -4.30187288606789e-18 1.52582453923361e-18 9.19148347039393e-19 1.62710257790573e-18
0.223899660523678 -0.000414445593533587 1.14458008898783e-22 -2.15233092165894e-22 2.93026037749306e-22 2.27015502843087e-22 -3.32498697151399e-22 1.09391716228759e-22 6.07512170043055e-23 9.84339040408008e-23
-0.397889942241651 0.127479489990831 1.15022580029385e-17 -2.29161907264835e-17 3.31724183782643e-17 2.74351077838132e-17 -4.30931266695634e-17 1.52846380932177e-17 9.20738511047697e-18 1.62991803368024e-17
-0.215242607909139 0.0405949988872417 3.49568457731243e-18 -6.96448820318527e-18 1.00814165243354e-17 8.33774752787856e-18 -1.30962730322545e-17 4.64507274747223e-18 2.79815207165262e-18 4.9533431450838e-18
0.10433590600139 -0.00619756746043797 -5.57984084024071e-19 1.11168783083784e-18 -1.60923427480304e-18 -1.33091563180828e-18 2.09051638456689e-18 -7.4148512581008e-19 -4.46668477949311e-19 -7.90708619721727e-19
-1.94236447557473 0.326577881770921 3.11846779666576e-17 -6.21308199363654e-17 8.99390487064303e-17 7.43848215364421e-17 -1.16840164630097e-16 4.14424874330288e-17 2.49651088224165e-17 4.4194621729083e-17
-0.0941684735163021 -0.0206328038588288 -1.775443980833e-18 3.53729956717265e-18 -5.12049670234869e-18 -4.23493911745054e-18 6.65202771881264e-18 -2.35942810432763e-18 -1.42132514892968e-18 -2.51610314668256e-18
0.3433131336319 0.0133787883609177 1.22813670910567e-18 -2.44683232622907e-18 3.54190646729605e-18 2.9293063768704e-18 -4.60112787625393e-18 1.63196044445471e-18 9.83080193321533e-19 1.74026975159212e-18
-0.411886405366243 0.0179768468488033 1.41683596770726e-18 -2.82286622838073e-18 4.08635793969846e-18 3.37969370938774e-18 -5.3087231787569e-18 1.88299269449178e-18 1.13433461364283e-18 2.00808476852319e-18
1.42897356952994 -0.0274986132844148 -2.61396083593282e-18 5.20794830317438e-18 -7.53892867002399e-18 -6.23515757172572e-18 9.79393076567236e-18 -3.47386105348665e-18 -2.09267531191636e-18 -3.70458500701003e-18
0.116654133652828 0.00215948842481885 2.25887367713557e-19 -4.50033417392939e-19 6.51437817374631e-19 5.38760815256217e-19 -8.46234712211419e-19 3.00145260901782e-19 1.80803211601115e-19 3.20058304180516e-19
-1.39225324871902 0.548381151775086 4.77052176016856e-17 -9.50436573377591e-17 1.37580150858297e-16 1.13784538732268e-16 -1.78723855168733e-16 6.33910015148686e-17 3.8186222342181e-17 6.75980376421206e-17
0.119133986350233 -0.0109014743215084 -1.05683954390884e-18 2.10560061509549e-18 -3.04802359863237e-18 -2.52089920697437e-18 3.95971962944328e-18 -1.40449180644649e-18 -8.46073275451072e-19 -1.49776974154072e-18
0.103323843365487 -0.000744587891547201 -6.05950488851742e-20 1.20718314885929e-19 -1.74736875552018e-19 -1.44507634570494e-19 2.26970184898602e-19 -8.04994001048542e-20 -4.84898080674707e-20 -8.58334538847187e-20
-0.580191948397644 -0.13938860301177 -1.2860188631183e-17 2.56216007771337e-17 -3.70886105730641e-17 -3.06739495193936e-17 4.81804255756514e-17 -1.70890288905443e-17 -1.02943310543175e-17 -1.82233067330178e-17
-1.94636282302838 -0.479138187928716 -4.30495426783858e-17 8.57683503043305e-17 -1.24154068071566e-16 -1.02680903794021e-16 1.61283600406196e-16 -5.72053380125602e-17 -3.44601288415326e-17 -6.10022067590539e-17
0.171942011669671 -0.00172276641289134 -1.56957807153483e-19 3.12752705442139e-19 -4.52787680315476e-19 -3.74526843338018e-19 5.8835993106746e-19 -2.0871277707908e-19 -1.25744491964934e-19 -2.22626676868571e-19
0.312450296588831 0.00373512057279121 3.79956217608108e-19 -7.57078922249743e-19 1.09603427018389e-18 9.06571242787805e-19 -1.42413624189801e-18 5.05180936411024e-19 3.04352139453207e-19 5.38832854853971e-19
0.0995450425140323 0.00414500799987063 3.51937895414145e-19 -7.01179737135091e-19 1.01500472671024e-18 8.39463084434275e-19 -1.31858138215955e-18 4.67690011772096e-19 2.81736584247908e-19 4.98742873312033e-19
-1.85199634575366 -0.271532490514494 -2.31629361062729e-17 4.61474331886564e-17 -6.68000631314945e-17 -5.52460238489131e-17 8.67754708272332e-17 -3.07778833790032e-17 -1.85402042771179e-17 -3.2820000856777e-17
-2.34078392327193 -0.501582023773213 -4.5851457272075e-17 9.13496686460387e-17 -1.32231886003491e-16 -1.09360437405218e-16 1.71773467845074e-16 -6.09253099349474e-17 -3.67006203418482e-17 -6.49676818846923e-17
0.105818894968022 -0.00510120541276989 -4.62726895316877e-19 9.21911563596125e-19 -1.33453252892591e-18 -1.1037326652072e-18 1.73368593389271e-18 -6.14925883469566e-19 -3.70432528219867e-19 -6.55758253155584e-19
-1.74750356840688 0.58251701423815 5.62496038708573e-17 -1.12067113820719e-16 1.62222947856021e-16 1.34165613623165e-16 -2.10737562415401e-16 7.47460939187049e-17 4.50265888339467e-17 7.97072634387955e-17
0.188375698215112 -0.00300960732414176 -2.66389038389893e-19 5.30700105618036e-19 -7.68170062130253e-19 -6.3527301513875e-19 9.97781009260103e-19 -3.53879883082552e-19 -2.13162353907622e-19 -3.77323143927126e-19
0.124532003656197 -0.00732796793260174 -7.01338005711847e-19 1.39733054992587e-18 -2.02276913013762e-18 -1.67297060725871e-18 2.62785926737634e-18 -9.32098297480135e-19 -5.61507188604281e-19 -9.94024834126889e-19
-0.662242667499381 -0.0839726326226533 -7.17915712119147e-18 1.43032519597887e-17 -2.07048220764766e-17 -1.71239143671041e-17 2.68971577925069e-17 -9.54015769135816e-18 -5.74696709326704e-18 -1.01734949950155e-17
-1.19825661275095 0.263606255517997 2.30319786989421e-17 -4.58865286828195e-17 6.64223966263826e-17 5.49336819934424e-17 -8.62848751726244e-17 3.0603877859899e-17 1.84353861633586e-17 3.26344521375115e-17
0.0962937985119234 -0.0108327837289775 -1.08525784262079e-18 2.16221165773404e-18 -3.12996051503001e-18 -2.5886560104109e-18 4.06613344163868e-18 -1.44223067834505e-18 -8.68804028365974e-19 -1.53800316952879e-18
0.0918080818008683 -0.00957591656432123 -8.83908323807601e-19 1.7610753640889e-18 -2.54931817750086e-18 -2.1084580964222e-18 3.31190373257017e-18 -1.17472511542238e-18 -7.07666761772631e-19 -1.25276511053998e-18
0.726612257061522 -0.0188488303677455 -1.79465178408632e-18 3.57556224594124e-18 -5.17587611306433e-18 -4.28073390216484e-18 6.72394866864701e-18 -2.38493399702418e-18 -1.43668756555472e-18 -2.54329424560582e-18
0.15090737621854 -0.0138073400694733 -1.34633712288117e-18 2.68241669721395e-18 -3.88305953379459e-18 -3.21156476472472e-18 5.04465090620272e-18 -1.78933381850405e-18 -1.07791773193927e-18 -1.90821879816391e-18
-2.42518963469686 0.506743752042589 4.29742859840177e-17 -8.56170862433149e-17 1.23933181872915e-16 1.02496629975808e-16 -1.60991657153881e-16 5.71009026529215e-17 3.43966835036976e-17 6.08889485434339e-17
0.119645197525287 0.00180738867954235 1.75853028413183e-19 -3.50361398258164e-19 5.07175227502317e-19 4.19463952653766e-19 -6.58875040245777e-19 2.33699232105435e-19 1.40781474402078e-19 2.49219511885755e-19
-1.17145032591205 -0.130316909365209 -1.203466440492e-17 2.39764974034562e-17 -3.47066645266136e-17 -2.87034993715903e-17 4.5084640828263e-17 -1.59907266902277e-17 -9.63256129175505e-18 -1.70515424183425e-17
0.0915748738395832 -0.00100132867920857 -9.85891073581141e-20 1.96425865402958e-19 -2.84343821893673e-19 -2.35170989300852e-19 3.69398810087003e-19 -1.31024664046872e-19 -7.89304555907726e-20 -1.39728330530093e-19
1.69262369701271 0.109931850029543 1.0028012464419e-17 -1.99792871514648e-17 2.89214788451914e-17 2.39197058402566e-17 -3.75718839553948e-17 1.33264946636959e-17 8.02791715680125e-18 1.42114418836489e-17
-1.07770046937498 0.270318012177215 2.49508887601078e-17 -4.97104124238004e-17 7.19588303120649e-17 5.95135223060824e-17 -9.34800665090978e-17 3.31564625375137e-17 1.99733706079615e-17 3.5357604969623e-17
0.197107151365466 -0.00204155179461733 -2.11116873563182e-19 4.20607725317812e-19 -6.08845257916158e-19 -5.03537062032416e-19 7.90911252862659e-19 -2.80523912256261e-19 -1.6898416666669e-19 -2.99137217948849e-19
0.117136832664398 -0.00238106547790752 -2.20889184432613e-19 4.4008916593171e-19 -6.37062856905799e-19 -5.26888503097008e-19 8.27612339781932e-19 -2.935492740698e-19 -1.7683533829438e-19 -3.13044019790421e-19
1.83540610299887 0.0914930481302755 8.34721554497207e-18 -1.66305730295631e-17 2.4073995933158e-17 1.99105833003241e-17 -3.12745869964158e-17 1.10928975713394e-17 6.68239921851916e-18 1.18295477385696e-17
0.0941259060229498 -0.015014831295765 -1.41609022922753e-18 2.82135838844087e-18 -4.08414328373237e-18 -3.37783564076313e-18 5.30576311407607e-18 -1.88192805863238e-18 -1.13368440619808e-18 -2.00691803867763e-18
0.276419618898532 -0.0204346861001566 -1.94393159367761e-18 3.87305133168106e-18 -5.60661726603564e-18 -4.63706728256663e-18 7.2837944758795e-18 -2.58355544931974e-18 -1.55636653816902e-18 -2.75520736360823e-18
0.877596974800585 0.172152575278134 1.59850231312079e-17 -3.18475927387053e-17 4.61015297016911e-17 3.81284272971347e-17 -5.98899909148017e-17 2.12424899593426e-17 1.2796482021277e-17 2.26529135971518e-17
-0.74086650125321 0.382170995623019 3.3824435834227e-17 -6.73893024795502e-17 9.75498809354989e-17 8.06784148667521e-17 -1.26724261420211e-16 4.4947754453955e-17 2.70763565936036e-17 4.79314711250628e-17
-0.326896180514653 0.0939219237256235 9.20087696803087e-18 -1.83312689021557e-17 2.65357407417785e-17 2.19464728959123e-17 -3.44722832074923e-17 1.22270357992154e-17 7.36556917468323e-18 1.30388638128195e-17
-0.130675018063882 0.0170378109531412 1.01577730417604e-18 -2.02378693765347e-18 2.92958737208167e-18 2.42294163193635e-18 -3.80584632772304e-18 1.34991170684574e-18 8.13192704182184e-19 1.43956040114996e-18
-0.732087549957526 -0.101365442048249 -8.90397420289451e-18 1.77393467400286e-17 -2.56783275979981e-17 -2.12368783011427e-17 3.33569566211663e-17 -1.18311777998429e-17 -7.12694711689659e-18 -1.2616166144584e-17
0.107648472535981 -0.00533425439889895 -4.746074609666e-19 9.45583960485372e-19 -1.36880320775102e-18 -1.13207907010853e-18 1.77821514897383e-18 -6.30721547499386e-19 -3.79948753301603e-19 -6.72605921590901e-19
0.0823442412139732 -0.00855423599065295 -8.3898638299761e-19 1.67154971403953e-18 -2.41968629897208e-18 -2.00121460280831e-18 3.14340297120749e-18 -1.11494199528959e-18 -6.71642983687528e-19 -1.18897575351815e-18
0.102160232765598 -5.54156333280188e-06 4.14394002927796e-21 -8.23463107755772e-21 1.18890531763606e-20 9.80713744221732e-21 -1.53640628916504e-20 5.43516480867855e-21 3.26550494268513e-21 5.76545063092853e-21
0.170224993162441 -0.00606042618025975 -5.47903307178086e-19 1.09159768575966e-18 -1.58014402518977e-18 -1.30684948435101e-18 2.0527037081838e-18 -7.28069405316512e-19 -4.38584511548046e-19 -7.76393887556377e-19
-0.37086243928611 -0.0751337536600756 -6.55612300471526e-18 1.30620655456612e-17 -1.89082792416504e-17 -1.56382080622997e-17 2.45636989198942e-17 -8.71257166293164e-18 -5.24847285865309e-18 -9.29111544681602e-18
0.228650413362966 -0.00274665407479789 -2.39899736384529e-19 4.77970868510176e-19 -6.91908181830552e-19 -5.72255971504515e-19 8.98884718433151e-19 -3.18833156213396e-19 -1.92068857100436e-19 -3.4001551321966e-19
0.0709410439378603 0.00508047111092866 3.34369664551215e-19 -6.66154614263026e-19 9.64269863201827e-19 7.97474816068105e-19 -1.25258486154636e-18 4.44266082754383e-19 2.67616663779064e-19 4.73730616713032e-19
0.0974254885550065 -0.00636828008062332 -6.12236073285675e-19 1.21979823705914e-18 -1.76576323743586e-18 -1.46039982003617e-18 2.29394430590736e-18 -8.13654044171575e-19 -4.90151910385777e-19 -8.67700644618288e-19
-0.496285176950627 -0.141306952623076 -1.25766945368889e-17 2.50568097948023e-17 -3.62710746087925e-17 -2.99978341592665e-17 4.71184695611737e-17 -1.67123788083616e-17 -1.00674472003712e-17 -1.78216848064672e-17
0.107620356257386 -0.00242047971912198 -2.11612353179791e-19 4.2161103153549e-19 -6.10320976430764e-19 -5.04776882696399e-19 7.92889041610961e-19 -2.81236180991906e-19 -1.69419720741112e-19 -2.99919731324404e-19
-0.285853782112217 0.04174633455122 3.65990465032684e-18 -7.29169143078182e-18 1.05550956910601e-17 8.72953072318866e-18 -1.37117036613438e-17 4.86337499775272e-18 2.92966586264714e-18 5.18616978654596e-18
-0.947150100404167 -0.207044767825373 -1.87903396533544e-17 3.74363175084506e-17 -5.4190978931869e-17 -4.48183332366083e-17 7.0397332815109e-17 -2.49690792482145e-17 -1.50412124249649e-17 -2.66263397905951e-17
-0.623682200197392 -0.0726697533380133 -5.96041316635424e-18 1.18747022629422e-17 -1.71887571238706e-17 -1.42154643501424e-17 2.23279794515958e-17 -7.91924200960265e-18 -4.77036708538282e-18 -8.44439017351413e-18
0.104977298368993 -0.00705564141208063 -6.95598472275562e-19 1.38589590415279e-18 -2.00621736929469e-18 -1.65928196103596e-18 2.6063587666546e-18 -9.24472549522304e-19 -5.56913619084167e-19 -9.8589341350042e-19
0.125546604958347 -0.00843116657551494 -8.21409845687754e-19 1.63655341040115e-18 -2.36905883067893e-18 -1.95936947766042e-18 3.07771662183573e-18 -1.0916583489091e-18 -6.57625803600982e-19 -1.16417765312679e-18
-0.727194141845169 0.414295528960553 3.52640693813914e-17 -7.02578053733047e-17 1.01702613896271e-16 8.41132630293672e-17 -1.32120024561854e-16 4.68617636722665e-17 2.82294624109918e-17 4.99729392578306e-17
0.427115700041432 0.00314452838359818 3.31270114310293e-19 -6.60090824808207e-19 9.55653626874437e-19 7.90482307399267e-19 -1.24181124757629e-18 4.40519196065109e-19 2.65404374030065e-19 4.69893694204852e-19
0.0709378224811147 5.11768817858929e-05 -2.31215673128465e-20 4.6070148160451e-20 -6.66956215820777e-20 -5.51657927946953e-20 8.66591042087121e-20 -3.07400337069341e-20 -1.85194664796278e-20 -3.2786941390051e-20
-1.0511002337421 -0.219026766525657 -1.85630296194e-17 3.69840483586444e-17 -5.35371714391202e-17 -4.42783294085627e-17 6.95502716603321e-17 -2.46690402589987e-17 -1.4860713842745e-17 -2.63072467141576e-17
0.110877846562177 -0.00518471533705891 -5.85262371903718e-19 1.1660545638764e-18 -1.68796145826816e-18 -1.39605011775274e-18 2.19286195033518e-18 -7.77799022880745e-19 -4.68551668739049e-19 -8.29460850737854e-19
0.079453055414811 -0.00519826482836725 -4.98946294553163e-19 9.94078909793132e-19 -1.4390083091936e-18 -1.19014691306271e-18 1.86943188856006e-18 -6.63077876707736e-19 -3.99441721337743e-19 -7.07115927540874e-19
0.588626479370068 -0.0157894198144593 -1.53531546375726e-18 3.05881955696653e-18 -4.42777428855855e-18 -3.66194586146818e-18 5.75188457425433e-18 -2.04011299886172e-18 -1.22894451915033e-18 -2.17549774806694e-18
-0.261475694242643 -0.00343457650724275 -4.04534530905257e-19 8.05966022651614e-19 -1.16668402110832e-18 -9.64905085646154e-19 1.51561096424152e-18 -5.3757207309692e-19 -3.23831918435709e-19 -5.73259041447342e-19
0.108079364298192 -0.00833972617558597 -7.74191630590839e-19 1.54246754296563e-18 -2.23284707084287e-18 -1.84670172127193e-18 2.90072345999884e-18 -1.02887287901117e-18 -6.19799334387675e-19 -1.09720758037096e-18
-0.19903777598323 -0.171013534329102 -1.63985748723007e-17 3.26711720477366e-17 -4.72932004826041e-17 -3.91135762319782e-17 6.14367376182492e-17 -2.17908707481277e-17 -1.31266836156536e-17 -2.32371980289815e-17
0.0904284454976956 -0.0114664019779622 -1.07877363589982e-18 2.14928516376266e-18 -3.1112373225307e-18 -2.57316164609217e-18 4.04178118013152e-18 -1.43358795663389e-18 -8.63594533308357e-19 -1.5287755662258e-18
0.064558105355527 -0.0100240443086576 -8.62233371393837e-19 1.71785804153102e-18 -2.48670976325364e-18 -2.05663753182977e-18 3.23044397093501e-18 -1.14580968187436e-18 -6.90234648614325e-19 -1.22188218507997e-18
-1.44355465352315 -0.395016993295931 -3.50455321021745e-17 6.98215472761996e-17 -1.01069859541467e-16 -8.35889146710837e-17 1.31294794985226e-16 -4.65684895209609e-17 -2.80524494364935e-17 -4.96589729505409e-17
