0.0773017699873859 -0.00468729102706171 -1.3372482963097e-17 2.66475151880912e-17 -3.85812921211184e-17 -3.19147650170816e-17 5.01393078677228e-17 -1.7787333138031e-17 -1.07171014016599e-17 -1.89754529263334e-17
0.190921139162136 0.000394744816563073 1.18416592528297e-18 -2.36058972202507e-18 3.4190370009764e-18 2.82931872910101e-18 -4.44663724246343e-18 1.57807376861821e-18 9.51167164225597e-19 1.68474687795947e-18
0.180181597701406 -0.00463788612565082 -1.29228473798871e-17 2.57524322140341e-17 -3.72866764149445e-17 -3.08449397620313e-17 4.84602866410071e-17 -1.71922948478661e-17 -1.03589495508806e-17 -1.83419664331645e-17
0.0989869796070861 0.000223583623530014 4.9057702644142e-19 -9.78464914128917e-19 1.41794163163902e-18 1.17399418147086e-18 -1.84605653851583e-18 6.55495228792932e-19 3.95300834881423e-19 7.00541555310802e-19
0.088199776331973 -0.00145857704735253 -3.92988796112101e-18 7.83145525194002e-18 -1.13391410117106e-17 -9.3802124121794e-18 1.47372682715037e-17 -5.22837976851132e-18 -3.15029523871469e-18 -5.57806662359854e-18
-1.31133364081655 0.174327919165429 4.66329910848816e-16 -9.29267616369538e-16 1.34543808990432e-15 1.11296489800186e-15 -1.748521661948e-15 6.20306580146806e-16 3.73745313833684e-16 6.61749214357426e-16
0.111755559445693 -0.00073325572552727 -2.01861640238919e-18 4.02294373105076e-18 -5.82518196523568e-18 -4.81914351626366e-18 7.571850269577e-18 -2.68645758850763e-18 -1.61879535431475e-18 -2.86650176237696e-18
0.108250328614967 -0.00605829743717328 -1.68257280847486e-17 3.35293735530157e-17 -4.85458821378857e-17 -4.01581952842876e-17 6.30910532917849e-17 -2.23824276446121e-17 -1.34859205465372e-17 -2.38782400537656e-17
-0.56118494479525 -0.0230673157468107 -5.85686142748038e-17 1.16716202412259e-16 -1.68994563411652e-16 -1.39800637411825e-16 2.19643001951072e-16 -7.79240311650814e-17 -4.69525786464314e-17 -8.31372771675657e-17
0.0796001903690409 -0.0095991415423215 -2.67555984046261e-17 5.33174069735543e-17 -7.71967035579779e-17 -6.38591779246009e-17 1.00327430979029e-16 -3.55927775635923e-17 -2.14455932820896e-17 -3.797192022713e-17
-1.44891134339781 0.159219483324171 4.44602441937622e-16 -8.85953718752103e-16 1.28270152602404e-15 1.06104797159666e-15 -1.66692564329141e-15 5.91348168700642e-16 3.56290531148907e-16 6.30831853302931e-16
-0.343542585397486 -0.0091426177305519 -2.1566769530794e-17 4.29779081269234e-17 -6.22272822393251e-17 -5.14767626751976e-17 8.08748373650952e-17 -2.86920404730879e-17 -1.7287947917064e-17 -3.06107356017717e-17
-0.479687763692852 0.0921002684687787 2.59756082772626e-16 -5.17616215787054e-16 7.49420217344504e-16 6.19923027746491e-16 -9.7391697048263e-16 3.45503076318559e-16 2.08168925212658e-16 3.68576966279403e-16
0.0581191081137487 0.0057745753782874 1.61432768799081e-17 -3.21695387207313e-17 4.65771978001019e-17 3.85297962851709e-17 -6.05329542720651e-17 2.14749839653075e-17 1.29392118425276e-17 2.29103175439821e-17
-2.2457534389488 0.225186817550177 6.51136617392966e-16 -1.29751649823401e-15 1.87857718039932e-15 1.55396068958689e-15 -2.4413093480067e-15 8.66066858983595e-16 5.21811951552268e-16 9.23899927753181e-16
-1.11935434867115 -0.100487773104693 -2.722423479732e-16 5.42501506223797e-16 -7.85455526899112e-16 -6.49736230435241e-16 1.02076170786343e-15 -3.62124139676041e-16 -2.18184844066878e-16 -3.86313595995847e-16
0.115971624928336 -0.0123602489445069 -3.45392729023356e-17 6.88275728622337e-17 -9.96522487880473e-17 -8.2434040034715e-17 1.29508378745226e-16 -4.594465231645e-17 -2.7682548428233e-17 -4.90146016409707e-17
0.0702370237268791 -0.00377358396043569 -1.04752095127434e-17 2.08742901757868e-17 -3.02228975887018e-17 -2.50008811340699e-17 3.92777255915281e-17 -1.39342362310309e-17 -8.39564376190893e-18 -1.48652817937816e-17
0.0906192502119324 0.000578864249886261 1.45768224871383e-18 -2.90534951458323e-18 4.20735611297388e-18 3.48108776958498e-18 -5.47006461515238e-18 1.94095623050283e-18 1.16969600141702e-18 2.07146958111151e-18
0.100226440020447 0.00455801177429553 1.26904104105176e-17 -2.52887458679701e-17 3.66146006604794e-17 3.02883869067827e-17 -4.75849686848141e-17 1.68814307860516e-17 1.01714463738418e-17 1.80096173438536e-17
0.786441480362113 -0.000966299422032812 -2.48020425624613e-18 4.94323103860189e-18 -7.1582972449024e-18 -5.92247660242022e-18 9.30612224957801e-18 -3.30202188684957e-18 -1.98987186641818e-18 -3.52385930149148e-18
0.0804396340982224 -0.00133412305162882 -3.8559819269323e-18 7.68377051628551e-18 -1.11247219751731e-17 -9.20235066434491e-18 1.4457066908699e-17 -5.12870151014579e-18 -3.09007238332249e-18 -5.47114457253079e-18
-1.81687607861405 0.444048434093529 1.23760495609812e-15 -2.46617835409791e-15 3.57060910446463e-15 2.95362235881967e-15 -4.64022913356141e-15 1.64615113884081e-15 9.91822561928855e-16 1.75608919175738e-15
0.0854537572051746 0.00244543372213069 6.65070272095725e-18 -1.32535323362339e-17 1.91898302524931e-17 1.58746974438516e-17 -2.4940868997702e-17 8.84837513386755e-18 5.33150067312401e-18 9.44025488352811e-18
-0.640919763961725 0.0679023654971497 1.86844233555437e-16 -3.72330163412555e-16 5.39078644931233e-16 4.45934289449165e-16 -7.00585926932337e-16 2.4854084557735e-16 1.49750448122408e-16 2.65147050423076e-16
0.148196618907782 -0.000294380341508584 -7.34410253538098e-19 1.46326325556216e-18 -2.1182712435949e-18 -1.75200559967081e-18 2.75208088106433e-18 -9.76186283005115e-19 -5.88082407988046e-19 -1.04109885437332e-18
0.108437054602352 0.000645347991066793 2.38465022833306e-18 -4.75216683548149e-18 6.88072267728943e-18 5.69208347617348e-18 -8.94293894995781e-18 3.17274443435812e-18 1.91171835855645e-18 3.38501844289892e-18
0.112491904678998 0.00351116247997011 1.00683749645013e-17 -2.00643160939177e-17 2.90512434970819e-17 2.40325538994566e-17 -3.77578211317762e-17 1.33955252097083e-17 8.07135713779395e-18 1.42916276605763e-17
0.479378682228647 -0.00142951966529907 -4.0928545880134e-18 8.15513944577647e-18 -1.1806246497538e-17 -9.76533458136628e-18 1.53403123852638e-17 -5.44160600767532e-18 -3.27833986443837e-18 -5.80402346121087e-18
0.0839090982233792 -0.00113195033912933 -3.34564028745912e-18 6.66695628890624e-18 -9.65275657121553e-18 -7.98490827902381e-18 1.25447008500629e-17 -4.45037396775229e-18 -2.6814314517785e-18 -4.74772112014206e-18
0.109582546103591 0.000311379183082048 1.18426751684557e-18 -2.35960702950866e-18 3.41589826612592e-18 2.8253028307827e-18 -4.43809791628453e-18 1.57425315861542e-18 9.48388460372791e-19 1.67898283585277e-18
1.12118088324232 -0.00986132828288534 -2.8797849438476e-17 5.73855963729903e-17 -8.30847132054499e-17 -6.87280752866178e-17 1.07973961948285e-16 -3.83044924784661e-17 -2.3078861567e-17 -4.08627283266235e-17
0.0233734989706125 0.0384423087828337 1.09432304247212e-16 -2.18070901090943e-16 3.1573685419138e-16 2.6118466239645e-16 -4.10338119610452e-16 1.45573350958371e-16 8.77113693441606e-17 1.55302416687044e-16
0.648447284000266 -0.000989553727838616 -2.64530248007699e-18 5.27146633290265e-18 -7.63243149212552e-18 -6.31377672451068e-18 9.91944377623106e-18 -3.51909698696347e-18 -2.12035775714379e-18 -3.75435516982259e-18
0.0918849959683175 -0.00329560566024957 -9.20607817735387e-18 1.8345080603577e-17 -2.65607280264004e-17 -2.19712698431118e-17 3.45177232017768e-17 -1.22454555614842e-17 -7.37805261135468e-18 -1.30634190681861e-17
0.183187130385939 0.00194166398023153 4.80986509202783e-18 -9.58535903823396e-18 1.38790346828839e-17 1.14816676528701e-17 -1.80394164600515e-17 6.40008616294254e-18 3.85640959764458e-18 6.82855483419607e-18
1.02311131710121 -0.0241571262441896 -7.04187198428475e-17 1.40327171002043e-16 -2.03175248269495e-16 -1.68071726374961e-16 2.6405252436506e-16 -9.36767483832617e-17 -5.64426359586001e-17 -9.99380976480935e-17
0.0796256132007455 -0.000125987459052804 -2.09697880001418e-19 4.18376062328981e-19 -6.06477036968316e-19 -5.02291802340555e-19 7.90076206824653e-19 -2.80625454852461e-19 -1.69285010382061e-19 -3.00094216119486e-19
0.169668715108223 -0.0378560459011294 -1.07877114915369e-16 2.1497198682362e-16 -3.1125031739429e-16 -2.57473519014189e-16 4.04508019272699e-16 -1.43505162357777e-16 -8.64653113894176e-17 -1.53096268661828e-16
0.0945210914058096 -0.00590474546360683 -1.62734506831003e-17 3.24283687561814e-17 -4.69511179984637e-17 -3.88384246174729e-17 6.10167502236115e-17 -2.16462346232362e-17 -1.30421636590538e-17 -2.30921962387562e-17
0.102490120192988 0.000331027142664217 1.25223780476935e-18 -2.49584942965638e-18 3.61430936440648e-18 2.99038484371088e-18 -4.69894789635992e-18 1.66732392807366e-18 1.00478540613068e-18 1.77940558913271e-18
0.0777940444570249 -0.00090178773809787 -2.38449224487342e-18 4.75172378274713e-18 -6.87989553251544e-18 -5.69124565450922e-18 8.94138137550847e-18 -3.17210625562176e-18 -1.91128225988236e-18 -3.38415495208879e-18
0.0826365016294597 0.00167643244020362 4.5567709669716e-18 -9.08060125574535e-18 1.31476276440628e-17 1.08761457629737e-17 -1.70873393394906e-17 6.0620524628902e-18 3.65257324729762e-18 6.4673518334416e-18
0.151007775928877 0.00484523642330506 1.33077498714496e-17 -2.65189220743941e-17 3.83956912177731e-17 3.17617151737406e-17 -4.98996161303316e-17 1.77025685219451e-17 1.06661911030878e-17 1.88855982918031e-17
-0.326999213273912 0.0882713179603902 2.53232552996222e-16 -5.04627903641493e-16 7.30631470326206e-16 6.04394245479196e-16 -9.49541756880403e-16 3.36863251695158e-16 2.02967826864829e-16 3.59376005909658e-16
-2.49741872715858 -0.435876467159131 -1.20165337857673e-15 2.39454626194368e-15 -3.46691055344436e-15 -2.86785292244649e-15 4.5054991650709e-15 -1.59836062891857e-15 -9.63031803850293e-16 -1.7051194035001e-15
0.647278436974552 -0.0251255982855288 -7.43950425489787e-17 1.48250795400168e-16 -2.14647311466775e-16 -1.77561459987759e-16 2.78961174419055e-16 -9.89656860546177e-17 -5.96292728639334e-17 -1.0558025289795e-16
-1.93262031921385 -0.37764015537924 -1.03022852704684e-15 2.05294727983026e-15 -2.97233261586101e-15 -2.45873571753504e-15 3.86276327823749e-15 -1.37034575586758e-15 -8.25650447364673e-16 -1.46187618858049e-15
2.43364346640007 0.0670654660354745 1.95866914974069e-16 -3.90312827824429e-16 5.65119056057916e-16 4.67478791543747e-16 -7.34438905261373e-16 2.60552508082929e-16 1.56988860994702e-16 2.77965393377599e-16
0.203833711622232 0.00042901800961845 1.32991580857524e-18 -2.65043075977196e-18 3.83781612594656e-18 3.17502169291503e-18 -4.98862698755961e-18 1.76995077620326e-18 1.0665355649826e-18 1.88859052549266e-18
0.101716600093112 0.00207527051318772 6.08328472731411e-18 -1.21222440152664e-17 1.75510573500751e-17 1.45183874456998e-17 -2.2808949315893e-17 8.09166696570441e-18 4.87533785028479e-18 8.63216522386068e-18
-0.287647819333549 -0.0440557059200317 -1.17227022466576e-16 2.33601733516515e-16 -3.3822038029532e-16 -2.79781064792523e-16 4.39550385057707e-16 -1.55935440791886e-16 -9.39539398277542e-17 -1.66354085367055e-16
0.190808214896779 -0.000158032255585558 -4.55254718149439e-19 9.06757544384095e-19 -1.3122094801355e-18 -1.08495039703909e-18 1.70368100710258e-18 -6.04104940419525e-19 -3.63806433809403e-19 -6.43837930324878e-19
0.100206220365557 0.00124852053696818 3.56877354602866e-18 -7.11158493794593e-18 1.0296489912774e-17 8.51739580565033e-18 -1.33812370068845e-17 4.74713430589852e-18 2.86022878453119e-18 5.06428733702092e-18
0.0985992762035372 -0.00226963082642745 -6.47966211433809e-18 1.29123370644409e-17 -1.86953126849328e-17 -1.54651965657602e-17 2.42968490605923e-17 -8.61966301894067e-18 -5.1935535693293e-18 -9.19575206055773e-18
0.0548263492629853 -0.00391586380278488 -1.09489572699533e-17 2.18181502856363e-17 -3.15891894163307e-17 -2.61308699125938e-17 4.10526365886293e-17 -1.45637784196059e-17 -8.7748776022449e-18 -1.55366142240912e-17
0.12403402200664 -0.00154549339538919 -4.37080703753676e-18 8.71006797027759e-18 -1.26112123294412e-17 -1.04324656267916e-17 1.63903748572827e-17 -5.81482473802225e-18 -3.50363105650363e-18 -6.20366608583129e-18
-0.48808422147525 -0.0287162402706641 -7.70588363205401e-17 1.53559034026239e-16 -2.22332874151976e-16 -1.83919097180107e-16 2.88949383403285e-16 -1.02509128059385e-16 -6.17642687459004e-17 -1.09360472867993e-16
-0.621862945085144 0.0437375257977491 1.10902014623271e-16 -2.20999099640538e-16 3.19975671187019e-16 2.64690434213764e-16 -4.158448577447e-16 1.47526570339105e-16 8.88880039618405e-17 1.57385374760716e-16
0.0891602115841217 0.000427723271852875 1.08818747388032e-18 -2.16890527127289e-18 3.1408906481199e-18 2.59872226174768e-18 -4.0835577648318e-18 1.44898318769414e-18 8.73216576563487e-19 1.54642510731028e-18
0.0782224923046807 -0.00161421268716112 -4.87233752941412e-18 9.70905654384647e-18 -1.40569816530944e-17 -1.16279179063352e-17 1.8267690095561e-17 -6.4805390724249e-18 -3.90456472622599e-18 -6.91325264560997e-18
-1.27340195274165 -0.0396424515638735 -1.21738195102841e-16 2.42580102555734e-16 -3.51203532327639e-16 -2.90507538299104e-16 4.5638118988242e-16 -1.61898895419048e-16 -9.75425331486269e-17 -1.72700057656027e-16
-1.17320175736938 -0.27175648002368 -7.45576728950151e-16 1.48573250533922e-15 -2.15111828113212e-15 -1.77943771063272e-15 2.79558750136836e-15 -9.91765990657211e-16 -5.97556988142989e-16 -1.05802945454083e-15
0.266991201249515 -0.00551281609459488 -1.50800628089394e-17 3.0050887042e-17 -4.35097738835584e-17 -3.59924316817666e-17 5.65467113359808e-17 -2.006085025125e-17 -1.20871890877382e-17 -2.14017657417437e-17
0.169824526229545 -0.00337376399488254 -8.58959582218335e-18 1.71172423068492e-17 -2.4783934441195e-17 -2.05022505278705e-17 3.22110305689702e-17 -1.14275603507896e-17 -6.88551489651816e-18 -1.21917943854066e-17
-1.60700230821858 -0.541144687830092 -1.49121638597815e-15 2.97155253979344e-15 -4.30230846035702e-15 -3.55888953813518e-15 5.59112591874536e-15 -1.98348928637939e-15 -1.19507301860474e-15 -2.1159594171734e-15
-2.35330960904621 -0.58243963719167 -1.6420926781965e-15 3.27222330296841e-15 -4.7376566891158e-15 -3.91903437768765e-15 6.15696040248128e-15 -2.18423553902327e-15 -1.31603237825604e-15 -2.33013986439908e-15
0.0969341486293276 0.00188645465338932 5.02281929092217e-18 -1.00092128445272e-17 1.44919785303044e-17 1.19880976956031e-17 -1.88340911251236e-17 6.68166786358671e-18 4.02586398399238e-18 7.12822868056523e-18
0.105002788735202 0.00134860397530222 3.62315893570211e-18 -7.22048248823229e-18 1.04549133242911e-17 8.64907147686468e-18 -1.35890887691578e-17 4.82122061932703e-18 2.90507715091082e-18 5.1440673395693e-18
-1.2068709984768 -0.0580426721966586 -1.59534920597879e-16 3.17910335110905e-16 -4.60287221762722e-16 -3.80757111041565e-16 5.98189697046847e-16 -2.12214793686352e-16 -1.27863438555693e-16 -2.26394261157219e-16
0.0877082831364573 -0.00109616386701843 -3.07944114699682e-18 6.13601925582311e-18 -8.88335256020775e-18 -7.34787755433355e-18 1.15430005882825e-17 -4.09469294789809e-18 -2.46693640614302e-18 -4.36760015274902e-18
-0.0126238754701656 -0.00527715604660563 -1.43652442577622e-17 2.86258542186037e-17 -4.14456810250258e-17 -3.42842724469386e-17 5.38619900765785e-17 -1.91080194287504e-17 -1.15128527224429e-17 -2.03844282034944e-17
0.085929297839458 0.000345735808955866 8.3186240311346e-19 -1.65780581940389e-18 2.40044198177365e-18 1.98583703360456e-18 -3.12009490037841e-18 1.10697503923186e-18 6.67024605584121e-19 1.18112047125725e-18
0.0612578745649208 0.00253365779182842 6.85961677533014e-18 -1.36694279767201e-17 1.97913862134785e-17 1.63718184379885e-17 -2.57210934273296e-17 9.12489247614084e-18 5.49794107966346e-18 9.73465843103439e-18
-0.296442331810444 -0.00874609751970246 -2.14132598963653e-17 4.26721006571888e-17 -6.17846574370776e-17 -5.11107315186741e-17 8.02999642716076e-17 -2.84881619163682e-17 -1.71651460601358e-17 -3.03933721879968e-17
0.106698262537037 -0.0090079403138385 -2.51977926290504e-17 5.02132275956393e-17 -7.27024694509551e-17 -6.01416057998206e-17 9.4487134252735e-17 -3.35209374341016e-17 -2.01973145756645e-17 -3.5761803603633e-17
-0.314313440391729 0.0390501337862719 1.08227229597764e-16 -2.15666237892275e-16 3.1225051866575e-16 2.58296788842488e-16 -4.05794957811862e-16 1.43959426161128e-16 8.67376324564153e-17 1.53575992530551e-16
0.0648757713400116 -0.000654604023819301 -1.80910811062392e-18 3.60498565786796e-18 -5.21936832815942e-18 -4.31744866341546e-18 6.78278761675567e-18 -2.40621857514635e-18 -1.44975937921996e-18 -2.5668771763693e-18
-0.763238051440546 0.217513265157043 6.31330634924862e-16 -1.25807087837685e-15 1.82149817377452e-15 1.50677082822087e-15 -2.36721371056353e-15 8.39795518217223e-16 5.05991980881462e-16 8.95905134723257e-16
0.123955174747111 -0.00258076931592541 -7.2246432454128e-18 1.43967886759777e-17 -2.08444403013358e-17 -1.72428749799982e-17 2.70894957576465e-17 -9.61032299115049e-18 -5.79040636696254e-18 -1.02524677712322e-17
0.0698236514330191 -0.00104274844431753 -2.81567680466114e-18 5.61060947327629e-18 -8.12292910340569e-18 -6.7190847211701e-18 1.05555136574785e-17 -3.74450528194267e-18 -2.25602298043265e-18 -3.99430202626876e-18
-0.247687839967033 -0.0424484715436555 -1.1646567932296e-16 2.32087547805433e-16 -3.36032359221915e-16 -2.77974652197813e-16 4.3671799891477e-16 -1.54932599889687e-16 -9.33509029733046e-17 -1.6528846572978e-16
-1.82888622100718 0.398887039420877 1.09015783296125e-15 -2.17236575572322e-15 3.14522632219436e-15 2.60175074587993e-15 -4.08743890844449e-15 1.45004901505685e-15 8.73671335558715e-16 1.54689844088675e-15
0.0777542131538168 0.00200651159855106 5.49927731214745e-18 -1.09592421483898e-17 1.58683148784354e-17 1.31273156602685e-17 -2.06249472885651e-17 7.31737962008768e-18 4.40912408702944e-18 7.80723704872956e-18
0.108746691922736 -0.000436648850091935 -1.31696091801306e-18 2.62419335564258e-18 -3.79921747794548e-18 -3.1425869574832e-18 4.93687632054176e-18 -1.75130991139992e-18 -1.05513433056402e-18 -1.8681029478153e-18
-1.91910006295843 -0.0284310459477158 -7.71643606139888e-17 1.53774507951515e-16 -2.22652365782886e-16 -1.84189603844084e-16 2.89384131923437e-16 -1.02666825331182e-16 -6.18613720303247e-17 -1.09536099594452e-16
0.294342543324934 0.000591299214892743 1.16626547633253e-18 -2.32472276646567e-18 3.36682292163288e-18 2.78589142794664e-18 -4.37804148338044e-18 1.5536076510991e-18 9.36346948632136e-19 1.65836655534346e-18
-2.49237942234637 0.485140867388436 1.25341527747173e-15 -2.49767660510487e-15 3.61620308824472e-15 2.99132948621015e-15 -4.69945496019024e-15 1.66715719919897e-15 1.00447610237908e-15 1.7784881484901e-15
-0.634281219680951 0.025484693509792 5.73656368104066e-17 -1.14317674380105e-16 1.65519942989017e-16 1.36924797889544e-16 -2.15122427705197e-16 7.63194257104439e-17 4.5985243880533e-17 8.14235822157235e-17
-0.299319896780698 -0.0907853590139405 -2.47923182426296e-16 4.94039068232911e-16 -7.15287828004706e-16 -5.9169133342886e-16 9.29568465310301e-16 -3.29771695663493e-16 -1.9869153678671e-16 -3.51798246500621e-16
0.0817270578422991 -0.0002738083244724 -6.28593606389623e-19 1.25214684716715e-18 -1.81224073960022e-18 -1.49855015103492e-18 2.35341441941637e-18 -8.34586382399743e-19 -5.02664378274557e-19 -8.89678652746797e-19
0.488838703182987 -0.00119536738512074 -3.17629248216049e-18 6.32945459887594e-18 -9.16405044094693e-18 -7.58059823985238e-18 1.19094384733547e-17 -4.2249824143048e-18 -2.54561380364778e-18 -4.5072166483899e-18
0.86258651411392 0.0124401798012441 3.67952801770514e-17 -7.3322433905013e-17 1.06159048771118e-16 8.78156659189787e-17 -1.37961777943126e-16 4.89430905118294e-17 2.9488860766646e-17 5.2212310595504e-17
-1.34911094111011 -0.246396726213574 -6.68382105278702e-16 1.33187987569266e-15 -1.92832701082707e-15 -1.59511186264632e-15 2.50595579422838e-15 -8.88999439794888e-16 -5.35628361989174e-16 -9.48361583498263e-16
-0.569392006846223 0.0759655480078912 1.99787344532639e-16 -3.98120157419924e-16 5.7641562496611e-16 4.7681746582038e-16 -7.49100982334333e-16 2.65750688949044e-16 1.60118837429e-16 2.83503723712835e-16
0.09556484635857 -0.000595830544069874 -1.91683251684457e-18 3.82005229875926e-18 -5.53133330395424e-18 -4.57599115070732e-18 7.18972564609227e-18 -2.55085208640708e-18 -1.53706497089027e-18 -2.72174528258317e-18
0.131653719397093 -0.000843232633533434 -2.37857411774424e-18 4.74040019406392e-18 -6.864180618067e-18 -5.67880848828108e-18 8.92272556926042e-18 -3.16580136515655e-18 -1.90767231361033e-18 -3.37809760542906e-18
1.25980396478153 0.00121543028708488 3.69064343408753e-18 -7.35452207595309e-18 1.06483474956072e-17 8.80855792504967e-18 -1.38388251368986e-17 4.90952478743647e-18 2.95810575212401e-18 5.23764732647391e-18
0.935305771780674 -0.00569324817496337 -1.59736474746269e-17 3.18325306205293e-17 -4.60907333195589e-17 -3.81286036492486e-17 5.99045737182648e-17 -2.12527376933376e-17 -1.28057133538086e-17 -2.26746701611062e-17
-2.29195416702949 0.208391446288274 5.74900124923519e-16 -1.14560322075579e-15 1.65863732170345e-15 1.37202957554505e-15 -2.15549645672403e-15 7.64675144900124e-16 4.60723782325805e-16 8.15741575818408e-16
