0.0883954074888874 -0.000680067466513301 -4.5023799361317e-27 8.95840887654714e-27 -1.29507516776617e-26 -1.06967999843032e-26 1.67797136665684e-26 -5.9437564808974e-27 -3.57578532029221e-27 -6.32164563265404e-27
0.164245381660194 0.00164829287856225 7.71150385134074e-27 -1.53459492976547e-26 2.21882885145341e-26 1.83294175115304e-26 -2.87571144126495e-26 1.01879721516782e-26 6.1300521730059e-27 1.08389917065038e-26
0.352679518934085 -0.00931000862142151 -3.80060543351193e-26 7.56308007585408e-26 -1.09350299405564e-25 -9.03308436348849e-26 1.41717648040928e-25 -5.02062294145492e-26 -3.02082281068595e-26 -5.34122886440291e-26
0.123242093116115 0.00153116154599765 6.22418106133237e-27 -1.23869284671354e-26 1.79110236388436e-26 1.4796942900308e-26 -2.32164263311134e-26 8.22554238107452e-27 4.94957256328827e-27 8.7522383796354e-27
0.0554582500025139 -0.00810479676153684 -3.44463898638306e-26 6.85459827894178e-26 -9.91050233298439e-26 -8.18661075985665e-26 1.28435297846151e-25 -4.5499901253534e-26 -2.73760312629204e-26 -4.84037281340431e-26
-0.759039772567329 0.083524573370269 3.3447633293282e-25 -6.65586597285735e-25 9.62319107189608e-25 7.94929224273021e-25 -1.24712389255063e-24 4.41811013404718e-25 2.65825998116436e-25 4.70009525685298e-25
0.0978262389768304 0.000942664968424188 1.9523444923786e-27 -3.88573220127073e-27 5.61907252024614e-27 4.64249251017385e-27 -7.28466455677759e-27 2.58115269323104e-27 1.55328734179362e-27 2.74687053349809e-27
0.0915526675467381 0.00135727012111531 5.48798774187744e-27 -1.09222193328787e-26 1.57937047619152e-26 1.30482402889774e-26 -2.04734792731654e-26 7.25399342397834e-27 4.36512449457893e-27 7.71905965902558e-27
-0.300525379913272 -0.0273913853605781 -1.09910941218325e-25 2.18711453106441e-25 -3.16211376437776e-25 -2.61203064886413e-25 4.09780065772528e-25 -1.45167430158055e-25 -8.73416770879566e-26 -1.54426616297518e-25
0.101595815339381 0.00136775444947424 4.18473605946227e-27 -8.32827694369765e-27 1.2042526533741e-26 9.9488957276198e-27 -1.56100368532485e-26 5.53068316500354e-27 3.32803288498586e-27 5.88497645362272e-27
-0.682024321747162 0.0333296863650074 1.30263915196118e-25 -2.59216059081639e-25 3.74778825820738e-25 3.09587204479741e-25 -4.85694002688161e-25 1.72063313203215e-25 1.0352561027384e-25 1.83044046746668e-25
-1.523383311592 -0.386103414761686 -1.60278699378329e-24 3.18950470447535e-24 -4.61154075349274e-24 -3.80946220435262e-24 5.97658457284017e-24 -2.11732864167016e-24 -1.27396487265843e-24 -2.25255252078886e-24
-0.555592210301565 0.112885495076294 4.64552091621112e-25 -9.24426492928396e-25 1.3365515462884e-24 1.1040629996004e-24 -1.73210326475343e-24 6.1362000073833e-25 3.69197890401936e-25 6.52780549960167e-25
0.106276996636911 -0.0123112497723934 -5.22662731114983e-26 1.04007676898853e-25 -1.50378110765059e-25 -1.24222042551824e-25 1.94887726363676e-25 -6.90424372185557e-26 -4.15414561283917e-26 -7.34506440454769e-26
-2.21121847140995 0.481763989616878 1.96624967385634e-24 -3.91269060440326e-24 5.65702003710422e-24 4.67298879838172e-24 -7.33117429016112e-24 2.59715668254003e-24 1.56263207399405e-24 2.76289008976935e-24
-1.41780391514207 -0.0989046523385757 -3.82253158099923e-25 7.60650115075787e-25 -1.09975046411506e-24 -9.08444052094151e-25 1.42519404477592e-24 -5.04888656923376e-25 -3.03774423616172e-25 -5.37099920398332e-25
0.106368284638213 -0.00639631432415183 -2.68769294026191e-26 5.34844591784553e-26 -7.73305202966975e-26 -6.38806121059987e-26 1.00221058861594e-25 -3.55054242485793e-26 -2.13631063613979e-26 -3.77730792480989e-26
0.095811600837831 -0.00224099744972696 -1.04242381133257e-26 2.07429889668939e-26 -2.99898099148236e-26 -2.47725606872865e-26 3.88633172877791e-26 -1.3767485733135e-26 -8.28329973784683e-27 -1.46453720010079e-26
0.0860306109867541 0.00311707092701671 1.29305929202878e-26 -2.57324304602358e-26 3.72064763313004e-26 3.07362648051972e-26 -4.82231325012364e-26 1.70846288584827e-26 1.02799181469398e-26 1.81769936479612e-26
0.0684167344813564 -0.00767023054512387 -3.2845394110193e-26 6.53613511905178e-26 -9.45024203168121e-26 -7.80655914688207e-26 1.22475200461694e-25 -4.33892821475585e-26 -2.61066260330047e-26 -4.61601617522211e-26
0.692029774615173 -0.00328433217289645 -1.40991424999538e-26 2.80558376977165e-26 -4.05629138280951e-26 -3.35065614099174e-26 5.25656884445028e-26 -1.86217568829534e-26 -1.12039954435932e-26 -1.98094986266442e-26
0.0972031545209985 -0.000490359264168804 -1.95596068350044e-27 3.89245542777549e-27 -5.62810950683361e-27 -4.64939282345404e-27 7.29460402875887e-27 -2.58435995482604e-27 -1.55502816216823e-27 -2.7496144602883e-27
-2.03563752952315 0.915281042084834 3.73947443275551e-24 -7.44128485191328e-24 1.07587212807521e-23 8.88726637165945e-24 -1.39427204270442e-23 4.93938232111925e-24 2.97188324853131e-24 5.2545936417381e-24
0.0741382409279303 -0.00621309434447477 -2.55778739822173e-26 5.08992443270121e-26 -7.35925059359306e-26 -6.07925921576258e-26 9.53760898321977e-26 -3.37889088254971e-26 -2.03302536670651e-26 -3.59467572536044e-26
-0.488053289534479 0.0664122290905627 2.64775508600508e-25 -5.26880395622459e-25 7.61766085581457e-25 6.29254081492649e-25 -9.87193370496766e-25 3.49723020729366e-25 2.10416692081948e-25 3.72035555674795e-25
0.151488377882264 -0.00652646166801889 -2.64798519752669e-26 5.26944433643284e-26 -7.61885054909257e-26 -6.29374149211936e-26 9.87415926971154e-26 -3.49813975927725e-26 -2.10478704426126e-26 -3.72158084280767e-26
0.0824115707107506 -0.0028647636496424 -1.30256016275353e-26 2.59207645368101e-26 -3.74777221599058e-26 -3.09594602293868e-26 4.85719292897043e-26 -1.72077120096333e-26 -1.03536833927514e-26 -1.83069047593831e-26
0.0992932132528065 0.00283175494070446 1.17618098935118e-26 -2.34064273546931e-26 3.38432038898507e-26 2.79577762050395e-26 -4.38637299903837e-26 1.55401174478182e-26 9.35054686549328e-27 1.65336224741099e-26
0.507216358867754 0.000721765915558748 3.00452956000496e-27 -5.98226785456869e-27 8.65427043121747e-27 7.15302514154285e-27 -1.12284727983369e-26 3.98013040538837e-27 2.39611555300516e-27 4.23902887413454e-27
0.0959626221992464 -0.00505887253366939 -2.131923426675e-26 4.24244689174071e-26 -6.13389860274899e-26 -5.06700793123423e-26 7.94947333834417e-26 -2.81624823057712e-26 -1.69448404443237e-26 -2.99607255693848e-26
0.117267557644402 -0.000388129057830471 -1.06077603004687e-27 2.11085086862962e-27 -3.05187516965417e-27 -2.52098805585459e-27 3.95500089815544e-27 -1.40109692931005e-27 -8.4299257200311e-28 -1.4904849667144e-27
0.374660060798842 0.000861155217301029 3.42928030876139e-27 -6.82781150529782e-27 9.87723323289466e-27 8.16363899024923e-27 -1.28145670602103e-26 4.54223678459872e-27 2.7344466998396e-27 4.83745935795954e-27
0.23268760006266 0.0190530081974086 7.69128215767117e-26 -1.53056290107929e-25 2.21298763635365e-25 1.82810698202434e-25 -2.86811136041313e-25 1.01609944689215e-25 6.11378832841137e-26 1.08101787216255e-25
0.657266372417686 0.00350268381554778 1.39608013931593e-26 -2.7781973385711e-26 4.01690167061842e-26 3.31828837985841e-26 -5.20605599869298e-26 1.8443755154105e-26 1.10974664432041e-26 1.96221515567339e-26
0.0867615391477924 -0.000998133176856617 -4.00629747527253e-27 7.97222222010803e-27 -1.15263276773814e-26 -9.52132389063152e-27 1.49374166672299e-26 -5.29175162096358e-27 -3.18388507074069e-27 -5.62941935924858e-27
0.15463446013618 -0.00429130691658837 -1.84081527645713e-26 3.66306987355198e-26 -5.2960924814751e-26 -4.37482544435095e-26 6.86337420871158e-26 -2.43142247945574e-26 -1.46290846334477e-26 -2.58655767418476e-26
1.24901532079406 -0.0375487359352943 -1.6201353337788e-25 3.2240310863993e-25 -4.66146591607688e-25 -3.85070827918212e-25 6.04130143482998e-25 -2.14025832119194e-25 -1.28776275389595e-25 -2.27695168881129e-25
0.070420422103073 -0.00385036271690849 -1.74552694538326e-26 3.47333997908414e-26 -5.02161481062354e-26 -4.14795760636335e-26 6.50724264130632e-26 -2.30518344719165e-26 -1.38690897571003e-26 -2.45210302979436e-26
0.0227042557926757 -0.0350980916438832 -1.46110361745706e-25 2.90753598049203e-25 -4.2038241989214e-25 -3.47263235969928e-25 5.44809726045898e-25 -1.93008616918925e-25 -1.16129491122468e-25 -2.05332000705792e-25
0.09318459653352 -0.001822148459396 -7.80708758355501e-27 1.55349400260401e-26 -2.24597787172751e-26 -1.85522323875293e-26 2.91044004209031e-26 -1.03101963635557e-26 -6.20310583360044e-27 -1.09673002435867e-26
0.0980356303691547 -0.00976208368058407 -4.02781062857618e-26 8.01523759182397e-26 -1.15888174801036e-25 -9.57318956491639e-26 1.50191714858899e-25 -5.32085096863386e-26 -3.20147556205944e-26 -5.66066661674861e-26
0.102192130142298 0.00138602995173224 5.0766360749047e-27 -1.01032879713756e-26 1.46091449059616e-26 1.20692886629331e-26 -1.8936963100577e-26 6.70941711759329e-27 4.0373205115573e-27 7.13920666720636e-27
0.121735435095356 -0.00247541265419917 -1.04807439761962e-26 2.08565793453052e-26 -3.01557000844622e-26 -2.49109654882292e-26 3.90826032754079e-26 -1.38459324333423e-26 -8.3309572682394e-27 -1.47304459393655e-26
0.144668372847811 0.00121496355404278 4.41908509583987e-27 -8.79529871210538e-27 1.27187426420892e-26 1.05083025860772e-26 -1.64889397960521e-26 5.84249954900986e-27 3.51591697325343e-27 6.21765779752967e-27
0.048265845892221 0.00106826374257899 3.14884716465996e-27 -6.26733734707278e-27 9.0633743494324e-27 7.48844370174544e-27 -1.17507339211517e-26 4.16374580717003e-27 2.50574800050584e-27 4.4313786241762e-27
-2.16494227822692 -0.200618198227734 -8.07699699661996e-25 1.60726136009511e-24 -2.32379842265527e-24 -1.91957557297076e-24 3.01150618040322e-24 -1.06686165193484e-24 -6.41898599694243e-25 -1.13494036659783e-24
0.593545531217079 -0.0121952559211478 -5.16674068033254e-26 1.02813778929129e-25 -1.48648778446162e-25 -1.22790899433713e-25 1.92638371310165e-25 -6.82441166436633e-26 -4.106025218711e-26 -7.25982745635402e-26
-2.21917288778519 -0.344782821394319 -1.39507714890361e-24 2.7760930605816e-24 -4.01370252414152e-24 -3.31551621384059e-24 5.20150370438453e-24 -1.8426908101467e-24 -1.10868967989967e-24 -1.96026971754938e-24
2.4261934265408 0.100322956416503 4.1117344192559e-25 -8.18222255341057e-25 1.1830221803156e-24 9.77258149904937e-25 -1.53319536340516e-24 5.43164648328493e-25 3.26813112873593e-25 5.7785083194952e-25
0.285842423679599 -0.00286994819973729 -1.28804899951509e-26 2.56314622115596e-26 -3.70586629023564e-26 -3.06126497387236e-26 4.80268254283709e-26 -1.70142433768258e-26 -1.02370630483386e-26 -1.81003263880905e-26
0.0948675133100882 0.000876596638938999 3.44822833711243e-27 -6.86261786232969e-27 9.92336531053559e-27 8.19828389969971e-27 -1.28634868445729e-26 4.55764253152651e-27 2.7425577837978e-27 4.84975280064471e-27
-0.330464597457737 -0.0290252164078944 -1.13526304342729e-25 2.25914335029696e-25 -3.26637802029709e-25 -2.69826073730208e-25 4.2332426753732e-25 -1.49971321984959e-25 -9.02354631634093e-26 -1.59549179659262e-25
0.153666850303353 -0.00158708259643044 -6.75507499782559e-27 1.34419662928666e-26 -1.9434384526134e-26 -1.60536426293465e-26 2.51853603292276e-26 -8.9221299639388e-27 -5.36812840324103e-27 -9.49129634340411e-27
0.12433134107574 -0.010362063005948 -4.42211522200569e-26 8.79990968878088e-26 -1.27233578291035e-25 -1.0510420238453e-25 1.64896030646375e-25 -5.84179245875469e-26 -3.51492467858445e-26 -6.21490096973118e-26
0.0607875442395586 -0.00100230309413575 -4.57120952636455e-27 9.09664038166026e-27 -1.3152438758738e-26 -1.08649157391217e-26 1.70458325186648e-26 -6.03887266040523e-27 -3.63351956124138e-27 -6.42461966701685e-27
0.0862557956138479 0.000348470590855187 1.07894668102491e-27 -2.14769239598207e-27 3.10612919528797e-27 2.56662097852905e-27 -4.02787254580009e-27 1.42736642175271e-27 8.59071247681525e-28 1.51939662428529e-27
0.0970785077607389 -0.000259454585365029 -1.73758072935206e-27 3.45720280044422e-27 -4.99781375256436e-27 -4.12790861418866e-27 6.47517996314294e-27 -2.29360905890476e-27 -1.37981513942268e-27 -2.43933073811202e-27
-0.477139847517423 -0.0420969804480375 -1.68947066351543e-25 3.36186359825027e-25 -4.86054410254505e-25 -4.01499030408835e-25 6.29877209835168e-25 -2.23137771254111e-25 -1.34253081867091e-25 -2.37368851196007e-25
-0.146055182456533 0.00703983383423233 2.67785906232327e-26 -5.32883765109272e-26 7.70464492516207e-26 6.36454823694751e-26 -9.98514367467961e-26 3.53742187099244e-26 2.1284006011611e-26 3.76329428419136e-26
0.0915353578269913 -0.00643016873252432 -2.69792990433967e-26 5.36872635630283e-26 -7.76224311451602e-26 -6.41206662652375e-26 1.00595972491288e-25 -3.56376421190802e-26 -2.14422970495294e-26 -3.79124582457939e-26
0.0793023741510311 -0.00049375879719237 -2.36962486749002e-27 4.71456628433972e-27 -6.81520988114281e-27 -5.62874420774639e-27 8.82908196505909e-27 -3.12726987876258e-27 -1.88126132822752e-27 -3.32568537922114e-27
-1.97204432230092 -0.199602279553806 -8.51817158851156e-25 1.69505917454831e-24 -2.45074829783588e-24 -2.02445146299778e-24 3.17605350185105e-24 -1.1251593989583e-24 -6.7697755875586e-25 -1.19696867100589e-24
-1.91994957126178 -0.338600628923323 -1.37383361792662e-24 2.73390191165854e-24 -3.95282042059372e-24 -3.26532230269816e-24 5.12291095577988e-24 -1.81490276583636e-24 -1.09200316188724e-24 -1.93082414516685e-24
0.116352192375186 -5.18041087710411e-05 -4.65626171883312e-28 9.25589753295246e-28 -1.33682486486602e-27 -1.103125082898e-27 1.7288059145573e-27 -6.11804932092562e-28 -3.67716515531528e-28 -6.4947290730261e-28
0.168322158009 -0.00120369715911546 -4.95284643942492e-27 9.85568641806999e-27 -1.42493237203623e-26 -1.17705413972762e-26 1.84658967649867e-26 -6.54169310350273e-27 -3.93589860802349e-27 -6.95898540953018e-27
-2.43747105297469 -0.625081405586752 -2.4502662483669e-24 4.87589541280757e-24 -7.04970349821615e-24 -5.82347392904993e-24 9.13619166110248e-24 -3.23663756498981e-24 -1.94740785193465e-24 -3.44324602446276e-24
-1.47595881507232 -0.213845126667574 -8.97409294959979e-25 1.78577515387549e-24 -2.58189368167194e-24 -2.13277355372604e-24 3.34597676405848e-24 -1.1853507981441e-24 -7.13189350534672e-25 -1.26098840681622e-24
0.0721787524915931 -0.00497765705586114 -2.0685082665762e-26 4.11615762800531e-26 -5.95116648442574e-26 -4.91594499781395e-26 7.71229639114957e-26 -2.73216050759676e-26 -1.64385188592096e-26 -2.90648074113927e-26
0.0891865527563978 -0.00097973685547544 -3.91894384272842e-27 7.79748287148005e-27 -1.12723684644584e-26 -9.31045120945229e-27 1.46048820640774e-26 -5.17334181097227e-27 -3.11227713855658e-27 -5.50216530748741e-27
-0.856826098499816 0.0345475690333056 1.38635792981732e-25 -2.7587497122448e-25 3.98863776533381e-25 3.29482010084856e-25 -5.16904840007135e-25 1.83119794670626e-25 1.10177766533729e-25 1.94805371278753e-25
0.0908691031287681 0.00181324025732541 7.45888278962488e-27 -1.48440121188668e-26 2.14636798428836e-26 1.77317612333386e-26 -2.78209110277277e-26 9.85681532881863e-27 5.93110848753171e-27 1.04877760457285e-26
-0.0424132701001472 -0.0121414763016208 -5.0279405356188e-26 1.00053269634433e-25 -1.4465978112122e-25 -1.19497586797848e-25 1.87474518818364e-25 -6.64157623014279e-26 -3.99607888431594e-26 -7.06553796886157e-26
0.0971045969616192 -0.00445388719211001 -1.90094209505571e-26 3.78275593078838e-26 -5.4691913586262e-26 -4.5178595958004e-26 7.08784353751941e-26 -2.51096879402043e-26 -1.51078437812403e-26 -2.6712340745324e-26
0.0917864511251292 -0.00585685541704258 -2.44775015611678e-26 4.87095186532849e-26 -7.04264753936979e-26 -5.81772090515813e-26 9.12728460469403e-26 -3.23352411303163e-26 -1.94555983389718e-26 -3.44002318629525e-26
-0.383908024208879 -0.0223181161254998 -8.80747033270861e-26 1.75262021099249e-25 -2.53396031043111e-25 -2.09318018350158e-25 3.28386430257415e-25 -1.16334785362133e-25 -6.99951519418498e-26 -1.23758381067581e-25
0.0671776545255239 -0.00765887811024018 -3.18089755508242e-26 6.32980890165763e-26 -9.15180759218646e-26 -7.5599335218421e-26 1.18604414452142e-25 -4.20174346003857e-26 -2.52808801070503e-26 -4.46995484816359e-26
-0.838596828466383 0.0627703681378956 2.44523508613772e-25 -4.8658302528023e-25 7.03507376606508e-25 5.81132508464678e-25 -9.11703174690029e-25 3.22981439348911e-25 1.94328116571614e-25 3.435911812242e-25
0.0820784606072692 0.00296879639751259 1.21500987727208e-26 -2.41795460611955e-26 3.49616438146493e-26 2.88822057988312e-26 -4.53148612090224e-26 1.6054498802204e-26 9.66021578057834e-27 1.70814680817169e-26
-0.330984428954095 0.039671255789829 1.52421335914906e-25 -3.03312383010236e-25 4.3854067871295e-25 3.62263385342911e-25 -5.68343346102278e-25 2.01345960204095e-25 1.21145988591454e-25 2.14201963388267e-25
0.179070139583231 -0.00607390713956137 -2.55458150446317e-26 5.08351717784241e-26 -7.34994674436764e-26 -6.07154057852017e-26 9.5254476012349e-26 -3.37456411421495e-26 -2.0304109729036e-26 -3.59003357298866e-26
0.0820210360296516 -0.00175608193432959 -8.37402159903577e-27 1.66623795288734e-26 -2.4088808950648e-26 -1.9897038436151e-26 3.1212842830364e-26 -1.10566613341061e-26 -6.65194515465307e-27 -1.17603865470792e-26
-0.39488804520101 -0.102351444669251 -4.23540634588129e-25 8.42832174555869e-25 -1.2186037094192e-24 -1.00665046761688e-24 1.57930745619641e-24 -5.59500494190639e-25 -3.36641955704977e-25 -5.95229297906297e-25
-1.38656071810894 0.241723644058132 9.73986230737934e-25 -1.93817804465526e-24 2.80226942293317e-24 2.31483968997126e-24 -3.6316478870665e-24 1.28656682955666e-24 7.74096214707478e-25 1.36869231466459e-24
0.0961276912910266 0.000849426133283517 4.25704588163626e-27 -8.47199721892717e-27 1.22500720187677e-26 1.0120134650946e-26 -1.58783627572093e-26 5.62562719147754e-27 3.38508947274451e-27 5.98573719659799e-27
0.0922615573128094 -0.00764586242094762 -3.17295410399564e-26 6.31404224455116e-26 -9.12907010116889e-26 -7.54119922435469e-26 1.18311256829415e-25 -4.19138469737117e-26 -2.52187151485929e-26 -4.45899186406051e-26
-1.9648579909081 0.276662063716607 1.13733979137648e-24 -2.26322434170794e-24 3.27220378557632e-24 2.70301149996106e-24 -4.24059918523788e-24 1.50228509871176e-24 9.03881443535455e-25 1.59815490655543e-24
0.46151111762408 -0.0123439828029189 -5.12309830090695e-26 1.01947843227029e-25 -1.47400433449836e-25 -1.21762706097535e-25 1.91030012017136e-25 -6.76760052653754e-26 -4.07194407322793e-26 -7.19974613827583e-26
-2.29409184426428 0.684428880334583 2.83970593536787e-24 -5.6507925638256e-24 8.16997497712399e-24 6.74880533156629e-24 -1.0587778749999e-23 3.7508406610322e-24 2.25676506582958e-24 3.99017897932387e-24
-0.53393434351242 0.0258962228634541 9.93880479236027e-26 -1.97777930504744e-25 2.85954451466255e-25 2.36216760155806e-25 -3.70592253799525e-25 1.31288826978712e-25 7.89938309401655e-26 1.39671203531863e-25
-0.507140628473843 -0.0216267614108451 -8.42615231823967e-26 1.67673853800356e-25 -2.42424636062688e-25 -2.00254816974835e-25 3.14167294407174e-25 -1.11297337177146e-25 -6.69641796185715e-26 -1.18399160231655e-25
0.0926407950607613 -0.00363918637944341 -1.51380230524365e-26 3.01238093033914e-26 -4.35537929450202e-26 -3.59779892315324e-26 5.64442327097334e-26 -1.99962271314927e-26 -1.20312437385372e-26 -2.12726345630882e-26
0.254353733361491 -0.0103340592043858 -4.30398534048488e-26 8.56489249907669e-26 -1.23836427368901e-25 -1.02298608192478e-25 1.60495483944483e-25 -5.68593262692862e-26 -3.42116939842533e-26 -6.04916928468741e-26
0.628490986201407 0.00180971055848466 7.29368407570962e-27 -1.45151944036327e-26 2.09881486248079e-26 1.73388471576789e-26 -2.72043332934466e-26 9.63832923283863e-27 5.79961820344021e-27 1.02552285169636e-26
-1.48741554346918 -0.116518059200854 -4.75934593277471e-25 9.470767367817e-25 -1.36929944270403e-24 -1.13111433742119e-24 1.77454233589127e-24 -6.28654493981494e-25 -3.78243663633873e-25 -6.68774321557818e-25
-0.329987382928953 0.114007334680898 4.73633896562384e-25 -9.42498108692639e-25 1.36267900430568e-24 1.12564502210351e-24 -1.76596107756563e-24 6.25614205384131e-25 3.76414246923404e-25 6.65539437028972e-25
0.112168776754718 0.00198482284794805 8.04161377453969e-27 -1.6002825044123e-26 2.31379815876246e-26 1.91138907951321e-26 -2.99877936022905e-26 1.06239429374765e-26 6.39235557754835e-27 1.13027575804339e-26
0.130184584208076 0.000291689934107283 1.42847717316787e-27 -2.84416569082509e-27 4.11444943737922e-27 3.40066038247875e-27 -5.3380969647993e-27 1.89214902911345e-27 1.13909010739319e-27 2.01515749887639e-27
1.79668934280815 0.0180217569332218 7.39038157837391e-26 -1.47071802680857e-25 2.12650954660334e-25 1.75670999941897e-25 -2.75616106671084e-25 9.76461035029851e-26 5.87542411207675e-26 1.03889538662851e-25
0.440998767853332 0.002349112422045 9.0960745612778e-27 -1.81032142586794e-26 2.61777750218178e-26 2.16274132051907e-26 -3.39350270805928e-26 1.20236857802586e-26 7.23537437324992e-27 1.27947758343489e-26
-1.8426480258272 0.3350155226039 1.37568229069229e-24 -2.73751130218151e-24 3.95793867672934e-24 3.26946742672519e-24 -5.12928405395236e-24 1.81711447530629e-24 1.09330618002796e-24 1.93307902774707e-24
