0.0901483534515116 -0.000275186820182653 -1.00894526479909e-28 2.00763361046473e-28 -2.90252964393962e-28 -2.39752791687112e-28 3.76116557472386e-28 -1.3323766807833e-28 -8.01614492315056e-29 -1.41726929221367e-28
0.34079411328418 -0.00156180979392627 -6.83699572332352e-28 1.36024149069085e-27 -1.9662651883082e-27 -1.6239138047213e-27 2.54715653946902e-27 -9.02181874395205e-28 -5.42708387459179e-28 -9.5937248348072e-28
0.238528898908161 0.00281416661982299 1.39618049288107e-27 -2.77785716156643e-27 4.01562931797396e-27 3.31659263090051e-27 -5.20238422152498e-27 1.84271645368945e-27 1.10853287319588e-27 1.95968796716777e-27
0.106030594112376 0.00167130253354414 8.52461715461742e-28 -1.69601896188051e-27 2.45166927819178e-27 2.02482677929878e-27 -3.17603766775904e-27 1.12493961524656e-27 6.76716476346539e-28 1.19627927062143e-27
0.07561883248031 0.00278612377986385 1.30930404411421e-27 -2.60495799547672e-27 3.76561835511531e-27 3.11004511794451e-27 -4.8783039316216e-27 1.72789289068763e-27 1.0394383941935e-27 1.83750689981218e-27
-0.868032513044263 0.164841482605142 7.67883063190555e-26 -1.5277204952255e-25 2.20835090488803e-25 1.82384141019288e-25 -2.86073637925815e-25 1.01324484736785e-25 6.09515764673148e-26 1.07746648271161e-25
0.0892831981196092 -0.00171536137798535 -7.75648972279582e-28 1.54318641472e-27 -2.23072956655265e-27 -1.84234205419853e-27 2.88978402385496e-27 -1.02354349879466e-27 -6.15717073117351e-28 -1.08843970454446e-27
0.0976059217942036 0.0040113351272983 1.90888728272848e-27 -3.79787806861997e-27 5.49006027515072e-27 4.53427668419548e-27 -7.11231037180091e-27 2.51917989454231e-27 1.51545008488238e-27 2.67899793328903e-27
-0.269442115567931 -0.0221365241469944 -9.97627877242779e-27 1.98484388383719e-26 -2.86919121942946e-26 -2.36966766917974e-26 3.71695387594858e-26 -1.31653587944722e-26 -7.91976328486696e-27 -1.40003853900008e-26
0.0961303155573894 -0.00249229425245178 -1.12865989124513e-27 2.24556257944603e-27 -3.24610523820005e-27 -2.68098780568268e-27 4.20531817398224e-27 -1.48952802938805e-27 -8.9605047408159e-28 -1.58403420579783e-27
-1.73011429540841 0.227679662316441 1.03075138906384e-25 -2.05070805153299e-25 2.96434745600046e-25 2.44821292716976e-25 -3.8400868348004e-25 1.3601246191814e-25 8.18182775027268e-26 1.44633951031416e-25
-0.627982677293574 -0.165951350891959 -7.68614246286211e-26 1.52917485680036e-25 -2.2104527167686e-25 -1.82557685154875e-25 2.86345781233874e-25 -1.01420852330261e-25 -6.10095324375083e-26 -1.07849075040088e-25
-0.418930512913319 0.0122739148957812 5.31314381477514e-27 -1.05706378087216e-26 1.52800992622984e-26 1.26196110105693e-26 -1.97941810851219e-26 7.01091832736209e-27 4.21741414495071e-27 7.45531297641675e-27
0.117105986554791 0.00275672618672026 1.3359058279246e-27 -2.65794601723816e-27 3.8423049353302e-27 3.17345474580675e-27 -4.97788165100782e-27 1.76320423943327e-27 1.06070507796473e-27 1.87514545051632e-27
-1.99685843906329 0.0287202167266043 1.19889494998614e-26 -2.38525541040542e-26 3.44797422163523e-26 2.84765872455424e-26 -4.46666774276263e-26 1.58206802842032e-26 9.51701235838199e-27 1.68238117256698e-26
-1.34755604563578 -0.171095278173207 -7.68511859448093e-26 1.52896776367045e-25 -2.21014845553976e-25 -1.8253215167254e-25 2.86305096030669e-25 -1.01406216973325e-25 -6.1000593170243e-26 -1.07833033366402e-25
0.137088740265425 -0.00132697836572451 -5.39107904777842e-28 1.07254913879007e-27 -1.55036537495055e-27 -1.28040020088343e-27 2.00830276363439e-27 -7.11309219263034e-28 -4.27879681837087e-28 -7.56368056952898e-28
0.0800076148447863 -0.00289937925872402 -1.2862900887428e-27 2.55918078487022e-27 -3.69946030289249e-27 -3.05541767544419e-27 4.79263748206748e-27 -1.69755702248123e-27 -1.02119372359227e-27 -1.80526178887876e-27
0.0973931615739347 -0.00292218222960169 -1.30743313085659e-27 2.60128187450404e-27 -3.76037109261079e-27 -3.10576653125195e-27 4.87167921088827e-27 -1.7255770609051e-27 -1.03806370752567e-27 -1.83510933090775e-27
0.0747262320436936 -0.00332247078787355 -1.50251533198992e-27 2.98936034818226e-27 -4.32128578800111e-27 -3.56896689203905e-27 5.59814092970486e-27 -1.9828548963654e-27 -1.19281204162655e-27 -2.10863486529798e-27
1.01054132567228 0.00423802905585067 1.95099191979356e-27 -3.88181193175397e-27 5.61162798586111e-27 4.63487540544149e-27 -7.27041218556534e-27 2.57528797884138e-27 1.54926796712629e-27 2.73889617476199e-27
0.118946663800169 -0.00217811459965171 -9.51172416795377e-28 1.89243405459152e-27 -2.73563167752866e-27 -2.25938012255674e-27 3.54399223338841e-27 -1.25528407088574e-27 -7.55136126914172e-28 -1.33492469141821e-27
-1.41699408824545 0.148038506700815 6.52545098878142e-26 -1.29825214866002e-25 1.87664847478955e-25 1.54989265562404e-25 -2.43103990930682e-25 8.61049968267496e-26 5.17962830377687e-26 9.15623906096628e-26
0.0859821793779811 -0.000311594102152196 -1.05979075763346e-28 2.108239257827e-28 -3.04715839234057e-28 -2.51631482259399e-28 3.94645089279496e-28 -1.39763649205621e-28 -8.40651004966092e-29 -1.4858861404489e-28
-0.266909844295935 0.00361806652522479 1.50655726514986e-27 -2.99734763914731e-27 4.33275318746406e-27 3.57837288397796e-27 -5.61279287099854e-27 1.98800849238597e-27 1.19589053402593e-27 2.11403857885047e-27
0.160909475617426 -0.0037026329426201 -1.64408145512548e-27 3.27104182550029e-27 -4.72850906538493e-27 -3.90532484579801e-27 6.12578684284749e-27 -2.16976347971049e-27 -1.30525956083968e-27 -2.30743596880378e-27
0.0975315682374479 -0.00439375019788566 -2.02025646193493e-27 4.01941074131392e-27 -5.81023416084056e-27 -4.79865682253421e-27 7.52692394125179e-27 -2.66600623861579e-27 -1.60375775399257e-27 -2.83507573330938e-27
0.0762924990723364 0.000177090526494512 1.06849341595823e-28 -2.12533791095411e-28 3.07156326067181e-28 2.53621299728601e-28 -3.977257740865e-28 1.4084048771924e-28 8.47042600457014e-29 1.49703256365037e-28
0.210979940964281 -0.002763562844205 -1.24805540190498e-27 2.48317516462202e-27 -3.58968391580915e-27 -2.96483051166635e-27 4.65066771748135e-27 -1.64731460216189e-27 -9.90995673024356e-28 -1.75192397124045e-27
0.0723264357140976 0.00278358066644717 1.30101612193219e-27 -2.58853103975199e-27 3.7419625496199e-27 3.09058224138118e-27 -4.8478921494732e-27 1.71716248254655e-27 1.0330082862048e-27 1.82618388142059e-27
0.109026533612928 -0.00131808424359768 -5.7533374847261e-28 1.14467917616561e-27 -1.65471451720753e-27 -1.36664961151456e-27 2.1436953496558e-27 -7.59302357187646e-28 -4.56772978746557e-28 -8.07484786542931e-28
0.953236668622113 -0.00490507870637886 -2.24312846007609e-27 4.4628180394924e-27 -6.45118619628824e-27 -5.32800696774059e-27 8.35721874814981e-27 -2.96008753658423e-27 -1.78066127080193e-27 -3.14779440724797e-27
0.0606586249852601 0.00525107183382664 2.6654484323139e-27 -5.30384608581347e-27 7.66808453836062e-27 6.33399434400253e-27 -9.93665514682123e-27 3.52004772927661e-27 2.11782879993157e-27 3.74439299873654e-27
1.14056904453855 0.0247623012437936 1.17157615698028e-26 -2.33092446980911e-26 3.36946726366467e-26 2.7828454845877e-26 -4.36504499357953e-26 1.54608781026838e-26 9.30065560044459e-27 1.64414932626247e-26
0.0867612869510217 -0.00331614892636816 -1.45846476736118e-27 2.90175534043452e-27 -4.19470095262571e-27 -3.46446379207658e-27 5.43429020090744e-27 -1.92484350081238e-27 -1.15792917590543e-27 -2.04699534928499e-27
0.197896142957948 -0.00620439425154779 -2.84719685632156e-27 5.6647008889171e-27 -8.18864102711882e-27 -6.76303279512788e-27 1.06082301242099e-26 -3.75742369635198e-27 -2.26032756699581e-27 -3.99577367552947e-27
0.566277768695605 -0.00359326037795149 -1.60477556699798e-27 3.19271904214061e-27 -4.61511433224696e-27 -3.81152732123171e-27 5.97843330576129e-27 -2.11749083524848e-27 -1.27376603570081e-27 -2.25167692823702e-27
0.0856487579873185 -0.00177099127857745 -7.81221627553676e-28 1.55432399854192e-27 -2.24690240259204e-27 -1.85575942127225e-27 2.91092433557342e-27 -1.03106479234001e-27 -6.20261708139991e-28 -1.09650917792946e-27
0.0823872928707522 -0.045783545529458 -2.19621914463105e-26 4.36943439464161e-26 -6.31611654640452e-26 -5.21638763987366e-26 8.18203545915646e-26 -2.89800183218442e-26 -1.74329115964025e-26 -3.08169381962038e-26
0.101564653970892 0.00135655535298152 6.82368947568717e-28 -1.35764060705156e-27 1.96257266314194e-27 1.62091962675552e-27 -2.54254702711686e-27 9.00580016626348e-28 5.41763311508886e-28 9.57734568929192e-28
0.115794085430265 -0.000979697150857164 -4.13490390012386e-28 8.22637689629633e-28 -1.18912400591315e-27 -9.82065600756996e-28 1.54037204504543e-27 -5.45577629862379e-28 -3.28187060292915e-28 -5.80142442438772e-28
0.0791329129153611 0.000916832323712526 4.75964333464032e-28 -9.46931769428195e-28 1.36879473486437e-27 1.1304536846963e-27 -1.77312355292171e-27 6.28016452104586e-28 3.77778307252397e-28 6.67807509030337e-28
0.109102742549912 -0.000893216150988395 -4.09880771238642e-28 8.15525176591552e-28 -1.17894233326292e-27 -9.73738992402096e-28 1.52744062457049e-27 -5.41043159401342e-28 -3.25486857021442e-28 -5.75417796371421e-28
0.23223792832965 -0.00289708274476282 -1.30285928923071e-27 2.59213554803262e-27 -3.74708258103998e-27 -3.09473617335531e-27 4.85429065261071e-27 -1.71938732123519e-27 -1.03432170295023e-27 -1.82846159454103e-27
-0.0189124546741543 0.0216804104107856 1.00175965386138e-26 -1.99304177346995e-26 2.88100909149766e-26 2.3794011440942e-26 -3.73217914251378e-26 1.3219136746401e-26 7.95202401042407e-27 1.4057256121612e-26
-2.30777383858917 -0.306496423658348 -1.40386367948368e-25 2.79302881834605e-25 -4.03739515706549e-25 -3.33443233593624e-25 5.23015233402603e-25 -1.85247589856055e-25 -1.11435808484086e-25 -1.96990488840092e-25
0.660396757280464 -0.00724016940445672 -3.34339617356046e-27 6.65180249694715e-27 -9.61537471350696e-27 -7.94123214350577e-27 1.24560788544218e-26 -4.41184864649155e-27 -2.65395671649599e-27 -4.69153925436474e-27
-2.51945577670186 -0.750906878075253 -3.50257145201934e-25 6.9684709658045e-25 -1.00731047094919e-24 -8.31924687087133e-25 1.3048976642486e-24 -4.62183773267652e-25 -2.78026957867722e-25 -4.91481764921533e-25
2.46905113322666 0.0436179418373981 2.03953995436783e-26 -4.05777022678186e-26 5.86567570868307e-26 4.84443862212729e-26 -7.59872358367421e-26 2.69143338546518e-26 1.619051260952e-26 2.86210691033168e-26
0.167030820173762 0.000917596943372194 4.28550039780485e-28 -8.52701013799585e-28 1.23272832357379e-27 1.01819925116115e-27 -1.59723913856152e-27 5.65786923251532e-28 3.40384546539277e-28 6.01776252023766e-28
0.0976513125565372 -0.00380558218414142 -1.65920274622587e-27 3.30113441020564e-27 -4.77202070563088e-27 -3.94127048510387e-27 6.18218419713353e-27 -2.18974447104838e-27 -1.31728246235528e-27 -2.32869531082291e-27
-0.368775959930796 -0.00995344902577125 -4.212449775257e-27 8.38086233803647e-27 -1.21148499997195e-26 -1.00055780972638e-26 1.56941612259181e-26 -5.55878443110164e-27 -3.34391731137993e-27 -5.91125255824102e-27
0.12998094066063 0.000971503959791628 4.9517395656793e-28 -9.85187049354461e-28 1.42414744168289e-27 1.17621312774877e-27 -1.84496812345449e-27 6.53487836718033e-28 3.93115458771785e-28 6.94945939743919e-28
0.0860694966456402 -0.000551058017793509 -2.22049330056314e-28 4.4177133337675e-28 -6.3858830288316e-28 -5.27398875754296e-28 8.27235608489136e-28 -2.92998260314736e-28 -1.76252318665259e-28 -3.11568057026938e-28
0.0990108932947966 -0.000464688331508951 -1.83116754326503e-28 3.6425702775551e-28 -5.26457296530153e-28 -4.34723541322457e-28 6.81765368437687e-28 -2.41436264273092e-28 -1.45212510055142e-28 -2.56657429080561e-28
0.0945092921404325 -0.00307156997989537 -1.38069641978486e-27 2.7469380509017e-27 -3.97077148367127e-27 -3.2794101272512e-27 5.14385065535788e-27 -1.82190935966548e-27 -1.09597123785895e-27 -1.93740240494766e-27
0.0788752301782016 0.00394861148923237 1.85592495225666e-27 -3.69258069550352e-27 5.33795539752351e-27 4.40874211201166e-27 -6.91554207693831e-27 2.44953448654735e-27 1.47358387790187e-27 2.60504033088934e-27
-0.043160497493204 0.00211509879735918 9.87498278486447e-28 -1.96464159564382e-27 2.83991724041905e-27 2.34543198484653e-27 -3.67884745747385e-27 1.30300629914258e-27 7.83817983781118e-28 1.38558195656851e-27
-0.344360415931661 0.0308005595362133 1.38474111179607e-26 -2.75498984878616e-26 3.98241744771775e-26 3.28903406147508e-26 -5.15895498434139e-26 1.82726234232045e-26 1.09919322662092e-26 1.94310142658315e-26
0.0803620648368843 0.0056185359992645 2.57997151750085e-27 -5.13308948846072e-27 7.42024289318139e-27 6.12847215432159e-27 -9.61298114060119e-27 3.40494233537564e-27 2.04830868096555e-27 3.62100677109203e-27
0.100392205171829 -0.00242656791343531 -1.02868919546009e-27 2.04674158518534e-27 -2.95881090019807e-27 -2.44380312264938e-27 3.83342523962139e-27 -1.35785556922547e-27 -8.16872226899145e-28 -1.44411895966662e-27
-0.860516256179956 0.0897923151740721 4.18581466669021e-26 -8.32776774344121e-26 1.20379511261423e-25 9.94194501907115e-26 -1.55941575082877e-25 5.52329544086326e-26 3.32252766494822e-26 5.8733681634247e-26
-1.03815003448753 -0.252724296686294 -1.17556651066364e-25 2.33883386069596e-25 -3.38085778286625e-25 -2.79221748354763e-25 4.3796898827508e-25 -1.55125529332858e-25 -9.33162261020786e-26 -1.64960264620225e-25
0.149248740384227 -0.00338208876727959 -1.52815945722987e-27 3.04041641002367e-27 -4.39514112593217e-27 -3.6300064060962e-27 5.6939511447326e-27 -2.01681415122214e-27 -1.21325474163121e-27 -2.14479803075326e-27
0.195688962615438 0.00177078915115277 1.00398206352739e-27 -1.99779853785326e-27 2.88836967835243e-27 2.38588035119701e-27 -3.74296968069421e-27 1.32595792487054e-27 7.97768966964228e-28 1.41049908261371e-27
-2.24035130518506 -0.502929696657055 -2.34664728827158e-25 4.66870566447639e-25 -6.74870638920855e-25 -5.57364601505393e-25 8.74238664665525e-25 -3.09646685206377e-25 -1.86267392105653e-25 -3.29272545043033e-25
-1.83864062303263 -0.235060007385062 -1.05392403678814e-25 2.09678904849119e-25 -3.0309273849967e-25 -2.50317454282501e-25 3.92625509489584e-25 -1.39063030877186e-25 -8.36524840322971e-26 -1.47874837387468e-25
0.127949193260869 -0.00214927767999793 -9.50716193868978e-28 1.89149114309347e-27 -2.73421773242074e-27 -2.25817029229746e-27 3.54202859191058e-27 -1.25456519383399e-27 -7.54689627048579e-28 -1.33411054003202e-27
0.105199784819443 -0.00103249708161998 -4.28798595382342e-28 8.53112260744428e-28 -1.2332024419202e-27 -1.01849143025304e-27 1.59754154482915e-27 -5.6583882328263e-28 -3.40382557654292e-28 -6.01714033982266e-28
-1.25794842257893 -0.207500117892166 -9.65452220421423e-26 1.92078239302957e-25 -2.77652065392487e-25 -2.29307606151046e-25 3.5967296121234e-25 -1.27392223711089e-25 -7.66323281811968e-26 -1.35465719798559e-25
0.105239704864263 -0.000194710859902428 -2.1275933220536e-29 4.23033651393077e-29 -6.11133979028525e-29 -5.04420364716109e-29 7.90715816269471e-29 -2.79894196310551e-29 -1.68267866995597e-29 -2.97273795449898e-29
-0.064384842657026 0.00438410078952915 2.08339429512918e-27 -4.14502871826068e-27 5.9918230437525e-27 4.94863273309854e-27 -7.76217171069817e-27 2.74933123391121e-27 1.6538832904366e-27 2.92368742646936e-27
0.0706616720187511 -0.000850657687050753 -3.46954820011339e-28 6.90232231399503e-28 -9.97683770813601e-28 -8.23920653615724e-28 1.29225925000079e-27 -4.57677652845069e-28 -2.75298432795743e-28 -4.86626838924864e-28
0.0674868591449678 -0.00053764999506942 -2.06221072884582e-28 4.1030712747693e-28 -5.93144409755546e-28 -4.89899088104747e-28 7.68465894259771e-28 -2.72200150781851e-28 -1.63751805845093e-28 -2.89489036742075e-28
-0.380898184358253 -0.0109286940798573 -4.77120562668814e-27 9.49266969441616e-27 -1.3722207040932e-26 -1.13332475813512e-26 1.77769218580199e-26 -6.29657744364426e-27 -3.78779537393385e-27 -6.69602023281177e-27
0.0896505813296301 0.000774310382168048 3.87286547196805e-28 -7.7055463468939e-28 1.11390927823951e-27 9.20006747663762e-28 -1.4431250947671e-27 5.11166919120184e-28 3.07507329674882e-28 5.43621329288103e-28
-0.82369696992754 0.106100899252194 4.76558543160346e-26 -9.48124972410175e-26 1.37053545058346e-25 1.13190446083461e-25 -1.77541975231277e-25 6.28837049389588e-26 3.78276331653309e-26 6.68695658663043e-26
0.116613923811836 0.000527415074090005 2.67996047755671e-28 -5.3325706057249e-28 7.70939317431233e-28 6.36793437072411e-28 -9.98961461354054e-28 3.53870761684825e-28 2.12899477078223e-28 3.76402751437483e-28
-0.772716649096288 0.0603228060754289 2.75356135640882e-26 -5.47836466172366e-26 7.91922128765462e-26 6.54046807516492e-26 -1.02590455906386e-25 3.63371521908862e-26 2.18589244850091e-26 3.86415891991991e-26
0.11881008352462 0.00299857152137077 1.43364757053761e-27 -2.85239281319083e-27 4.12336353106918e-27 3.40556149421671e-27 -5.34192277451319e-27 1.89213570746508e-27 1.13825857537181e-27 2.01223114620893e-27
0.0864882954779672 0.00404279226497011 1.9182058130582e-27 -3.81642804277265e-27 5.51688988661588e-27 4.5564474193984e-27 -7.14710541753741e-27 2.53151095292742e-27 1.52287201904762e-27 2.6921254311617e-27
-0.0477431773791376 -0.0294699027618026 -1.3503507607841e-26 2.68655458925772e-26 -3.88347137059992e-26 -3.20729831331494e-26 5.03072273163148e-26 -1.78183385359192e-26 -1.07185985094331e-26 -1.89477256904785e-26
-1.72849567003526 0.206682815440884 9.2376465475214e-26 -1.83785637947027e-25 2.65666724582378e-25 2.19410578538887e-25 -3.44151559527233e-25 1.21895513042947e-25 7.33262830737691e-26 1.29622355754669e-25
0.090300538068533 -0.00056898562673476 -2.449392536578e-28 4.87304781990418e-28 -7.04398333847939e-28 -5.81742480623582e-28 9.12462482283325e-28 -3.23180430179794e-28 -1.94405733039306e-28 -3.43653974221965e-28
0.102145939232727 0.00117423092634644 5.87292867097301e-28 -1.16848896414397e-27 1.68915640725188e-27 1.39511472799725e-27 -2.1883750719247e-27 7.75138648975019e-28 4.66305992771936e-28 8.24348568935678e-28
-1.81315544926167 0.106710149714185 4.81089901086828e-26 -9.57134698100005e-26 1.38355122404661e-25 1.14264739843433e-25 -1.79225997198818e-25 6.34798035352574e-26 3.81859954267683e-26 6.75026691617746e-26
0.266963108068939 -0.00108515217188593 -4.55509013804432e-28 9.06267914722791e-28 -1.31006123871045e-27 -1.08198540080582e-27 1.69716076744029e-27 -6.01132718172962e-28 -3.61619401835078e-28 -6.39265650725818e-28
-2.76482082012046 0.758576941556815 3.45554972077606e-25 -6.8748798884951e-25 9.93775866381725e-25 8.20741864399825e-25 -1.28734960808056e-24 4.55965750284298e-25 2.74284908301404e-25 4.8486394465469e-25
-0.321783323136718 0.0196813258370877 8.809764972669e-27 -1.75272178832764e-26 2.53359393516313e-26 2.09245364700362e-26 -3.28205957153744e-26 1.16247299122454e-26 6.99283461361556e-27 1.23615215430998e-26
-0.971996943051374 -0.0777770695789689 -3.47938107851073e-26 6.922320588044e-26 -1.00063751661043e-25 -8.26412094842365e-26 1.29624867457836e-25 -4.5911954793107e-26 -2.76183174013372e-26 -4.88221539591272e-26
0.111609015200568 0.000918664778738822 4.89218656112907e-28 -9.73305883056148e-28 1.40692532668837e-27 1.16195030865235e-27 -1.8225348459669e-27 6.45520327276115e-28 3.88309465675026e-28 6.8642693759995e-28
0.178534015076166 0.00557943698364604 2.63901345543961e-27 -5.25058765824067e-27 7.59013645074892e-27 6.2688237898581e-27 -9.83318745692252e-27 3.48295907790711e-27 2.09525264685876e-27 3.7040147761312e-27
0.554464067295544 0.00341804118469396 1.59254524819637e-27 -3.16851522265965e-27 4.58031322768183e-27 3.7829392759006e-27 -5.93383328723751e-27 2.10177929934249e-27 1.26436613410117e-27 2.23515110108532e-27
-1.72412569027496 -0.292284763159792 -1.33422495944634e-25 2.65444961585265e-25 -3.83703069875201e-25 -3.168917047682e-25 4.9704790262708e-25 -1.76048130754733e-25 -1.05900634978515e-25 -1.87203514236464e-25
-0.394159255351085 0.0999289049280003 4.54665141854491e-26 -9.04567525694409e-26 1.30757222774607e-25 1.07990410773567e-25 -1.6938559598619e-25 5.99947928608512e-26 3.6089811491581e-26 6.37975434613045e-26
0.102043354632334 -0.00445602025462684 -2.02271878745772e-27 4.02436272283806e-27 -5.81746915086947e-27 -4.80469551251353e-27 7.53649525157577e-27 -2.66943154116799e-27 -1.60583943649767e-27 -2.83879308203909e-27
0.228385057869449 0.00154683237823836 7.56528624299606e-28 -1.50521801119473e-27 2.17594948380622e-27 1.79718596981706e-27 -2.81909042769269e-27 9.98552242154471e-28 6.0071233207778e-28 1.06196594544023e-27
1.35461701045491 0.0159969341008791 7.54142627461988e-27 -1.50040677119435e-26 2.1689018793359e-26 1.7912887832968e-26 -2.80972028973307e-26 9.95190837475162e-27 5.98664665189384e-27 1.05830091509028e-26
0.508100122217365 0.00102569596543761 4.66085022432237e-28 -9.27350058668561e-28 1.34059508024985e-27 1.10725167879089e-27 -1.73686814603427e-27 6.1522383170831e-28 3.70112218403434e-28 6.54307624484551e-28
-2.2036787800108 0.586141385391008 2.7102110644912e-25 -5.39202724621101e-25 7.79428720074896e-25 6.4371783351714e-25 -1.00968628165904e-24 3.57621128081273e-25 2.15126472390062e-25 3.80288182947363e-25
