0.095329333852059 -0.000525594766247252 -2.28807488199577e-11 4.56802001661705e-11 -6.62614717622839e-11 -5.49147385700553e-11 8.64347726186448e-11 -3.0720891789545e-11 -1.85444121150404e-11 -3.28958083098486e-11
0.221661158501529 -0.0142349782085155 -3.57502100189277e-09 7.13425911825404e-09 -1.03441442259067e-08 -8.56909800309868e-09 1.34817874207273e-08 -4.78967099889702e-09 -2.89000044086788e-09 -5.12434624880764e-09
0.130389537336714 -0.00542553171172441 -1.32520030429166e-09 2.64450815824881e-09 -3.834278918238e-09 -3.17626951531201e-09 4.99715491810851e-09 -1.77530968657234e-09 -1.07117258729383e-09 -1.89929799105795e-09
0.151733443190931 -0.00648470392449335 -1.58475216632731e-09 3.16249069172247e-09 -4.58535076947608e-09 -3.79848771151962e-09 5.97613926719645e-09 -2.12312975003512e-09 -1.28105088178991e-09 -2.27145718444654e-09
0.116848479296884 -0.00518717083880002 -1.27292358089908e-09 2.5402180837544e-09 -3.68311331048375e-09 -3.05108291164166e-09 4.80025998789616e-09 -1.70538073055162e-09 -1.0289919084183e-09 -1.82452953561233e-09
-0.997427812035652 0.203505176148325 4.86589518166115e-08 -9.70993664620478e-08 1.40781454967859e-07 1.1661901156153e-07 -1.83470010089409e-07 6.51788443170125e-08 3.93262236044405e-08 6.97278322978371e-08
0.0842439499489696 -0.00100408703120825 -2.62757618676326e-10 5.24328668304381e-10 -7.6019901004143e-10 -6.29717630132232e-10 9.90686465907849e-10 -3.51943098184818e-10 -2.12345321264728e-10 -3.764967869372e-10
0.102471758365118 -0.00346640318973106 -8.14636457952939e-10 1.62565983732593e-09 -2.35706151782552e-09 -1.95257180304424e-09 3.07195558494343e-09 -1.09136166396148e-09 -6.5850105491623e-10 -1.16759597200745e-09
-0.11552764778814 -0.0161544416180318 -3.9539668297077e-09 7.89038414443240e-09 -1.14403333686476e-08 -9.47706952806349e-09 1.49101247223602e-08 -5.29705312575869e-09 -3.19610765413446e-09 -5.66704683285938e-09
0.109701746784081 3.94346811371806e-07 -3.17811452767772e-11 6.34434932003458e-11 -9.2019523728574e-11 -7.62548854523014e-11 1.20012679171178e-10 -4.26513100829234e-11 -2.57437365219478e-11 -4.56624346801757e-11
-1.33917996200714 0.167290414638354 4.17047515893838e-08 -8.32230859298076e-08 1.20663939057824e-07 9.99553481301902e-08 -1.57255699860034e-07 5.58666458765835e-08 3.37079870276924e-08 5.97669880200186e-08
-0.821587178055816 -0.307415546395253 -8.14831971384486e-08 1.62601387724116e-07 -2.35752246970788e-07 -1.9529102623423e-07 3.07241980897762e-07 -1.09150233137807e-07 -6.58571293864691e-08 -1.16769455972031e-07
-0.601787394412257 0.131096019191524 3.49173555697046e-08 -6.96785106877159e-08 1.01025679355217e-07 8.36872994317834e-08 -1.31661606331551e-07 4.67740081969348e-08 2.8221756673363e-08 5.00393696318166e-08
0.102052791125042 -0.00116706026715157 -3.8573810198946e-10 7.69772011222099e-10 -1.11611026337065e-09 -9.24585213758434e-10 1.45465033167265e-09 -5.16792403972756e-10 -3.11822646424883e-10 -5.52901182067182e-10
-2.12390885571564 0.462075594136574 1.24506894508168e-07 -2.48457283490861e-07 3.60234638389701e-07 2.984104732295e-07 -4.69477166174133e-07 1.66786436421878e-07 1.00633134963309e-07 1.78430711001523e-07
-1.1369254275306 -0.152357639637394 -3.68133818397833e-08 7.34612036753485e-08 -1.0650886838477e-07 -8.82283900621068e-08 1.3880424888131e-07 -4.93109089625419e-08 -2.97520758967077e-08 -5.27521141401698e-08
0.096848660546415 -0.0109820490116238 -2.78202755045465e-09 5.55159425451085e-09 -8.04913877502222e-09 -6.66769870040438e-09 1.04899722797216e-08 -3.72664957350772e-09 -2.24852018725653e-09 -3.98678996851832e-09
0.107406791322646 -0.00151052234122224 -2.52211541583532e-10 5.03229583532428e-10 -7.29529353107232e-10 -6.0424661190862e-10 9.50511754606799e-10 -3.37634327418086e-10 -2.03690000241294e-10 -3.61111356371077e-10
0.104604189329656 -0.0120220810654216 -3.05498116801155e-09 6.09634634210827e-09 -8.8390610315261e-09 -7.32213087681228e-09 1.15196865991463e-08 -4.09250937545591e-09 -2.46929353735458e-09 -4.3782856038489e-09
0.0698657992858567 -0.00409382205175748 -1.02595015338559e-09 2.0473228720628e-09 -2.96839589161551e-09 -2.45896393564306e-09 3.86860437385332e-09 -1.37436573791014e-09 -8.29247820882718e-10 -1.47032956250598e-09
1.05078413443885 0.00472748460330067 1.32162103381098e-09 -2.6375323787735e-09 3.82440663173523e-09 3.1682918346309e-09 -4.98491909685599e-09 1.77107475037006e-09 1.0686849297519e-09 1.89500695812236e-09
0.0830667239714008 -0.00272993587060625 -6.51410777185392e-10 1.29994863147908e-09 -1.88483288391673e-09 -1.56140067987842e-09 2.45656183984477e-09 -8.72744019982996e-10 -5.26599061758535e-10 -9.33730645429064e-10
-1.58234207388892 0.38515145290643 9.46266663566219e-08 -1.88831109355111e-07 2.73784561615124e-07 2.26797999720617e-07 -3.56813524216124e-07 1.26762044914015e-07 7.64841041381509e-08 1.35613043704469e-07
0.112363011473218 -0.00416831462006597 -1.11419131855347e-09 2.2234016109606e-09 -3.22367660826363e-09 -2.67042185552501e-09 4.20126524708599e-09 -1.49254066229116e-09 -9.00546742413938e-10 -1.59674174224325e-09
-0.310903384882094 0.0259461167488014 5.97925782649599e-09 -1.19316205883513e-08 1.72992388543692e-08 1.43301062089002e-08 -2.25446576769858e-08 8.00910013454173e-09 4.83234373882929e-09 8.56801556037096e-09
0.188533042761159 -0.0121271170483391 -3.00705225665024e-09 6.00077396711602e-09 -8.70059529798143e-09 -7.20751446481578e-09 1.13394998538526e-08 -4.0285440777189e-09 -2.43072796874383e-09 -4.30995691396724e-09
0.0856069480511183 0.00167767789818724 4.53125901562469e-10 -9.04196715304512e-10 1.31093864989275e-09 1.08591707999478e-09 -1.70837332608095e-09 6.06896651878457e-10 3.66168278746062e-10 6.49224688255357e-10
0.0941313942012437 -0.0057209720201135 -1.38020620089425e-09 2.75422560072973e-09 -3.99328634764925e-09 -3.30792953594286e-09 5.20419868008848e-09 -1.84883148653243e-09 -1.11551343955738e-09 -1.97788308561346e-09
0.646427202214415 -0.00813289747725232 -2.20468048080395e-09 4.39951946082391e-09 -6.3788183631562e-09 -5.28408850220276e-09 8.31326744932681e-09 -2.95337956116773e-09 -1.78197167157944e-09 -3.1595894734913e-09
0.0961892938457906 -0.00481725089869637 -1.18560671941747e-09 2.36590634434537e-09 -3.4302822196825e-09 -2.84156117259654e-09 4.47049887508263e-09 -1.58818398594196e-09 -9.58251821231091e-10 -1.69905260663894e-09
0.103715867866149 0.00111550088744311 3.24547308831595e-10 -6.47604204528731e-10 9.38894317364966e-10 7.77711663872338e-10 -1.22346720763702e-09 4.34622188283013e-10 2.62219792605746e-10 4.64908379136829e-10
1.08209494093262 -0.0106724552398503 -2.8888240097477e-09 5.7647927013664e-09 -8.35837229341763e-09 -6.9239605037178e-09 1.08932952465563e-08 -3.86998970805839e-09 -2.33504020846917e-09 -4.14025650622915e-09
-0.27299981269969 0.0848863688428956 2.3669795035163e-08 -4.72343166042451e-08 6.84851137584423e-08 5.67321941715927e-08 -8.92554619021725e-08 3.17092423528658e-08 1.91324658354257e-08 3.39237894529865e-08
1.47116635525849 0.0151940349295057 4.20329113982061e-09 -8.38802167504054e-09 1.21620007137404e-08 1.0075007119124e-08 -1.58510312988412e-08 5.63138902725902e-09 3.39787624624758e-09 6.02487330419546e-09
0.0814922697216183 0.00101626400558812 3.47875784570861e-10 -6.94202713743686e-10 1.00652326607732e-09 8.33789035836782e-10 -1.31177805259431e-09 4.66026249878562e-10 2.81186466186164e-10 4.98570726964247e-10
0.121445943395588 -0.000112993707715514 4.43102272046412e-11 -8.84153411052690e-11 1.28181887422266e-10 1.06174574849322e-10 -1.67026815299923e-10 5.93331891079412e-11 3.57967155164739e-11 6.34653938340259e-11
0.389001071293215 -0.00815679484767314 -2.06594813534361e-09 4.12277666091195e-09 -5.97772057234414e-09 -4.95195017455536e-09 7.79092000695676e-09 -2.76787878804619e-09 -1.67008820236059e-09 -2.96128414356426e-09
0.107825359895723 3.59804636908712e-05 4.73863216365544e-12 -9.49084028440032e-12 1.38110225657843e-11 1.14824879563319e-11 -1.81305996024272e-11 6.46440269683861e-12 3.9144695863976e-12 6.96562488972215e-12
-0.0218980831293008 -0.037371203685554 -9.34346563658889e-09 1.86452697701652e-08 -2.70336543328991e-08 -2.23942073708847e-08 3.52320940619086e-08 -1.25166198008103e-08 -7.55213391156334e-09 -1.33906184436298e-08
0.0930612362878767 -0.0045985703039366 -1.00974993705593e-09 2.01502318891943e-09 -2.92160614168828e-09 -2.42023838094429e-09 3.80773259422409e-09 -1.35275946793609e-09 -8.16222836222411e-10 -1.44725557898191e-09
0.117415459920951 0.00672070877495322 1.85094767041544e-09 -3.69371268251975e-09 5.35559202156768e-09 4.43656362736058e-09 -6.98003763219327e-09 2.47978857800288e-09 1.49625482337611e-09 2.65304613505224e-09
0.0966785822458139 0.00442222737004804 1.08824251137913e-09 -2.17166383062338e-09 3.14872632261968e-09 2.60838734708352e-09 -4.10375170794203e-09 1.45792743986396e-09 8.79680086106507e-10 1.55977495387116e-09
0.0758324278210361 -0.0065712055499516 -1.57831059305443e-09 3.14958266389752e-09 -4.56655778422815e-09 -3.78285554760193e-09 5.95144438809033e-09 -2.11432061504208e-09 -1.2757140143257e-09 -2.26195593469971e-09
0.248738041983838 -0.0063018378140168 -1.64315761119236e-09 3.27906001297034e-09 -4.7543912060405e-09 -3.93854051216639e-09 6.19651552924444e-09 -2.20143369989495e-09 -1.32830466067361e-09 -2.35525597520364e-09
-0.00145022282517423 0.0560006159651089 1.46514541580547e-08 -2.92373818806238e-08 4.23908022841215e-08 3.51155638069883e-08 -5.52458267810635e-08 1.96266036086012e-08 1.18419941665692e-08 2.0996788118357e-08
-2.14560865865288 -0.271248931913361 -6.5533119225926e-08 1.30772707404026e-07 -1.89604568188775e-07 -1.57063522209017e-07 2.47100537700632e-07 -8.77845103294381e-08 -5.29658698907224e-08 -9.39123394575577e-08
0.201808880233378 -0.00131756972117037 -2.35828423256577e-10 4.70611939829745e-10 -6.82346776541219e-10 -5.65252124892564e-10 8.8930572390845e-10 -3.15940874909054e-10 -1.90631456307277e-10 -3.3801163425046e-10
-2.32247155303309 -0.793478972723179 -1.97850731537074e-07 3.94809570369955e-07 -5.7241774520868e-07 -4.74169220159089e-07 7.45977023553026e-07 -2.65010685287248e-07 -1.59895166781293e-07 -2.83501668071061e-07
1.80502910793504 0.0498270407322868 1.32158762135932e-08 -2.63730410621657e-08 3.82384136112886e-08 3.1676294830153e-08 -4.98357168006195e-08 1.77048758091551e-08 1.06826519408831e-08 1.89414666817111e-08
0.222934140447996 0.0014606781701972 4.53929022454962e-10 -9.05863850494509e-10 1.31344929483061e-09 1.08807428506357e-09 -1.71188900146975e-09 6.08188910840296e-10 3.66974095704387e-10 6.50699765551013e-10
0.084994822708345 -0.00252824729025725 -5.39782192315682e-10 1.07713144142682e-09 -1.56168794675813e-09 -1.29364366601262e-09 2.03519906937287e-09 -7.23011101014472e-10 -4.36231529691862e-10 -7.73459305740215e-10
-0.0326034408465694 -0.0141687476877678 -3.41789568619608e-09 6.8205454367494e-09 -9.88905551636056e-09 -8.19191386885778e-09 1.28880663068785e-08 -4.57863462659619e-09 -2.76260143189579e-09 -4.89833866206244e-09
0.212355199893812 -0.00758784089710823 -1.78934946003041e-09 3.57074414680127e-09 -5.17723294396851e-09 -4.2887579245196e-09 6.74741129130803e-09 -2.39711393397235e-09 -1.4463526226231e-09 -2.56453145593254e-09
0.084924777755785 -0.00603769403545466 -1.542959542973e-09 3.07897735136166e-09 -4.46409939562318e-09 -3.69790773668619e-09 5.81768374146238e-09 -2.06675971706274e-09 -1.24699262617158e-09 -2.2109866175383e-09
0.116919502478619 -0.0085888555336472 -2.07861707748192e-09 4.14798959318018e-09 -6.01417735775107e-09 -4.98206808416955e-09 7.83817412557567e-09 -2.7846203855803e-09 -1.68016180166604e-09 -2.97909633218134e-09
0.0940262328234605 -0.00676149507895685 -1.71162581284926e-09 3.41561465992239e-09 -4.95227001813885e-09 -4.10236801105844e-09 6.45411559596497e-09 -2.29289783351875e-09 -1.38346025106189e-09 -2.45299689525422e-09
0.126182786435157 -0.00105339118075504 -1.20256573106022e-10 2.39959681696469e-10 -3.47890954071813e-10 -2.88166073465313e-10 4.53329919379118e-10 -1.61039257346329e-10 -9.71590259827573e-11 -1.72259378759261e-10
-0.058772689304295 -0.0158913468439022 -4.04674950867583e-09 8.07548611228996e-09 -1.17086394604737e-08 -9.69926993408965e-09 1.52596116601736e-08 -5.42117915265979e-09 -3.27098125871125e-09 -5.79976883464303e-09
-0.623936260818186 0.16250411600922 3.93740402954379e-08 -7.85717917172491e-08 1.13919675260048e-07 9.43682005621758e-08 -1.48465119299884e-07 5.27435104407491e-08 3.18234785458041e-08 5.64253938266184e-08
0.122412282184723 -0.00568363431227957 -1.35241806215769e-09 2.69877881089394e-09 -3.9129025054823e-09 -3.24134766927859e-09 5.09945809551482e-09 -1.81162489717276e-09 -1.09306641689066e-09 -1.93808648659819e-09
0.0963818565300089 0.00188612383716001 5.37766775040424e-10 -1.07320628168157e-09 1.55613707169006e-09 1.28916154803469e-09 -2.02833020021537e-09 7.20635761889888e-10 4.34837488662999e-10 7.7105698570519e-10
-1.33225043671053 -0.182315578743725 -4.48927841004367e-08 8.95831352135952e-08 -1.29882721851039e-07 -1.07589863855618e-07 1.69263437308394e-07 -6.01313280520362e-08 -3.6280432229483e-08 -6.43268729228409e-08
-0.74747943805245 -0.116585058686373 -2.86129920335234e-08 5.70977325089697e-08 -8.27846573558576e-08 -6.8576561192116e-08 1.07888057357648e-07 -3.83280642002108e-08 -2.31256748476752e-08 -4.10034383656239e-08
0.161814743448676 -0.00254075478351484 -5.99161896354296e-10 1.19560412192768e-09 -1.73342887595753e-09 -1.43588448928284e-09 2.25894056130727e-09 -8.0248319308474e-10 -4.84173599620231e-10 -8.5844919221608e-10
0.168864135303595 -0.00117577374358789 -1.90299904392225e-10 3.79815417817626e-10 -5.50784872504488e-10 -4.56337605085425e-10 7.18062626948723e-10 -2.55143329237234e-10 -1.53971421018546e-10 -2.73051355455506e-10
-1.97935957909171 -0.866183829871383 -2.34811927383886e-07 4.68572803831005e-07 -6.79374762426892e-07 -5.62777330009129e-07 8.85392017006649e-07 -3.14543309107653e-07 -1.89783878855679e-07 -3.36501122498604e-07
-1.93939522091975 -0.345022296789847 -8.28262944413427e-08 1.65279247855269e-07 -2.39631457671758e-07 -1.98501679181193e-07 3.12288766316695e-07 -1.10941588786543e-07 -6.69370267276847e-08 -1.18682527093317e-07
0.0930957105450196 0.00421733751074949 1.04218836071709e-09 -2.07975000781021e-09 3.01544531067002e-09 2.49796662530721e-09 -3.93000975542735e-09 1.39619624967668e-09 8.42429027890087e-10 1.49371764082991e-09
0.0997024751382951 -0.000897107739803232 -1.650407256509e-10 3.29299316180639e-10 -4.77381879210635e-10 -3.95399280635772e-10 6.21981736199279e-10 -2.20935356672044e-10 -1.33286701484412e-10 -2.36296201399594e-10
-2.14150847893904 0.160993158453485 4.17448216637345e-08 -8.33002898698512e-08 1.20771878249334e-07 1.00041450826543e-07 -1.57385951240434e-07 5.59110677951411e-08 3.3733672674929e-08 5.98105501379684e-08
0.0632269285015665 0.00221258445420291 5.7082987397352e-10 -1.13914054310806e-09 1.6516701827234e-09 1.36824604001687e-09 -2.15266718711216e-09 7.64778063049448e-10 4.6145352594825e-10 8.18217652046664e-10
0.00194542433651549 -0.00078090713357608 -1.89464126361995e-10 3.78182843763537e-10 -5.48468927238444e-10 -4.54461454895313e-10 7.15177544864679e-10 -2.54142030336802e-10 -1.53381544038814e-10 -2.72030759651806e-10
0.120911194482399 0.00445887815367222 1.09538427640497e-09 -2.18591137222845e-09 3.16937773316609e-09 2.62548964095929e-09 -4.13065037968213e-09 1.46748073404146e-09 8.85442566877138e-10 1.56998938447722e-09
0.0713814544284467 -0.00667394343928189 -1.67498327731469e-09 3.34251096319398e-09 -4.84630353697039e-09 -4.01460884510525e-09 6.31608091060153e-09 -2.24387146100887e-09 -1.35388657879498e-09 -2.40057303124135e-09
0.00908639420304092 -0.0024496761585454 -4.85880966977006e-10 9.6958826760437e-10 -1.40578926768126e-09 -1.16452267684569e-09 1.83209293323676e-09 -6.50867958627767e-10 -3.92710310533543e-10 -6.96305855798432e-10
0.107972584783555 -0.00645785019335144 -1.62071249554603e-09 3.23414995335164e-09 -4.68910254864557e-09 -3.88431250682421e-09 6.11097374728189e-09 -2.1709634677705e-09 -1.30987131231018e-09 -2.32248585559502e-09
-0.837405294575012 0.0660615250509383 1.47007261041605e-08 -2.93360252521583e-08 4.25342874763916e-08 3.52348078578514e-08 -5.54340329328484e-08 1.96936804205294e-08 1.18825955393917e-08 2.10690073845811e-08
0.0828039566937684 -0.00436061829498498 -1.04732985913521e-09 2.09000094227422e-09 -3.03029482836585e-09 -2.51025673693752e-09 3.94932814246326e-09 -1.40305320742735e-09 -8.46562603015442e-10 -1.5010402905594e-09
-0.960354382315735 0.260457930967807 6.34312510744345e-08 -1.26579242922548e-07 1.83525796217937e-07 1.52029054409552e-07 -2.3918167008772e-07 8.49718426822213e-08 5.12691593866754e-08 9.09045641578183e-08
0.145048930115556 -0.00480382417572622 -1.23368129012841e-09 2.46188330693668e-09 -3.56949974655272e-09 -2.95693720530163e-09 4.65209602588844e-09 -1.65272684831353e-09 -9.9721203679544e-10 -1.76816289932856e-09
0.122631171652349 0.00279874185897055 8.24253899247434e-10 -1.64490412927316e-09 2.38503949859939e-09 1.97581106344253e-09 -3.10861594517016e-09 1.10442077706605e-09 6.66401678333275e-10 1.181642018283e-09
0.144119472350597 -0.0373425369771986 -9.91106622785869e-09 1.97779146081986e-08 -2.86758317220743e-08 -2.37545278653126e-08 3.73721949006331e-08 -1.32768989439751e-08 -8.01085207275871e-09 -1.42039490682929e-08
-1.71884761778259 0.617836557129825 1.62334603786428e-07 -3.23940149559204e-07 4.69671121122307e-07 3.89061081828728e-07 -6.12087548130426e-07 2.1744786165585e-07 1.31199069643239e-07 2.32624097249091e-07
0.111438977615611 -0.00629306099087911 -1.6967749198345e-09 3.38601392044649e-09 -4.90940260282308e-09 -4.06689923277365e-09 6.39837952892043e-09 -2.27312032463022e-09 -1.37154124039021e-09 -2.43188843802897e-09
0.085003740170972 0.00149223186313588 4.5741566017552e-10 -9.12792368044695e-10 1.32345255852485e-09 1.09632573743297e-09 -1.72481557036689e-09 6.12761627350391e-10 3.69721303718195e-10 6.55549850149177e-10
-1.55028708274551 0.00219410337427605 3.03910933993029e-10 -6.07020366313925e-10 8.80917542483431e-10 7.30401677441044e-10 -1.15016392367258e-09 4.08981080055067e-10 2.46990566715325e-10 4.38334347539987e-10
0.190115824298578 -0.00521967192156829 -1.28087469715743e-09 2.55602053837217e-09 -3.70593193812122e-09 -3.06990823329044e-09 4.82975578353809e-09 -1.71581631114337e-09 -1.03526237742841e-09 -1.83560149795124e-09
-2.58774848684428 0.832405511114625 1.94888630645195e-07 -3.88901432164219e-07 5.63855715088991e-07 4.67080013928668e-07 -7.34829197291363e-07 2.61052204742005e-07 1.57507901096201e-07 2.79270880428967e-07
-0.144187989131116 0.0542089527535183 1.31314873789784e-08 -2.62041340085194e-08 3.79927831847647e-08 3.14722114738402e-08 -4.95136832994809e-08 1.75901300609871e-08 1.06132131051765e-08 1.88179820603832e-08
-0.595202448907308 -0.074490303990449 -1.76741774320046e-08 3.52686684593802e-08 -5.1134536305553e-08 -4.23579012891123e-08 6.66386771480704e-08 -2.36735911126566e-08 -1.42835425997693e-08 -2.53253850615816e-08
0.0979973006003137 -0.00503290732588485 -1.15311774624958e-09 2.30110860657679e-09 -3.33638364751876e-09 -2.76381968148747e-09 4.34825743832488e-09 -1.54477998674699e-09 -9.32077529133521e-10 -1.65266859006783e-09
0.305295483567579 -0.00141332198759341 -2.33709885822445e-10 4.66407941256386e-10 -6.76285689074936e-10 -5.60259609569036e-10 8.81495815625732e-10 -3.13182177988332e-10 -1.8897651885087e-10 -3.35094255166574e-10
0.693366748500109 0.0103624663100984 2.94646181953444e-09 -5.87984169038252e-09 8.52522512664188e-09 7.06221499665175e-09 -1.11108641281721e-08 3.94730407114839e-09 2.38170159491882e-09 4.22301326290802e-09
-1.87985537430418 -0.241961172801152 -5.98262388255277e-08 1.1938549232413e-07 -1.73095913720418e-07 -1.43389361457149e-07 2.25589493039626e-07 -8.01431943200557e-08 -4.83557859612065e-08 -8.57390321072771e-08
-1.10957948188371 0.435880290154972 1.11144335019545e-07 -2.21789577873444e-07 3.21566162436155e-07 2.66375577932301e-07 -4.19073586574258e-07 1.48878510430684e-07 8.98271784569672e-08 1.59269212602836e-07
0.0803986980677646 0.000152929055433132 1.68967478950251e-10 -3.37166520101721e-10 4.88833735903768e-10 4.04923285516067e-10 -6.37024531334213e-10 2.26300443700755e-10 1.365364707408e-10 2.42080759248154e-10
0.133252628525471 -0.00563954048521005 -1.36872006401281e-09 2.73141005730669e-09 -3.96035923161756e-09 -3.28078002704848e-09 5.16168462326803e-09 -1.83379870534557e-09 -1.10648587870873e-09 -1.96195219576215e-09
1.96590651690769 0.0322267844157887 8.78173762835246e-09 -1.75248098358558e-08 2.54098193911027e-08 2.10496412045474e-08 -3.31176597929704e-08 1.17657719661445e-08 7.09929515882892e-09 1.25880474470603e-08
1.02387431437116 0.00768254858956322 2.12792188595117e-09 -4.24654822752954e-09 6.15732174625818e-09 5.10084927610925e-09 -8.025368030161e-09 2.85123667277943e-09 1.72042442060801e-09 3.05060699623563e-09
-2.20501078763436 0.27805022410664 6.68913023428789e-08 -1.33479926746336e-07 1.9352526602189e-07 1.60307647054913e-07 -2.52198574550692e-07 8.95935730541905e-08 5.40561490175666e-08 9.58432826630003e-08
