0.117887140654566 -0.00251701437984431 -2.64550800629981e-19 5.27076828563608e-19 -7.62981749720194e-19 -6.31028835636147e-19 9.911880523664e-19 -3.51567507213216e-19 -2.11785096022544e-19 -3.74912884472219e-19
0.320150835355319 -0.00418420442281058 -3.30194117449816e-19 6.57814034600143e-19 -9.52165228521447e-19 -7.8743792512683e-19 1.23677908740429e-18 -4.38645576692086e-19 -2.64222237813906e-19 -4.67706368466938e-19
0.210417620825675 0.000459885854006309 6.74169961915224e-20 -1.34355061081288e-19 1.94542286405401e-19 1.60941780323426e-19 -2.52868862592685e-19 8.97155446160175e-20 5.40597464992115e-20 9.57257085926132e-20
0.127596533099592 -0.0110557936491579 -1.01680845437825e-18 2.02585168418078e-18 -2.93259120507994e-18 -2.42543834486282e-18 3.80978747169921e-18 -1.35131649548198e-18 -8.14043103585682e-19 -1.44107317010823e-18
0.0952109868501285 -0.00163812745737351 -1.86444628260622e-19 3.71446887416984e-19 -5.37673897964495e-19 -4.44668139615466e-19 6.9843319302811e-19 -2.47719130304266e-19 -1.49220405432623e-19 -2.64146701476476e-19
-1.48541119242932 0.264403670694784 2.39206309270582e-17 -4.76585986324728e-17 6.89898640799769e-17 5.70589981341489e-17 -8.96261608580606e-17 3.1790053980176e-17 1.91505711947402e-17 3.39016243562416e-17
0.0299438769630876 0.00525664714070955 4.76297870856953e-19 -9.48961494099589e-19 1.37370640581625e-18 1.13614585088394e-18 -1.78462120364273e-18 6.33000173827233e-19 3.81325285473823e-19 6.75049603856659e-19
0.0975062570944583 -0.00865769089524438 -8.09901885188225e-19 1.61360848505014e-18 -2.33581966616201e-18 -1.93185836467968e-18 3.03447143262025e-18 -1.07630818407779e-18 -6.48371962004457e-19 -1.14778387061657e-18
-0.505971127119343 -0.092409765294819 -7.94101447167697e-18 1.58210639553057e-17 -2.29018606501726e-17 -1.89409030119925e-17 2.97510564208897e-17 -1.055236784792e-17 -6.35669606678795e-18 -1.12528176230092e-17
0.0752999693689544 -0.00215938739430897 -1.93679690134447e-19 3.85892019870358e-19 -5.58628251276528e-19 -4.620349437787e-19 7.25769222793452e-19 -2.57435295398505e-19 -1.55085654121933e-19 -2.74551277717366e-19
-1.16214838095112 0.0662691304731075 5.43451090915038e-18 -1.08269300273948e-17 1.56720416278106e-17 1.29610639147824e-17 -2.03576444576296e-17 7.22038267893139e-18 4.34937545356328e-18 7.69913419179953e-18
-0.364504312905828 -0.0572724052781464 -4.68462609037805e-18 9.33331618644463e-18 -1.35105306702606e-17 -1.11738713651019e-17 1.75511963972218e-17 -6.22523289540557e-18 -3.75006224116784e-18 -6.63849536627208e-18
-0.996515155102089 0.318525349811609 2.75445174333667e-17 -5.48766613828998e-17 7.94356726359827e-17 6.56959055083518e-17 -1.03188862911738e-16 3.65993328407264e-17 2.20468985982467e-17 3.90274474730786e-17
0.113138621337749 -0.00545696042294658 -5.17003945525354e-19 1.03002452774052e-18 -1.49099661687382e-18 -1.23310647865218e-18 1.93685138790728e-18 -6.86970103377185e-19 -4.1382180343082e-19 -7.32549891605384e-19
-1.99789004447442 0.278036817609112 2.27722991473628e-17 -4.53698865892966e-17 6.56755758878539e-17 5.43168925334618e-17 -8.53174252904825e-17 3.02612166180545e-17 1.8229259277487e-17 3.22700744627083e-17
-1.04962733423954 -0.203163733306874 -1.73399532818041e-17 3.45464810550482e-17 -5.00074940772874e-17 -4.13581590183823e-17 6.49619576252381e-17 -2.30410797936135e-17 -1.3879714927541e-17 -2.45700801262269e-17
0.108483962185538 -0.000427365791804286 -4.10774536407129e-20 8.18575937014753e-20 -1.18519494077054e-19 -9.80427325689947e-20 1.54032653269978e-19 -5.46456979330649e-20 -3.29255565563321e-20 -5.82986573809931e-20
0.120609428650072 -0.00930458997192555 -8.60826113263347e-19 1.71506302590639e-18 -2.48267641474802e-18 -2.05331217913465e-18 3.22523709684888e-18 -1.1439686647641e-18 -6.89129124782613e-19 -1.21993134255743e-18
0.114391648212831 -0.0071538515034394 -6.34140684988376e-19 1.26341655708509e-18 -1.82887024020431e-18 -1.5125650186349e-18 2.37583901331678e-18 -8.4268601278289e-19 -5.07631490277014e-19 -8.9862735046671e-19
0.0910629186207826 0.0012683339780946 8.84093893618997e-20 -1.76143424704312e-19 2.54982200390429e-19 2.10886182204343e-19 -3.31251752116116e-19 1.17493560110159e-19 7.07789210056342e-20 1.25297417826531e-19
0.822658066297387 0.0110439242848316 1.02888791587184e-18 -2.04996457888253e-18 2.96756357446515e-18 2.45441806241964e-18 -3.85539469140715e-18 1.36752404772921e-18 8.23825242519324e-19 1.45842307530084e-18
0.0792868542375197 -0.00404895250632446 -3.50279568183339e-19 6.97861005835138e-19 -1.01017924361899e-18 -8.35454455326022e-19 1.31225705444224e-18 -4.65436964190974e-19 -2.80373407671626e-19 -4.96319200418454e-19
-1.66722215745392 0.738999364067888 6.36850387485155e-17 -1.26880772370381e-16 1.83666348956346e-16 1.51900149993965e-16 -2.38593501791199e-16 8.46261997657945e-17 5.09782662031366e-17 9.02430138269153e-17
0.0908901475462475 -0.00320226627528743 -2.63953273356063e-19 5.25878110137223e-19 -7.61234595219121e-19 -6.29573980155765e-19 9.8888735203334e-19 -3.50745971956645e-19 -2.11286892552467e-19 -3.74025082192498e-19
-0.463340924666688 0.0766257022547494 6.81331879229797e-18 -1.35743092822766e-17 1.96495293836568e-17 1.62510488995995e-17 -2.55259808884412e-17 9.05376674436783e-18 5.45393750947232e-18 9.6547119679199e-18
0.135807213530834 -0.00798060839252138 -7.53381115362995e-19 1.50100111543348e-18 -2.17281466046021e-18 -1.79704594669885e-18 2.82271790558935e-18 -1.00120173575578e-18 -6.03128295643642e-19 -1.06769232699228e-18
0.0974371554899633 -0.00147741814589604 -1.36629016238881e-19 2.72201583713155e-19 -3.94015889730356e-19 -3.25860451425153e-19 5.118248543043e-19 -1.81533552443585e-19 -1.09351925655241e-19 -1.93572772983037e-19
0.1071497013371 -0.00595416253921122 -5.59795516813776e-19 1.11530300068064e-18 -1.61447642596792e-18 -1.33525857531508e-18 2.09734967053629e-18 -7.43912964408663e-19 -4.48133496100089e-19 -7.93306466268543e-19
0.696130928951671 -0.00839842924333684 -7.84376015608955e-19 1.56270849191577e-18 -2.26207510447948e-18 -1.87081523120079e-18 2.93850592766089e-18 -1.04224078159243e-18 -6.27832143555768e-19 -1.11139218229534e-18
0.105957257532964 -0.0103928951009883 -9.24189461671061e-19 1.84129945430714e-18 -2.66540507052323e-18 -2.20443270267933e-18 3.46259955830903e-18 -1.22815593777666e-18 -7.39841603716795e-19 -1.30970140872429e-18
0.108519879276463 0.00546804113179329 5.02622354605126e-19 -1.00142275368858e-18 1.4496677991796e-18 1.19898668438714e-18 -1.88335429268035e-18 6.68029300273885e-19 4.02432448216669e-19 7.12424388041475e-19
2.0292378892554 -0.0451781362082551 -4.21719484856539e-18 8.40199565882249e-18 -1.21623254261086e-17 -1.00587870846337e-17 1.57996115159028e-17 -5.60393409426566e-18 -3.37577600927617e-18 -5.9758891428883e-18
0.579372793438586 0.0247612728028364 2.23332814726386e-18 -4.44948060047007e-18 6.44082467740721e-18 5.32682546486475e-18 -8.36695155833408e-18 2.96764439886699e-18 1.7876827878148e-18 3.1645893674205e-18
1.01613288447851 0.0155715840660987 1.36408743856938e-18 -2.7177672732593e-18 3.93421150044351e-18 3.25385333974748e-18 -5.11104899970352e-18 1.81287531307558e-18 1.09209349650972e-18 1.93330340538551e-18
0.0860828114564442 -0.00580975925520561 -5.17620356203645e-19 1.03129164321678e-18 -1.49288733028852e-18 -1.23471691062116e-18 1.9394543351582e-18 -6.87919371722779e-19 -4.14409320010499e-19 -7.33617692453131e-19
0.19654961500694 -0.00902089991527867 -8.02737173566612e-19 1.5993535053862e-18 -2.31521293666491e-18 -1.91483891298063e-18 3.00777501106646e-18 -1.06685222577094e-18 -6.42683547575185e-19 -1.13772789051765e-18
1.19933769834019 -0.0282820089334133 -2.62101408564082e-18 5.22179193187123e-18 -7.55866595328811e-18 -6.25123134952564e-18 9.8187858639859e-18 -3.48253767458228e-18 -2.09781821190458e-18 -3.71354068495737e-18
0.135700024556104 -0.00817431303869218 -7.52283045323508e-19 1.4988131037407e-18 -2.16964695530882e-18 -1.79442574437924e-18 2.81860170211987e-18 -9.99741561141157e-19 -6.02248570751442e-19 -1.06613479344885e-18
0.292585930218108 -0.0436772015927057 -4.10066859843821e-18 8.16991169781914e-18 -1.18264782003311e-17 -9.78111441858068e-18 1.53636017761785e-17 -5.4493357040987e-18 -3.28267644787218e-18 -5.811134179284e-18
0.121384169095966 -0.00207045686305048 -2.04177250872161e-19 4.06792944882182e-19 -5.88863798267246e-19 -4.87024860671313e-19 7.64996071548635e-19 -2.71339548903072e-19 -1.63456045327723e-19 -2.89359126496221e-19
0.0839685719599685 -0.00653134827500639 -6.03848552010687e-19 1.20308317112083e-18 -1.74156086688143e-18 -1.44037804773367e-18 2.26248719029638e-18 -8.02493610583311e-19 -4.83427144019492e-19 -8.55793116617695e-19
0.100564225611049 -0.00399923566489445 -3.32691387914479e-19 6.62821448910958e-19 -9.59460126075267e-19 -7.93509512719139e-19 1.24637618509963e-18 -4.42070937980943e-19 -2.66298537601508e-19 -4.71404696752436e-19
0.117053525003285 -0.00893491545259787 -8.11413537350609e-19 1.61660213853606e-18 -2.34012702096896e-18 -1.93539914086393e-18 3.03999909850382e-18 -1.07825674681186e-18 -6.49538514451909e-19 -1.14983609819133e-18
0.10747990723457 -0.00223812418812672 -2.21777231925822e-19 4.41861904461488e-19 -6.3963400473007e-19 -5.29019107074281e-19 8.30965456867066e-19 -2.94740897482765e-19 -1.77554558436759e-19 -3.14319669633421e-19
-0.0476191774402963 0.0209553747791627 1.83208542021586e-18 -3.65013953606719e-18 5.28382710052742e-18 4.37001130021861e-18 -6.86417458352682e-18 2.43466885850051e-18 1.46664658476136e-18 2.59632681050609e-18
-2.35589714139861 -0.199081985493137 -1.67049255183822e-17 3.32819818191332e-17 -4.81780477710698e-17 -3.98459373746474e-17 6.25879457593127e-17 -2.21994986526488e-17 -1.33730242041023e-17 -2.36736053504982e-17
0.633298431474407 -0.0255727320688781 -2.42093295602189e-18 4.82337830824447e-18 -6.98224802513452e-18 -5.77476144223694e-18 9.07077976536182e-18 -3.21737005743999e-18 -1.93816792853151e-18 -3.43107410239661e-18
-2.40613995438803 -0.622090193733247 -5.46131344328597e-17 1.08806210588523e-16 -1.57501846843925e-16 -1.30260411731722e-16 2.04602549598369e-16 -7.25697212512705e-17 -4.37153402491353e-17 -7.73856757270693e-17
1.82209363712543 0.304024979486971 2.70188095254498e-17 -5.38306470359124e-17 7.79234860979547e-17 6.44468920034468e-17 -1.0122956756393e-16 3.59053037015915e-17 2.1629367622618e-17 3.82892930863659e-17
0.18960608118093 -0.00537634675802092 -5.08662999041778e-19 1.01344010782376e-18 -1.46703816371974e-18 -1.21333176319077e-18 1.90585353233126e-18 -6.75997820149618e-19 -4.0722559321349e-19 -7.20896874296534e-19
0.115053997663674 -0.00359883021225887 -3.13991087272912e-19 6.25550939197689e-19 -9.05489505776079e-19 -7.48857168041182e-19 1.17621403699039e-18 -4.17176217424691e-19 -2.51296661314753e-19 -4.4483833005288e-19
-0.360573350291537 -0.0707967792205969 -6.06136802152014e-18 1.20763448452377e-17 -1.74813811371973e-17 -1.4458086142563e-17 2.27100281861376e-17 -8.05508926604797e-18 -4.85240494378726e-18 -8.58997744958659e-18
0.135588003121801 -0.00111543606468534 -9.82311434577865e-20 1.95714069321662e-19 -2.83315462173737e-19 -2.34322146904472e-19 3.68068114958804e-19 -1.30553606919238e-19 -7.86472510151782e-20 -1.39227981653887e-19
0.0801750153428257 -4.39500348259869e-05 8.83132268983972e-21 -1.75945341117357e-20 2.54686058399815e-20 2.10633480193478e-20 -3.30842606317011e-20 1.1734410650838e-20 7.06862798747502e-21 1.25128799389435e-20
0.108427624433502 -0.00425005417402441 -4.07399199209748e-19 8.11689437131269e-19 -1.17499224494485e-18 -9.71795618067086e-19 1.52646436799109e-18 -5.41432379368233e-19 -3.26163810168244e-19 -5.77398467712646e-19
0.101545108097016 -0.00863631559890896 -7.67701595252454e-19 1.52950485331326e-18 -2.21403589706448e-18 -1.83110516061404e-18 2.87616444558043e-18 -1.02014042684953e-18 -6.14525908216616e-19 -1.08784931781237e-18
0.123455166377018 -0.00913017424244192 -8.43667612769095e-19 1.68086891263037e-18 -2.4331657539617e-18 -2.01235397473591e-18 3.16088616009689e-18 -1.12113820614182e-18 -6.7537261149898e-19 -1.1955728507202e-18
-0.283485774513707 -0.0469041227615694 -4.0548976112617e-18 8.07869025569629e-18 -1.16943854679361e-17 -9.67183064133859e-18 1.5191888362352e-17 -5.38841028582348e-18 -3.24596286547059e-18 -5.74612072087554e-18
-0.500894387959158 0.147576024614888 1.44400066323754e-17 -2.87692506219053e-17 4.16452131657922e-17 3.44426421869659e-17 -5.41002945070171e-17 1.91888354069756e-17 1.15593017406137e-17 2.04626978555083e-17
0.106082198554861 -0.0104546745169436 -9.53041524589057e-19 1.89878234906805e-18 -2.74861511775157e-18 -2.27325160359744e-18 3.5706960229218e-18 -1.26649672822849e-18 -7.62938021350126e-19 -1.3505875842705e-18
0.0979486110356917 -0.000235762138398123 -3.63197890270321e-20 7.23556240390718e-20 -1.04731338184e-19 -8.6611556313514e-20 1.36033800319353e-19 -4.82462583796822e-20 -2.90612600118986e-20 -5.14414912521519e-20
-1.50504224400133 0.0651142130295973 6.44406147808413e-18 -1.28391246811253e-17 1.85860260289584e-17 1.53720750780211e-17 -2.41462810948645e-17 8.56473296333538e-18 5.15954490364505e-18 9.13392150069437e-18
-1.11033009618535 -0.252465731911815 -2.18185572098861e-17 4.34698582425067e-17 -6.29253735428971e-17 -5.2042507281261e-17 8.17452299794109e-17 -2.89942879463755e-17 -1.74661212205475e-17 -3.09192393171017e-17
0.226888246085441 -0.00128129972740986 -8.84948762308327e-20 1.76299529956719e-19 -2.5518759639506e-19 -2.11039036142694e-19 3.31465110995519e-19 -1.17559753123867e-19 -7.08130822847244e-20 -1.25347776707953e-19
0.25916021088402 -0.000872312868630529 -1.10711799603408e-19 2.20613155789951e-19 -3.19406887867377e-19 -2.64211653210707e-19 4.15079656755832e-19 -1.47250486648242e-19 -8.87188724144905e-20 -1.57080974436889e-19
-2.2821170332823 -0.586334566387784 -5.26879879742986e-17 1.04970590976188e-16 -1.51949422212573e-16 -1.25668170991371e-16 1.97389176038076e-16 -7.00111470175703e-17 -4.21740244947677e-17 -7.46571156277558e-17
-1.97132444166723 -0.384483589791858 -3.3329179376286e-17 6.64017206945471e-17 -9.61190410389947e-17 -7.9494000939152e-17 1.24862228164305e-16 -4.42867310370587e-17 -2.66778092523837e-17 -4.72253308832122e-17
0.0773846508897161 -0.00145265637901085 -1.20053246455658e-19 2.3919147221063e-19 -3.4625245246755e-19 -2.86374837130378e-19 4.49830243597558e-19 -1.59554209366071e-19 -9.61173693281203e-20 -1.70154638977607e-19
0.0833599800094565 0.00407107786469187 3.64141746586491e-19 -7.25511341695573e-19 1.05025153241099e-18 8.68634895706407e-19 -1.36443552825272e-18 4.8396570255862e-19 2.91548053133752e-19 5.16123952020921e-19
-1.41222897826586 -0.019917735025695 7.08762930295604e-19 -1.41349859049518e-18 2.04816403034007e-18 1.69561991538118e-18 -2.66602164192296e-18 9.46551484982693e-19 5.70766397073583e-19 1.0113941844171e-18
0.0780754896400967 -0.00794336950108917 -7.41042494502026e-19 1.47643194939283e-18 -2.13726876600943e-18 -1.76766382440534e-18 2.77659161524164e-18 -9.84850161678673e-19 -5.93283551116067e-19 -1.05027435871402e-18
-0.085948797090398 0.000883872094189116 2.65399144897046e-20 -5.28579117085071e-20 7.64884424176998e-20 6.32377508304696e-20 -9.92953161139428e-20 3.52068265419676e-20 2.12011268211103e-20 3.75179643533403e-20
0.104905448116263 -0.0021939908657271 -2.10383932642372e-19 4.19164008575708e-19 -6.06779338010281e-19 -5.01848249070813e-19 7.88289680754362e-19 -2.79605099869617e-19 -1.68437322786704e-19 -2.98180940007047e-19
0.0930605889817891 -0.0154994087484534 -1.43396398076231e-18 2.85698514658561e-18 -4.13573882593609e-18 -3.42052727596835e-18 5.37285115360833e-18 -1.90573442619172e-18 -1.14803186763889e-18 -2.03232807054167e-18
-0.156834327148764 -0.0223133239888162 -1.76041205800609e-18 3.50736119379993e-18 -5.0771738352968e-18 -4.19912114863216e-18 6.59578627507423e-18 -2.33948660859093e-18 -1.40931653348641e-18 -2.49485229223394e-18
0.0890447779350517 -0.0104377835268196 -9.32901261083234e-19 1.85867593156914e-18 -2.69058708117505e-18 -2.22528305112152e-18 3.49538699366179e-18 -1.23979845302571e-18 -7.468629371618e-19 -1.32214483877827e-18
-1.07734251275906 0.240766271881777 2.06804739712628e-17 -4.12017786914639e-17 5.96412619996112e-17 4.93256156011158e-17 -7.74765015664536e-17 2.74797836057767e-17 1.65535295679147e-17 2.93032787923377e-17
0.0800665181043016 -0.00342878424064336 -2.96025681368108e-19 5.89786253563943e-19 -8.53758981743892e-19 -7.06107388567297e-19 1.10911869323185e-18 -3.9339706294269e-19 -2.36983547271293e-19 -4.19520885612796e-19
-1.45560473162841 0.581772165552554 5.57350838536229e-17 -1.11042999050017e-16 1.60741896962874e-16 1.32941883136283e-16 -2.0881724513711e-16 7.40656291706226e-17 4.46170718863446e-17 7.89830175354491e-17
0.13488490600158 -0.00287198731663641 -2.76720666777349e-19 5.51322963202901e-19 -7.98079125090196e-19 -6.60055800921762e-19 1.03678129277936e-18 -3.67738814844722e-19 -2.21526551432792e-19 -3.92157396021252e-19
0.0866495573212032 0.00271354544289355 2.37610243943956e-19 -4.73421772573167e-19 6.85340939965978e-19 5.66839301366658e-19 -8.90399751029545e-19 3.15831849494882e-19 1.90265834578417e-19 3.36832512137391e-19
-0.318916526199765 -0.119487210216159 -1.08248181641394e-17 2.15665587934665e-17 -3.12188197664152e-17 -2.58194470927385e-17 4.05554471443815e-17 -1.43845827612996e-17 -8.66521492173725e-18 -1.53394474763131e-17
-1.33395344406354 0.326075967084531 2.77689715637876e-17 -5.53247067946866e-17 8.00854884966103e-17 6.62343635588206e-17 -1.04036253643258e-16 3.69004668722855e-17 2.22286460969048e-17 3.93497946276411e-17
0.100087520994931 -0.00143513797181416 -1.45704402763074e-19 2.90306198053765e-19 -4.20257354658237e-19 -3.47591514579823e-19 5.46002720275038e-19 -1.9367174445397e-19 -1.16673362723812e-19 -2.06550129912641e-19
0.0976949337825533 -0.000651706465244368 -5.85134649618274e-20 1.16579465091306e-19 -1.6875773181075e-19 -1.39572586905356e-19 2.19234234105206e-19 -7.77611062742073e-20 -4.68436233423039e-20 -8.29252586147481e-20
-1.77301192736602 0.140050030520116 1.17540354536044e-17 -2.34179320821309e-17 3.38988894694784e-17 2.80360761243516e-17 -4.40373106707742e-17 1.56196093077347e-17 9.40921817812908e-18 1.66565563918704e-17
0.286599030646179 -0.00522370967404332 -4.46725494290396e-19 8.9007033366564e-19 -1.28849665346274e-18 -1.06570521811033e-18 1.67402787832735e-18 -5.93791664847378e-19 -3.57716934336414e-19 -6.33276262353779e-19
-2.82137689782381 1.18265086586275 1.05651672673696e-16 -2.10490063735264e-16 3.04692808982103e-16 2.5199251437002e-16 -3.95808278710932e-16 1.40387333779814e-16 8.45677882775713e-17 1.49702939082737e-16
-0.563768711772749 0.0902474809620553 8.33350168977111e-18 -1.66032632670252e-17 2.40344818580543e-17 1.98779184480176e-17 -3.12233030395708e-17 1.10747161294139e-17 6.67145186190288e-18 1.18101773350485e-17
-0.679851282671184 -0.109187430405843 -9.86949734701247e-18 1.96627999275474e-17 -2.84623705411343e-17 -2.35391949963735e-17 3.69729363561456e-17 -1.31136050137e-17 -7.89940258319038e-18 -1.39834619383684e-17
0.117483825989454 -0.0133136688477284 -1.25947253986611e-18 2.50931441643577e-18 -3.63242656421332e-18 -3.00423177225389e-18 4.71891142018084e-18 -1.6737709821761e-18 -1.0082871622439e-18 -1.78492819180458e-18
0.173355824815922 -0.0120014787349724 -1.11273958519184e-18 2.21698193384485e-18 -3.20926923339606e-18 -2.65426928594748e-18 4.16922764821092e-18 -1.47880889908866e-18 -8.90845715938153e-19 -1.57703468119733e-18
0.738781203379803 0.0526660431706694 4.94409905479852e-18 -9.85037263623516e-18 1.42591468115115e-17 1.17931345218547e-17 -1.85240849517718e-17 6.57037406213769e-18 3.95801487424893e-18 7.00669248910579e-18
-2.09807982379488 -0.468992865579161 -4.1687015947232e-17 8.30529027627282e-17 -1.20222071322305e-16 -9.94279366437855e-17 1.56172458158297e-16 -5.53919028128776e-17 -3.33673807082253e-17 -5.90671826630069e-17
-0.850090203383313 0.200816058237148 1.68122855533088e-17 -3.34956373213486e-17 4.84869778736068e-17 4.01011490456989e-17 -6.29883622506622e-17 2.23413614505608e-17 1.34583849891583e-17 2.38245424174881e-17
0.115471499207661 -0.0105184932718539 -9.23467866046144e-19 1.83986563458131e-18 -2.66333508325337e-18 -2.20272531283004e-18 3.45992491073372e-18 -1.22720982416619e-18 -7.39273207695231e-19 -1.30869793944474e-18
0.138694301164393 -0.00506360448139935 -4.60105321731326e-19 9.166948967071e-19 -1.32699031560333e-18 -1.09750251357811e-18 1.7239119979926e-18 -6.11463418089928e-19 -3.68349310554153e-19 -6.52075001197461e-19
1.93019681086405 0.0799373568015053 7.25348297777962e-18 -1.4451619297049e-17 2.09200063667618e-17 1.73022245540047e-17 -2.71777735506965e-17 9.63987999186579e-18 5.80715441745501e-18 1.02802441918273e-17
0.566226357870975 0.0188451676126687 1.70173479933918e-18 -3.39043730109153e-18 4.90789133308362e-18 4.05909289390076e-18 -6.37580229658401e-18 2.26144751459663e-18 1.36229818709675e-18 2.41160487600352e-18
-1.77458807467021 0.0639143833706742 4.9654129823257e-18 -9.89265603587125e-18 1.43200926223597e-17 1.18433230836119e-17 -1.86025776883933e-17 6.59809398213236e-18 3.97464059037927e-18 7.03599527283248e-18
