0.109215015269447 -0.00250643254837033 -1.6930434336207e-20 3.37250086258431e-20 -4.88102937035133e-20 -4.03613423743317e-20 6.33857423025136e-20 -2.24782955567548e-20 -1.3538456914355e-20 -2.39620110520066e-20
0.204108098028312 -0.00416992235425287 -2.93735803406909e-20 5.85128948682514e-20 -8.46879586185138e-20 -7.00303943763089e-20 1.09982421146863e-19 -3.90036990134371e-20 -2.34921253073247e-20 -4.15802529202718e-20
0.174649347594854 -0.00312516531240912 -2.13594161706063e-20 4.25463952253254e-20 -6.15760099385055e-20 -5.09161018103604e-20 7.99595876623303e-20 -2.83551378422497e-20 -1.70776053288913e-20 -3.02252908617271e-20
0.107781036022729 -0.00668350623322691 -4.38079903373316e-20 8.72655147323865e-20 -1.2630116592301e-19 -1.04440007260933e-19 1.6402053487685e-19 -5.81668266841268e-20 -3.50337407054663e-20 -6.20077477983853e-20
0.105318791013336 -0.00218901805470796 -1.39523165924548e-20 2.77934637273982e-20 -4.0226699935903e-20 -3.32644974919228e-20 5.22419435250569e-20 -1.85269317103815e-20 -1.11589072720071e-20 -1.97509569793098e-20
-1.38640868250373 0.274454917889369 1.82422662354401e-18 -3.63376784496068e-18 5.25909415246298e-18 4.34870094456373e-18 -6.82935888995368e-18 2.42184389223867e-18 1.45863405161561e-18 2.58163509200859e-18
0.072325529069084 -0.0013307221879696 -8.53214980189194e-21 1.69957043201246e-20 -2.4597742161871e-20 -2.03397754220686e-20 3.19424968607818e-20 -1.13275864978676e-20 -6.82244287497279e-21 -1.20751000248274e-20
0.102841043920329 0.000237909929745354 2.7637833939196e-21 -5.50653777464798e-21 7.97128965228618e-21 6.59285240795749e-21 -1.03559484566789e-20 3.67326440941524e-21 2.21283209074923e-21 3.91735566820414e-21
-0.294611414008603 -0.0267031480766051 -1.76515323956567e-19 3.51612513064733e-19 -5.08887298098248e-19 -4.20798059214923e-19 6.60842007442443e-19 -2.34351302818108e-19 -1.4114681895087e-19 -2.49817652676898e-19
0.0773118408488518 -0.00401491707603345 -2.84613095104938e-20 5.66945564688866e-20 -8.20546557152382e-20 -6.78515733390828e-20 1.06558577655204e-19 -3.77887672913769e-20 -2.27599355692224e-20 -4.02835409601669e-20
-1.31045633013001 0.161631009911104 1.08098874049836e-18 -2.15327267319927e-18 3.11639334039726e-18 2.57691642902244e-18 -4.04687879334583e-18 1.43511226592878e-18 8.64341861990979e-19 1.52979600989523e-18
-0.855620150718283 -0.256098206355313 -1.75637601248326e-18 3.49857408341219e-18 -5.06337429363829e-18 -4.18681544968081e-18 6.57505514832037e-18 -2.3316362456602e-18 -1.4042880095726e-18 -2.48542053888876e-18
-0.355286880294706 0.00473964251303832 2.60979026965804e-20 -5.19851196407829e-20 7.52363758878166e-20 6.22116205693892e-20 -9.76982887706601e-20 3.46456102074795e-20 2.08662047170483e-20 3.69306556234303e-20
0.0878135737399225 -0.00162350339880334 -1.12413910700438e-20 2.23916887964649e-20 -3.24062684121227e-20 -2.67957569513805e-20 4.20799129722582e-20 -1.4922083100382e-20 -8.98706885622009e-21 -1.59057807391136e-20
-2.31221033452648 0.657732889955667 4.58440669552918e-18 -9.13182216410298e-18 1.32162161419804e-17 1.09282758230559e-17 -1.71620024242052e-17 6.08597391206168e-18 3.66544076453574e-18 6.48739930475671e-18
-1.57755051215022 -0.383416475427777 -2.64895914189951e-18 5.27655307906802e-18 -7.63661230764197e-18 -6.31460229281219e-18 9.91660601134496e-18 -3.51662396489645e-18 -2.11798458834023e-18 -3.74859019926166e-18
0.0944457232117187 -0.00103666530289073 -6.30212748057277e-21 1.25544019952932e-20 -1.81710599162347e-20 -1.50265513773405e-20 2.35999009079744e-20 -8.36964152116833e-21 -5.04124180775062e-21 -8.92311539535732e-21
0.0786106448926347 -0.00405986076663102 -2.74466011735343e-20 5.46729740944228e-20 -7.91283678824048e-20 -6.54314501460874e-20 1.02757299000518e-19 -3.64405255721656e-20 -2.19477789037337e-20 -3.88458677672061e-20
0.0840898490184468 -0.00592015278362137 -3.97468616929266e-20 7.91764500896286e-20 -1.14594714984422e-19 -9.47606387499314e-20 1.48820639461793e-19 -5.27769355272788e-20 -3.17877043002635e-20 -5.62629455096869e-20
0.101138329128108 -0.00594742222085899 -3.98893648885448e-20 7.9459181976088e-20 -1.15002276765021e-19 -9.50962990480182e-20 1.49345653937282e-19 -5.29623660915834e-20 -3.18989333483443e-20 -5.64590087765932e-20
1.5638544695597 9.52717121794043e-05 1.25910157460876e-21 -2.51141024584263e-21 3.63956377550888e-21 3.0135280111967e-21 -4.73884307714397e-21 1.68273078650661e-21 1.014823108533e-21 1.7985137619303e-21
0.0819030089925384 -0.00162045693049937 -1.08399349974676e-20 2.15928583477849e-20 -3.12513638206072e-20 -2.58417929835032e-20 4.05833700838654e-20 -1.43919417062171e-20 -8.66811504875749e-21 -1.53418682602692e-20
-2.05373902726999 0.773894325315729 5.39798974887301e-18 -1.07525005352869e-17 1.55618874732928e-17 1.28679657596812e-17 -2.02082785186063e-17 7.16629294984455e-18 4.31612275915494e-18 7.63908468972834e-18
0.0844639134976397 -0.00327818438110169 -2.13373370162513e-20 4.25035521891927e-20 -6.15156502098076e-20 -5.08675521641837e-20 7.98854813499025e-20 -2.83296161944094e-20 -1.70626906820912e-20 -3.01997015579516e-20
-0.639919357064523 0.0554217878866669 3.60581642316604e-19 -7.18249908808708e-19 1.03949624947271e-18 8.59538040161792e-19 -1.34982998994115e-18 4.78672921521157e-19 2.88292031933347e-19 5.10240260343351e-19
0.1662854561782 -0.00161055022006703 -1.01580662782759e-20 2.02361566059036e-20 -2.92900693612649e-20 -2.42218658844669e-20 3.80422841230311e-20 -1.3491846437395e-20 -8.12662433753349e-21 -1.43845832341971e-20
0.0914149119624688 -0.00152887428993314 -1.04180305466103e-20 2.07525472836431e-20 -3.0035341797484e-20 -2.48363958780315e-20 3.90046482318383e-20 -1.38321590610432e-20 -8.33100846460087e-21 -1.4745295596752e-20
0.0922808381420366 -0.0019714379358161 -1.23221530266429e-20 2.45462434043442e-20 -3.55270261433015e-20 -2.9378356939326e-20 4.61389755164599e-20 -1.63626713611788e-20 -9.85540465346033e-21 -1.74438771501401e-20
0.561957849087987 -0.00925956395103838 -6.20691330046376e-20 1.23643349153168e-19 -1.78953922497182e-19 -1.47981188899609e-19 2.32403999981671e-19 -8.24188407196278e-20 -4.96413286191316e-20 -8.78635198701797e-20
0.0882903109454887 -0.00420670492798037 -2.89009747882841e-20 5.757006695329e-20 -8.33213616750384e-20 -6.88986657323817e-20 1.08202441680753e-19 -3.83715309946605e-20 -2.31108110243786e-20 -4.09043552269106e-20
0.0841324489336451 -0.0011819896549907 -7.50397289601399e-21 1.49487136616149e-20 -2.16367372142229e-20 -1.78926450376023e-20 2.81014751869419e-20 -9.96619793338447e-21 -6.00293844389132e-21 -1.06254315485893e-20
0.818252111028224 -0.00496453515832831 -3.41169488118946e-20 6.79567413770427e-20 -9.83490770037778e-20 -8.13210280082345e-20 1.27704802152702e-19 -4.52853172145536e-20 -2.72735450943827e-20 -4.82696419092879e-20
-0.297391381560388 0.0601214097494483 4.18943404596839e-19 -8.34510089067807e-19 1.20776712925036e-18 9.9868757703244e-19 -1.56836768570338e-18 5.56175610154007e-19 3.34973141280243e-19 5.92865716778089e-19
0.550584239006368 0.00114474415204512 7.1381169276478e-21 -1.42205292180349e-20 2.058368993069e-20 1.70225854078693e-20 -2.67361949534873e-20 9.48242647127388e-21 5.71180471534935e-21 1.01105670503776e-20
0.0904585154673973 -0.00558138718497124 -3.74723750609377e-20 7.4644800362311e-20 -1.0803470299331e-19 -8.93350392215173e-20 1.40298225876722e-19 -4.97540390929963e-20 -2.99666709638772e-20 -5.30391996033687e-20
0.186758864664519 -0.00179115489417733 -1.24878460979325e-20 2.487638156288e-20 -3.60049542205683e-20 -2.97736546122557e-20 4.67599272305214e-20 -1.65829321970142e-20 -9.98809850230304e-21 -1.76787931887012e-20
0.659213133378874 -0.0110042274177235 -7.68292457694686e-20 1.5304068252158e-19 -2.21494322895828e-19 -1.83152619277548e-19 2.87630850680108e-19 -1.02000808692313e-19 -6.14335705053101e-20 -1.08731706942835e-19
0.0909099450680937 -0.0030203403102996 -1.94863746526915e-20 3.88178416718538e-20 -5.61832814549094e-20 -4.64598332104029e-20 7.29659074749163e-20 -2.58766556606501e-20 -1.5585843012802e-20 -2.75867636628556e-20
0.270309457583945 -0.0126043533364213 -8.44423419724014e-20 1.68205505389858e-19 -2.43442009208856e-19 -2.01300878462617e-19 3.16131384589658e-19 -1.12107682265705e-19 -6.75207297075978e-20 -1.1950530555482e-19
0.110506911203496 0.000243699809285586 1.20211010984022e-21 -2.39519584298197e-21 3.46747338672335e-21 2.86800575945654e-21 -4.50524740623052e-21 1.59809662853746e-21 9.6276737385909e-22 1.70446444696365e-21
0.108832428678228 -0.00302913894413226 -1.99300088297523e-20 3.97012082896897e-20 -5.74612856181354e-20 -4.75162086601832e-20 7.46242568999479e-20 -2.64645232586675e-20 -1.59397726344467e-20 -2.82129484655574e-20
0.103656718938642 0.00701650262479634 4.75637839118828e-20 -9.47458936129498e-20 1.3712598968851e-19 1.13389797975054e-19 -1.78073782509785e-19 6.31497741991252e-20 3.80344912693523e-20 6.73180808943744e-20
0.0852375593753367 -0.00198407992524508 -1.33534353487744e-20 2.66000075778576e-20 -3.84986848369007e-20 -3.18350001293413e-20 4.99960409594746e-20 -1.77301410924204e-20 -1.06788075712158e-20 -1.89008630872228e-20
0.140660412254529 -0.00227578534676744 -1.45700973910721e-20 2.9023800775055e-20 -4.20069834753235e-20 -3.47362984382449e-20 5.45528415112606e-20 -1.93462606322452e-20 -1.16522739198823e-20 -2.062398783531e-20
-0.45522019697555 0.0503145422260331 3.22648342428861e-19 -6.42715406236086e-19 9.30215052785946e-19 7.69206320537864e-19 -1.20801999260554e-18 4.28401730423287e-19 2.58025306815034e-19 4.56690203737242e-19
-2.42338927067969 -0.253949232015906 -1.71686280107445e-18 3.41982769112293e-18 -4.94935081312611e-18 -4.09248483630941e-18 6.42684336636057e-18 -2.27905165164565e-18 -1.37260195082573e-18 -2.42931236476045e-18
0.541226945930537 -0.00590061872176612 -3.90710717444821e-20 7.78299192086983e-20 -1.12645336173949e-19 -9.31482455970583e-20 1.46287743225933e-19 -5.18784530298901e-20 -3.12464070896755e-20 -5.53046262521016e-20
-2.24282029960716 -0.422787233806037 -2.82788871292369e-18 5.6329178380693e-18 -8.1522952232312e-18 -6.74095158793325e-18 1.0586059077777e-17 -3.75399106358727e-18 -2.26092495232279e-18 -4.00154186016587e-18
2.50286391360883 0.172052211951209 1.18846140923794e-18 -2.36738281345278e-18 3.42631492263543e-18 2.83322388201715e-18 -4.4494497569189e-18 1.57789295625692e-18 9.50348208827604e-19 1.68203988590077e-18
0.211771562482376 -0.00274108709916146 -1.67615543665799e-20 3.33886089050463e-20 -4.83234287438999e-20 -3.9958758600608e-20 6.27535112281332e-20 -2.22540926427872e-20 -1.3403423674703e-20 -2.3723016250496e-20
0.093799289282756 -0.00035923944421787 -1.51964002975604e-21 3.0277773231166e-21 -4.38311145342782e-21 -3.62523295220515e-21 5.69457234730277e-21 -2.01991047796767e-21 -1.21685019450611e-21 -2.1542217682234e-21
-0.468020064644433 -0.0848903664684281 -5.70314736837223e-19 1.13603097016179e-18 -1.64414883395781e-18 -1.35952411218258e-18 2.13503252995507e-18 -7.57125537151827e-19 -4.56000464431274e-19 -8.07069584734627e-19
0.145391611020067 0.00205148882351014 1.42575971203834e-20 -2.84010790884706e-20 4.11053851973447e-20 3.39904903402127e-20 -5.33811507062383e-20 1.89305942754514e-20 1.14018298056404e-20 2.01805577049862e-20
0.103593275589381 -0.00369178774222189 -2.48022544298883e-20 4.94055969562855e-20 -7.15050186860487e-20 -5.9127800791628e-20 9.28578714104608e-20 -3.29299854395711e-20 -1.98334536384904e-20 -3.51037455396691e-20
0.0939748005153239 2.99590599889051e-05 1.49266848563714e-21 -2.97235007264835e-21 4.30042987418946e-21 3.55482764342275e-21 -5.58080645810632e-21 1.97843200353957e-21 1.19118502654628e-21 2.10758726650898e-21
0.0985912524933382 0.000398832424129632 2.60817142806745e-21 -5.19625003880355e-21 7.52175713673635e-21 6.22075903215857e-21 -9.77100476251155e-21 3.46561939561282e-21 2.08764416463266e-21 3.69556095364781e-21
0.0851454104762987 0.00103062435006099 7.2351961236268e-21 -1.44122193475722e-20 2.08586787917646e-20 1.7247952797064e-20 -2.7086950071998e-20 9.60568793527338e-21 5.78536586572751e-21 1.02395645330878e-20
-0.416417247932598 -0.0378838486048191 -2.45825697500661e-19 4.89678573212814e-19 -7.08712842514086e-19 -5.86036050098914e-19 9.20343943830512e-19 -3.26378695204616e-19 -1.9657461646285e-19 -3.47921588841237e-19
-0.344520155162621 0.045489682373861 2.94135354423261e-19 -5.85903064363535e-19 8.47968443007325e-19 7.01178255276074e-19 -1.10115634276902e-18 3.90494882259175e-19 2.35188293082566e-19 4.16259692883283e-19
0.114185433495525 0.000745595666989046 4.48573804250839e-21 -8.93574708135309e-21 1.29331168796788e-20 1.06947431614338e-20 -1.67961330656499e-20 5.95654002994727e-21 3.58767264303692e-21 6.35008959899017e-21
0.104035001547098 0.00216507195879958 1.5555878354233e-20 -3.09878795374367e-20 4.48502179186306e-20 3.70878861966723e-20 -5.82467099644735e-20 2.06564901982272e-20 1.24415833226671e-20 2.20213062499485e-20
-1.57232429248251 0.0278699871169275 2.3972685685954e-19 -4.77548905967932e-19 6.9118514788221e-19 5.71565186025679e-19 -8.97653925372775e-19 3.18344914546991e-19 1.91743605763377e-19 3.3938462883592e-19
-0.580016986140627 -0.087252294085161 -5.86877631594856e-19 1.16903028196895e-18 -1.6919181350973e-18 -1.3990323541029e-18 2.19709060514918e-18 -7.79137293582949e-19 -4.69260511679444e-19 -8.30543402791923e-19
0.20846659158745 -0.00527282051839151 -3.46519111403475e-20 6.90263019000194e-20 -9.99027406491388e-20 -8.26104575256989e-20 1.29737178763524e-19 -4.60086710819098e-20 -2.77107909316083e-20 -4.90463237849904e-20
0.120802334079565 -0.00260721716879529 -1.80090349561198e-20 3.58746237064354e-20 -5.1922984625513e-20 -4.29365130012244e-20 6.74319456146811e-20 -2.39139009894624e-20 -1.44035370929838e-20 -2.54938948377606e-20
-2.37958323262759 -0.464800180040131 -3.15713947855456e-18 6.28880029368382e-18 -9.10158896324746e-18 -7.52595229926743e-18 1.18189120370997e-17 -4.19120936463303e-18 -2.52426649582746e-18 -4.46765219125914e-18
-2.26544466972281 -0.39262763949822 -2.5918057792158e-18 5.1626830500302e-18 -7.47177616456065e-18 -6.17827265727893e-18 9.70246498093829e-18 -3.44066915035331e-18 -2.07222894059887e-18 -3.667590687274e-18
0.0932789540418546 -0.00448458201268489 -3.03390976204495e-20 6.04344954526041e-20 -8.74666559238115e-20 -7.23260875942727e-20 1.13584539047442e-19 -4.02799834596517e-20 -2.42601420456023e-20 -4.29383845462541e-20
0.080046322184739 -0.00186843764408239 -1.13414293756163e-20 2.25920285982626e-20 -3.26977634431785e-20 -2.70380704759268e-20 4.24624591198722e-20 -1.50584546695493e-20 -9.06963195220237e-21 -1.60526681805388e-20
-1.59932854852817 -0.170495545150783 -1.19096335219182e-18 2.37229710929118e-18 -3.43332678259113e-18 -2.83893880166956e-18 4.45829411482175e-18 -1.58098305980328e-18 -9.52181433058641e-19 -1.68523513905706e-18
0.118710775888193 -0.00772387188889145 -5.17883304873272e-20 1.03161484788758e-19 -1.49306473686631e-19 -1.23462344876776e-19 1.93893031286168e-19 -6.87599728392379e-20 -4.14136191043352e-20 -7.32991568709988e-20
-0.103535041027425 0.00276600559772981 2.43136638153596e-20 -4.84320631843267e-20 7.00956251336164e-20 5.79620429547191e-20 -9.10265853909228e-20 3.22803797661183e-20 1.94420927627699e-20 3.44108730990589e-20
0.108449687569062 -0.0055259467345225 -3.77205233126686e-20 7.5138668014953e-20 -1.08748845592314e-19 -8.99250415710943e-20 1.41223976372271e-19 -5.00820434369959e-20 -3.01640490086469e-20 -5.33882322154989e-20
0.0953128527796929 0.00014037337588035 1.58262633032212e-21 -3.15215656840058e-21 4.56155110573677e-21 3.77148275846865e-21 -5.92220578623461e-21 2.09990993374773e-21 1.26459605674379e-21 2.2379546089903e-21
-0.44173949508067 -0.0197757843215969 -1.25022548617909e-19 2.49048388018518e-19 -3.60457861830446e-19 -2.98071255625308e-19 4.68120313993669e-19 -1.66012463535951e-19 -9.99903048438222e-20 -1.76979676015483e-19
0.0513220225405658 -0.000957341880129705 -6.63842474794699e-21 1.32240415615351e-20 -1.91398600046093e-20 -1.58273475265966e-20 2.4857034679823e-20 -8.81528416503832e-21 -5.30954503544287e-21 -9.3978088819075e-21
-0.188843817923008 0.0197919736027712 1.33777308120369e-19 -2.66477016357482e-19 3.85666966239446e-19 3.18903990768531e-19 -5.00817230867821e-19 1.77600583142897e-19 1.0696544543276e-19 1.89317572039627e-19
0.119182520203524 -0.00269674880664612 -1.7184352813979e-20 3.42303540586473e-20 -4.95410245331075e-20 -4.09650421437483e-20 6.43329736247185e-20 -2.28139068542659e-20 -1.37404101189167e-20 -2.43191300009604e-20
-1.12372405249654 0.200639813293539 1.34305626880756e-18 -2.67530425571298e-18 3.87193032084795e-18 3.201671088747e-18 -5.02802805178296e-18 1.78305396047918e-18 1.07390353760403e-18 1.90070346100521e-18
0.0819273143983531 -0.00176790857807317 -1.05003917015788e-20 2.09162757244297e-20 -3.02718246826908e-20 -2.50315459153466e-20 3.9310497790806e-20 -1.39403999598597e-20 -8.39606746744858e-21 -1.48602088724813e-20
0.110244528564803 -0.000279625157373893 -2.29457534097282e-22 4.57859113935437e-22 -6.63797498444362e-22 -5.49835805041448e-22 8.64970017170469e-22 -3.07265460188066e-22 -1.85378458873202e-22 -3.28663852607357e-22
0.0047880089589206 -0.0340418826457293 -2.30568553089688e-19 4.59284520853698e-19 -6.64720272619715e-19 -5.49655866963936e-19 8.63206314137033e-19 -3.0611468617151e-19 -1.84368921636954e-19 -3.2631690354981e-19
-1.91269433637403 0.339284528507673 2.29992316131566e-18 -4.58135884056011e-18 6.63056708304581e-18 5.48279319569008e-18 -8.61043025781258e-18 3.05347000654354e-18 1.83906235860533e-18 3.25497425866805e-18
0.078589723099495 -0.0105820307546937 -7.0270191066895e-20 1.39977176369442e-19 -2.02590326098619e-19 -1.67523217935139e-19 2.63089252146066e-19 -9.32990072936054e-20 -5.61933510138548e-20 -9.94583261369106e-20
0.0779062546152762 -0.000436072872805432 -1.68857058224883e-21 3.3633835623632e-21 -4.86753371049666e-21 -4.02472654762231e-21 6.32026949362066e-21 -2.2412001529847e-21 -1.3497697589412e-21 -2.38883999379409e-21
-1.56590905946631 -0.0178803831282592 -1.45796669990743e-19 2.90426570216467e-19 -4.203397565334e-19 -3.47583713902905e-19 5.45871181658906e-19 -1.93582784239658e-19 -1.16594291891117e-19 -2.06365052680032e-19
0.243843240654232 -0.010374665947907 -6.98446787891701e-20 1.39130099723181e-19 -2.01365121747767e-19 -1.66510731976801e-19 2.61500189159161e-19 -9.27358381393909e-20 -5.58543738613462e-20 -9.88587420086685e-20
-2.44899603992801 0.689980606560428 4.42095485506696e-18 -8.80625910019151e-18 1.27450698130801e-17 1.05387185506798e-17 -1.65502740720216e-17 5.86905785010942e-18 3.53480599083922e-18 6.25620657067139e-18
-0.19524512741791 0.0313386454751733 2.11144660988007e-19 -4.20590361144956e-19 6.08714864573823e-19 5.03342181436929e-19 -7.90468454423791e-19 2.80318380613012e-19 1.68831158320235e-19 2.98814680561509e-19
-0.941271336159556 -0.0807500356831156 -5.0353985007591e-19 1.00301856013784e-18 -1.45164182555957e-18 -1.2003414528624e-18 1.88504591099547e-18 -6.68474547883903e-19 -4.02607454787364e-19 -7.12569211704783e-19
0.0970290104880397 -0.00921243597307186 -6.04823631420977e-20 1.20480215216641e-19 -1.74372541890638e-19 -1.44190049394203e-19 2.26445804769867e-19 -8.0304352447165e-20 -4.83668586707656e-20 -8.5606153773784e-20
0.142351333334019 0.00110824980627486 7.24686847203581e-21 -1.44354552156051e-20 2.08922861791311e-20 1.72757246746081e-20 -2.71305361045246e-20 9.62113461218841e-21 5.79466316026689e-21 1.02560092435941e-20
0.933487125439984 0.0066382202028359 4.65474432049923e-20 -9.27229183946942e-20 1.34200377004832e-19 1.10972458911431e-19 -1.74280372811686e-19 6.18055633703971e-20 3.7225509632726e-20 6.58873502319811e-20
-1.39634371799305 -0.153471115243601 -9.74834529929054e-19 1.9417914006847e-18 -2.81028019601222e-18 -2.32376122281658e-18 3.64926308145234e-18 -1.29409054146491e-18 -7.79395948722398e-19 -1.3794308371825e-18
-0.265879523116885 0.00256204681660453 1.55465964867317e-20 -3.09681543690998e-20 4.48198810029562e-20 3.70613216095653e-20 -5.82026689981448e-20 2.06400485399105e-20 1.24311846942008e-20 2.20020237038296e-20
0.103694813044402 -0.00592882396100487 -4.08025575590496e-20 8.12771960611915e-20 -1.17631983434438e-19 -9.72695609028994e-20 1.52756706879575e-19 -5.41713222060395e-20 -3.26266569507514e-20 -5.7746281442376e-20
0.157421004331559 -0.00957853321377626 -6.40282026770157e-20 1.27544118764352e-19 -1.84597130031373e-19 -1.52645596495016e-19 2.39726151032297e-19 -8.5014374061594e-20 -5.12039309012977e-20 -9.06280321524837e-20
1.90157320312652 0.0366606992703718 2.56677550014981e-19 -5.11307134834688e-19 7.40033198114972e-19 6.11949215589103e-19 -9.61061898962553e-19 3.40826344042783e-19 2.05281090260551e-19 3.63339858380678e-19
0.921620544575722 0.00398604157821685 2.69957221003118e-20 -5.37788630280239e-20 7.78401495593037e-20 6.43710410292991e-20 -1.0109954417717e-19 3.58553260636841e-20 2.159693615646e-20 3.82277657209954e-20
-1.48323792964721 0.0742941606279293 4.73428733239673e-19 -9.43020895524467e-19 1.36478235564789e-18 1.12849674259229e-18 -1.77218483577707e-18 6.28439592208743e-19 3.78487944884922e-19 6.69867441626718e-19
