0.0942928957475801 -0.00275784572094429 -2.14984308647227e-12 4.28852169658296e-12 -6.21561151074105e-12 -5.14700941208132e-12 8.09464636232852e-12 -2.87466099061661e-12 -1.73384154241018e-12 -3.07312694148616e-12
0.16995568415214 -0.0102505787118921 -8.21969694280337e-12 1.63965148930641e-11 -2.3764172250792e-11 -1.96783501825985e-11 3.09475658132076e-11 -1.09903150786412e-11 -6.62869145525688e-12 -1.17488076160784e-11
0.212011272637822 -0.00307068465360434 -2.51683195692076e-12 5.02049068464734e-12 -7.27634890004842e-12 -6.02525894894063e-12 9.47566584632186e-12 -3.36503509362166e-12 -2.02956737798321e-12 -3.59720906010797e-12
0.15802452619572 -0.00555540633258749 -4.53120998437946e-12 9.03868880575301e-12 -1.31000237254762e-11 -1.08475979466696e-11 1.70595234970218e-11 -6.05823409711259e-12 -3.65392155502467e-12 -6.47620690502871e-12
0.0924078388617528 -0.0040919247655211 -3.36794388336731e-12 6.71821128662967e-12 -9.73683637419163e-12 -8.06263380807357e-12 1.26796660851388e-11 -4.50281948036547e-12 -2.71578427614848e-12 -4.81342633884177e-12
-1.35002883051734 0.160256020759829 1.26559089667268e-10 -2.52454395550071e-10 3.65887803255252e-10 3.02975686318966e-10 -4.76474256028283e-10 1.69206460524348e-10 1.02053629388055e-10 1.80879060926708e-10
0.0830330476918811 -0.00224505541671741 -1.86163325765417e-12 3.71346430750144e-12 -5.38195151833556e-12 -4.45651280188126e-12 7.00845604078335e-12 -2.48883088320879e-12 -1.5010751467207e-12 -2.66046658776971e-12
0.0689529619974423 -0.00208714159661702 -1.68459065055068e-12 3.36034596413227e-12 -4.87022473074166e-12 -4.03282021609334e-12 6.3422088603141e-12 -2.25225758134234e-12 -1.35840599416923e-12 -2.40762835370849e-12
-0.387496174232698 -0.0565641663975681 -4.61234393940558e-11 9.20048087659956e-11 -1.33344396628846e-10 -1.10416471207043e-10 1.73645996014714e-10 -6.16653955337429e-11 -3.71922354351807e-11 -6.59191152899518e-11
0.0889340055766582 -0.000834715998942905 -7.31609820290619e-13 1.45956498496263e-12 -2.11564475053537e-12 -1.7520919733311e-12 2.75576937894778e-12 -9.78756535914784e-13 -5.90392036281155e-13 -1.04653710385628e-12
-1.48440611124526 0.138571593085257 1.06840320510035e-10 -2.13118825758044e-10 3.08875775080204e-10 2.55764774601037e-10 -4.02225342581843e-10 1.42838067890644e-10 8.61494514654735e-11 1.52689577168586e-10
-0.989059752820753 -0.146066626806818 -1.13391099457184e-10 2.26184543684621e-10 -3.27810064015853e-10 -2.71441651879411e-10 4.26876761476511e-10 -1.51591333548733e-10 -9.14282160851741e-11 -1.62044555782423e-10
-1.07848404073254 0.181538354447549 1.40947266629227e-10 -2.8115083256171e-10 4.07471737144986e-10 3.37404178352532e-10 -5.3060976615684e-10 1.88428182422178e-10 1.13645041438578e-10 2.01420398121789e-10
0.0651117186721494 -0.00504047492156252 -4.00553946995598e-12 7.99022036448886e-12 -1.15806223684312e-11 -9.5895867491917e-12 1.5081332043176e-11 -5.35581230974375e-12 -3.23031600669881e-12 -5.72549442988987e-12
-2.11536074196768 0.216787742618313 1.73191038064268e-10 -3.45471140254567e-10 5.00695320698404e-10 4.14600804828678e-10 -6.52016469632538e-10 2.31543625039753e-10 1.39650052508564e-10 2.47512823690992e-10
-1.41265522061499 -0.174393945124143 -1.36862696947251e-10 2.73006801219903e-10 -3.95673751178724e-10 -3.27639204746085e-10 5.15259850270596e-10 -1.82979560492143e-10 -1.1036029938033e-10 -1.95601187112419e-10
0.0838970330953785 -0.00237466990531105 -1.84622055811638e-12 3.68280757568771e-12 -5.3376473187351e-12 -4.41993182820156e-12 6.9510927707684e-12 -2.46851878379129e-12 -1.48885978997304e-12 -2.63887909436108e-12
0.0815827433121871 -0.00491872230628169 -3.99055412228127e-12 7.96025799566731e-12 -1.15370954082329e-11 -9.55345966915092e-12 1.50243842767954e-11 -5.33554183730025e-12 -3.21806187405328e-12 -5.70372499583427e-12
0.103580554149797 -0.00128513985811136 -1.02501813985257e-12 2.04482362321297e-12 -2.96384548364628e-12 -2.45442696260002e-12 3.86025937009088e-12 -1.37097235252216e-12 -8.2694175491127e-13 -1.46578230123323e-12
0.116852661547558 0.00267626945097748 2.13071926257338e-12 -4.25026652392539e-12 6.16001112461647e-12 5.10083970444543e-12 -8.02183400326219e-12 2.84873139297206e-12 1.71815896847369e-12 3.04525391481623e-12
1.76033411491929 0.035399430841872 2.93412598715145e-11 -5.8529546777444e-11 8.48295115586659e-11 7.02447095735539e-11 -1.1047196878802e-10 3.92316346934282e-11 2.36621786351394e-11 4.19393195572149e-11
0.0692375568610571 -0.000838876456365465 -7.42628894941443e-13 1.48129426697822e-12 -2.14677359753298e-12 -1.77756709014756e-12 2.79535891203543e-12 -9.92647365338276e-13 -5.98668527104686e-13 -1.06102640032809e-12
-1.25505484994301 0.192492422938589 1.454342713667e-10 -2.90100566922974e-10 4.2044171266408e-10 3.48143157757274e-10 -5.47497006042464e-10 1.94424714566455e-10 1.17261434815031e-10 2.07829534068227e-10
0.0853264581257587 -0.00641652455762017 -5.18892390884666e-12 1.03507673752056e-11 -1.50017939535877e-11 -1.24224910849608e-11 1.95364661381659e-11 -6.93791799232884e-12 -4.18452655830048e-12 -7.41671895066431e-12
-0.255960059648933 0.039073347387938 3.03383410160015e-11 -6.05172714854078e-11 8.77086144941233e-11 7.26273188017804e-11 -1.14216695129776e-10 4.05606592660448e-11 2.44632657936201e-11 4.33582943379005e-11
0.182961434798444 -0.00375598243158709 -3.11804607149842e-12 6.21979227191757e-12 -9.01456211749996e-12 -7.46462923904008e-12 1.1739339598995e-11 -4.16893313635572e-12 -2.51443380939531e-12 -4.45660161803793e-12
0.103784286111345 -0.00199904037985496 -1.6457579106355e-12 3.28290981321779e-12 -4.75803197305753e-12 -3.93994909710562e-12 6.19620367112276e-12 -2.20042513790254e-12 -1.32715462660241e-12 -2.35225706409729e-12
0.0961959889881699 -0.00169832880605711 -1.33850688386719e-12 2.67006885427797e-12 -3.86989975203069e-12 -3.20458517451142e-12 5.03982830779335e-12 -1.78980411555533e-12 -1.07951648093592e-12 -1.91338065762426e-12
0.233818597146273 -0.00142841676561982 -1.29136662725826e-12 2.57616150150426e-12 -3.73398025609367e-12 -3.09218736200148e-12 4.86330385457923e-12 -1.72720087410921e-12 -1.04180949069015e-12 -1.84663940855276e-12
0.0848470173147868 0.00270964796082296 2.00696573212305e-12 -4.00327569530474e-12 5.80184926113669e-12 4.80410209969335e-12 -7.55491931875855e-12 2.682830700315e-12 1.61804544146311e-12 2.86771828120283e-12
0.117833657907976 0.00265962060479167 2.10886122036813e-12 -4.20665282889815e-12 6.09678306113401e-12 5.04846860362126e-12 -7.93944953997677e-12 2.81946664806059e-12 1.70050354427156e-12 3.01395279522433e-12
0.95143428126524 -0.0122899793825205 -1.04368535388327e-11 2.08193530927248e-11 -3.01745133817187e-11 -2.49866578251007e-11 3.92959581158278e-11 -1.39551154429971e-11 -8.41691611261618e-12 -1.49183534293421e-11
0.317755455202399 0.022994310710375 1.7659028698371e-11 -3.52248805525474e-11 5.10513987203565e-11 4.2272760524447e-11 -6.64791394039327e-11 2.36078264509153e-11 1.42383816658127e-11 2.52355968926531e-11
0.801832428643945 0.000878819837995018 8.65970481443706e-13 -1.72731717683916e-12 2.50332076214075e-12 2.07279219594286e-12 -3.2596190736977e-12 1.15750740559059e-12 6.98095315658331e-13 1.2372401382332e-12
0.069536029192404 -0.00376301177280767 -3.00649573914889e-12 5.99731104226665e-12 -8.6921648778153e-12 -7.19770738544406e-12 1.13196301021371e-11 -4.0199080687854e-12 -2.42456605262871e-12 -4.29734524113906e-12
0.188426732928507 -0.00683635429039786 -5.46934156640256e-12 1.09100599006856e-11 -1.58122847091771e-11 -1.30935365656859e-11 2.05916488183001e-11 -7.31258821672836e-12 -4.41047258597694e-12 -7.8171323091448e-12
0.986720595887716 -0.0186106564872134 -1.55604253953509e-11 3.10396995380543e-11 -4.49871989293435e-11 -3.72524848767956e-11 5.85859340478459e-11 -2.08054592816936e-11 -1.25485998102162e-11 -2.22413711920315e-11
0.0756393905240583 -0.00520568014158282 -4.11670412680823e-12 8.21183398376813e-12 -1.19016196886009e-11 -9.85523139081481e-12 1.54988473234162e-11 -5.50399223447715e-12 -3.31963426002164e-12 -5.88370636523521e-12
0.23402829332327 -0.0290711277728427 -2.33064706543126e-11 4.64906240202186e-11 -6.73797879803124e-11 -5.5794161321053e-11 8.77444558032867e-11 -3.11599285610088e-11 -1.87934812405636e-11 -3.33093641890239e-11
0.0999026807527555 -0.001184176229465 -9.63171538252951e-13 1.92135354173442e-12 -2.78475076996576e-12 -2.30600492631146e-12 3.62665252774845e-12 -1.28794555092943e-12 -7.76824784663685e-13 -1.37688278978873e-12
0.0687542682020085 -0.00585220597196606 -4.65226922155502e-12 9.2803088948612e-12 -1.34504070138621e-11 -1.1137898867297e-11 1.75163224450945e-11 -6.22054490923193e-12 -3.75187137802532e-12 -6.64991018672962e-12
0.0808298313818236 0.00137247553957229 9.92230660700899e-13 -1.97922683677312e-12 2.86849367611774e-12 2.37523764618209e-12 -3.73535646373086e-12 1.32648661239269e-12 8.00032627271305e-13 1.41794978009553e-12
0.0795747384540831 -0.0022871393030877 -1.93536528321284e-12 3.86068719002883e-12 -5.59553588629033e-12 -4.63354736157595e-12 7.28714390634921e-12 -2.58789662539041e-12 -1.56088359651572e-12 -2.76657492741307e-12
0.160703363500374 -0.00294978930259148 -2.44131891117841e-12 4.86978967702586e-12 -7.05783170086788e-12 -5.84422924422262e-12 9.19083581519941e-12 -3.2638381377522e-12 -1.96850368970998e-12 -3.48892941033577e-12
0.0543823370747938 0.00579671237993607 4.20720349456259e-12 -8.3921602007825e-12 1.21626836886042e-11 1.00711695225464e-11 -1.58380684510231e-11 5.62432438223956e-12 3.39213022552001e-12 6.01205572751698e-12
-2.5253867206916 -0.251880270363742 -1.99666459497778e-10 3.9827730885553e-10 -5.77220054685653e-10 -4.77960611206264e-10 7.51648198054859e-10 -2.66921139594343e-10 -1.60984970511033e-10 -2.85322499840623e-10
0.475546725522615 -0.00155041540366076 -1.34731002761879e-12 2.68738422051782e-12 -3.89464062297891e-12 -3.22477835263259e-12 5.07112332153202e-12 -1.80075370210895e-12 -1.08602163757926e-12 -1.9247351213991e-12
-2.20856368967552 -0.348699967838826 -2.71517859229311e-10 5.41601472172304e-10 -7.84940381854487e-10 -6.49962584394982e-10 1.02214346899637e-09 -3.62978746125905e-10 -2.18919549812385e-10 -3.88004017734784e-10
2.37417452170581 0.151575063798936 1.25301077240506e-10 -2.49944478232106e-10 3.62249412520871e-10 2.99962304632469e-10 -4.71734338275541e-10 1.67522882140226e-10 1.01038012472226e-10 1.7907863659516e-10
0.102854239227001 -0.00408410630510744 -3.27925809584396e-12 6.54143836430145e-12 -9.48082890978114e-12 -7.85080543319731e-12 1.23467864492476e-11 -4.38469608327408e-12 -2.64459437153129e-12 -4.68734552906952e-12
0.105354268815502 0.000240556406337484 6.57234342180316e-14 -1.31050872561196e-13 1.89860606922367e-13 1.5715367443501e-13 -2.47050598140397e-13 8.76986675045204e-14 5.28730021071722e-14 9.36748808989693e-14
-0.489601673030589 -0.124269016720178 -9.82986371410372e-11 1.96079056410237e-10 -2.8417791330493e-10 -2.35312112283354e-10 3.70058224238686e-10 -1.31414012440696e-10 -7.92587654644923e-11 -1.40475716994327e-10
0.112769578477513 -0.00122162101070741 -1.02860269462204e-12 2.05200581019056e-12 -2.97430098609813e-12 -2.46312295894488e-12 3.87399526857041e-12 -1.37587163155585e-12 -8.29909543126747e-13 -1.4710652165877e-12
0.061586903301552 -0.000198541982133484 -2.24236538013347e-13 4.47343624893174e-13 -6.48412737901989e-13 -5.36978235334468e-13 8.44566122952899e-13 -2.99955258150141e-13 -1.80931142554394e-13 -3.20714436622133e-13
0.104197218685079 -0.000436038913987723 -3.63320186562177e-13 7.24796913125103e-13 -1.05055440549996e-12 -8.69992715226165e-13 1.36831001777977e-12 -4.85958563800113e-13 -2.93121714007747e-13 -5.19571206180685e-13
0.111252768237538 -0.00416601419852936 -3.45301394389271e-12 6.88805881411598e-12 -9.98322279744666e-12 -8.26683996016834e-12 1.300110047862e-11 -4.61707083590983e-12 -2.78475488330231e-12 -4.9357793668174e-12
0.0857818337693603 0.000452803767072009 3.11743798683667e-13 -6.21828809791634e-13 9.01195986588019e-13 7.46212465464454e-13 -1.17348504566151e-12 4.16714343030898e-13 2.51323641102831e-13 4.45427017532327e-13
-0.186957246374247 -0.0217515588164429 -1.77829496421857e-11 3.54727187147266e-11 -5.14115329118417e-11 -4.25717477964959e-11 6.69505617843385e-11 -2.37756724047201e-11 -1.43398762640698e-11 -2.54159487755165e-11
-0.707872585835787 0.0777166721811413 6.13717908856985e-11 -1.22420904622287e-10 1.77426209157402e-10 1.46917933848989e-10 -2.31048773744201e-10 8.20499576617976e-11 4.94865374709332e-11 8.77089881426162e-11
0.0896004424151668 -0.00033660168147724 -3.39099738301477e-13 6.76485920019762e-13 -9.80540356723351e-13 -8.12020578573882e-13 1.27714561805577e-12 -4.5358599807108e-13 -2.73597973955424e-13 -4.8496951893654e-13
0.0884153544991724 -0.000280675359556556 -2.34941031617629e-13 4.68657396184385e-13 -6.79246629939592e-13 -5.62463532829498e-13 8.84571774137755e-13 -3.14135945142165e-13 -1.8946814996307e-13 -3.35817352856763e-13
-1.28216594009149 -0.0475047611786901 -3.68254523346034e-11 7.34492165737899e-11 -1.06439208728662e-10 -8.81273977294363e-11 1.38577289556573e-10 -4.9206107026324e-11 -2.96742638772781e-11 -5.25883105191826e-11
-0.783617475496489 -0.110178639334354 -8.6435076082494e-11 1.72414759693011e-10 -2.49881592284744e-10 -2.06913552346101e-10 3.25398409484093e-10 -1.15554736561796e-10 -6.96937912588169e-11 -1.23523262828958e-10
0.168752065143022 -0.00913348788564743 -7.23891938309212e-12 1.44400983426792e-11 -2.09286860547701e-11 -1.73304015243417e-11 2.72550575786595e-11 -9.67902073842788e-12 -5.83780722834028e-12 -1.03470466291931e-11
0.272296014597967 0.00314011035272976 2.06007657868095e-12 -4.10900990622155e-12 5.95478935984234e-12 4.93049427156774e-12 -7.75329522345034e-12 2.75313819288192e-12 1.66036551482806e-12 2.94257618005898e-12
-1.90680235408675 -0.27129711450355 -2.13594066929465e-10 4.26065035544061e-10 -6.17501487126181e-10 -5.11322576561074e-10 8.04125337059079e-10 -2.85560649729006e-10 -1.72229281189555e-10 -3.05255813005658e-10
-1.97467698481155 -0.265927422338017 -2.07350838644084e-10 4.13607814789808e-10 -5.99441872632938e-10 -4.9636398832349e-10 7.80594112674678e-10 -2.77201843680443e-10 -1.67186409099814e-10 -2.96315351208596e-10
0.0998051076937549 -0.00494826931046208 -4.0138247435244e-12 8.00658495922888e-12 -1.16041044401192e-11 -9.60883622498297e-12 1.51112980470559e-11 -5.36634499948035e-12 -3.23660292074042e-12 -5.73652090926385e-12
0.0333089105454136 -0.00392532002894776 -3.14255639874938e-12 6.26862343517628e-12 -9.0852458680304e-12 -7.5230861821274e-12 1.18311567012429e-11 -4.20149850865341e-12 -2.53405031603664e-12 -4.49132601880486e-12
-1.18161461043289 0.0571223401472827 4.68488208018878e-11 -9.3449343299465e-11 1.35434480088273e-10 1.12144269190196e-10 -1.76358640601806e-10 6.26270907238738e-11 3.77712837183159e-11 6.69436795645703e-11
0.0753399807750242 -0.00225039996435354 -1.81269814065679e-12 3.6158870657739e-12 -5.24058330763281e-12 -4.33949558904402e-12 6.82449770537205e-12 -2.4235276106735e-12 -1.46170343029598e-12 -2.59071051961174e-12
-0.0980072082379768 -0.00561581893548553 -4.44140728022849e-12 8.85923734743482e-12 -1.28394811540684e-11 -1.0631473459503e-11 1.67190370681065e-11 -5.93710730604476e-12 -3.58073802201898e-12 -6.34626967517535e-12
0.0839672198993612 -0.000374113588548009 -3.38346672647374e-13 6.74880291443399e-13 -9.7806335911827e-13 -8.09845342717428e-13 1.27352950918773e-12 -4.52232510704052e-13 -2.72739831375724e-13 -4.83374447171875e-13
0.106293494056514 -0.00462542268432028 -3.70312026654207e-12 7.38680523334769e-12 -1.07058432761282e-11 -8.86502499211541e-12 1.39415437177865e-11 -4.95093932065973e-12 -2.98605880212438e-12 -5.29245817961266e-12
-0.268557039971522 -0.0338543197270418 -2.78939425557546e-11 5.56416928951583e-11 -8.0642905964524e-11 -6.67769920895624e-11 1.05016938583706e-10 -3.72938905897078e-11 -2.2493137812287e-11 -3.98667398956986e-11
0.0639130445842175 0.000943003175163286 6.68053625342847e-13 -1.33254930724367e-12 1.9312150925375e-12 1.59908978775467e-12 -2.51470395494207e-12 8.92990239927393e-13 5.38568027241558e-13 9.54514970247596e-13
-1.23846553731374 0.167860315482721 1.30610706150483e-10 -2.6053448255416e-10 3.77595706008351e-10 3.12668212550117e-10 -4.91713612951317e-10 1.74617018988143e-10 1.05316136900664e-10 1.86660144307157e-10
0.0471269574599455 -0.000896720962113161 -7.65311636262061e-13 1.52662157034276e-12 -2.2125845540405e-12 -1.83215920943369e-12 2.88136557732194e-12 -1.02324435456514e-12 -6.17155163003968e-13 -1.09384983396653e-12
-0.933225526635951 0.178940213943807 1.45533104360319e-10 -2.90301985833445e-10 4.20739824342031e-10 3.48395137509132e-10 -5.47901344172371e-10 1.94571167221553e-10 1.17351491952973e-10 2.07992211749233e-10
0.151897178787359 -0.00190457372603511 -1.69224778697311e-12 3.37570737332119e-12 -4.89261491273535e-12 -4.05146535741593e-12 6.37169597917284e-12 -2.26278766377906e-12 -1.36479233789545e-12 -2.4190100855423e-12
0.0859578519606369 0.0025669704671079 1.95918896406165e-12 -3.90815648697745e-12 5.6642571730313e-12 4.69038862952768e-12 -7.37643480395091e-12 2.61957009175627e-12 1.57996530032342e-12 2.80035699019222e-12
-0.297944740299757 -0.0626012135677363 -4.98599554705286e-11 9.94584327719306e-11 -1.44147374937365e-10 -1.19362172066661e-10 1.87714795875005e-10 -6.66616616762372e-11 -4.02057138547157e-11 -7.1260316380464e-11
-1.38574775852669 0.264092536293694 2.04148551545755e-10 -4.07221400761975e-10 5.90187878019681e-10 4.88702798380897e-10 -7.68548330631044e-10 2.72925037437676e-10 1.64607487563339e-10 2.91745469322979e-10
0.0667554481982719 0.000744601053429049 4.80385816130531e-13 -9.58283854697279e-13 1.38890825871841e-12 1.15013227606767e-12 -1.80881367153801e-12 6.42370669021371e-13 3.8744635439443e-13 6.8672961128595e-13
0.0802346710062008 -0.00699814376733305 -5.5522758075125e-12 1.10754996504511e-11 -1.60520692794478e-11 -1.32920991560568e-11 2.09039297176684e-11 -7.42349017853407e-12 -4.47736348407183e-12 -7.93569365755639e-12
-1.69824306660296 0.242445942029484 1.91949359548955e-10 -3.82891019400605e-10 5.54931138056587e-10 4.59513058622702e-10 -7.22650718031962e-10 2.56628483009069e-10 1.54780158803492e-10 2.74330468860471e-10
0.3542224825943 -0.00233547939637892 -1.88141440467589e-12 3.75314943449596e-12 -5.43979648078262e-12 -4.5046836599324e-12 7.08463962709369e-12 -2.51603726618715e-12 -1.51757579051933e-12 -2.68987463039313e-12
-2.27839704875068 0.782019855497396 6.26647053342238e-10 -1.24998626458685e-09 1.81160237200093e-09 1.50008327552692e-09 -2.35906373453214e-09 8.3774108810861e-10 5.0525889867429e-10 8.95501776656906e-10
-0.21752330060102 0.009416006073941 7.14657540413315e-12 -1.42553505085745e-11 2.06601381280737e-11 1.7107375574508e-11 -2.69032889328866e-11 9.55373517425986e-12 5.76202361426707e-12 1.02123383461993e-11
-0.958785195154253 -0.144916635664913 -1.10484371869989e-10 2.20383354201103e-10 -3.19397951528898e-10 -2.64472373028172e-10 4.15910910748793e-10 -1.47695121758837e-10 -8.90770857962524e-11 -1.57875294964688e-10
0.0952147550520398 -0.0024225561112076 -1.95210516650543e-12 3.89407246123878e-12 -5.64391219995335e-12 -4.67359763285983e-12 7.35011626333048e-12 -2.61025500118792e-12 -1.57436591387503e-12 -2.79046608238151e-12
0.386377952711753 -0.00891447906514892 -7.32657534437977e-12 1.46149387306567e-11 -2.11820691004238e-11 -1.75402028732547e-11 2.75849792942996e-11 -9.79617536656627e-12 -5.90846209729289e-12 -1.04722664712922e-11
0.871986815014079 0.0142636200551966 1.17910950714216e-11 -2.35208353615906e-11 3.40899798244805e-11 2.82290066119999e-11 -4.43952252523668e-11 1.57660452847574e-11 9.50918481720817e-12 1.68543548568347e-11
-1.78019936711635 -0.253996178296748 -1.97408824196694e-10 3.9377824659901e-10 -5.70705792672669e-10 -4.72571676850857e-10 7.43181540732885e-10 -2.63917370740731e-10 -1.59175070221552e-10 -2.82117775235292e-10
-0.164003333636942 0.0426649365388346 3.28458261377165e-11 -6.55188918533967e-11 9.4957287064269e-11 7.86293892123103e-11 -1.23655467281527e-10 4.391244117799e-11 2.64847484171978e-11 4.69410120852035e-11
0.0690730787573958 -0.00432376501791719 -3.49474128278946e-12 6.97122634668059e-12 -1.01036603798896e-11 -8.36648708524914e-12 1.3157681462188e-11 -4.67263039353275e-12 -2.81823694831594e-12 -4.99507376952165e-12
0.163893664482112 -0.00419234110014887 -3.46755141605741e-12 6.9169814953266e-12 -1.00250309214269e-11 -8.3013682220712e-12 1.30552578546603e-11 -4.63625237169692e-12 -2.79629313911102e-12 -4.95617523858659e-12
2.12092096231366 0.0239221629507152 1.98727472545577e-11 -3.96417360816388e-11 5.74543379119021e-11 4.7575989793011e-11 -7.48211980528060e-11 2.65709646379321e-11 1.60259579248799e-11 2.84046212020344e-11
1.39678807969543 0.0121343524989575 1.00622818982791e-11 -2.0072129093628e-11 2.90914792941825e-11 2.40897903335553e-11 -3.78854153752141e-11 1.34541704398772e-11 8.11476245610623e-12 1.43827862190072e-11
-1.99427181435119 0.351789870349793 2.79039748115489e-10 -5.56609352498504e-10 8.06696789988e-10 6.67982380779908e-10 -1.05048898532871e-09 3.730472443205e-10 2.24993609108735e-10 3.98772182158442e-10
