0.094132283060954 -0.000742360823928738 -5.63035755531752e-24 1.1209572723066e-23 -1.62150210740405e-23 -1.34011108364274e-23 2.10346781827484e-23 -7.45549968594154e-24 -4.48798738356996e-24 -7.93916447154932e-24
0.150608027556528 -0.000545257947480938 -4.8241706183492e-24 9.60798555015869e-24 -1.3903283533426e-23 -1.1494688905194e-23 1.80488209451044e-23 -6.39950294909462e-24 -3.8536974751846e-24 -6.81957445042857e-24
0.130216660242922 -0.00735033195633822 -6.70046311002865e-23 1.33417087332885e-22 -1.93016068399582e-22 -1.59540260900678e-22 2.5044878075825e-22 -8.87796353567132e-23 -5.3449270085198e-23 -9.45624032536928e-23
0.196584475377566 -0.00392959663958773 -3.89243453357407e-23 7.7502951897973e-23 -1.12121925258464e-22 -9.2673949544509e-23 1.45477754442689e-22 -5.15681221623167e-23 -3.10455981755599e-23 -5.492461834384e-23
0.0853923968946441 -0.00391458508143088 -3.37921480479138e-23 6.72876350174594e-23 -9.73486880732483e-23 -8.04673619232904e-23 1.26322645851439e-22 -4.47804520493176e-23 -2.69606102763813e-23 -4.77000970737962e-23
-1.51961727213428 0.416477219556722 3.65994092818336e-21 -7.28734653470573e-21 1.05424158520175e-20 8.71376187023158e-21 -1.36786432353835e-20 4.84870954223258e-21 2.91906188260184e-21 5.1642675651479e-21
0.0772632664322423 0.00284305895414922 3.4115053565571e-23 -6.79302926365939e-23 9.82779946068055e-23 8.12351350424939e-23 -1.27527344340002e-22 4.52072962629877e-23 2.72174689153164e-23 4.81543178701057e-23
0.067835345638378 -0.00468689134868118 -4.30323844822039e-23 8.5684173318592e-23 -1.23959890822364e-22 -1.02460526100684e-22 1.60843593896517e-22 -5.70160026669969e-23 -3.43260436127076e-23 -6.0729406055679e-23
-0.0904112436317648 -0.00539921563704972 -4.89522373035835e-23 9.74736256529814e-23 -1.41018817964761e-22 -1.16563302091324e-22 1.82986227752646e-22 -6.48665465947586e-23 -3.90532459414307e-23 -6.9094232241399e-23
0.0644023367437825 0.000191805669271623 2.92284406710531e-24 -5.82185160131186e-24 8.42542712278445e-24 6.96654553838791e-24 -1.09399354850249e-23 3.87933949937413e-24 2.33633297382622e-24 4.13485157479847e-24
-1.14340903287885 0.0901587411561366 8.2374109394666e-22 -1.64014056111412e-21 2.37272157707933e-21 1.96113419402783e-21 -3.07850337591026e-21 1.09123369175266e-21 6.56946319567803e-22 1.16222523440483e-21
-0.333691152397285 -0.0587443397457445 -5.35720040843899e-22 1.06667198314784e-21 -1.5431184285102e-21 -1.27544709751246e-21 2.00215378446581e-21 -7.09705589559787e-22 -4.27260756610789e-22 -7.55885622243326e-22
-1.0717138527037 0.230475949684147 2.19943918080458e-21 -4.37930864262444e-21 6.33540707893037e-21 5.23646637208705e-21 -8.22003946187583e-21 2.91377019419852e-21 1.75416594857301e-21 3.10337570432891e-21
0.0644779371220899 -0.00158624524230116 -1.39264643044672e-23 2.77311978815991e-23 -4.01210015012639e-23 -3.31642152031233e-23 5.20642331118341e-23 -1.84567418980684e-23 -1.11123161769814e-23 -1.96608568844374e-23
-1.6689023328984 0.124424047585884 1.16543356187915e-21 -2.32049809808685e-21 3.3569918538389e-21 2.7746881546685e-21 -4.35561879505865e-21 1.54394333392903e-21 9.29494525587534e-22 1.64441191712642e-21
-1.01238720829007 -0.191403050164997 -1.7631477935637e-21 3.51058022391986e-21 -5.07860528656241e-21 -4.1976366298186e-21 6.58926557571042e-21 -2.33568888045796e-21 -1.40613481262968e-21 -2.48763825886344e-21
0.109808722728432 0.000748596570534329 8.0797926025233e-24 -1.60870574728861e-23 2.32717146954497e-23 1.92342374238704e-23 -3.01921018194113e-23 1.07018172069069e-23 6.4425187599513e-24 1.13973044781434e-23
0.0642182003954716 -0.000547305565194554 -3.70987029172892e-24 7.38649312418357e-24 -1.06854606832954e-23 -8.83167404103279e-24 1.38632357684497e-23 -4.91396437181185e-24 -2.95823989393729e-24 -5.23338977472973e-24
0.112325880064039 0.00305478001063969 2.82067183460927e-23 -5.61628898931271e-23 8.12496888818413e-23 6.71566138345354e-23 -1.05421129454483e-22 3.73690752892547e-23 2.2497332377214e-23 3.9801367960708e-23
0.0893133784896548 0.000249918343720121 6.11252718311937e-24 -1.21705622319702e-23 1.76066142656157e-23 1.45524419615658e-23 -2.28437652399835e-23 8.09739466653011e-24 4.87480118512439e-24 8.62415998423576e-24
1.02437978360337 0.00886947986767095 8.75391213174253e-23 -1.74312813971314e-22 2.52192299172791e-22 2.08463081050283e-22 -3.2726403124037e-22 1.16014750829701e-22 6.98493124180278e-23 1.23583178457259e-22
0.0979009796498512 -0.0029824325346891 -2.74025254498061e-23 5.45632005601776e-23 -7.89376982014367e-23 -6.52475037557325e-23 1.02427160516873e-22 -3.63088233923334e-23 -2.18596499503695e-23 -3.86743060429314e-23
-2.08263557739165 0.648045881037612 6.37961636348525e-21 -1.27025442161145e-20 1.83764764338236e-20 1.51889793291283e-20 -2.38433201773773e-20 8.45182859930571e-21 5.08825206722662e-21 9.00191388974978e-21
0.0804056229420444 0.000895415658729691 1.043163245193e-23 -2.07715278845434e-23 3.00510728046015e-23 2.48396994959429e-23 -3.89946010762311e-23 1.38231949681334e-23 8.32235751202428e-24 1.47242302382626e-23
-0.71973651268901 0.0759390734455384 6.40155295858715e-22 -1.27461379888968e-21 1.8439420311408e-21 1.52409042415959e-21 -2.3924672181585e-21 8.48060953829632e-22 5.10554521484341e-22 9.03244832091638e-22
0.137962430540952 -0.00283185104555369 -2.41521152398739e-23 4.80931428710346e-23 -6.95803355476028e-23 -5.75154734750126e-23 9.02931218194094e-23 -3.20088777058347e-23 -1.92717081552004e-23 -3.40971650244157e-23
0.0583796081798195 -0.00421439972995227 -3.79563776233417e-23 7.55794027886866e-23 -1.09344647176977e-22 -9.03829311476508e-23 1.4188847005732e-22 -5.02983340432207e-23 -3.02826642731342e-23 -5.3577551518217e-23
0.0593535474049077 -0.000666637999018752 -5.48717913556165e-24 1.09262892666795e-23 -1.58078071438856e-23 -1.30666840724499e-23 2.05130835052817e-23 -7.27180661074983e-24 -4.37812023255107e-24 -7.74606883737035e-24
0.752038968303015 -0.0113855972626444 -1.13071352625923e-22 2.2514281440856e-22 -3.2571590648234e-22 -2.69224554679023e-22 4.22631785403989e-22 -1.4981505426199e-22 -9.01950577584498e-23 -1.5957260154482e-22
0.0926860563409431 -0.00147295672830367 -1.1472272786584e-23 2.284234983537e-23 -3.30451302931381e-23 -2.73129734711686e-23 4.2874818006081e-23 -1.51978239327213e-23 -9.14944005856778e-24 -1.61866108371707e-23
0.102955356916023 0.000549917301080353 6.56626345033956e-24 -1.3073481595115e-23 1.89120928152653e-23 1.56308553297377e-23 -2.45356567149737e-23 8.6967791258866e-24 5.23543991709141e-24 9.26181749924518e-24
1.19259606770188 -0.0180251359127103 -1.82121168553431e-22 3.62624063941099e-22 -5.24599880750606e-22 -4.33605294369779e-22 6.80663958798552e-22 -2.41277455748427e-22 -1.45256213780617e-22 -2.56980987944469e-22
0.430202418416191 0.020587223376775 1.90236580588183e-22 -3.7878543171074e-22 5.47983999597462e-22 4.52936489808414e-22 -7.11014622128478e-22 2.52037732883549e-22 1.5173528413649e-22 2.68445358582089e-22
0.908872531793783 0.0123451315888626 1.25592345320381e-22 -2.50082589596832e-22 3.61808797419468e-22 2.99067770141378e-22 -4.694959994832e-22 1.66433211381732e-22 1.00203312650735e-22 1.7728519449111e-22
0.0831903194665886 0.00124303152962507 1.248569092285e-23 -2.48587723532403e-23 3.59602038785271e-23 2.97207272329862e-23 -4.66518107465024e-23 1.65357304894052e-23 9.95433489460154e-24 1.76095965525089e-23
0.155017194247261 -0.00149460591283779 -1.30052835922458e-23 2.58955775828708e-23 -3.74633624363588e-23 -3.09658303345871e-23 4.86105459055712e-23 -1.72315394765401e-23 -1.03741291033868e-23 -1.83538644177e-23
0.571333496533354 -0.0168762715466829 -1.62972155996527e-22 3.24498556806663e-22 -4.69448011045588e-22 -3.88022634471337e-22 6.09113755927913e-22 -2.15916368014853e-22 -1.29989032569502e-22 -2.29972632838123e-22
0.0825631682398079 -0.00879850976822378 -8.19212372413494e-23 1.63116715010391e-22 -2.35980330593369e-22 -1.95050903429009e-22 3.06190645061295e-22 -1.08537966337784e-22 -6.53439567299545e-23 -1.15605228619852e-22
0.095554380550443 -0.190120390412481 -1.81683274128654e-21 3.61752243788085e-21 -5.23338751597911e-21 -4.32563008507773e-21 6.79027949690668e-21 -2.40697586342376e-21 -1.44907147049845e-21 -2.56363490992021e-21
0.11445086587799 0.000795613476843802 1.00194086897294e-23 -1.99505892367067e-23 2.88632169859038e-23 2.3857699347309e-23 -3.74527900679909e-23 1.32765611258779e-23 7.99320600411465e-24 1.41418006140213e-23
0.0718970192546033 -0.00195985127974683 -1.58713147320264e-23 3.16023225619832e-23 -4.57193950999379e-23 -3.77899897536845e-23 5.93232403417097e-23 -2.10290071338342e-23 -1.26603776264641e-23 -2.23987020594771e-23
0.0884371899387945 -0.0031254329432722 -2.78126361879468e-23 5.53816582648381e-23 -8.01244626621944e-23 -6.62306666315182e-23 1.03974038420859e-22 -3.68584025527488e-23 -2.21912665924093e-23 -3.92623212289445e-23
0.10729075950516 -0.000157833124079704 9.26389919680945e-25 -1.84585734064415e-24 2.6722531451717e-24 2.2103022230534e-24 -3.47214051305055e-24 1.23165340719216e-24 7.420163885722e-25 1.31367084285566e-24
0.0964419792053533 0.00529236118535752 5.05731987387771e-23 -1.0069889162665e-22 1.4568147542488e-22 1.20414501973175e-22 -1.89027524200591e-22 6.70065269865316e-23 4.03406746079305e-23 7.13702969443274e-23
-0.00984247946373214 0.0213782976416139 2.06923502324669e-22 -4.12005492479299e-22 5.96034728709998e-22 4.92645983984332e-22 -7.73339367061612e-22 2.74126550362317e-22 1.65031204365643e-22 2.91964021423625e-22
-2.15184215089827 -0.282112870900945 -2.67628130502951e-21 5.32875075030943e-21 -7.70893578463091e-21 -6.37174331185283e-21 1.00021625024805e-20 -3.54548254320972e-21 -2.13447357694297e-21 -3.77619588426962e-21
0.646311812444544 -0.0232159450507259 -2.26057490761102e-22 4.50111085949417e-22 -6.51172260251974e-22 -5.38228755022336e-22 8.44908525297375e-22 -2.99501015597875e-22 -1.80310448336328e-22 -3.19000811229115e-22
-2.23207148606916 -0.717093365043329 -6.75104304409466e-21 1.34419517880056e-20 -1.94459499816464e-20 -1.60727732414059e-20 2.52304072913045e-20 -8.94341771855412e-21 -5.38414511069524e-21 -9.52529197061087e-21
2.47344552724299 0.0477634526314153 4.84348029116314e-22 -9.64429875737e-22 1.39527287153053e-21 1.15330047122282e-21 -1.81049604746925e-21 6.41798215477525e-22 3.86396707752722e-22 6.83622945767933e-22
0.222774123492358 -0.00274629025414142 -2.55989144224173e-23 5.09728500936688e-23 -7.37448440607643e-23 -6.09563885830352e-23 9.56926512848995e-23 -3.392218023902e-23 -2.04231587981382e-23 -3.61335283623077e-23
0.091778415329004 -0.00573477461260511 -5.24373792982223e-23 1.04413199562365e-22 -1.51058512743418e-22 -1.24861867812929e-22 1.9601361603609e-22 -6.94845844578173e-23 -4.18335456144126e-23 -7.40132006013296e-23
-0.289034176707916 -0.0198612873507571 -1.57259301026254e-22 3.13121980163509e-22 -4.5298742211192e-22 -3.74415271664021e-22 5.87750160272497e-22 -2.08342450946908e-22 -1.25428655772503e-22 -2.2190345644986e-22
0.139817578707507 0.00408918619691398 4.02542935404431e-23 -8.01518913741281e-23 1.15955329561886e-22 9.58434582359741e-23 -1.50454792557164e-22 5.33329230157009e-23 3.21084050087984e-23 5.68054987364555e-23
0.063087554188673 -0.00242108462994572 -2.10649641744688e-23 4.19440388612784e-23 -6.06813375353005e-23 -5.01573826952548e-23 7.87383625286348e-23 -2.7911533839744e-23 -1.6804090613411e-23 -2.97299806914927e-23
0.0701879153521674 -0.000488546377419261 -6.16223352946451e-24 1.22710892482171e-23 -1.77542956225922e-23 -1.46763681394888e-23 2.30412233092156e-23 -8.16842404864067e-24 -4.91818656556437e-24 -8.70201882453516e-24
0.0916279345343877 7.09186620125929e-05 2.47905045689231e-24 -4.93390378033482e-24 7.13462700466465e-24 5.89449503974268e-24 -9.24897580947966e-24 3.27707517778515e-24 1.97202794341932e-24 3.48728898129545e-24
0.0893739738215408 0.00298528639420434 2.42599103388777e-23 -4.83035356875231e-23 6.98785723740006e-23 5.77569095627919e-23 -9.06641635783273e-23 3.21375807325956e-23 1.93474924777312e-23 3.42282338580427e-23
-0.416641223487188 -0.0188610289427336 -1.67848345596673e-22 3.34212772237029e-22 -4.8350881443391e-22 -3.99650694012664e-22 6.27376920506056e-22 -2.22393615835022e-22 -1.33890597731838e-22 -2.3687877319057e-22
-0.796941316026885 0.0991020890521411 8.82148225701835e-22 -1.75646475543466e-21 2.54104695101677e-21 2.10029724175809e-21 -3.29701273931448e-21 1.16870876031979e-21 7.03600209383308e-22 1.24478378041116e-21
0.101922813030701 0.000921675654938966 8.83286179718638e-24 -1.75869586989695e-23 2.544224479623e-23 2.10288214133823e-23 -3.30100535896957e-23 1.17010096346308e-23 7.04424465167613e-24 1.24621744111537e-23
0.0688614351914637 -0.00154658496355383 -1.40328057206658e-23 2.794186886735e-23 -4.04242306717947e-23 -3.34135716042202e-23 5.24536638300931e-23 -1.85940745889781e-23 -1.11945669040096e-23 -1.9805614640033e-23
-0.953064547283354 0.0205364012100404 1.70781520336016e-22 -3.40083093778141e-22 4.92044725985944e-22 4.06741923620406e-22 -6.38564957530629e-22 2.26379467015729e-22 1.36302231666205e-22 2.411666197609e-22
-1.10229932864442 -0.333248441866047 -3.17331000144882e-21 6.31840476837642e-21 -9.14066436778027e-21 -7.55514673398962e-21 1.18598674461529e-20 -4.20399874351397e-21 -2.53092517845515e-21 -4.47759011526131e-21
0.252800864606691 -0.00637084226966578 -5.97265945502555e-23 1.18929890861641e-22 -1.72063860097485e-22 -1.42227352172697e-22 2.23279256924226e-22 -7.91515532246615e-23 -4.76545629380443e-23 -8.43136400426019e-23
0.159564876143363 -0.00199487579572078 -1.75002568933848e-23 3.48473264256371e-23 -5.04161730841426e-23 -4.16739927143772e-23 6.54232531704014e-23 -2.31923613793052e-23 -1.39634195940403e-23 -2.47051165174977e-23
-2.11330904260743 -0.754767998878826 -7.13983704359888e-21 1.42161294205522e-20 -2.05659990776898e-20 -1.69985970015663e-20 2.66838281034856e-20 -9.45864664511515e-21 -5.69434603421612e-21 -1.00741174112707e-20
-2.33004780259651 -0.349296811258835 -3.10786060101331e-21 6.18805949479036e-21 -8.95205630283616e-21 -7.39922019670344e-21 1.16150448035639e-20 -4.11719690572224e-21 -2.47865665561646e-21 -4.38509904300711e-21
0.09443271558593 0.00169692791178362 1.61580288715782e-23 -3.21720648182736e-23 4.65419809807371e-23 3.84685321842402e-23 -6.03862633613417e-23 2.14050628898459e-23 1.2886318025489e-23 2.27976184930639e-23
0.0478774506417543 -0.00232487533419945 -2.10276570156093e-23 4.18712635073885e-23 -6.05782357881516e-23 -5.00739668054298e-23 7.86102471904551e-23 -2.78671230958652e-23 -1.67779576844573e-23 -2.96848153549257e-23
-1.13751361765432 0.0122911781617627 8.75889867893805e-23 -1.74429847068274e-22 2.52387281943119e-22 2.08645465187356e-22 -3.27583650521448e-22 1.1613985829294e-22 6.99317418831555e-23 1.2374159064845e-22
0.0712442841812069 -0.00298129340666504 -2.72684589471503e-23 5.42949201807792e-23 -7.85476469037188e-23 -6.49235087717664e-23 1.01916048997456e-22 -3.61267577471523e-23 -2.17495052576865e-23 -3.84784951706109e-23
0.00153125421572507 -0.00317894947297218 -3.04154082776752e-23 6.05612696537987e-23 -8.76136284749558e-23 -7.24174426811396e-23 1.13680635300719e-22 -4.02972686053189e-23 -2.42604422952963e-23 -4.29210282820063e-23
0.0852049512983291 -0.00389285469201266 -3.58536424525776e-23 7.13930591280635e-23 -1.03289000015675e-22 -8.53781961869215e-23 1.34032977763036e-22 -4.75140627215574e-23 -2.86066268936132e-23 -5.06126917372191e-23
0.0621748911090067 0.00196964319519152 1.99318914971336e-23 -3.96871627302946e-23 5.74152106007552e-23 4.74568264799388e-23 -7.44975880232558e-23 2.64077585153746e-23 1.58984524424532e-23 2.81271974665572e-23
-0.26727938417775 -0.00888771385088604 -7.7188958661067e-23 1.53694584030644e-22 -2.22350095648853e-22 -1.83785354335848e-22 2.88506943650368e-22 -1.02269810455837e-22 -6.15704912165341e-23 -1.08929644427128e-22
0.104275705332713 0.00465350072880563 5.04409491222385e-23 -1.0043599081499e-22 1.45301755224498e-22 1.20101152341123e-22 -1.88536429379203e-22 6.68327284103007e-23 4.02362122221177e-23 7.11857865475038e-23
-1.09992958927867 0.183612451797486 1.68916146392424e-21 -3.36329125298164e-21 4.86556372489107e-21 4.02157964568826e-21 -6.31294453282832e-21 2.23775781918705e-21 1.34718791700622e-21 2.38337058008585e-21
0.114363680566638 0.00232434956007406 2.49618576301737e-23 -4.96999836420605e-23 7.18970320723501e-23 5.94238110517072e-23 -9.32785590218603e-23 3.30635106838663e-23 1.99044456388795e-23 3.5212714573343e-23
-0.610079432196669 0.124595194144424 1.11070739493147e-21 -2.2115405906497e-21 3.1993779036628e-21 2.64442338950281e-21 -4.15114811120719e-21 1.47146954953491e-21 8.85866575581303e-22 1.56723330498011e-21
0.158798405361215 -0.00511649787236201 -4.77660069698698e-23 9.51132829764038e-23 -1.37606446551267e-22 -1.13744710306289e-22 1.78564625356795e-22 -6.33002542318349e-23 -3.81109229500606e-23 -6.74282327226634e-23
0.0634982456609456 -0.00465601768395021 -4.21587174625849e-23 8.39452948500418e-23 -1.21445297279725e-22 -1.00382930162685e-22 1.57583530297823e-22 -5.58608569525412e-23 -3.36308890799881e-23 -5.95000600083751e-23
-0.352758828443649 -0.126546502733458 -1.19104153965822e-21 2.37150242284478e-21 -3.43080166069303e-21 -2.835714298967e-21 4.45144616277688e-21 -1.57792220693831e-21 -9.49957197547901e-22 -1.68062487401247e-21
-1.58035666734509 0.314860382326197 2.98112005242006e-21 -5.93574850880183e-21 8.58710736607741e-21 7.09762608628928e-21 -1.11416915249006e-20 3.94943485634006e-21 2.37767650096993e-21 4.20648046434354e-21
0.0743352116163838 -0.00135330674399432 -1.31536253121375e-23 2.61926185326054e-23 -3.78955090224668e-23 -3.13250227802338e-23 4.91775442163639e-23 -1.74336407107102e-23 -1.04964715370944e-23 -1.85714953738277e-23
0.0965522020049178 3.26677684259418e-05 1.23863010688735e-24 -2.46566577887772e-24 3.5661706524359e-24 2.94689608634078e-24 -4.6248673048268e-24 1.63900208401162e-24 9.8649226626687e-25 1.74484208471098e-24
-1.55582307980422 -0.0477283234891869 -4.44544390069603e-22 8.85156612192684e-22 -1.28056160469516e-21 -1.05846293960738e-21 1.66158524522354e-21 -5.89000153583906e-22 -3.54602811734728e-22 -6.27360601563413e-22
0.366511089875156 -0.0213631050096977 -2.07725544808609e-22 4.13627113225219e-22 -5.98416369860637e-22 -4.94644008907171e-22 7.76522119318655e-22 -2.75271163882013e-22 -1.65730176391193e-22 -2.93218093267434e-22
-2.33814393168198 0.736095614606616 6.31579926490264e-21 -1.25752596874818e-20 1.81920223304805e-20 1.50362597866852e-20 -2.36031763264374e-20 8.36655925670732e-21 5.03683028487605e-21 8.91078660674544e-21
-0.542036427226312 0.059157829664702 5.33426638441059e-22 -1.06211278447388e-21 1.53653319722129e-21 1.27001275192091e-21 -1.99363663745441e-21 7.0669129479139e-22 4.2544895703309e-22 7.5268538808437e-22
-0.223034811487529 -0.00693359887896127 -5.816384751427e-23 1.15808773897321e-22 -1.67534855097558e-22 -1.38472555508583e-22 2.17367209546378e-22 -7.70495601003467e-23 -4.63852907084885e-23 -8.20613583645532e-23
0.0855103554678491 0.007125170310936 6.80344353571277e-23 -1.35468008153056e-22 1.95983757413236e-22 1.61993741429274e-22 -2.54301066934081e-22 9.01454764937195e-23 5.42717318761277e-23 9.6017793575871e-23
0.230932690640458 -0.00545130419825896 -5.02626218899812e-23 1.00082428569666e-22 -1.4479244641712e-22 -1.19681989328024e-22 1.87881268315921e-22 -6.66014950404169e-23 -4.00976073995139e-23 -7.09416426829238e-23
1.61890191802728 0.0215949983143739 2.17161037577582e-22 -4.32419002668884e-22 6.25609032254579e-22 5.17125643261858e-22 -8.11822213546604e-22 2.87787283490556e-22 1.73267160087079e-22 3.06555573583056e-22
-1.87579735688543 -0.170293090159069 -1.44437636734748e-21 2.87590260900322e-21 -4.16047915515131e-21 -3.43880340960044e-21 5.3981274937611e-21 -1.91348356936856e-21 -1.15196775697647e-21 -2.03800014143516e-21
-0.823922994892314 0.116410714602332 1.03432540873677e-21 -2.05945003086425e-21 2.97934433263085e-21 2.4625494551948e-21 -3.86563650343225e-21 1.37025967380623e-21 8.24933092650334e-22 1.45942867400427e-21
0.0804609334090892 -0.00730286575764763 -6.60412360008783e-23 1.31498649817054e-22 -1.90240408179812e-22 -1.57245804506983e-22 2.46846602936387e-22 -8.7502619351197e-23 -5.26803847790725e-23 -9.32019766249565e-23
0.0719520746713445 -0.00135439691639302 -1.18584275553437e-23 2.36123347083168e-23 -3.41606506939119e-23 -2.82363244725054e-23 4.43263515807158e-23 -1.5713090925777e-23 -9.46008959875839e-24 -1.67369831488096e-23
1.7075834010907 0.018013121913948 1.81742374807674e-22 -3.61888063105926e-22 5.235614897215e-22 4.32768813029613e-22 -6.79385089055797e-22 2.40836262417471e-22 1.4499790760983e-22 2.5653693054922e-22
0.525032639467337 0.00192601359118185 2.10739921802586e-23 -4.19613446671144e-23 6.07054047057202e-23 5.0176475005949e-23 -7.87670776121171e-23 2.79212677391656e-23 1.68096830448542e-23 2.97394012870745e-23
-1.84498758155836 0.254353085382728 2.32184475288454e-21 -4.62300832998176e-21 6.68792738398788e-21 5.52781174927153e-21 -8.67734232739692e-21 3.07585620410929e-21 1.85173703317503e-21 3.27597739302829e-21
