0.106572559703906 0.00542993846669336 5.00258165051835e-14 -9.97484770366182e-14 1.44508620765332e-13 1.19612365936034e-13 -1.88031329207548e-13 6.67467589202471e-14 4.02405728285368e-14 7.12929271507126e-14
0.187458621846624 0.00359562874087102 3.35124180785272e-14 -6.68229287787818e-14 9.68100940211898e-14 8.01328556382462e-14 -1.25971531045285e-13 4.47177585256365e-14 2.69601094606437e-14 4.77651994546805e-14
0.37697053349199 0.00275541235827343 2.56912090947687e-14 -5.12326414281619e-14 7.42308342103594e-14 6.14492762801511e-14 -9.66097613088269e-14 3.42981797256314e-14 2.06802191032716e-14 3.6642704029312e-14
0.123304729603505 0.000846195740241327 8.72186991925946e-15 -1.73946647802521e-14 2.52056499319244e-14 2.08676989489622e-14 -3.28112683690517e-14 1.16497683454668e-14 7.0249874009964e-15 1.24486458861939e-14
0.080478136776307 -0.000970145072528032 -8.94020578835899e-15 1.78243980226236e-14 -2.58200817572496e-14 -2.13695407152324e-14 3.35895793331678e-14 -1.19222922495456e-14 -7.18702175117563e-15 -1.27317020325748e-14
-1.26405904688868 0.152008317667317 1.38415876543852e-12 -2.7598406361169e-12 3.99813538067077e-12 3.30922142330699e-12 -5.20194753455694e-12 1.84651116251558e-12 1.11319670375238e-12 1.97215118254421e-12
0.0864226207658328 0.0107343980576218 9.79875594108263e-14 -1.95380889533501e-13 2.83053557935122e-13 2.34287973394364e-13 -3.68301241648929e-13 1.30738109393288e-13 7.88197808781052e-14 1.39642162358306e-13
0.090310844827252 0.00542539434896253 5.05026969660031e-14 -1.00701315898119e-13 1.45891877809242e-13 1.20759671952137e-13 -1.89838609774681e-13 6.73896180889469e-14 4.06289361838787e-14 7.19823840264333e-14
-0.17965956927772 -0.0123904209692354 -1.12137627601664e-13 2.23588107360848e-13 -3.23907816598957e-13 -2.68095175215354e-13 4.21432841895083e-13 -1.49593796593082e-13 -9.01846858150684e-14 -1.5977187324015e-13
0.10341936522398 0.000862112807892098 8.39847634186902e-15 -1.67487408126036e-14 2.42682916750498e-14 2.00905156295298e-14 -3.15874641209266e-14 1.12146122310867e-14 6.76219605976944e-15 1.19822828105023e-14
-1.58878563116146 0.11419567905965 1.02437746268498e-12 -2.04246665802465e-12 2.95886621546995e-12 2.44900979949447e-12 -3.84970565779049e-12 1.36650226711178e-12 8.23810251480231e-13 1.45946050010449e-12
-0.19725629903678 -0.012740166060092 -1.10729905109423e-13 2.20782107065363e-13 -3.19844003592731e-13 -2.64732580640061e-13 4.16148546868041e-13 -1.47718606144845e-13 -8.90545317282984e-14 -1.57770269041266e-13
-0.757537623807592 0.103137045905474 9.36279360493528e-13 -1.86682217963707e-12 2.70443063774678e-12 2.23843033770936e-12 -3.51870718647257e-12 1.24901743816087e-12 7.52987696630044e-13 1.33399922321523e-12
0.104505220009156 -0.000452339613374713 -3.1899983086818e-15 6.35766765432243e-15 -9.2062014274069e-15 -7.61654222933552e-15 1.19675963893122e-14 -4.2462125747517e-15 -2.55876513087469e-15 -4.53113835004208e-15
-1.91631262859272 0.375564421696893 3.41575991614915e-12 -6.81058322102756e-12 9.86635331255404e-12 8.1662724194473e-12 -1.2836980232439e-11 4.55667139478785e-12 2.74704992934803e-12 4.86669034305498e-12
-1.42764021781673 -0.175270403566871 -1.52880673553591e-12 3.04825725022448e-12 -4.41596921528601e-12 -3.65506664735464e-12 5.74561303708849e-12 -2.03949796298329e-12 -1.22954430852215e-12 -2.17827852923658e-12
0.0952389730969035 0.00721251582258345 6.69304310811143e-14 -1.33457011896397e-13 1.93345721314615e-13 1.60037801528061e-13 -2.51583640966639e-13 8.93075241627012e-14 5.38428087851004e-14 9.5392819350862e-14
0.111372736610925 -0.000141046584431328 -5.78510242207276e-16 1.15128193695324e-15 -1.66466186491874e-15 -1.37519255497874e-15 2.15760081750009e-15 -7.64403735148715e-16 -4.59945938922775e-16 -8.13274900493532e-16
0.134086872905724 0.000601422793718005 5.07095577867422e-15 -1.01139864643257e-14 1.46565003366393e-14 1.2134810922147e-14 -1.90812811489603e-14 6.77528944060714e-15 4.0858475326471e-15 7.24077003673097e-15
0.114704379643514 0.00359283853344636 3.27507848022312e-14 -6.53038783543229e-14 9.46088214443804e-14 7.83103442248844e-14 -1.2310578000301e-13 4.37002162768092e-14 2.6346488189162e-14 4.66777811473383e-14
0.793906091135423 0.00308265017140844 2.87855153643643e-14 -5.7400311224032e-14 8.31629486277418e-14 6.88399194500666e-14 -1.08223764823446e-13 3.84194154309046e-14 2.31639635656526e-14 4.10415083300752e-14
0.114773680474003 -0.000229437180293283 -1.66053063723281e-15 3.31063491316812e-15 -4.79568911310419e-15 -3.96904052633382e-15 6.23866684097685e-15 -2.2143375443486e-15 -1.33484179958711e-15 -2.36463454649034e-15
-1.80155591999274 0.388984175430649 3.52023467075063e-12 -7.01887311665762e-12 1.01680707636529e-11 8.41597756448382e-12 -1.32294682048236e-11 4.69597778396595e-12 2.83102487183065e-12 5.01544710113798e-12
0.0858022699954844 -0.000711877707609821 -6.70930816266022e-15 1.33775673118857e-14 -1.93799180650097e-14 -1.60406352190872e-14 2.52152333176693e-14 -8.95056069997971e-15 -5.39599441328028e-15 -9.55962931491705e-15
-0.682569815406274 0.0973977456692618 8.87189498543395e-13 -1.76892617112048e-12 2.56258579754984e-12 2.12100632126469e-12 -3.33409000371733e-12 1.183473410186e-12 7.1346667796603e-13 1.26397126857088e-12
0.130976375382498 0.000720273214283565 7.18211895802823e-15 -1.43220966035444e-14 2.07508554027422e-14 1.71775118978776e-14 -2.70057553206232e-14 9.58734235407371e-15 5.78061646377194e-15 1.02423214325176e-14
0.108683730788317 0.00571345136702589 5.14121243663364e-14 -1.02518198766547e-13 1.4852917795357e-13 1.22946856228428e-13 -1.93283547330191e-13 6.86148590921647e-14 4.13690424160641e-14 7.32961357272193e-14
0.0888927276611774 0.00266862436346266 2.49034998740198e-14 -4.96568492564156e-14 7.19404796728938e-14 5.95473366194868e-14 -9.36101982446623e-14 3.32299601028779e-14 2.00341297233067e-14 3.54943693183487e-14
0.635287474948772 -0.000959021455296916 -7.79013951945869e-15 1.55227439787133e-14 -2.24733047755768e-14 -1.858917107865e-14 2.92028145533649e-14 -1.03594099664775e-14 -6.2413584968975e-15 -1.10502308047975e-14
0.085502572165381 0.00410353882514984 3.84850882729621e-14 -7.67371672103465e-14 1.11171747828603e-13 9.20190926924174e-14 -1.44654940360626e-13 5.13492878895342e-14 3.09577640650964e-14 5.48470239034924e-14
0.105894767806224 -0.000836301211576382 -7.7799974265252e-15 1.55099829000742e-14 -2.24656277598119e-14 -1.85917649466101e-14 2.92209594237723e-14 -1.03708447370531e-14 -6.25126312171496e-15 -1.10731128266163e-14
0.522525377514532 -0.000484565604810154 -3.50227287373232e-15 6.97564847707066e-15 -1.00947138497536e-14 -8.34637134893346e-15 1.31060743219766e-14 -4.647215374375e-15 -2.79863588888073e-15 -4.95276515272233e-15
-0.125381520867999 0.0505607613640224 4.66246248483184e-13 -9.29656560289806e-13 1.34680624099778e-12 1.11476299532859e-12 -1.75239407970681e-12 6.22052214952955e-13 3.75021278337667e-13 6.64405621205587e-13
1.12618634133236 0.0155403303689058 1.41891786082531e-13 -2.82928096500128e-13 4.09892805483679e-13 3.39280857272815e-13 -5.33359738907385e-13 1.89333269238586e-13 1.14147826268522e-13 2.02235167038558e-13
0.101078896799986 0.00685706824152179 6.29031267390618e-14 -1.25426478052174e-13 1.81711166234192e-13 1.50407275976949e-13 -2.3644377576773e-13 8.39330019542401e-14 5.06024602666571e-14 8.96517617061526e-14
0.132164151960319 0.00391623563609026 3.56086383948028e-14 -7.10036268565341e-14 1.02868188763388e-13 8.51484007640967e-14 -1.33857807850588e-13 4.75178466801003e-14 2.86486262408059e-14 5.07573770041727e-14
0.657122491701663 -0.0587048997841331 -5.71110271920807e-13 1.13872944345217e-12 -1.64966789317762e-12 -1.36542337965175e-12 2.14639652614136e-12 -7.61900762164559e-13 -4.59325825267207e-13 -8.13751193332399e-13
0.084209127317842 0.0043026069660923 3.96728638869492e-14 -7.91071956095127e-14 1.14607705886278e-13 9.48651049357569e-14 -1.49132045044609e-13 5.29396767672579e-14 3.19172600942726e-14 5.65481288953898e-14
-0.367189565015438 -0.338700614054881 -3.18222823399882e-12 6.34508447999555e-12 -9.19218775576309e-12 -7.60843273714933e-12 1.19603347247841e-11 -4.24558257657833e-12 -2.55955965322893e-12 -4.53462666955366e-12
0.055477789269296 -0.00149273991700396 -1.37540212075934e-14 2.74227677480104e-14 -3.9725399285592e-14 -3.28791130967249e-14 5.16825249133916e-14 -1.83448082675476e-14 -1.10590197249653e-14 -1.9591532243096e-14
0.136866978196063 -3.39190891857196e-06 1.28282704167981e-16 -2.59465828241635e-16 3.81224468328947e-16 3.19957101876013e-16 -5.09908680489691e-16 1.83467420246509e-16 1.12093828510134e-16 2.01222715492667e-16
0.0841932532059902 0.00278799997148359 2.61815716893488e-14 -5.2205223015654e-14 7.56323495790001e-14 6.26031336107091e-14 -9.84138821554618e-14 3.49351399051565e-14 2.10621458945619e-14 3.73156548432406e-14
0.108843065263651 0.00908115226510002 8.4337785538063e-14 -1.68163145166124e-13 2.43621068450557e-13 2.01647901955512e-13 -3.16989138900302e-13 1.12522892315876e-13 6.7837744116936e-14 1.20184988856289e-13
0.244002274478166 0.00660831882640212 6.05458383507158e-14 -1.20727673716691e-13 1.74906021688982e-13 1.4477631982925e-13 -2.27594683946244e-13 8.07927749532014e-14 4.87098667562042e-14 8.62997778028198e-14
-0.117143777275329 0.0477211441434707 4.2510679628048e-13 -8.47617480034524e-13 1.22794002055651e-12 1.01636393182872e-12 -1.59769230889522e-12 5.67130330075335e-13 3.41905910291192e-13 6.05729410860899e-13
-2.22690150478876 -0.224632458434196 -1.99752775407902e-12 3.98280451000489e-12 -5.76979723970278e-12 -4.77558911926333e-12 7.50697838933224e-12 -2.66470542866854e-12 -1.60645014689152e-12 -2.84599162072408e-12
0.557174547811163 -0.132695570037339 -1.31129390368871e-12 2.61458943157081e-12 -3.78775913312527e-12 -3.13513356667426e-12 4.92835009269788e-12 -1.74941515177626e-12 -1.05467395485208e-12 -1.8684947310585e-12
-1.90424082781536 -0.398008633948744 -3.56288636433518e-12 7.10399495262565e-12 -1.02915007722655e-11 -8.51823503839311e-12 1.3390362576875e-11 -4.75314304083288e-12 -2.86551995167807e-12 -5.07661592825524e-12
2.07284190552279 0.0722750071382131 6.55792311397139e-13 -1.30760537219265e-12 1.89435978809154e-12 1.56798924232976e-12 -2.46487841459157e-12 8.74971193774768e-13 5.27504313005413e-13 9.34558720693652e-13
0.417452503611446 0.00472969407241427 4.35835079919744e-14 -8.69108504699888e-14 1.25921882538744e-13 1.04237324371066e-13 -1.63876662212844e-13 5.81777327252328e-14 3.50776489546479e-14 6.21516237962396e-14
0.0707370786617695 0.00275012013271922 2.53089730390513e-14 -5.04668119170314e-14 7.31160315666777e-14 6.05221286988488e-14 -9.51453543015171e-14 3.37758907149291e-14 2.03638570358641e-14 3.60795894753512e-14
-0.376920317983996 -0.0560963495289437 -5.06340737131098e-13 1.00958781751721e-12 -1.46258369241138e-12 -1.21057637305503e-12 1.90298545802452e-12 -6.75498789779887e-13 -4.07237428145383e-13 -7.21471393023238e-13
0.193033094033457 0.00569783321007817 5.40077121486637e-14 -1.07689367738368e-13 1.5601460968736e-13 1.29137553165803e-13 -2.03007296918518e-13 7.20637030128664e-14 4.34465711648332e-14 7.6973770392408e-14
0.112399871664639 0.00454983222237888 4.25064548270113e-14 -8.47559270166607e-14 1.22789340378911e-13 1.01635656500743e-13 -1.59772980808862e-13 5.67161065017223e-14 3.41934945150998e-14 6.05799464267592e-14
0.0840340309336862 0.0032283349746905 2.98476609116863e-14 -5.95165614562164e-14 8.62264995699913e-14 7.13737510205342e-14 -1.12203937335985e-13 3.98312102555987e-14 2.40144648743856e-14 4.25471665914006e-14
0.0838920300206073 -0.000308189719346446 -2.59541989497163e-15 5.17374172286158e-15 -7.49337060613621e-15 -6.20075369143237e-15 9.74503755049433e-15 -3.45834520844254e-15 -2.08442911601249e-15 -3.69193628625659e-15
0.0926654607320624 0.00191993145083621 1.78258476508619e-14 -3.55453570123039e-14 5.14980713888533e-14 4.26278953927627e-14 -6.70144762820554e-14 2.37897125707711e-14 1.43431244838206e-14 2.54124571879344e-14
-0.178689172293658 -0.00848395014836154 -7.51475539383855e-14 1.49836981772072e-13 -2.17069385650586e-13 -1.79668929029118e-13 2.82435439462925e-13 -1.00256197996896e-13 -6.04417842710361e-14 -1.07080808253142e-13
-0.377722672791757 0.0554152321218355 5.05735168905211e-13 -1.00837432330599e-12 1.46081693412895e-12 1.20910676706878e-12 -1.90066386490137e-12 6.74670643899078e-13 4.06735719714297e-13 7.20578222914752e-13
0.097087786588643 0.00216695442003961 1.90763566724818e-14 -3.80378146530436e-14 5.51075467271104e-14 4.56143447515383e-14 -7.1707340430412e-14 2.54549132570338e-14 1.53466516351308e-14 2.71896720397663e-14
0.0568533893453191 0.000580969720564739 5.93120821699096e-15 -1.18263455367531e-14 1.71329977021885e-14 1.41811351644485e-14 -2.22925860308233e-14 7.91326558206813e-15 4.77073224483976e-15 8.45206188499599e-15
-0.708160717349026 0.0367857235365324 3.37679505990018e-13 -6.73288946739985e-13 9.75379580438489e-13 8.07310638211453e-13 -1.26905224231183e-12 4.50468218457214e-13 2.71570640284942e-13 4.81115994824695e-13
-1.09514964167017 -0.154438494522355 -1.37141820858062e-12 2.7344810968598e-12 -3.96146053212833e-12 -3.27891820436116e-12 5.15439434782411e-12 -1.82966057950692e-12 -1.1030556554714e-12 -1.9542163349118e-12
0.322537157808511 0.00203747694714064 1.89736911031015e-14 -3.78348975717452e-14 5.48161710598558e-14 4.5375317362945e-14 -7.13349675093341e-14 2.53239293569392e-14 1.52684069866997e-14 2.70523305077356e-14
0.104418278953693 0.00623109093535279 5.72006191031325e-14 -1.1405321326371e-13 1.65230309301616e-13 1.36762411068428e-13 -2.14988679317579e-13 7.63150627492977e-14 4.60085922945259e-14 8.15109481997321e-14
-2.20383166338359 -0.74063983884971 -6.73363979737641e-12 1.34262400611801e-11 -1.94506594010458e-11 -1.60993777812516e-11 2.53078739987537e-11 -8.98355157625513e-12 -5.41594783614819e-12 -9.59509323421428e-12
-2.27697705231542 -0.409542119428187 -3.7223185125491e-12 7.42189779181289e-12 -1.07520629927344e-11 -8.89945624942253e-12 1.39896533812021e-11 -4.96588051670847e-12 -2.99377793198337e-12 -5.30384982267894e-12
0.100894940661999 -0.00136646458869702 -1.25822165359258e-14 2.50855759162955e-14 -3.63384487046941e-14 -3.00748537693949e-14 4.72729241865198e-14 -1.67790447729091e-14 -1.01147696320583e-14 -1.79181459790995e-14
0.0976416575535222 0.00302873302538489 2.85972431130154e-14 -5.70233243893973e-14 8.26145026134777e-14 6.83840621340824e-14 -1.07504169475252e-13 3.81629161095632e-14 2.30086852596399e-14 4.07652747874798e-14
-1.35399011305002 -0.0154784311561875 -1.20903365761128e-13 2.410570272979e-13 -3.49201899507061e-13 -2.89020229412721e-13 4.5430937270744e-13 -1.61257893918871e-13 -9.72129846649926e-14 -1.722169492275e-13
0.0888904060067914 0.00142711137666723 1.38067124489487e-14 -2.75310538341684e-14 3.98869461282378e-14 3.30166936891113e-14 -5.19048793293203e-14 1.84258962807285e-14 1.11092071619264e-14 1.96827523989843e-14
-0.106817808894254 0.00613336163325148 5.91227992492421e-14 -1.17888106261498e-13 1.70789193969873e-13 1.41366214520725e-13 -2.22229996163389e-13 7.88870215829864e-14 4.75600657064269e-14 8.42612024041381e-14
0.0858510734459129 0.00549000832621967 5.06954930105707e-14 -1.01083787382837e-13 1.46443147422516e-13 1.21213626559243e-13 -1.90548548771544e-13 6.76403235346441e-14 4.07792949267933e-14 7.22473743268591e-14
0.0875440946527272 0.0014777410090967 1.37900288902931e-14 -2.74978592635738e-14 3.98389596299081e-14 3.29770600320142e-14 -5.18427095565916e-14 1.84038752081035e-14 1.10959597852743e-14 1.96593334267364e-14
-0.211479128766877 -0.021141735748343 -1.88777372310154e-13 3.76402141907194e-13 -5.45292631696391e-13 -4.51338118322951e-13 7.09489884927182e-13 -2.51846681234781e-13 -1.51830933256602e-13 -2.68987816619792e-13
0.097452348976706 0.000791927539277954 6.74819391892414e-15 -1.34582596794401e-14 1.95013930629023e-14 1.61449683522135e-14 -2.53851981910179e-14 9.01300760113248e-15 5.43491692548455e-15 9.63084493934129e-15
-0.752897542948248 0.14846932476908 1.36522466191182e-12 -2.72208595665516e-12 3.94343728295583e-12 3.26394537641458e-12 -5.13077104077546e-12 1.82124434689353e-12 1.09796324788371e-12 1.94516169200349e-12
0.108335021438623 0.00675784999520517 6.20080547348564e-14 -1.23640907988003e-13 1.79123125583962e-13 1.48264089238001e-13 -2.33073071707963e-13 8.27359115597291e-14 4.988041046227e-14 8.83719220466893e-14
-0.317863697451796 0.0368980968392835 3.31445207819895e-13 -6.60864227711898e-13 9.5738834848038e-13 7.92426283995959e-13 -1.24566544099922e-12 4.42170524534887e-13 2.66570549073009e-13 4.72261848653228e-13
0.147557680247266 0.010257710439221 9.38989054166682e-14 -1.87229377207446e-13 2.71245692296853e-13 2.24515613638176e-13 -3.52940956099434e-13 1.25286246174871e-13 7.55333492022968e-14 1.33820425484677e-13
0.117751920715251 0.00187874051559061 1.69913063703346e-14 -3.38821085481179e-14 4.90895988073953e-14 4.06352913919891e-14 -6.38835562649946e-14 2.26788287223849e-14 1.36737036708321e-14 2.4227021596788e-14
-0.51561881191126 -0.253453799818325 -2.35985704652772e-12 4.70535654271524e-12 -6.81670928214178e-12 -5.6422438231879e-12 8.86953264540072e-12 -3.1484402310137e-12 -1.89812222889527e-12 -3.36280137494496e-12
-0.872678248944947 0.0852988230567421 7.58824280387681e-13 -1.51299207493003e-12 2.19183309743991e-12 1.81414981498663e-12 -2.85174458709427e-12 1.01226432649812e-12 6.10254854240523e-13 1.08112739344346e-12
0.0866233455709463 0.000402342854188816 3.74142577125965e-15 -7.4624918997226e-15 1.08144881813674e-14 8.95411925125369e-15 -1.40802884500415e-14 4.99972392605503e-15 3.015188488601e-15 5.34356617678784e-15
0.0726649236336847 0.000167430323645891 1.54764915599407e-15 -3.08821657213031e-15 4.47732017193455e-15 3.7087125259847e-15 -5.83444802766812e-15 2.07263098198377e-15 1.25048353396538e-15 2.21708357533832e-15
-1.54670357906576 0.0813572255740476 7.81233291331936e-13 -1.55762129488874e-12 2.2564120006632e-12 1.86753936261136e-12 -2.93557333727303e-12 1.04198611463373e-12 6.28152266564526e-13 1.11279777034292e-12
0.26670084910404 0.00661530815987402 6.1759084628163e-14 -1.23147958610075e-13 1.78414019859772e-13 1.47681325735387e-13 -2.32163529134429e-13 8.24153756089537e-14 4.96885695068414e-14 8.80345331768865e-14
-2.47764678547213 0.475061185156052 4.32701043881298e-12 -8.62747013597787e-12 1.24983988353992e-11 1.03447532153755e-11 -1.62613912335947e-11 5.77219629510515e-12 3.47983369660142e-12 6.16487400240289e-12
-0.511254218749057 0.0453930358205848 4.12894710246934e-13 -8.23262517227066e-13 1.19264930570856e-12 9.87147427176057e-13 -1.55175475726269e-12 5.50820357260279e-13 3.32070950002133e-13 5.88301702696006e-13
-0.782161793894558 -0.11450989331843 -1.02307433769326e-12 2.03988665864822e-12 -2.95515508456854e-12 -2.44596004263585e-12 3.84494602914025e-12 -1.36482499503276e-12 -8.22806457953629e-13 -1.45769523615626e-12
0.112528507563253 -0.00154419110735114 -1.51477668859145e-14 3.02026465007841e-14 -4.37539006769228e-14 -3.62145749110684e-14 5.69274608444705e-14 -2.02071963400306e-14 -1.2182160335531e-14 -2.15819596766464e-14
0.281884310805484 0.00838643131556556 7.65777721547085e-14 -1.5269410147293e-13 2.21216332823404e-13 1.83107848134441e-13 -2.87851528308735e-13 1.02182365220962e-13 6.16051995593473e-14 1.09145819554021e-13
0.54087712884288 0.0038058568315361 3.52246643097607e-14 -7.02411491504971e-14 1.0176811864705e-13 8.42416228120438e-14 -1.32438273815026e-13 4.70160487123067e-14 2.83473684214603e-14 5.02258952634978e-14
-1.55704080783473 -0.27490687352174 -2.51413000021798e-12 5.01288793015379e-12 -7.26212390363308e-12 -6.0108259805726e-12 9.44879583417877e-12 -3.35401194575164e-12 -2.02202606901462e-12 -3.58226091699736e-12
-0.501206821270821 0.0503410695004165 4.41098570783831e-13 -8.79486975215416e-13 1.27408548092696e-12 1.05453879608876e-12 -1.65767109989848e-12 5.88409937955763e-13 3.54728135998211e-13 6.28433883054412e-13
0.0505187777315891 -0.00135829290577221 -1.17199244425362e-14 2.33673556063763e-14 -3.38508605345887e-14 -2.80171978437897e-14 4.40404234447883e-14 -1.56323439167575e-14 -9.42390105338816e-15 -1.6694970237471e-14
0.219699998428306 0.00911051863735657 8.4713654235365e-14 -1.68916696772893e-13 2.44718689519439e-13 2.02561329382976e-13 -3.1843276572666e-13 1.13038084511847e-13 6.81499962047143e-14 1.20741120506306e-13
2.04329328603931 0.00980454806479923 8.85291019307897e-14 -1.76530165227568e-13 2.55756801482486e-13 2.11704602217725e-13 -3.32816782275986e-13 1.18147889192491e-13 7.12329160415351e-14 1.26207103614826e-13
0.793545762774626 0.00897567246809934 8.22713460915999e-14 -1.64049288757368e-13 2.37670618306923e-13 1.96730403828156e-13 -3.09271059528011e-13 1.09787504241557e-13 6.61912450051656e-14 1.17272587630222e-13
-1.93785478090704 0.21098828519946 1.93361309167684e-12 -3.85532060504558e-12 5.58504675398569e-12 4.62261757886306e-12 -7.26642721610027e-12 2.57928728531553e-12 1.55493597066587e-12 2.75469563354774e-12
