0.126486949743511 -0.00201794915454821 -5.65240338171285e-06 1.12922569310756e-05 -1.63862127992789e-05 -1.35853229135495e-05 2.13912725715439e-05 -7.60611076333407e-06 -4.59333758746667e-06 -8.1509618840095e-06
0.223364181349773 0.0112288261873964 3.45197010629331e-05 -6.8947904092454e-05 0.000100051005052225 8.29533316492004e-05 -0.000130616698460471 4.64465113845425e-05 2.80488313241349e-05 4.97755269817486e-05
0.182599268719911 0.00259121423571882 9.07153320747022e-06 -1.81269253376614e-05 2.6302336844939e-05 2.18068012909204e-05 -3.43368011362178e-05 1.22102301875865e-05 7.37398058076838e-06 1.3085555180025e-05
0.18844536752291 0.00513727378420639 1.67892992713531e-05 -3.35383836138238e-05 4.86682404122244e-05 4.03519847780383e-05 -6.35387265449172e-05 2.25947078015961e-05 1.36453208148121e-05 2.42154408517373e-05
0.0685665877856775 0.000746775196046579 2.75357062277243e-06 -5.50319302851644e-06 7.98413038260891e-06 6.61911595829827e-06 -1.04219741607703e-05 3.70607043613077e-06 2.23806163238033e-06 3.97141004411218e-06
-0.957084634395972 0.127557050198866 0.000371051178130331 -0.000741224290262611 0.00107551513671315 0.000891642046877069 -0.00140388882523853 0.000499171613199668 0.000301434048629812 0.000534881943585487
0.0763451546308067 -0.00333835662258334 -8.79015865175769e-06 1.75516945615346e-05 -2.54714558657329e-05 -2.11187955049538e-05 3.3253065445222e-05 -1.1823831037439e-05 -7.14019186442304e-06 -1.26709713040611e-05
0.126477372006671 0.00394619626371106 1.19172555593908e-05 -2.38034278523166e-05 3.45424110463111e-05 2.86401683376852e-05 -4.50973907536776e-05 1.6036703114176e-05 9.68472891790853e-06 1.71869198021777e-05
-0.253613312498255 -0.030852227631603 -8.92934309655213e-05 0.000178374967958158 -0.000258841842199971 -0.000214598275352417 0.00033789804693057 -0.000120146300264601 -7.25559940374377e-05 -0.000128751674467194
0.0911506931614732 -0.00339552349505293 -9.38020637851975e-06 1.87344380940528e-05 -2.71866138072734e-05 -2.25404402865694e-05 3.54917318478542e-05 -1.26200391650021e-05 -7.62114341426165e-06 -1.3524318332272e-05
-0.754860040003977 0.0283081679324631 7.4850693251431e-05 -0.000149378953625942 0.000216754679104258 0.000179711674136382 -0.000282941682301745 0.000100607850642657 6.07460242705077e-05 0.00010779873032021
-0.720270711390332 -0.169000029328917 -0.000491718340734681 0.00098211884216433 -0.00142514136050017 -0.00118156487910982 0.00186043122772784 -0.00066153142169073 -0.000399486815483105 -0.000708909995854929
-0.718215965994114 0.106727293394018 0.000293172565900616 -0.000585369929425578 0.000849411102230362 0.000704232279302635 -0.00110880795015886 0.0003942611655226 0.000238071208662379 0.000422467885344354
0.0612755484978904 0.00517862858475071 1.58800487734768e-05 -3.17197529060744e-05 4.60285522801207e-05 3.81624575024215e-05 -6.00898647694289e-05 2.13674828836979e-05 1.29037808792639e-05 2.28989577605065e-05
-2.52489218733468 0.645806439402926 0.00193461067223664 -0.00386297662893318 0.00560556072645805 0.00464751623765129 -0.00731751060097475 0.00260193048489487 0.00157119034691062 0.00278814998704397
-1.2414465239518 -0.240306561855533 -0.000669804176910855 0.00133769813468249 -0.00194111557080733 -0.00160934267333525 0.0025339596244238 -0.000901009960596184 -0.000544093580286062 -0.000965517952185223
0.0857966509153342 0.00175178109823156 5.93722810589646e-06 -1.18610519569458e-05 1.72104387085994e-05 1.42689397017098e-05 -2.24672369658755e-05 7.98933088867273e-06 4.82470373279315e-06 8.56176476684183e-06
0.0770966800677542 0.00109687639800444 3.93095141844361e-06 -7.85806283796207e-06 1.14021771899617e-05 9.45321834731763e-06 -1.48854668749393e-05 5.29329855560937e-06 3.19695588187985e-06 5.67318101696611e-06
0.0815100637362049 0.00166398813822582 4.90013251490667e-06 -9.78257636585313e-06 1.41958000781208e-05 1.1771059435518e-05 -1.85348253885877e-05 6.5916346655938e-06 3.98050759490029e-06 7.06454344431156e-06
0.087704964850427 0.00213603522653435 7.99517444728966e-06 -1.59681341469226e-05 2.31715692954939e-05 1.92125024916488e-05 -3.02516513667189e-05 1.07579902846702e-05 6.49676886668659e-06 1.15295499698802e-05
1.06199363943122 0.00365334293377587 1.12741720014504e-05 -2.24996390053722e-05 3.26544097416213e-05 2.7078869888442e-05 -4.26398393126009e-05 1.51646794891819e-05 9.15760998724717e-06 1.62531342268697e-05
0.102115060497526 0.0034152549780349 1.04596371804326e-05 -2.0891111753568e-05 3.03152447553347e-05 2.51350067626048e-05 -3.95772445628807e-05 1.40737116117098e-05 8.49907618996773e-06 1.50827293627327e-05
-1.12423576937522 0.176145307164574 0.00045258384497457 -0.000903559739617474 0.00131117012622406 0.00108708663770201 -0.00171162171307973 0.000608602276091462 0.000367498930452379 0.000652151767293084
0.0611306015559632 -0.00182820335645266 -5.79521820984144e-06 1.15764930912744e-05 -1.67978031992135e-05 -1.39261272875602e-05 2.19266423059866e-05 -7.7963561333216e-06 -4.70802292120721e-06 -8.3542111422758e-06
-0.223504418504725 0.0181362889845906 5.13111520855944e-05 -0.000102482681126391 0.000148700124607703 0.000123279284545514 -0.000194101430786336 6.90161648102692e-05 4.16752026684408e-05 7.39517628785325e-05
0.145219384485685 0.00636034427025465 1.93801064411345e-05 -3.8713162661362e-05 5.61770831056657e-05 4.65770026381456e-05 -7.33401892737626e-05 2.60794797939886e-05 1.57496094880751e-05 2.79494095837793e-05
0.0690319669483309 -0.00375158219145942 -1.03676372063532e-05 2.07022558302842e-05 -3.00428378390605e-05 -2.49087157138581e-05 3.9220030495983e-05 -1.39455650788202e-05 -8.4214040338854e-06 -1.49444398640479e-05
0.0915790223573132 0.00420382185036285 1.22910873203238e-05 -2.45451284889073e-05 3.56184745324792e-05 2.95323053474445e-05 -4.65011219805894e-05 1.65356396236924e-05 9.9856366985264e-06 1.77208899700182e-05
0.206894316999713 -0.00232646989169273 -6.03072840862823e-06 1.20418602230074e-05 -1.74748949502657e-05 -1.44884494663971e-05 2.28128100594788e-05 -8.11148465684154e-06 -4.89826643629555e-06 -8.69231675683349e-06
0.0731150973068019 -0.000650802589977029 -1.73704623728351e-06 3.47336852483202e-06 -5.0396168574045e-06 -4.17732195950596e-06 6.57707978049204e-06 -2.33814821541951e-06 -1.4120636891538e-06 -2.50526782877536e-06
0.101173582633813 -0.000777003484557566 -1.53512453093373e-06 3.06672527712512e-06 -4.45045835466025e-06 -3.68949156112647e-06 5.80943437206037e-06 -2.06529183832731e-06 -1.24721058583469e-06 -2.21305464981956e-06
0.478628447200999 0.00203005890655619 9.22836877882621e-06 -1.84363770861795e-05 2.67501849777025e-05 2.21787391388997e-05 -3.49213656683203e-05 1.24190060914695e-05 7.49975329259245e-06 1.33089897016363e-05
-0.237641424259026 0.164459265084135 0.000519213530540378 -0.0010366500570643 0.00150431618741719 0.00124723654294713 -0.00196377029643979 0.000698278264288847 0.000421659400971886 0.000748261937646754
1.6855101024499 0.0239028245208846 7.5350186625632e-05 -0.0001503997920442 0.000218269465516903 0.000180986100979428 -0.000284976158007806 0.000101340779374477 6.11964173039863e-05 0.000108605279469974
0.0653518982544517 -0.00025180606661756 -1.53334014095892e-07 3.12603647144779e-07 -4.52149137790711e-07 -3.73427704093318e-07 5.87840904322725e-07 -2.08363180969578e-07 -1.25895074804709e-07 -2.22694062028489e-07
0.228806448534678 -0.00366247823182904 -8.50586615091478e-06 1.69760318628692e-05 -2.46375100245749e-05 -2.04286540393501e-05 3.21669292010806e-05 -1.14378760900296e-05 -6.90686959745202e-06 -1.22577281364337e-05
0.91439336956843 -0.034453746797417 -0.000103405358896384 0.000206445956208751 -0.000299568573965838 -0.000248378099820836 0.000391075349379066 -0.000139065131575481 -8.39728295139262e-05 -0.000149017197766956
0.135185168060246 -0.00409592709955507 -1.08869989367695e-05 2.17393082727116e-05 -3.15451992214808e-05 -2.61531109795813e-05 4.11779530849217e-05 -1.46413363008957e-05 -8.84105415064991e-06 -1.56885355137671e-05
0.385690534922195 -0.0779781721741745 -0.000229671100513588 0.000458600179220944 -0.000665457136305654 -0.000551734530958179 0.000868720881452945 -0.000308909818207135 -0.000186535111966391 -0.000331021296780746
0.0898767485074052 0.000725741581790775 2.34240614719324e-06 -4.67952495718219e-06 6.7903646118485e-06 5.63028599420592e-06 -8.86586616159055e-06 3.1530098187438e-06 1.90418786367582e-06 3.379419433966e-06
0.0814584958135718 -0.0026096829614206 -6.77491357584677e-06 1.35316641505024e-05 -1.96351910858878e-05 -1.62786740332052e-05 2.56311280949793e-05 -9.11342672264015e-06 -5.50329607534338e-06 -9.76564202875256e-06
0.137555494815671 0.000513277012963658 2.05217652404905e-06 -4.09294406795613e-06 5.94040489990864e-06 4.92692443864133e-06 -7.75835123165767e-06 2.75978146262366e-06 1.66656424059799e-06 2.95841183489003e-06
0.0763587591702418 -0.00087322108707937 -2.88187379687746e-06 5.75838312784077e-06 -8.35571291383961e-06 -6.92703215795329e-06 1.09067076751484e-05 -3.87787987155633e-06 -2.3418492931131e-06 -4.15537215047076e-06
0.132684130504001 -0.0011766043657011 -3.17357632598138e-06 6.33271162768729e-06 -9.18946695777499e-06 -7.61866968051309e-06 1.19945427036536e-05 -4.26454863549024e-06 -2.57483435977393e-06 -4.56897133511412e-06
-0.052695729538964 0.0264455941151273 7.36466148533824e-05 -0.000147064873910872 0.000213403664723663 0.000176931116941053 -0.000278582147000157 9.9057681559063e-05 5.98169154803302e-05 0.000106148811990714
-2.42747887368498 -0.480846649132031 -0.00138074720091664 0.00275802011379542 -0.00400210932608252 -0.00331801987546835 0.00522435060350108 -0.00185762279746782 -0.00112178834683325 -0.00199062901851468
0.506015193671078 -0.0138286810284759 -4.11177855885557e-05 8.20993228327635e-05 -0.00011913367226112 -9.87764668884225e-05 0.000155527808116435 -5.5305499296817e-05 -3.33964691577136e-05 -5.92654111188974e-05
-2.58272790907555 -0.713076832632784 -0.0021075850169221 0.00420938420235926 -0.00610811986252782 -0.0050641125667948 0.00797357359492966 -0.00283521716389653 -0.00171211559343273 -0.003038214780398
2.04920685803679 0.116771303944642 0.000351291211542415 -0.000701373856128197 0.00101779647197684 0.000843872013200425 -0.0013286947324435 0.000472463563270057 0.000285301547078595 0.000506293278503098
0.261417276339284 0.0093202297270137 2.85738552171614e-05 -5.70739001881738e-05 8.28191724371006e-05 6.86652957266634e-05 -0.000108118168416892 3.84457860799897e-05 2.32170921982422e-05 4.12006405148725e-05
0.115865279507112 0.00787503353496965 2.43453615322758e-05 -4.86206402001719e-05 7.05535773449718e-05 5.84967095251637e-05 -9.21063498751544e-05 3.27523337264528e-05 1.97785673672769e-05 3.50990912623921e-05
-0.35001833080345 -0.134000669525944 -0.000399393903585162 0.000797690274831228 -0.00115751156866908 -0.000959672629662216 0.00151103540478137 -0.000537291301571171 -0.000324457481645699 -0.000575764187873973
0.167522305660615 0.00560921260184514 1.81290032979221e-05 -3.62100548683062e-05 5.25443042251766e-05 4.35655585604357e-05 -6.85976710827185e-05 2.43935776075742e-05 1.47312253496135e-05 2.61424305645066e-05
0.0898213415167123 0.00108693714637615 3.98258332981048e-06 -7.95315094647685e-06 1.15411223894043e-05 9.56921241940611e-06 -1.50672509280478e-05 5.35806694801304e-06 3.23571155750381e-06 5.74227202616944e-06
0.0626785069733699 0.000803643308967664 3.16461816061771e-06 -6.3164439062669e-06 9.1655944495455e-06 7.59962222756776e-06 -1.19652617761265e-05 4.25502170971737e-06 2.56930321491252e-06 4.55962165368587e-06
0.0691966986576624 0.00219575596278169 7.61463737747575e-06 -1.52098654708688e-05 2.20701559856862e-05 1.82983150469679e-05 -2.88114787304749e-05 1.02453473669869e-05 6.18703254219298e-06 1.09793405113133e-05
0.068908521830229 -0.0028333828918624 -7.77919931897043e-06 1.55380387861371e-05 -2.25470724957064e-05 -1.86930433986813e-05 2.94329339437293e-05 -1.04653552294553e-05 -6.31980697284059e-06 -1.12146006333507e-05
-0.187791714560906 -0.0267872884468735 -7.72727326964872e-05 0.000154373844150058 -0.000224015011165273 -0.000185723905678923 0.000292436155838233 -0.000103981096175189 -6.27947994082812e-05 -0.000111429999835214
-0.368682534676984 0.0328673007373423 9.01088928942125e-05 -0.0001800114311578 0.000261199410939391 0.000216545788149845 -0.000340957247130604 0.000121232384991213 7.32094307433887e-05 0.000129908554107841
0.0879051769781545 0.00936071345217018 2.79862413724267e-05 -5.5896115108605e-05 8.110991645098e-05 6.72478413813597e-05 -0.000105885301947412 3.76513467287852e-05 2.27369568039458e-05 4.0348407375127e-05
0.0935889481936064 -0.00283844794000617 -7.42149580254671e-06 1.48198470893313e-05 -2.15056939296146e-05 -1.78297814217315e-05 2.80731818644769e-05 -9.98158570974373e-06 -6.02750199201513e-06 -1.06958842656367e-05
-1.11225629498081 -0.0243593267462081 -5.69029261292887e-05 0.000113600215958153 -0.000164839833968225 -0.000136671765830461 0.000215195146095775 -7.65210305150833e-05 -4.62061159331274e-05 -8.20005206129944e-05
-0.986081431859191 -0.296150400598501 -0.000901003859164258 0.00179957388375893 -0.00261133619148345 -0.00216502499580779 0.00340892056072958 -0.00121214800037028 -0.000731993733202701 -0.00129896106506955
0.138276237199622 -0.00673672294676802 -1.92798655734622e-05 3.85039808160206e-05 -5.58718825593041e-05 -4.63222054504247e-05 7.29352680472647e-05 -2.59339425259043e-05 -1.56605945363036e-05 -2.7790362236446e-05
0.219915017461125 -0.00400262131364167 -1.14493592317797e-05 2.28791136324487e-05 -3.31965339164932e-05 -2.75211932425894e-05 4.3334070241214e-05 -1.54084877583031e-05 -9.30513827339967e-06 -1.65119717686254e-05
-2.0963280936846 -0.593765181665923 -0.00176972136530046 0.00353414712694345 -0.00512822450688388 -0.00425174684025951 0.00669443215994668 -0.00238042812861924 -0.00143744266977206 -0.00255081960096936
-2.54443023860533 -0.724772170591602 -0.00215320506354499 0.0042998536444815 -0.00623936958119742 -0.00517296829918072 0.00814486579468876 -0.00289614004548193 -0.00174886095255514 -0.00310344110587071
0.103232386482607 0.00466339276349319 1.47008073919975e-05 -2.93592802153144e-05 4.26039583962782e-05 3.53238613496018e-05 -5.56199267354193e-05 1.97783131338029e-05 1.19439135909771e-05 2.11959133261897e-05
0.0642389440217101 -0.00319880674461792 -9.11976698553264e-06 1.82128089808338e-05 -2.64284468406252e-05 -2.19115077048812e-05 3.45004479323975e-05 -1.22675491859261e-05 -7.40799376435486e-06 -1.31459186516013e-05
-1.13416201081717 -0.251409325103674 -0.000707259832650072 0.00141246906419533 -0.00204960894339793 -0.00169929333057061 0.00267558056976515 -0.000951367721176799 -0.000574500447497161 -0.0010194771309411
0.0682968183298508 0.0015245195383388 4.98748537989625e-06 -9.95762203136721e-06 1.44502958716958e-05 1.19817347471762e-05 -1.88662878470252e-05 6.70913683735867e-06 4.05151276163819e-06 7.19024632195029e-06
-0.0809078143797138 0.00666212173557987 2.24024526404703e-05 -4.47540930231434e-05 6.49420425280552e-05 5.38422083572339e-05 -8.47774010039016e-05 3.01455473942912e-05 1.82050390451714e-05 3.23054140875298e-05
0.112486387804825 0.0051975464786531 1.66333456501248e-05 -3.32222919202991e-05 4.82087429389956e-05 3.99700050162299e-05 -6.29351929010973e-05 2.23792188126239e-05 1.35145946762012e-05 2.3982787235589e-05
0.047407187062943 -0.00351626820061597 -9.75043977016287e-06 1.94726170531985e-05 -2.82562710081019e-05 -2.34267356773356e-05 3.68860637760178e-05 -1.31157272269343e-05 -7.92014130165369e-06 -1.40546459138574e-05
-0.264327938639669 -0.0693225463483297 -0.000205820088651325 0.000411132182233809 -0.000596591066258079 -0.000494617030210682 0.000778797394158854 -0.000276918963628951 -0.000167228569019551 -0.000296750038969131
0.120929216264118 0.00749622847336122 2.38708855258486e-05 -4.76800388289881e-05 6.91881221364803e-05 5.73640848030304e-05 -9.03236993763634e-05 3.21184629959148e-05 1.9396165036169e-05 3.44202408643025e-05
-0.713181636406419 0.0881750645658922 0.000236359671567637 -0.000471934110167267 0.000684805192109981 0.000567757949082102 -0.000893928886201051 0.000317854599309945 0.000191933065240411 0.000340592638216276
0.0728934587120694 0.00327373872869744 9.96975892587828e-06 -1.99130427496619e-05 2.88966975348905e-05 2.39592526231557e-05 -3.77266583365615e-05 1.34157963063827e-05 8.10190931561245e-06 1.43780772777212e-05
-1.28721954216717 0.306535798292689 0.000921526742752706 -0.00184061725872456 0.00267093569462257 0.00221446454486275 -0.00348682181276213 0.00123986137773314 0.000748740282173093 0.00132869164339733
0.124015064153741 -0.00116420682615098 -2.72596725298515e-06 5.44941064223442e-06 -7.90747935046402e-06 -6.55544665306736e-06 1.03226132415738e-05 -3.67018287217357e-06 -2.21661523064109e-06 -3.93332244253761e-06
0.116356364947975 0.00540379070940086 1.66560631923075e-05 -3.32575873425933e-05 4.8259594364733e-05 4.00125884714492e-05 -6.30005424652252e-05 2.24025090484045e-05 1.35279178738073e-05 2.40065601969698e-05
0.0461042866157859 -0.060018059867534 -0.000199454497199227 0.000398299970279324 -0.000577948328307476 -0.00047917164554889 0.0007544530818498 -0.000268275445450353 -0.000161999512401947 -0.000287475971738426
-1.73903134626734 0.353973544999992 0.000986990929915561 -0.00197109596095578 0.00286019165185445 0.0023713083296059 -0.00373364873557824 0.00132757585764035 0.000801671418439895 0.00142258767279239
0.0796853793481582 0.00415994222506349 1.30594185011726e-05 -2.60838250250759e-05 3.78505457393007e-05 3.13825948077688e-05 -4.94146084764504e-05 1.75718001333001e-05 1.06115537265696e-05 1.88314758647554e-05
0.0827033630579979 0.000462157094814984 1.54974734435692e-06 -3.09500185854651e-06 4.49124520508564e-06 3.72425613419929e-06 -5.86459885894382e-06 2.0858505892922e-06 1.25968815269961e-06 2.23576436225569e-06
-1.7007020310157 0.00747281918913607 7.58338581406241e-07 -1.47289519415035e-06 2.10497162084662e-06 1.73413714062722e-06 -2.71626839891511e-06 9.61029076411828e-07 5.70939053096211e-07 1.00882712434749e-06
0.495414273103849 0.00594435769159742 2.04408974014049e-05 -4.08216865309796e-05 5.92352760510493e-05 4.9113679830287e-05 -7.73323108309199e-05 2.75002562138943e-05 1.66068336139424e-05 2.94709929470765e-05
-2.29495520101239 0.72225988271203 0.00211411149345559 -0.0042228018527144 0.00612738789962 0.00507995934776458 -0.007998447843234 0.00284401820894387 0.00171741590530431 0.00304755846404195
-0.253177932524556 0.0178967399833287 4.79923744066644e-05 -9.58757215011885e-05 0.000139116035802639 0.000115333403997813 -0.000181596113288992 6.45694966662257e-05 3.89919711009425e-05 6.9190734292614e-05
-0.411178663800504 -0.0350202455870838 -9.87095688126236e-05 0.000197147739356489 -0.000286066730428804 -0.000237169138301962 0.000373426249055429 -0.000132781226238014 -8.0181702348546e-05 -0.000142284901711786
0.0976654779580653 -0.00518489090621563 -1.47874813925107e-05 2.95334475369523e-05 -4.28559425661873e-05 -3.55312496188623e-05 5.59454570217566e-05 -1.98928403650417e-05 -1.20128200803163e-05 -2.13173790504144e-05
0.363256409051281 0.00943447392291159 3.16228886333249e-05 -6.31707034584511e-05 9.16652647175245e-05 7.60001137709119e-05 -0.000119668279465169 4.2554104297735e-05 2.56985726213904e-05 4.56045283642862e-05
1.42722815116738 0.00961707180504895 2.9357287282402e-05 -5.86033057609186e-05 8.50484010030954e-05 7.05219209165389e-05 -0.000111044864259599 3.94898858791072e-05 2.38471297281083e-05 4.23222379430275e-05
-1.46826769922773 -0.218325070553495 -0.000591129264829773 0.00118043168467591 -0.00171287657959435 -0.00142011217529499 0.0022359778982577 -0.000795055247591759 -0.000480096265025876 -0.000851952966115561
-1.1065430433081 0.234385192618855 0.000665657236339989 -0.00132945225859082 0.00192912865968606 0.00159939391363443 -0.00251828508386177 0.000895435114757283 0.000540725916970497 0.000959536547012296
0.0803571771574417 0.000669952657796061 3.10334764624281e-06 -6.20405357175134e-06 9.00135128043444e-06 7.46271406931624e-06 -1.17508382660851e-05 4.17887612420786e-06 2.52381266794552e-06 4.47861519016684e-06
0.16648167925673 -0.00452109567991064 -1.25812371890049e-05 2.51285687492688e-05 -3.64649685135078e-05 -3.0232901834755e-05 4.76039819926643e-05 -1.69268429732174e-05 -1.02219787545133e-05 -1.81396595801148e-05
1.55628984565577 0.0135615732297558 4.13551696665605e-05 -8.25623000289532e-05 0.000119815810262405 9.934732051459e-05 -0.000156430929764176 5.56280832585395e-05 3.35925055546311e-05 5.9615918367508e-05
1.20109018220117 0.0122398082439928 3.79710827783358e-05 -7.57968944522967e-05 0.000109998683923826 9.12079563680139e-05 -0.00014361334548054 5.10701029276725e-05 3.08395511151244e-05 5.47303743386656e-05
-2.1973963172109 0.329811238201095 0.000921413100057541 -0.00184066446921402 0.00267082917072669 0.00221422752031633 -0.0034863341933337 0.00123961077424075 0.000748568217183637 0.0013283144438537
