0.104869034603948 -0.000203907632495784 -4.56664553933196e-08 9.10865704699387e-08 -1.32003767441595e-07 -1.09298100055003e-07 1.71874006256167e-07 -6.10313582765333e-08 -3.68068915930679e-08 -6.52308449325346e-08
0.126804075746098 -0.00138892735252848 -4.10292938653289e-07 8.19220253880814e-07 -1.1884549888501e-06 -9.85053434266502e-07 1.55063108868669e-06 -5.51192625816968e-07 -3.32760724792875e-07 -5.90349246731364e-07
0.141607260459178 0.00221741319383888 6.58668708264873e-07 -1.31530732893398e-06 1.90837123094335e-06 1.58195267947725e-06 -2.49055279741455e-06 8.85409677351129e-07 5.34597036912158e-07 9.48543222083081e-07
0.145350893328789 -0.000629085978928417 -1.80333791936797e-07 3.60050624498018e-07 -5.22306516215856e-07 -4.32894732938925e-07 6.81413623421986e-07 -2.42206340357269e-07 -1.46215678247123e-07 -2.59388467051021e-07
0.0939768438593641 0.0036305782326063 1.07332780807535e-06 -2.14333023597764e-06 3.10971946818289e-06 2.57779477398133e-06 -4.05832763704949e-06 1.44275342135525e-06 8.71105779987981e-07 1.54560307704297e-06
-1.03734595764658 0.104139733059143 2.98655443748532e-05 -5.96339289192025e-05 8.65150821176096e-05 7.171090723032e-05 -0.000112888646134196 4.01292939100798e-05 2.42273860041904e-05 4.29833139715311e-05
0.114130068451908 0.00161844005263404 4.91632888321509e-07 -9.81801283921863e-07 1.42456304582988e-06 1.18095884634348e-06 -1.85934285778988e-06 6.61044137840705e-07 3.99149137767513e-07 7.08252675666072e-07
0.0650246267443152 -0.000753245605220946 -2.16216152271599e-07 4.31699977936528e-07 -6.26255193884807e-07 -5.1905769994791e-07 8.17055572719788e-07 -2.90424824956059e-07 -1.7532733616541e-07 -3.11038266490819e-07
-0.225606687880543 -0.0230236287795126 -6.58372885174863e-06 1.31464286285105e-05 -1.90730022364447e-05 -1.58097615884443e-05 2.48887593600313e-05 -8.84763846880933e-06 -5.3417711061965e-06 -9.47744954086918e-06
0.0868957462330517 0.00417473967028752 1.21811816396926e-06 -2.43244870678751e-06 3.52917647365878e-06 2.92548623678858e-06 -4.60568666388775e-06 1.63733273742464e-06 9.8858332657787e-07 1.75403361972727e-06
-1.28742735910597 0.101875013245286 2.97683722414307e-05 -5.94400198960253e-05 8.62339379188764e-05 7.14780161491068e-05 -0.000112522249812264 3.99991303748476e-05 2.41488505896986e-05 4.28440654511935e-05
-0.679760634872619 -0.120248323972722 -3.50926729098162e-05 7.00733740965706e-05 -0.000101663492837391 -8.42698114774524e-05 0.000132663260683102 -4.71601888061912e-05 -2.8473062349957e-05 -5.0517415017877e-05
-0.880700720867972 0.0510393776666901 1.45524116629403e-05 -2.90579312043979e-05 4.21570126255383e-05 3.49437859534222e-05 -5.50100124633858e-05 1.9555086151709e-05 1.18062372961107e-05 2.09465054971402e-05
0.102097280603344 0.00351549408244104 1.02797168903343e-06 -2.05272940426472e-06 2.97822612086e-06 2.46875864486548e-06 -3.88661253555111e-06 1.38168832311209e-06 8.34224046884785e-07 1.48014280496174e-06
-1.73689884256321 0.373700006860974 0.000109577703656611 -0.000218802996854156 0.000317438613774148 0.000263124471882544 -0.000414223158949205 0.000147249468677368 8.89010452006022e-05 0.000157727817051834
-1.50030263108465 -0.284501558648982 -8.36721884107706e-05 0.000167076677309203 -0.000242396277700359 -0.000200923652362236 0.000316306288782538 -0.000112442584520624 -6.78871513863106e-05 -0.000120446073657215
0.0658763421217284 0.00120323651413236 3.50051194306773e-07 -6.99036074192631e-07 1.01424534277579e-06 8.40778226786245e-07 -1.32370598866481e-06 4.70595579787815e-07 2.84143640541919e-07 5.04169227052728e-07
0.0758968336297566 -0.000906862098821258 -2.53992440173797e-07 5.07148309684677e-07 -7.3574038484254e-07 -6.09830566066849e-07 9.59987216072231e-07 -3.41246247336761e-07 -2.06017491889615e-07 -3.65501027211437e-07
0.0937648406307755 0.00546729385435466 1.60016374349013e-06 -3.19535644655985e-06 4.63606600732825e-06 3.84304004133758e-06 -6.05022958789945e-06 2.15087428201534e-06 1.29864956858894e-06 2.30418433843593e-06
0.095632007623719 0.00448508123512352 1.32435738594113e-06 -2.64458873366632e-06 3.83695320679462e-06 3.1806059387335e-06 -5.00731451267724e-06 1.78010701688072e-06 1.07478383834989e-06 1.90697253448705e-06
1.19445458669775 0.00371460602333709 1.11550596423349e-06 -2.22771927538726e-06 3.23239524005692e-06 2.67968327870604e-06 -4.21904465870649e-06 1.49999917715809e-06 9.05736073109512e-07 1.60716551773153e-06
0.0861914449278225 0.00309079644113653 9.17561354231831e-07 -1.83226130117601e-06 2.65836810455174e-06 2.20362571066508e-06 -3.46922274528704e-06 1.23331149592481e-06 7.44641348647039e-07 1.32120379509877e-06
-0.909770305702575 0.105803649240593 3.02462503509452e-05 -6.03955685504771e-05 8.76221742765148e-05 7.26303220701248e-05 -0.000114338785570854 4.06457725140217e-05 2.45397972254982e-05 4.35386396750537e-05
0.0993376707647309 -0.00132286876979046 -3.7607426163721e-07 7.50874429066569e-07 -1.08927222884156e-06 -9.02818663791988e-07 1.4211381019224e-06 -5.05147514666639e-07 -3.04953716449209e-07 -5.41000828759187e-07
-0.499612164533722 0.0228389332550911 6.59253929652085e-06 -1.31637173926543e-05 1.90976436383694e-05 1.58298213276477e-05 -2.49197622599221e-05 8.85845504324363e-06 5.34817811790823e-06 9.48859776735636e-06
0.151588337060176 -0.000872982109597337 -2.33587769434046e-07 4.66332009721441e-07 -6.76418936496661e-07 -5.60571776133626e-07 8.82304256874262e-07 -3.13582354988737e-07 -1.89286064550153e-07 -3.35763857334138e-07
0.0666124998168065 0.00267513572028409 7.83015259515907e-07 -1.56360579530968e-06 2.2686094257203e-06 1.88055999423671e-06 -2.9606447618783e-06 1.05252309853673e-06 6.35492962924404e-07 1.12755608262547e-06
0.0633849787902812 0.00115062703188448 3.35385198977899e-07 -6.69755774944562e-07 9.71772154182726e-07 8.05577697017562e-07 -1.26830019676324e-06 4.50902785908998e-07 2.72256065146443e-07 4.83081609608663e-07
0.436066299703926 0.00601742916639934 1.79376516248332e-06 -3.58223203678032e-06 5.19777222307797e-06 4.30899287020652e-06 -6.78431390596192e-06 2.41202796791404e-06 1.45643972290772e-06 2.58434791876088e-06
0.105017405996703 0.00392982318716628 1.1529399960014e-06 -2.30228382536119e-06 3.34030737779142e-06 2.76891105748272e-06 -4.35916413229789e-06 1.5496858666748e-06 9.35659648121382e-07 1.66012360339334e-06
0.0681550452228005 0.00102738376279425 3.1747965520973e-07 -6.34036859002099e-07 9.20001437622459e-07 7.62706625672292e-07 -1.20087591799672e-06 4.2695788570186e-07 2.57813527975686e-07 4.57482671593051e-07
0.546989044359002 0.00402835945046629 1.23919918987238e-06 -2.47480519516126e-06 3.5910075096696e-06 2.97705335070605e-06 -4.68736238519324e-06 1.66654375394261e-06 1.00632594441722e-06 1.78570166370762e-06
-0.323070144943599 0.0778404256601403 2.33553955697179e-05 -4.66364970103639e-05 6.76612532901102e-05 5.60853146348887e-05 -8.82937425760297e-05 3.13875148257797e-05 1.89503698428581e-05 3.36222477326828e-05
0.648441217170173 0.00127725427655907 3.90407101802742e-07 -7.79743296431038e-07 1.13151677294357e-06 9.38135011488675e-07 -1.47720683146213e-06 5.25246930604862e-07 3.17189985021368e-07 5.62890199326102e-07
0.0723069616011825 0.000383662627060401 1.12700419442288e-07 -2.25079994845128e-07 3.26605617986274e-07 2.70773031989914e-07 -4.26342657456517e-07 1.51585766886767e-07 9.15359862847806e-08 1.62432750656075e-07
0.228375221626551 0.00281402748583732 9.18798051074912e-07 -1.8349267253931e-06 2.66251941870127e-06 2.20730257904409e-06 -3.47538196454051e-06 1.23563312628201e-06 7.4612273306561e-07 1.3239734677541e-06
1.00378015356562 -0.00850864640105613 -2.46221839289306e-06 4.9160737256921e-06 -7.13157780486874e-06 -5.9108215598806e-06 9.30425769943821e-06 -3.30721023297648e-06 -1.99652903476224e-06 -3.54191184312144e-06
0.110030035303798 0.00184850276939621 5.39868919442073e-07 -1.0780952701058e-06 1.56423273349376e-06 1.29670325270579e-06 -2.04150983802791e-06 7.25785995918982e-07 4.38227342526259e-07 7.77568494309437e-07
0.0701163443897704 -0.0574902211828075 -1.68549834638786e-05 3.36558049132525e-05 -4.8827787962794e-05 -4.04733466989664e-05 6.37151683509877e-05 -2.26497166804116e-05 -1.36746583460118e-05 -2.42615470902023e-05
0.106772032130988 0.00230111443850062 6.7893081109664e-07 -1.35580801485337e-06 1.96718990526453e-06 1.63075748533131e-06 -2.56746252259287e-06 9.12777833726665e-07 5.5113733372262e-07 9.77918971066495e-07
0.0755887954124072 0.00393220797261355 1.15632268625501e-06 -2.30903011438347e-06 3.35008294094266e-06 2.77700411774319e-06 -4.37188902105135e-06 1.55420381295905e-06 9.38383985402197e-07 1.66495116554858e-06
0.0990249339876446 -0.000120862813085879 -3.29858539405968e-08 6.57647277156921e-08 -9.52648656319284e-08 -7.8843587287602e-08 1.23928352207687e-07 -4.3986552774439e-08 -2.65156179397013e-08 -4.69711058945913e-08
0.114488819650308 0.00307219561830886 9.05167942290936e-07 -1.80760129134342e-06 2.62271762485563e-06 2.17417966265127e-06 -3.42303204453512e-06 1.21695000286202e-06 7.34798530448243e-07 1.30380342243343e-06
0.142628400088087 0.00346244078656996 1.04103120830704e-06 -2.07889964632659e-06 3.01632901336184e-06 2.50045420974631e-06 -3.93668558717114e-06 1.39955126042247e-06 8.45046591546327e-07 1.49941134064265e-06
-0.126632176803663 0.0350187683666601 1.01865805464484e-05 -2.03406315250775e-05 2.95104517788797e-05 2.44614547639757e-05 -3.85088329162998e-05 1.36894074721687e-05 8.26499741136896e-06 1.46638864829668e-05
-2.66996740407646 -0.238830274577348 -6.90561850110565e-05 0.000137891311118163 -0.000200053722830969 -0.000165825520407575 0.000261052440495684 -9.28005083131609e-05 -5.60282082665843e-05 -9.9405728362394e-05
0.883452061277596 -0.0120079620105673 -3.57546818015202e-06 7.13914230851883e-06 -1.03570144458345e-05 -8.58456169020418e-06 1.35136701956535e-05 -4.80368732955799e-06 -2.90007946249533e-06 -5.14509449812095e-06
-2.21486503579428 -0.361721955987538 -0.000104689466395189 0.000209043599449434 -0.000303281680744747 -0.000251391435679124 0.000395755016932141 -0.000140685260008103 -8.49384919958729e-05 -0.000150698452102996
1.84373628185961 0.115253967058602 3.39921311452312e-05 -6.78768233129405e-05 9.84781875950605e-05 8.1630712604045e-05 -0.000128510549101915 4.56846388314625e-05 2.75826109458522e-05 4.89382964761152e-05
0.225575650596184 -0.000397346790290241 -1.02988240551906e-07 2.05584159559261e-07 -2.98172141597374e-07 -2.47081016363584e-07 3.8885113953616e-07 -1.38188970408101e-07 -8.34059643705128e-08 -1.47934370248777e-07
0.100740589959282 0.000375823019417233 1.3765579254796e-07 -2.74935332444737e-07 3.98971616184955e-07 3.30787053135264e-07 -5.20866626144666e-07 1.85204267171671e-07 1.11843084935197e-07 1.98479452352647e-07
-0.352235820770428 -0.0248369421675947 -7.08344233248432e-06 1.41445534492105e-05 -2.05215206181694e-05 -1.70108034802222e-05 2.67800743065355e-05 -9.52017493525195e-06 -5.74793520981593e-06 -1.01982839157868e-05
0.165207771297213 0.00324351323888144 9.67556862928764e-07 -1.93215757847608e-06 2.80339308481052e-06 2.3239161766182e-06 -3.65871477761728e-06 1.30071724705445e-06 7.85364043474218e-07 1.39350144281153e-06
0.0820008263880463 0.00309261246301941 9.04104094910913e-07 -1.80538987165262e-06 2.619382862286e-06 2.17131064414228e-06 -3.41835048617057e-06 1.21522709000964e-06 7.33722899940302e-07 1.30183217854079e-06
0.106744960203629 0.00291309496151017 8.57167033114079e-07 -1.71169357120625e-06 2.48348758191911e-06 2.05869954984095e-06 -3.24112356298506e-06 1.15224397158911e-06 6.95708127569152e-07 1.23440594720267e-06
0.0987592013864196 0.00573446678900472 1.69824006133093e-06 -3.39120225027559e-06 4.92021086969885e-06 4.07857773366021e-06 -6.42104056262112e-06 2.2826972733571e-06 1.37824046859548e-06 2.44540035249459e-06
0.0814155593731051 0.00441055463721054 1.31579021005549e-06 -2.62748170228628e-06 3.81213404743621e-06 3.16003311052713e-06 -4.97492732555179e-06 1.76859378293604e-06 1.0678327013252e-06 1.89463970364331e-06
-0.26030916899664 -0.0341316817351145 -9.86900851776335e-06 1.97067856405519e-05 -2.85912721990706e-05 -2.36998807955023e-05 3.73104513589326e-05 -1.32635887997667e-05 -8.00802421814982e-06 -1.42081654302518e-05
-0.294581658764138 0.0213069139052042 6.10553612463484e-06 -1.21912565382079e-05 1.76867708853047e-05 1.46603257993389e-05 -2.3078647338887e-05 8.20395528583238e-06 4.95301913060226e-06 8.78749364393048e-06
0.0717981671315204 -0.000827355477564978 -2.47370438805355e-07 4.93905540335917e-07 -7.1649870191466e-07 -5.9385704909295e-07 9.34802913964141e-07 -3.32280175055271e-07 -2.00596130753103e-07 -3.55868017223372e-07
0.127133295121244 0.00268877750318638 7.89707884773564e-07 -1.57699244997908e-06 2.28806399824505e-06 1.89671345372651e-06 -2.9861177143767e-06 1.0615937674939e-06 6.40978661839057e-07 1.13730534472756e-06
-1.38475607785063 -0.0744307403696809 -2.17885771375339e-05 4.35083091262231e-05 -6.31234831080123e-05 -5.23244541175798e-05 8.23739897836377e-05 -2.92834154834705e-05 -1.7680198303946e-05 -3.13690112466414e-05
-1.09470372797058 -0.0967316538312942 -2.75907872900468e-05 5.50942020277024e-05 -7.99324490896352e-05 -6.62575440776466e-05 0.000104308382306282 -3.7080816342014e-05 -2.23878892047084e-05 -3.97214698111952e-05
0.139421841528285 0.000654165993551237 2.09287852128711e-07 -4.17993213383707e-07 6.06554498959106e-07 5.02881253683406e-07 -7.91831268870957e-07 2.81543927227891e-07 1.70017419243613e-07 3.01709476721258e-07
0.0875478841375414 0.00906756930869973 2.74114751208207e-06 -5.47369383286199e-06 7.94152701651558e-06 6.58298012211503e-06 -1.03636493121587e-05 3.68425025702205e-06 2.22443278383586e-06 3.94673298728261e-06
-2.24838697091847 -0.483761092908787 -0.000141197139404932 0.000281942216440591 -0.00040904372562634 -0.000339058284414922 0.000533765663156169 -0.000189746218548435 -0.000114559050045754 -0.000203251600329959
-2.34684506461813 -0.354858927909303 -0.000102410284029601 0.000204493014396832 -0.000296680360679573 -0.000245920150634493 0.000387142710054884 -0.000137624030412602 -8.30904747581157e-05 -0.000147420033549334
0.0874216624748829 0.000297214087489151 8.49790113336751e-08 -1.69739812524027e-07 2.46337840077129e-07 2.04255382019409e-07 -3.21652923153343e-07 1.1437936984489e-07 6.90783075349535e-08 1.22598159211315e-07
0.0678903589823394 0.00251615333967767 7.27889543715093e-07 -1.45353871476262e-06 2.10893472527958e-06 1.74821430070595e-06 -2.75231316718582e-06 9.78469397660504e-07 5.90786323064392e-07 1.04824286415925e-06
-1.67594853363841 -0.034453627315087 -1.07637614992025e-05 2.14932126542367e-05 -3.11827219725198e-05 -2.58476898595154e-05 4.06912524725969e-05 -1.44652744337623e-05 -8.73345388520133e-06 -1.54950747039551e-05
0.0860556384217304 0.00195307963055758 5.77594445827167e-07 -1.15344399107956e-06 1.67357594887415e-06 1.38736055755976e-06 -2.18426285922103e-06 7.76545121357983e-07 4.68880597995459e-07 8.31967043898299e-07
0.0123153734008312 -0.00614635661745488 -1.80368649191655e-06 3.60161758316292e-06 -5.22527988438529e-06 -4.33128257134557e-06 6.81859857138575e-06 -2.42392934674998e-06 -1.4634522673984e-06 -2.59648287019019e-06
0.091408438334501 -0.00384123496254224 -1.13007627700057e-06 2.25649131257041e-06 -3.27367068306363e-06 -2.71350927747079e-06 4.27168558222236e-06 -1.51849536377663e-06 -9.16772189017113e-07 -1.62651354365271e-06
0.0857721448641105 0.00439059721133345 1.30587274855293e-06 -2.60769829434975e-06 3.78346078501612e-06 3.13628944561812e-06 -4.93758597678929e-06 1.7553327374406e-06 1.05983438756831e-06 1.88046326752968e-06
-0.192030972178923 -0.0145344301798682 -4.14217878072379e-06 8.27108227848598e-06 -1.19997241259585e-05 -9.94661187598058e-06 1.56585212967655e-05 -5.56637570352438e-06 -3.36068704104497e-06 -5.96254852225014e-06
0.0878719973481708 -0.00166733025168156 -4.6965944797841e-07 9.37749271933094e-07 -1.36039749874253e-06 -1.12756060479829e-06 1.77494797595666e-06 -6.30924711950905e-07 -3.80893207018611e-07 -6.75736239083506e-07
-1.45919123795553 0.29583215016146 8.72551464001825e-05 -0.000174228785088516 0.00025276921456047 0.000209519018403755 -0.000329833197392688 0.000117249638173998 7.07884540197265e-05 0.000125591902195156
0.100330280193346 -0.00146467050382154 -4.29522074968798e-07 8.57643403934516e-07 -1.24423790544304e-06 -1.03132393086622e-06 1.62352286087916e-06 -5.77122401414881e-07 -3.48426531881951e-07 -6.18162696066975e-07
-0.69461831725823 0.064108256169546 1.84622594298311e-05 -3.68655653806448e-05 5.34850452400384e-05 4.43341952715998e-05 -6.9793817128205e-05 2.48108291133483e-05 1.49795712342106e-05 2.65769895350391e-05
0.119122273947435 0.0055557798612052 1.63105008592754e-06 -3.25703756885193e-06 4.72556401481785e-06 3.91723417253613e-06 -6.16704420659069e-06 2.19240518727418e-06 1.3237267899575e-06 2.34868184820064e-06
0.0773953035567095 -0.000145536287246843 -3.68195043267964e-08 7.34404462856646e-08 -1.06430870769693e-07 -8.81240170873322e-08 1.38577329013699e-07 -4.92079728659035e-08 -2.96764471893426e-08 -5.25939842326626e-08
-0.131885886182741 -0.0137458249907084 -4.00702784389834e-06 8.00123458172176e-06 -1.16082583661428e-05 -9.6221500466056e-06 1.51477747849498e-05 -5.3848271516625e-06 -3.25108606952016e-06 -5.76810906656651e-06
-1.11410232468084 0.12425094326669 3.55561185116564e-05 -7.09974336040523e-05 0.000103002169493117 8.53778248380431e-05 -0.000134405010196212 4.77784475118691e-05 2.88457870704522e-05 5.11777337362733e-05
0.102766183144405 0.00128306807279355 3.81139327001329e-07 -7.61142439617858e-07 1.10439269017916e-06 9.15537447085878e-07 -1.44145251103315e-06 5.12472784549346e-07 3.09438999128366e-07 5.49069832214479e-07
0.0815539472812541 0.0027250087660138 8.09009728231767e-07 -1.6155289038859e-06 2.34396506323073e-06 1.94304357415124e-06 -3.05904303200725e-06 1.08751403871537e-06 6.56625779141043e-07 1.16506265406533e-06
-1.5619726237532 -0.00755032672354893 -2.14480611793601e-06 4.28498229838151e-06 -6.21992794417014e-06 -5.1584186870414e-06 8.12492504571561e-06 -2.88980338002017e-06 -1.74562473184161e-06 -3.09871530414971e-06
0.365881682072002 0.0036028061871196 1.10472415704415e-06 -2.20632635099223e-06 3.20155554245992e-06 2.65428365349526e-06 -4.17931617644683e-06 1.48596778074697e-06 8.97319941223528e-07 1.59233164091671e-06
-2.35404073191002 0.447259725958579 0.000130936363123614 -0.000261449157270489 0.000379305929119256 0.000314403241701953 -0.000494943977038858 0.000175942718783058 0.000106223432005952 0.000188459334862397
-0.271643486361794 0.00853534038354529 2.39449558223595e-06 -4.78117939558968e-06 6.93635724780241e-06 5.74940430392938e-06 -9.05077804390454e-06 3.217326685287e-06 1.94239793159302e-06 3.44611330260824e-06
-0.700779675512998 -0.0678958649997694 -1.97663132147335e-05 3.94697588365192e-05 -5.72636052672107e-05 -4.74665755199083e-05 7.4725488366311e-05 -2.65641453096867e-05 -1.60382400687613e-05 -2.84554769168476e-05
0.0942530292905293 -0.00128224053284496 -3.6418041883094e-07 7.2717435860583e-07 -1.05495985616957e-06 -8.74436538108295e-07 1.37655102930472e-06 -4.89330770984456e-07 -2.95424509071025e-07 -5.24129751166604e-07
0.158387839266141 -0.000838917719147438 -2.47284498471454e-07 4.93674056926589e-07 -7.16076013826646e-07 -5.93434668542638e-07 9.34024663310833e-07 -3.31963196664862e-07 -2.00380405233562e-07 -3.5544207174668e-07
1.63791863145065 0.01124412840391 3.3403373213444e-06 -6.67066095828876e-06 9.67882937096783e-06 8.02364683860804e-06 -1.26325906422969e-05 4.49116772787432e-06 2.71181388050955e-06 4.81181341796612e-06
-2.08688601492793 -0.319786926585823 -9.33480234486731e-05 0.000186397277893684 -0.00027042660681433 -0.000224158014864273 0.000352883027268803 -0.000125445040737361 -7.57373315671679e-05 -0.000134373861660877
-0.23044516633699 0.0479300300658125 1.37084594214386e-05 -2.73726092855891e-05 3.97117624966119e-05 3.29167627997175e-05 -5.18187261188824e-05 1.84205481151895e-05 1.11212127839811e-05 1.97310432958499e-05
0.0841944985032206 0.00308333258815361 9.12991691554988e-07 -1.82315812306728e-06 2.64519235760394e-06 2.19273013055528e-06 -3.45211098213546e-06 1.22724296703101e-06 7.40986216418156e-07 1.3147343248611e-06
0.146503889574574 -0.000374182982037008 -9.58872342299354e-08 1.91355787189277e-07 -2.77458287154593e-07 -2.2985214455127e-07 3.6163547153686e-07 -1.28481117426514e-07 -7.75249003644811e-08 -1.37464725144158e-07
1.31482937113374 0.00458557050877772 1.36800017922852e-06 -2.73185901157437e-06 3.96374614941086e-06 3.28585496966294e-06 -5.17323959782093e-06 1.83917490597141e-06 1.11049657654358e-06 1.97042409537465e-06
0.973172416583848 0.00242749253309328 7.27740430976528e-07 -1.45337293176746e-06 2.10888573721099e-06 1.74833252136498e-06 -2.75274930408481e-06 9.78713378804e-07 5.90987284936066e-07 1.04869461946436e-06
-1.65411215218406 0.0892044240741751 2.55345561466324e-05 -5.09856321625481e-05 7.39678023853616e-05 6.13101830093511e-05 -9.65148557628968e-05 3.43085149603047e-05 2.07130218310939e-05 3.67479656943328e-05
