0.0913407733286539 -0.00135514735671766 -9.37026534379176e-17 1.86763342309085e-16 -2.70462323701243e-16 -2.23777671058796e-16 3.51640209037704e-16 -1.24774585239966e-16 -7.51947883328898e-17 -1.33167320738923e-16
0.209316069418473 -0.00128250799795129 -8.36685832536251e-17 1.66765712418138e-16 -2.41505208296955e-16 -1.99820976600079e-16 3.13998417476539e-16 -1.11419105532798e-16 -6.71468861665704e-17 -1.18916030376911e-16
0.229754929460875 -0.00798086195098672 -5.19063777919972e-16 1.03455000586672e-15 -1.49815807177706e-15 -1.23953451465589e-15 1.94774192481117e-15 -6.9111453014398e-16 -4.16488134810449e-16 -7.37570528821811e-16
0.196215577878873 -0.0130979718536114 -8.62130286355483e-16 1.71830566832488e-15 -2.48830338390581e-15 -2.05873795855236e-15 3.23497267317043e-15 -1.14785223332869e-15 -6.91727989405047e-16 -1.22499136167603e-15
0.0889799614553301 -0.00545740238231244 -3.6583197081914e-16 7.29130778109761e-16 -1.05585575734302e-15 -8.7357176442486e-16 1.3726644525435e-15 -4.87052760047645e-16 -2.93509139333612e-16 -5.19775208436914e-16
-1.21584724454941 0.192548903652353 1.2394836354305e-14 -2.47038346680109e-14 3.57736565808151e-14 2.95976431208966e-14 -4.65074713782785e-14 1.65019074971321e-14 9.94442249409303e-15 1.76105653391455e-14
0.101842135500992 -0.00408392883020519 -2.63383451347223e-16 5.24956443141157e-16 -7.60209764456197e-16 -6.28982339208768e-16 9.88360230274423e-16 -3.50701719703663e-16 -2.11346240840002e-16 -3.74282457021987e-16
0.0644391193293468 -0.00346170135345425 -2.32319374545823e-16 4.63038499685274e-16 -6.70539184407451e-16 -5.5478671951042e-16 8.71765652607846e-16 -3.09328029261171e-16 -1.86411539932254e-16 -3.30122120445241e-16
-0.474273067682176 -0.0568657867025761 -3.8002500121451e-15 7.57410978629007e-15 -1.09679739149819e-14 -9.07436106838483e-15 1.4258620321637e-14 -5.05923410617017e-15 -3.04877970601164e-15 -5.3990285654845e-15
0.115859492128548 -0.00214205500696449 -1.48685839998784e-16 2.96346864744369e-16 -4.29147366991951e-16 -3.55064624038782e-16 5.57930575429389e-16 -1.97969709037063e-16 -1.19302990018304e-16 -2.11277002276616e-16
-1.35723862349618 0.144816996754205 8.73803003853673e-15 -1.74154324792704e-14 2.52191462533798e-14 2.08651413164908e-14 -3.2785671456273e-14 1.16330248727143e-14 7.01027780008008e-15 1.24144107685572e-14
-0.17973225035005 -0.00961336233879688 -5.73810875626257e-16 1.14366231387583e-15 -1.65615977463552e-15 -1.37025529281404e-15 2.1531413770732e-15 -7.63993085934864e-16 -4.60405293003405e-16 -8.15341408455209e-16
-0.700524191298694 0.0650735877440149 3.91815650274284e-15 -7.80903207272236e-15 1.13080578000479e-14 9.35564353611852e-15 -1.47004664133304e-14 5.21596158101053e-15 3.14319735768366e-15 5.56617976829744e-15
0.0797012352671243 -0.000637296557485162 -3.59087337104425e-17 7.15843750531722e-17 -1.03684003701948e-16 -8.58025314974272e-17 1.34852882288857e-16 -4.78592815721509e-17 -2.88473618311222e-17 -5.1096873527923e-17
-2.1491234797227 0.122126909390115 7.92458515690253e-15 -1.57945739404833e-14 2.28725549984523e-14 1.89241455757583e-14 -2.97364884904207e-14 1.05513713333163e-14 6.35860914801009e-15 1.12606553280636e-14
-0.836193168830024 -0.160264693364957 -1.03215482794031e-14 2.05712444794701e-14 -2.97887080812343e-14 -2.46454983808811e-14 3.87253492099388e-14 -1.37403850232056e-14 -8.28011672742242e-15 -1.46629828617971e-14
0.103527935945239 -0.00435148467063115 -2.81841440600156e-16 5.61740847427517e-16 -8.13471883862477e-16 -6.73044722779127e-16 1.0575894320046e-15 -3.75263309585613e-16 -2.26146101171696e-16 -4.00488838705016e-16
0.104114505037392 -0.0048670490247002 -3.10369222721316e-16 6.18598664377799e-16 -8.95807499485035e-16 -7.41165583221596e-16 1.16462899139654e-15 -4.13243253640034e-16 -2.49033599426033e-16 -4.41020148362536e-16
0.0937389027720204 -0.00301063862278028 -1.99707939446395e-16 3.98039155445772e-16 -5.76410189565842e-16 -4.76905508442316e-16 7.49384717074316e-16 -2.6590294608408e-16 -1.60241671323241e-16 -2.83776283200422e-16
0.0835984349001178 -0.00512528976989479 -3.29487471602966e-16 6.56706770607164e-16 -9.50997704914275e-16 -7.86832478756353e-16 1.23639400482329e-15 -4.38709789620773e-16 -2.64381924140447e-16 -4.68203336734166e-16
0.708706944967578 0.0163028787332292 1.1202944789017e-15 -2.23288439659193e-15 3.23352087700964e-15 2.67534586310828e-15 -4.20393510300769e-15 1.49168765258457e-15 8.98946374834473e-16 1.59198139642784e-15
0.0721818553052599 -0.00371711776415935 -2.47454248206139e-16 4.93208247754319e-16 -7.1423501131713e-16 -5.90944609924656e-16 9.28590465835112e-16 -3.29493983669357e-16 -1.98565940684714e-16 -3.5164977138113e-16
-2.12875469036506 0.624885608240836 4.01302319437184e-14 -7.99814868018171e-14 1.1581976042075e-13 9.58232033180386e-14 -1.50567246908178e-13 5.34239697693518e-14 3.21940637604254e-14 5.70116689761032e-14
0.063255203653949 -0.00532625500434834 -3.46810773745498e-16 6.91226666667199e-16 -1.00097625436738e-15 -8.28174588129394e-16 1.30134314415589e-15 -4.61750718003435e-16 -2.78264195449098e-16 -4.92782629100288e-16
-0.495072083334001 0.0507280171444489 3.27408633446473e-15 -6.52549100856944e-15 9.44956139349515e-15 7.81816696523986e-15 -1.22848549729346e-14 4.35894058846358e-15 2.62679308307027e-15 4.65177917933278e-15
0.227219477631585 -0.0118149848571459 -7.76448437723471e-16 1.54755603655264e-15 -2.24107057438315e-15 -1.85421255373239e-15 2.91363605833975e-15 -1.0338485234459e-15 -6.23035105983642e-16 -1.10335797064899e-15
0.098815664387477 -0.00862305978269474 -5.54095453738013e-16 1.10437255052767e-15 -1.59927079640889e-15 -1.32319315140334e-15 2.07920008525808e-15 -7.37760071285356e-16 -4.44598514638703e-16 -7.87352443796253e-16
0.0565917299484085 -0.00461354986080355 -3.01624501015655e-16 6.01170627142498e-16 -8.70571161659969e-16 -7.20287097323234e-16 1.13182373385241e-15 -4.01603770224599e-16 -2.42019725767077e-16 -4.28599894753585e-16
0.628899002120161 -0.0137634603594461 -9.21229328584161e-16 1.83610812489687e-15 -2.6589130516879e-15 -2.19990969648474e-15 3.45682484620258e-15 -1.22657954736107e-15 -7.39176346542795e-16 -1.30902733534045e-15
0.0915039741383625 -0.00440618649775973 -2.88795265271579e-16 5.7560465372656e-16 -8.33554329577149e-16 -6.89665278611801e-16 1.08371382905198e-15 -3.84535723676692e-16 -2.31735606143272e-16 -4.10390365678243e-16
0.0958073510004425 -0.00564436200765476 -3.64523753418977e-16 7.26543507300367e-16 -1.05213823837404e-15 -8.70520127406618e-16 1.36790718602508e-15 -4.85378200443466e-16 -2.92508102645505e-16 -5.1801680104542e-16
0.58214197325769 -0.0118423252342558 -7.98038526150614e-16 1.59056796845274e-15 -2.30332909421309e-15 -1.90570024213496e-15 2.99450462135755e-15 -1.06253001992574e-15 -6.40311687478576e-16 -1.13393970118285e-15
-0.034102902385434 0.053291503772068 3.80693871809951e-15 -7.58751082581989e-15 1.09874812656516e-14 9.09058443882511e-15 -1.42842441466899e-14 5.06837273542965e-15 3.05431499978079e-15 5.40888085665784e-15
0.56144965537123 0.00711520881998223 4.95925476188816e-16 -9.8845677220401e-16 1.43144389184641e-15 1.18436567465785e-15 -1.86109737561221e-15 6.60386525889224e-16 3.9798005553e-16 7.04811082673572e-16
0.0952818032762846 -0.00473387413247738 -3.09666224127993e-16 6.17194483083297e-16 -8.93769682396421e-16 -7.39475920734558e-16 1.16196823908685e-15 -4.12297119560599e-16 -2.48462209129406e-16 -4.40006098535146e-16
0.174422838817092 -0.00568933850795216 -3.7865965404604e-16 7.54712308907573e-16 -1.09292213033999e-15 -9.04256922328621e-16 1.42090900806875e-15 -5.04181047922729e-16 -3.03837073710247e-16 -5.38075633290127e-16
0.342603424421956 -0.0234386849957288 -1.53174843721401e-15 3.05292427467493e-15 -4.42099480961701e-15 -3.65779037204705e-15 5.74763819867436e-15 -2.03941615526554e-15 -1.2290124612683e-15 -2.17648174740889e-15
0.0561879078271637 0.000637600541925622 3.63603144900149e-17 -7.24642468174842e-17 1.0492894689456e-16 8.68083843540773e-17 -1.36395432836816e-16 4.83931396627366e-17 2.91609562734233e-17 5.16378354416225e-17
-0.00736936639986387 -0.0278808239783514 -1.8056390629202e-15 3.598797281417e-15 -5.21145764465674e-15 -4.31177286967932e-15 6.77523465268246e-15 -2.40402306101416e-15 -1.44872820645596e-15 -2.56556790596991e-15
0.079899659703406 -0.00367574846617741 -2.42679414686103e-16 4.8368519145751e-16 -7.00435309100087e-16 -5.79519568815204e-16 9.1062586840234e-16 -3.23115420075389e-16 -1.94719472473444e-16 -3.44833457561011e-16
0.0925529181143619 -0.00467017048689467 -3.07285507342197e-16 6.12456517350502e-16 -8.86918737274025e-16 -7.33816097093464e-16 1.15308797030604e-15 -4.09150862944106e-16 -2.46569014933802e-16 -4.36658421995902e-16
0.111991507153832 -0.000317953886114909 -2.85506766895753e-17 5.69243420599589e-17 -8.24622117843202e-17 -6.82506406540659e-17 1.07282836461501e-16 -3.80802283876652e-17 -2.29563479649246e-17 -4.06681414009241e-17
0.0744527747800772 0.00113692529786328 6.44954114702185e-17 -1.28531164436085e-16 1.86107314760384e-16 1.53961902237313e-16 -2.41899452867799e-16 8.58227282986676e-17 5.17134765712042e-17 9.15700509666579e-17
0.135419034838215 -0.00812418566882444 -5.32413048987703e-16 1.06114898912645e-15 -1.53666579698935e-15 -1.27138569149973e-15 1.99777703518186e-15 -7.08863372028995e-16 -4.2718112415359e-16 -7.56501657881568e-16
0.00436446602725 0.0290697617259014 1.82852338241548e-15 -3.64432264006505e-15 5.27726016992154e-15 4.36611354088694e-15 -6.86046174098396e-15 2.43420690405111e-15 1.46688352255246e-15 2.59765865113411e-15
-2.23830423594126 -0.260658195973759 -1.73910609438547e-14 3.46610163897464e-14 -5.01916988991737e-14 -4.15257353443876e-14 6.52491065009511e-14 -2.31514196891326e-14 -1.39513002075008e-14 -2.47058642673281e-14
0.177448105040451 -0.0190935193752405 -1.25532759837728e-15 2.50198930118337e-15 -3.62317412631896e-15 -2.99769745227436e-15 4.71040439840507e-15 -1.67137696219351e-15 -1.00722066539156e-15 -1.78370551744507e-15
-1.82826942895083 -0.28780108424704 -1.82332807240356e-14 3.63395803439513e-14 -5.26223674123157e-14 -4.35367184031897e-14 6.84089304852232e-14 -2.42725683259386e-14 -1.46269124230587e-14 -2.59022744628256e-14
1.66523972605506 0.431677894489302 2.93442313617928e-14 -5.84859270286305e-14 8.4694538238269e-14 7.00735734783567e-14 -1.10109535015151e-13 3.90698203799601e-14 2.35446315559353e-14 4.16956448214072e-14
0.354583602893273 -0.0120254886454786 -7.95214599975096e-16 1.58493686944246e-15 -2.29517063198088e-15 -1.89894690830102e-15 2.98388766908736e-15 -1.05876101012279e-15 -6.38039267492674e-16 -1.12991347491112e-15
0.0672350985000507 -0.00420189667911401 -2.83788880582643e-16 5.65619969757142e-16 -8.19085959136365e-16 -6.77686858116343e-16 1.06487945910431e-15 -3.77848462794752e-16 -2.27703060991583e-16 -4.03244442736588e-16
-0.166288086185959 -0.0231545108376173 -1.46503411272034e-15 2.91991265892266e-15 -4.22831536196683e-15 -3.49832146725351e-15 5.49697626020252e-15 -1.95044554694647e-15 -1.17537864681725e-15 -2.08146961105829e-15
0.186423418193572 -0.00526232566121664 -3.51732971070095e-16 7.01037962420067e-16 -1.01518543842643e-15 -8.39931866086406e-16 1.3198194980633e-15 -4.68307211286041e-16 -2.82215686526355e-16 -4.99781028774883e-16
0.0910192449136064 -0.00226390942486104 -1.43493635414944e-16 2.86000335373126e-16 -4.14167325499013e-16 -3.42673057645869e-16 5.38463028129991e-16 -1.91063461701046e-16 -1.1514190057179e-16 -2.03909499246156e-16
0.0741151824422265 -0.00348548208619617 -2.36238772676038e-16 4.7085225813448e-16 -6.8185734807507e-16 -5.64153423457288e-16 8.86487741013607e-16 -3.14553168559429e-16 -1.89561175628341e-16 -3.35701309626511e-16
0.0984856764015751 -0.00737220614020782 -4.80684356063852e-16 9.58056101901574e-16 -1.38738591432898e-15 -1.14788519610481e-15 1.80372959648446e-15 -6.40015114955402e-16 -3.85694128860179e-16 -6.83036853998183e-16
0.0944225354621768 0.000470190549563543 2.92449218851897e-17 -5.82775801230625e-17 8.43777454141794e-17 6.97989891973115e-17 -1.09658456330541e-16 3.89028054109838e-17 2.3439788433239e-17 4.15025461705025e-17
-0.110390215294163 -0.00842729781926014 -5.54542090510918e-16 1.10525161187204e-15 -1.60052766542577e-15 -1.32421971215224e-15 2.08079221406789e-15 -7.383175685664e-16 -4.44930000099434e-16 -7.87931546540096e-16
-0.29032214336089 0.0273782790061394 1.7269370646198e-15 -3.44188190404707e-15 4.98414657038491e-15 4.12363749013747e-15 -6.4795068802047e-15 2.29905443097933e-15 1.38544901800103e-15 2.45346663395762e-15
0.109668690244663 -0.00647947637451198 -4.22170613884172e-16 8.41430308902648e-16 -1.2184948274214e-15 -1.00814746603929e-15 1.58414976951012e-15 -5.62100843538697e-16 -3.38739805582489e-16 -5.99882983703445e-16
0.079143177017503 -0.00758853549899255 -5.0495722211e-16 1.00643666243747e-15 -1.45745010772378e-15 -1.20585691790763e-15 1.89482743704912e-15 -6.72340655479197e-16 -4.05175410033283e-16 -7.17538320315416e-16
-1.79238667937359 -0.0569775157222477 -3.19137619185074e-15 6.36035401343244e-15 -9.21000698063967e-15 -7.6196225780071e-15 1.19723322019865e-14 -4.24785688365038e-15 -2.55973488768295e-15 -4.53281930344109e-15
-1.11594955548443 -0.211216059050138 -1.37343454634457e-14 2.73735208406129e-14 -3.96395522916992e-14 -3.27960586456884e-14 5.15331120362397e-14 -1.82850818023886e-14 -1.10189812198993e-14 -1.95134603134977e-14
0.117758058051688 -0.00644863684975061 -4.29114596892084e-16 8.55262974185918e-16 -1.23851548529929e-15 -1.02470308892761e-15 1.61015042992596e-15 -5.71321650414071e-16 -3.44293568562069e-16 -6.09712993219523e-16
0.116912956504495 -0.00126520884803946 -5.93559969592812e-17 1.18318396724456e-16 -1.71362321648352e-16 -1.41799022040669e-16 2.22845022863561e-16 -7.90821498568594e-17 -4.76637267542439e-17 -8.44200955845503e-17
-1.47966692230475 -0.250334443607978 -1.62592584635779e-14 3.2405429250681e-14 -4.69256403881546e-14 -3.88237490453427e-14 6.1003750418332e-14 -2.16451909762153e-14 -1.30436851007652e-14 -2.30986979662996e-14
-2.33984060663087 -0.437694642088489 -2.77339689284125e-14 5.52747280888921e-14 -8.0041752825796e-14 -6.62218638117558e-14 1.04053815649709e-13 -3.69198937673077e-14 -2.22483020584594e-14 -3.93986746369186e-14
0.075085667881999 -0.00150533973620681 -1.05596248009651e-16 2.10470937534121e-16 -3.04797340240204e-16 -2.52188365534549e-16 3.96287821349455e-16 -1.40618425202327e-16 -8.47437610151015e-17 -1.5007956194267e-16
0.0680451413001474 -0.00571125740840931 -3.8077231531769e-16 7.58915146593376e-16 -1.09899689029198e-15 -9.09273514806741e-16 1.42877690539547e-15 -5.06967507317808e-16 -3.05513093322637e-16 -5.41038090757071e-16
-1.6720086146244 0.0100007577366524 7.14959767307727e-16 -1.42520697160026e-15 2.06418994800734e-15 1.70811148794521e-15 -2.68444537065576e-15 9.52661796339717e-16 5.74191721063643e-16 1.01700576490398e-15
0.0699894521603095 -0.00514980645225123 -3.47768966704406e-16 6.9313760746292e-16 -1.00374521532309e-15 -8.30466939688525e-16 1.30494741461305e-15 -4.63030391869592e-16 -2.79035836251516e-16 -4.94149977968421e-16
-0.0317245285420491 0.000557276073792331 4.59670809513103e-17 -9.16092731022448e-17 1.32650022971001e-16 1.0974128736264e-16 -1.72426720565163e-16 6.11765389228411e-17 3.68637260641528e-17 6.52772519896366e-17
0.0650368352723754 0.000190405776836006 3.11503018369037e-18 -6.19967478319971e-18 8.96499310219767e-18 7.40670177336402e-18 -1.1621724320491e-17 4.11776075094041e-18 2.47790500070911e-18 4.38182982591893e-18
0.0867116212139204 -0.0031053373556001 -2.00426458637036e-16 3.9946221276173e-16 -5.78457880034145e-16 -4.78588893022492e-16 7.52012903936175e-16 -2.66829470315137e-16 -1.60796390152875e-16 -2.84752213249699e-16
-0.365864785248588 -0.0280805784258419 -1.80429999535196e-15 3.5960766941494e-15 -5.20744305155362e-15 -4.30838938397756e-15 6.76982071146717e-15 -2.40206751380199e-15 -1.44752892328964e-15 -2.563407214281e-15
0.0865754862884233 -0.00514690733410114 -3.26324402609387e-16 6.50393850221753e-16 -9.41843375315733e-16 -7.79248155886484e-16 1.2244602232002e-15 -4.34469608697594e-16 -2.6182319747754e-16 -4.63665896445393e-16
-1.15552888842301 0.118660352850165 7.26383381531919e-15 -1.44772285106785e-14 2.09642989935958e-14 1.73448318599007e-14 -2.72540874449325e-14 9.67027930274619e-15 5.82747458281643e-15 1.03197712137342e-14
0.0756883671383545 -0.00283743351967024 -1.87795631733359e-16 3.74299369567432e-16 -5.42035951432359e-16 -4.4846848064555e-16 7.0470533796903e-16 -2.50051244726041e-16 -1.50690016150849e-16 -2.66862930553532e-16
-0.538474216002322 0.0548823773858182 3.70555757545681e-15 -7.38554546641168e-15 1.06951522815628e-14 8.84883715618128e-15 -1.39045595085526e-14 4.93371535160602e-15 2.97320559474625e-15 5.26531192482702e-15
0.162885147741805 -0.00420032235275589 -2.78419766130397e-16 5.54919891841689e-16 -8.03592564746211e-16 -6.64869426247366e-16 1.04474095384994e-15 -3.70703512013144e-16 -2.23397743144259e-16 -3.95620853636887e-16
0.0870788947002126 -0.00257971737429258 -1.69690384075643e-16 3.38214775526741e-16 -4.89782550067475e-16 -4.05236797645015e-16 6.3677535215836e-16 -2.25948487364445e-16 -1.36165357552207e-16 -2.41141598828261e-16
-0.535965122748529 -0.109409086952547 -7.19213145047384e-15 1.43345045207437e-14 -2.07578869189028e-14 -1.71742757476373e-14 2.69864354338754e-14 -9.57543335379561e-15 -5.77039243749082e-15 -1.02188158669409e-14
-1.59486883493802 0.287345476145067 1.81136497691894e-14 -3.6101344549143e-14 5.22776640497671e-14 4.3251761926505e-14 -6.79615438364819e-14 2.41139574364239e-14 1.45314095028723e-14 2.5733289413073e-14
0.0880215135906931 -0.00302953993763119 -2.00347689372437e-16 3.99312929599452e-16 -5.78252867057994e-16 -4.78428510137565e-16 7.51775403225429e-16 -2.6675034886845e-16 -1.60751812668668e-16 -2.8467876569668e-16
0.0934019825107025 -0.00458265395629268 -2.97158384515683e-16 5.92280327157611e-16 -8.57713041026765e-16 -7.09662004454329e-16 1.11514899280184e-15 -3.95694544153265e-16 -2.38463122448998e-16 -4.22309355416483e-16
-1.51385384643943 0.0150511543229853 7.60256480177749e-16 -1.5153260668826e-15 2.19445887286171e-15 1.81569807878686e-15 -2.85319613051287e-15 1.01243102022993e-15 6.10145285595784e-16 1.08056125284612e-15
0.19026101708757 -0.00267306133020857 -1.70611557330335e-16 3.40056619808588e-16 -4.92458240301211e-16 -4.07457598227303e-16 6.40276021492487e-16 -2.27194534469328e-16 -1.3691862269842e-16 -2.42479751498882e-16
-2.36444857884357 0.555418421455327 3.51190555552531e-14 -6.9993455975299e-14 1.01355526263651e-13 8.3855636887889e-14 -1.31761609803466e-13 4.67510473280112e-14 2.81726561077824e-14 4.98898909439387e-14
-0.966444325277197 0.132070443708173 8.48393748153674e-15 -1.69089447639279e-14 2.44856105555858e-14 2.02581696700505e-14 -3.1831805529075e-14 1.12945300204647e-14 6.80626811861276e-15 1.20530859631334e-14
-0.745641742893202 -0.0510846812809477 -3.07919744676227e-15 6.13685650986606e-15 -8.88648033455222e-15 -7.35204965546649e-15 1.15520451947095e-14 -4.09878508812292e-15 -2.4699343594142e-15 -4.37385101248835e-15
0.0919672618389143 -0.00500196982472392 -3.19277721223256e-16 6.36351735964849e-16 -9.21512516875061e-16 -7.62430180008715e-16 1.19803835652377e-15 -4.25096167669829e-16 -2.56175537204723e-16 -4.53666210751904e-16
0.418914302513724 -0.011237775481367 -7.38676035947137e-16 1.47226109044408e-15 -2.13201887668043e-15 -1.76397363954704e-15 2.77181945324469e-15 -9.83520934789854e-16 -5.92701841635956e-16 -1.04963246885431e-15
1.04681596457971 0.0175240392794523 1.21511115664149e-15 -2.42187830527584e-15 3.50722811078072e-15 2.90182050796914e-15 -4.55983241721137e-15 1.61797960159307e-15 9.75059688134764e-16 1.72678264371711e-15
-1.26777850795664 -0.156983252843527 -9.80977055329687e-15 1.95509727338049e-14 -2.83108739188996e-14 -2.34224874083045e-14 3.68031128703459e-14 -1.3058157853153e-14 -7.86888632631063e-15 -1.39345497100126e-14
-0.255490642072624 0.0258706558123004 1.62957488534462e-15 -3.24781000461334e-15 4.70307921490856e-15 3.89106786809522e-15 -6.11402372678992e-15 2.16935813994669e-15 1.30728232436453e-15 2.31502579137934e-15
0.0568126117811841 -0.00484898664375289 -3.19811676817042e-16 6.37418833809001e-16 -9.23061959037485e-16 -7.6371557909839e-16 1.20006356195978e-15 -4.25816682123606e-16 -2.56610895696845e-16 -4.54439240816623e-16
0.173338961326023 -0.0093485530476963 -6.25089881647566e-16 1.24588071326837e-15 -1.80420483936785e-15 -1.49276023796505e-15 2.34566547724093e-15 -8.32315373752808e-16 -5.01584093386054e-16 -8.8827595483141e-16
1.94262849270486 0.0397238004161597 2.69996974689595e-15 -5.38129240307378e-15 7.79273073865075e-15 6.44744407856328e-15 -1.01311162783776e-14 3.59478431767667e-15 2.16631883076276e-15 3.83636767480994e-15
1.28477931359188 0.0203397705886427 1.3991530135632e-15 -2.78873873348206e-15 4.03855343854298e-15 3.34147853303815e-15 -5.25077394277008e-15 1.86317561708609e-15 1.12284100152666e-15 1.98852496445705e-15
-2.11656008013985 0.170561655643652 1.10335950416733e-14 -2.19909956612715e-14 3.18455044759877e-14 2.63479122721548e-14 -4.14015011242401e-14 1.46903380883032e-14 8.8528171270127e-15 1.56775974211113e-14
