0.0903012087553078 -0.000685528859727311 -2.82860065948187e-08 5.6470280994729e-08 -8.19112721045758e-08 -6.78831918671252e-08 1.06844620818163e-07 -3.79742254911713e-08 -2.29223534938598e-08 -4.06609781795955e-08
0.286637504071344 0.00203918946128006 8.23211146840426e-08 -1.64342098527872e-07 2.38375613249114e-07 1.9754665389991e-07 -3.10920497627153e-07 1.10503207113924e-07 6.67013198480764e-08 1.18315680574668e-07
0.147809714028751 -0.000740262677383435 -3.29756740914344e-08 6.5836790969345e-08 -9.55034452401241e-08 -7.91524363032595e-08 1.24589475901742e-07 -4.42837396171375e-08 -2.6732602190643e-08 -4.74227264942594e-08
0.156942133867787 -0.0036692788691537 -1.47773287394111e-07 2.9502364699329e-07 -4.27950099433784e-07 -3.54669871903626e-07 5.58248145050029e-07 -1.98415746049491e-07 -1.19773019507786e-07 -2.12466370289174e-07
0.10508178493821 -0.00469581365122756 -1.94980575581449e-07 3.89258952280528e-07 -5.64626533316044e-07 -4.67927769422215e-07 7.36492248362861e-07 -2.61760069396193e-07 -1.58005655782019e-07 -2.80278771307118e-07
-0.767740308962214 0.0884695428683679 3.59741202500079e-06 -7.18164240838333e-06 1.0416763011168e-05 8.63250132288454e-06 -1.35866487525219e-05 4.82874085020079e-06 2.91467051468083e-06 5.1700336968908e-06
0.0617353723775305 0.00295090424949671 1.2259163905663e-07 -2.44732227439591e-07 3.54974278886587e-07 2.94169383370282e-07 -4.6298815274981e-07 1.64546307604007e-07 9.93208487868169e-08 1.76173685276423e-07
0.0781842313754923 -0.00152648890259155 -5.96885606651984e-08 1.19163628402101e-07 -1.72850938904759e-07 -1.43249999710123e-07 2.2547029934432e-07 -8.01364146876378e-08 -4.8373163936905e-08 -8.58079283302814e-08
-0.0265889209755712 -0.0067673013892505 -2.69803339835545e-07 5.38634760003607e-07 -7.81298236753141e-07 -6.47491653638151e-07 1.01911531939172e-06 -3.6220825235037e-07 -2.1863886836545e-07 -3.87832980499026e-07
0.0976002031649729 -0.00305008286206925 -1.25631968559974e-07 2.50820547735315e-07 -3.63832483275678e-07 -3.01532891001686e-07 4.74613116650431e-07 -1.68690504332627e-07 -1.01829955743583e-07 -1.80637872440324e-07
-0.606640062335498 -0.0445242400417271 -1.8727976418013e-06 3.73873392656496e-06 -5.42292597847659e-06 -4.49404748677066e-06 7.07315967362663e-06 -2.51382547953637e-06 -1.51736759276375e-06 -2.69150271189812e-06
-0.986457705216618 -0.269690532021108 -1.13209854768263e-05 2.26006720939802e-05 -3.27818823746428e-05 -2.71669750574614e-05 4.27583073532718e-05 -1.51965702421931e-05 -9.17285815314217e-06 -1.62709200222994e-05
-0.819816793152019 0.066753644933124 2.69280659708314e-06 -5.37569797711222e-06 7.79722327515423e-06 6.4615981007887e-06 -1.01697842112231e-05 3.6143431979874e-06 2.18162979979632e-06 3.86973354316534e-06
0.079193078948664 -0.00376341312597721 -1.54882816514608e-07 3.09210676953852e-07 -4.4851930237861e-07 -3.71708641229004e-07 5.85054065278801e-07 -2.07938641145778e-07 -1.25518696571426e-07 -2.22653730873616e-07
-1.9263895402491 0.228305564642817 9.36782818676431e-06 -1.87013170886141e-05 2.7125695558749e-05 2.24793855032337e-05 -3.53801615426465e-05 1.25742196853434e-05 7.58990420499655e-06 1.3462939121979e-05
-0.951537417394567 -0.175047914223194 -7.17700424074079e-06 1.43276739297913e-05 -2.07818204256337e-05 -1.72221096099254e-05 2.7105719170839e-05 -9.63343953280739e-06 -5.81481411188504e-06 -1.03142732396254e-05
0.0769972706077046 -0.00176673516766269 -6.9653394256241e-08 1.39063746789812e-07 -2.01725582457491e-07 -1.67187148328849e-07 2.63158028902908e-07 -9.35354440789019e-08 -5.64637628757153e-08 -1.00164022326677e-07
0.0373968490303002 -0.0011275530772753 -4.56438676379975e-08 9.11282124408398e-08 -1.32190022454416e-07 -1.09556806130613e-07 1.72445502778703e-07 -6.12929095031384e-08 -3.70000762847339e-08 -6.56361860110423e-08
0.0870298174788927 -0.00610749028453712 -2.52076544654748e-07 5.03249001560776e-07 -7.2997639824717e-07 -6.04964064407431e-07 9.52186809614872e-07 -3.38423567933342e-07 -2.04283390436254e-07 -3.62371347278889e-07
0.0672610359266163 0.00105516342845366 4.44603942494718e-08 -8.87628377515311e-08 1.28755104528452e-07 1.06706922033739e-07 -1.67954850555551e-07 5.96950556856188e-08 3.60344740802541e-08 6.39214101912388e-08
1.54835689902264 0.00573621209844625 2.49949831185649e-07 -4.99020243305492e-07 7.23867193412234e-07 5.99921588453148e-07 -9.44282439141089e-07 3.35625689272897e-07 2.02601425490326e-07 3.5940005340257e-07
0.0906463518589789 0.00246974135677721 1.06055357523638e-07 -2.11723222780382e-07 3.07099982772169e-07 2.54498924393133e-07 -4.00556639158294e-07 1.42359932828789e-07 8.59301624529609e-08 1.52423464231971e-07
-1.81620153588816 0.544775915605898 2.26348299405827e-05 -4.51868829608247e-05 6.55424912880404e-05 5.43160736759077e-05 -8.54880905658592e-05 3.03828648199262e-05 1.83394304731266e-05 3.25305424049526e-05
0.0619295108946023 0.00345050412952317 1.41852357582614e-07 -2.83200310799575e-07 4.10796092647358e-07 3.40450317877495e-07 -5.35862057314823e-07 1.904575199413e-07 1.14968075128505e-07 2.03941087545673e-07
-0.905801847404928 0.148667161309608 5.78497777159186e-06 -1.1548764548994e-05 1.67511555749894e-05 1.3881898968666e-05 -2.1848660250502e-05 7.76509186870184e-06 4.68708041280665e-06 8.31393351801019e-06
0.0998487930022931 -0.00205349189314744 -8.37885384152878e-08 1.67272223169741e-07 -2.42626624246575e-07 -2.01070309026151e-07 3.16467604538907e-07 -1.12475110883523e-07 -6.78918462841694e-08 -1.20427908895196e-07
0.0724610294827359 0.000571832382636842 2.90701594356176e-08 -5.8033388208674e-08 8.41751402815521e-08 6.97564917809519e-08 -1.09788596176569e-07 3.90189598951714e-08 2.35520198650945e-08 4.17762027466639e-08
0.0599278511610098 -0.00392539736208207 -1.62211640473065e-07 3.23834371465613e-07 -4.69720247711274e-07 -3.89269595038196e-07 6.12679727033844e-07 -2.17752120814566e-07 -1.314393177115e-07 -2.33150599044224e-07
0.960101780130019 -0.00245605669001203 -9.7490814560009e-08 1.94627014698946e-07 -2.82304602205123e-07 -2.33952483584108e-07 3.68221538813242e-07 -1.3086893694287e-07 -7.89947048237324e-08 -1.40122450987068e-07
0.0963601253397709 -0.0024391086803896 -9.32818325843219e-08 1.86217432616508e-07 -2.70096534667115e-07 -2.23827040303669e-07 3.52271831102185e-07 -1.25195620280328e-07 -7.55673817313867e-08 -1.3403800353307e-07
0.0935172889533856 -0.00454162663143448 -1.82273000903498e-07 3.63888684500395e-07 -5.27825259980984e-07 -4.37428073665714e-07 6.88485754288801e-07 -2.44697267880456e-07 -1.47705715650442e-07 -2.62007557544689e-07
0.764754125247185 -0.00608877561949853 -2.56368078142982e-07 5.11825292566503e-07 -7.42429040903289e-07 -6.15294485207885e-07 9.68462743258918e-07 -3.44214110868261e-07 -2.07782247835996e-07 -3.68584057969306e-07
0.149483221685615 0.0155719167689384 6.58067063626148e-07 -1.31373076700813e-06 1.90553969191045e-06 1.57915402164305e-06 -2.48543726792592e-06 8.83338130130105e-07 5.33193893841646e-07 9.45783413295195e-07
0.798351135747595 0.00198162062977306 8.17633866685325e-08 -1.63242955039905e-07 2.36802038506495e-07 1.96259771449732e-07 -3.0892209098415e-07 1.09802568427908e-07 6.62842048363392e-08 1.17586087328425e-07
0.0865534271581387 0.00704946331444852 2.90963314674284e-07 -5.8087038873802e-07 8.42549939648236e-07 6.98243542723976e-07 -1.0989806057312e-06 3.90588078714489e-07 2.35766424835798e-07 4.18208897267127e-07
0.105146595845946 -0.00290381189159064 -1.16885431624153e-07 2.33351530165844e-07 -3.38482588548076e-07 -2.80515508771267e-07 4.41518845091844e-07 -1.56923313128695e-07 -9.47239307670796e-08 -1.68027471219812e-07
0.642864090442394 -0.00859153999453303 -3.62818807219231e-07 7.24305847366718e-07 -1.05058115063238e-06 -8.7062689963012e-07 1.37027073742057e-06 -4.86997287463482e-07 -2.93954911029696e-07 -5.21414657633739e-07
0.119607247660054 0.00205078361961199 8.11352490007635e-08 -1.61974187747437e-07 2.34940267392944e-07 1.94699110463473e-07 -3.06437774076335e-07 1.08909680500262e-07 6.57392411257034e-08 1.16608772514536e-07
-0.0846636095414026 -0.0654011334542051 -2.69221035250395e-06 5.37461642611092e-06 -7.79581227436386e-06 -6.46055953539567e-06 1.01683554174926e-05 -3.61390855034638e-06 -2.18141159967476e-06 -3.86942483252113e-06
0.0777387806948683 0.00547344352466824 2.22998849836501e-07 -4.45185312977675e-07 6.4573517627094e-07 5.35134467567833e-07 -8.42254282525122e-07 2.99343192860248e-07 1.8068810533086e-07 3.20507412150563e-07
0.0860313770062454 0.00249856819790789 1.01572666974041e-07 -2.02779136957237e-07 2.94133910256183e-07 2.43759631627147e-07 -3.83663334716334e-07 1.36359269118181e-07 8.23100851322531e-08 1.46005687347966e-07
0.0725532041370297 0.00330382025403464 1.40278402587183e-07 -2.80049501977689e-07 4.06213365232359e-07 3.3664213604559e-07 -5.29851980462127e-07 1.88315689694735e-07 1.13671728957075e-07 2.01635390881042e-07
0.0678581051213852 -0.00430859185016038 -1.70770907710815e-07 3.40921606295201e-07 -4.94504875303129e-07 -4.09809000129719e-07 6.45006708231066e-07 -2.29241280815825e-07 -1.38374301169607e-07 -2.45451896368699e-07
0.183832635725263 0.00135540274106933 5.47084964126329e-08 -1.09215674187796e-07 1.58412910188928e-07 1.3127772250006e-07 -2.06615698949925e-07 7.34313398530595e-08 4.43234549045219e-08 7.86201905163928e-08
-0.106840976349217 0.0195974462057368 7.93437054416281e-07 -1.5839616570168e-06 2.29748276679895e-06 1.90394642284145e-06 -2.9966016098564e-06 1.06499887564228e-06 6.42840616525681e-07 1.14026502950668e-06
-2.37503774064478 -0.380085801233452 -1.53071883227063e-05 3.05584115935164e-05 -4.43242646535061e-05 -3.67322190236149e-05 5.78128814841823e-05 -2.05469763980716e-05 -1.24023861043856e-05 -2.1999403714533e-05
0.801117113967588 -0.0135284160514762 -5.76300180620549e-07 1.1504875645011e-06 -1.66874706680365e-06 -1.3829101556396e-06 2.17655297531711e-06 -7.73553535418713e-07 -4.66923280494706e-07 -8.2822630252526e-07
-2.23018484554619 -0.578115917355115 -2.41644819368618e-05 4.82401624435807e-05 -6.99705755832618e-05 -5.79851779175865e-05 9.12620806235129e-05 -3.24346782021774e-05 -1.95777527647691e-05 -3.47267725465099e-05
2.16227369071319 0.0603933284618331 2.55115581908839e-06 -5.09307345938569e-06 7.38751386109177e-06 6.12225678746758e-06 -9.6359957422616e-06 3.4247392797425e-06 2.06724737811188e-06 3.6669561986199e-06
0.339056647182511 -0.00364070387120091 -1.49603129723066e-07 2.98666836071508e-07 -4.33220237959124e-07 -3.59025532892776e-07 5.65084974544726e-07 -2.00838995506961e-07 -1.21231740661551e-07 -2.15046797101624e-07
0.0867238422170876 -0.00265522232771395 -1.05679387577156e-07 2.10979081654179e-07 -3.06029941835558e-07 -2.53619886872387e-07 3.99185276124891e-07 -1.41876863516026e-07 -8.56411840059307e-08 -1.51915498667157e-07
-0.0771262226244473 -0.00267535839861665 -9.74643157935177e-08 1.94576477611938e-07 -2.82234727463366e-07 -2.33897417813071e-07 3.6813934207575e-07 -1.30841312426987e-07 -7.8978989573227e-08 -1.40096276746479e-07
0.20863735396266 -0.0080441753469127 -3.31898581985231e-07 6.62609440479246e-07 -9.61136905024427e-07 -7.96540293596576e-07 1.25372437736882e-06 -4.45596987864481e-07 -2.68977802338242e-07 -4.77132469177773e-07
0.101161358651779 -0.00444086726487343 -1.83427092321015e-07 3.66195987818207e-07 -5.31176794869316e-07 -4.40209559484284e-07 6.92869858887765e-07 -2.46257646741911e-07 -1.48648934190882e-07 -2.63683048527455e-07
0.112860327650193 0.00124723343720627 5.33435539767514e-08 -1.06500981494514e-07 1.54490109241416e-07 1.28039098563703e-07 -2.01537726191102e-07 7.16334638239619e-08 4.32423774191863e-08 7.67099156782999e-08
0.0725688111507805 0.00574714069019785 2.40083291971845e-07 -4.79298698043304e-07 6.95225948197889e-07 5.76156624254274e-07 -9.06832277483566e-07 3.22299206393239e-07 1.94547440222537e-07 3.45096172107071e-07
0.07662133252237 -0.00668719565673608 -2.72937955410125e-07 5.44890544188988e-07 -7.90369224296552e-07 -6.55006536140206e-07 1.03093924138822e-06 -3.6640919498138e-07 -2.21173797886657e-07 -3.92328017759174e-07
-0.0490873382681994 0.0008330780065442 4.52865364339419e-08 -9.04008011457347e-08 1.31114541598687e-07 1.08648642370708e-07 -1.70989548743461e-07 6.07660051197073e-08 3.66763256138751e-08 6.50517953371849e-08
-0.346212157260365 0.0136095285697722 5.21523079552633e-07 -1.04112949773484e-06 1.51011973301153e-06 1.25144819586285e-06 -1.96963700861944e-06 7.00011814762028e-07 4.22530987061016e-07 7.49480081667368e-07
0.102211491892881 -0.00174905547676851 -7.33721974393286e-08 1.46485795807802e-07 -2.12488247787401e-07 -1.7610398282553e-07 2.77188536123271e-07 -9.85206361636977e-08 -5.94720855130559e-08 -1.05498786712403e-07
0.0867036728432843 0.00141222255239998 5.85585671213359e-08 -1.16904056862965e-07 1.69568092960233e-07 1.40524986444675e-07 -2.21174366819786e-07 7.8607120754844e-08 4.74485564711745e-08 8.41651799602428e-08
-1.42549604608534 -0.161408878672861 -6.65131613572167e-06 1.32780837319628e-05 -1.92592170332635e-05 -1.59601406274331e-05 2.51192474261578e-05 -8.92734645138193e-06 -5.38855317212907e-06 -9.55807187752102e-06
-0.69162682427866 -0.0623394586537913 -2.47922242575693e-06 4.94943082006175e-06 -7.17910718635023e-06 -5.949500145492e-06 9.36402029732916e-06 -3.3280517344224e-06 -2.00886989495305e-06 -3.56337795633994e-06
0.182302732822646 -0.00110608438415392 -4.4148819327344e-08 8.81416247598901e-08 -1.2785520764503e-07 -1.05962123811685e-07 1.66784125099684e-07 -5.92795124649599e-08 -3.57839727287177e-08 -6.34776472530142e-08
0.226761418243456 8.17666545179939e-05 5.72549846188033e-09 -1.14381439610938e-08 1.66024818424001e-08 1.37684521385601e-08 -2.16854696979163e-08 7.71255352972466e-09 4.65866349418503e-09 8.2693735897105e-09
-1.45833676568636 -0.278493468856856 -1.13560753259269e-05 2.26704524417232e-05 -3.28827039566822e-05 -2.72502016184698e-05 4.28887848240913e-05 -1.52427602381817e-05 -9.20062889673449e-06 -1.63199846483582e-05
-1.74869471598789 -0.245944384058247 -9.89221884401497e-06 1.9748096996356e-05 -2.864390335693e-05 -2.37374471208514e-05 3.73600668991511e-05 -1.32778309631084e-05 -8.01457771561317e-06 -1.4216166132646e-05
0.0808142259913257 0.0020214126168377 8.31090352434577e-08 -1.65912700543395e-07 2.40650315233927e-07 1.99428902432633e-07 -3.13878513163554e-07 1.11552916447239e-07 6.73339805665166e-08 1.19436202163718e-07
0.0633883482280798 -0.00321257701845602 -1.26839861350218e-07 2.53221740078722e-07 -3.67300594473758e-07 -3.04394734822568e-07 4.79098118858732e-07 -1.70277650931459e-07 -1.02783843538558e-07 -1.82322553227285e-07
-1.1640520647499 -0.137229764094872 -5.72334209328664e-06 1.14255320132371e-05 -1.65721390828624e-05 -1.37333209512248e-05 2.16144601896141e-05 -7.68173061716313e-06 -4.63668690532647e-06 -8.22441098768216e-06
0.079375046981835 0.00179502037682014 7.88100899665108e-08 -1.57327596144905e-07 2.28193569585292e-07 1.891022774095e-07 -2.97619881469417e-07 1.05772550252229e-07 6.38436972203527e-08 1.13243013691312e-07
-0.116288389471915 -0.0149423980535257 -5.94496744736951e-07 1.18680298555358e-06 -1.72140552118772e-06 -1.42653560400927e-06 2.24519395297741e-06 -7.97941343194696e-07 -4.81639492459303e-07 -8.54321919451701e-07
0.112632758299517 -0.000906989513082881 -3.4378253015058e-08 6.8635256726463e-08 -9.95602857822264e-08 -8.2512523563729e-08 1.29874961236546e-07 -4.61611742094431e-08 -2.78652076889889e-08 -4.94306201155119e-08
0.0938222835271609 -0.00108717486272465 -4.57756763690868e-08 9.13792774340773e-08 -1.32536678133157e-07 -1.09829575714424e-07 1.72851978297989e-07 -6.14292565424273e-08 -3.70774776853015e-08 -6.5764790590757e-08
-0.106542110197514 -0.01675209748515 -6.83055948772065e-07 1.3636212495746e-06 -1.97791058716539e-06 -1.63913382654632e-06 2.57984726621536e-06 -9.16894639583835e-07 -5.53450636478445e-07 -9.81717845509263e-07
0.038905513109818 -0.00359528795689721 -1.47828324200701e-07 2.95122340816304e-07 -4.28077037966992e-07 -3.54761630476781e-07 5.58371414232124e-07 -1.98452039823928e-07 -1.19790389555077e-07 -2.12489132940472e-07
-0.715698025316253 0.0704591427416907 2.83441805759131e-06 -5.65835421763822e-06 8.20713860215054e-06 6.80124260246446e-06 -1.07042585206184e-05 3.80426504528147e-06 2.29624890827051e-06 4.07301017362266e-06
0.0506501037608434 0.00114661741500018 4.68792643931363e-08 -9.3584984957323e-08 1.35739727274392e-07 1.12487076817439e-07 -1.77039474913144e-07 6.29192372244989e-08 3.79778874223677e-08 6.73637866718064e-08
-1.02715820374528 0.152514007833742 6.16816934598632e-06 -1.23138721960842e-05 1.78611084439497e-05 1.48018853364045e-05 -2.32968652992563e-05 8.27987532432917e-06 4.99786044624868e-06 8.86528680084869e-06
0.177176058793738 -0.00353588301979989 -1.4288963601199e-07 2.85270242472866e-07 -4.13797273391721e-07 -3.42936444300272e-07 5.39773402709885e-07 -1.9184707263049e-07 -1.15806488040205e-07 -2.05427671011959e-07
0.0634799973457324 0.00203203671119759 8.2130150536584e-08 -1.63960692080017e-07 2.37822137530434e-07 1.97087769922287e-07 -3.10197930779937e-07 1.10246287124748e-07 6.65461701855361e-08 1.18040352128142e-07
-0.221353148977492 -0.0468751996266793 -1.87874996611975e-06 3.75063206691833e-06 -5.44020607830024e-06 -4.50838610791623e-06 7.09575609852261e-06 -2.52186660533437e-06 -1.52222749274155e-06 -2.70013419441669e-06
-1.54861365220838 0.32393854322951 1.3292030373867e-05 -2.65353550729812e-05 3.84887577367813e-05 3.18961119968611e-05 -5.02011222200746e-05 1.78416477100202e-05 1.0769375325568e-05 1.91026844920752e-05
0.0903438980194348 0.00211668230693128 9.38435133640602e-08 -1.87341592722209e-07 2.7173123938751e-07 2.25185174359821e-07 -3.54414794503122e-07 1.25959157725269e-07 7.60294189311742e-08 1.34859619864045e-07
0.0671716708439439 0.00259952311862154 1.09044380047091e-07 -2.17691484012982e-07 3.15758466458797e-07 2.61675721887948e-07 -4.11854373081751e-07 1.46375970792326e-07 8.83547522879394e-08 1.567250348895e-07
-1.34638166576143 0.101054539322706 4.07976976867685e-06 -8.1445560827862e-06 1.18133913927843e-05 9.78986335804697e-06 -1.54081497933901e-05 5.47608535697232e-06 3.30539940779098e-06 5.86308266514511e-06
0.258643769189171 -0.00133169339237277 -4.85080695307759e-08 9.68534782796171e-08 -1.40505025864394e-07 -1.16456397839125e-07 1.83318656420079e-07 -6.5162213216334e-08 -3.93386091754449e-08 -6.97895674983634e-08
-2.87270962563085 0.525633996808752 2.09474947983843e-05 -4.18179305213217e-05 6.06552495861225e-05 5.02653966275897e-05 -7.9111871378218e-05 2.81164222506351e-05 1.69711970055668e-05 3.01032391815754e-05
-0.516115794896245 0.0113429269185891 4.21552302164494e-07 -8.4155667745829e-07 1.22064868543309e-06 1.01156284101452e-06 -1.59208728102765e-06 5.65830993562884e-07 3.41539243491288e-07 6.05818915148158e-07
-1.20647987859334 -0.227959112060535 -9.21854011407792e-06 1.84031917228966e-05 -2.66931337921988e-05 -2.21208004592975e-05 3.48156042802072e-05 -1.23735093801625e-05 -7.46871461471224e-06 -1.32479040654399e-05
0.111550352550254 0.00296753674002701 1.20691681151331e-07 -2.40940499477999e-07 3.49476266503341e-07 2.89614585938285e-07 -4.55821701142235e-07 1.62000151078943e-07 9.7784464085055e-08 1.73449333875736e-07
0.764057722109331 0.00576442645804488 2.44011828111784e-07 -4.87161357185029e-07 7.06659487025243e-07 5.85655755479037e-07 -9.21820705028815e-07 3.27639575529052e-07 1.97779040862582e-07 3.50842754277997e-07
1.53171825862531 0.0100342510137053 4.37623479341935e-07 -8.73663385014111e-07 1.26725225028383e-06 1.05021175215453e-06 -1.65296060884208e-06 5.87481228959725e-07 3.54616963264303e-07 6.29032896240068e-07
-1.76127787724931 -0.22947811797062 -9.20041731339361e-06 1.83670084452848e-05 -2.66406450907993e-05 -2.20772975246575e-05 3.47471275514128e-05 -1.23491697888038e-05 -7.4540213779755e-06 -1.32218383335113e-05
-1.43903955869764 0.283489211164158 1.14757366472146e-05 -2.29097190204052e-05 3.32303078683351e-05 2.75387250554311e-05 -4.334361401196e-05 1.54046652850301e-05 9.29851148451123e-06 1.64938839392756e-05
0.0867474137480854 -0.00176401101881607 -7.47312303231603e-08 1.49202178040071e-07 -2.16433062048399e-07 -1.79377061565752e-07 2.82346253236785e-07 -1.00355922362883e-07 -6.05812180211342e-08 -1.07468535125468e-07
0.200300142426592 -0.00125300894123254 -4.97007600315839e-08 9.92205931409363e-08 -1.43918300266508e-07 -1.19268315937933e-07 1.87718026065656e-07 -6.67164188969669e-08 -4.02711002154545e-08 -7.14336103406493e-08
1.21042766947249 0.000773017311780684 3.9399396528619e-08 -7.86520240961151e-08 1.14078989071411e-07 9.4535799646031e-08 -1.48784872477716e-07 5.28770386312702e-08 3.19160766981884e-08 5.66109216244252e-08
0.783767253094981 0.01227644435435 5.22660889134207e-07 -1.04345308850379e-06 1.51356566758708e-06 1.2543665696424e-06 -1.97432888381883e-06 7.01714393067979e-07 4.23579846914762e-07 7.51378096943258e-07
-1.62455398114462 0.231477969642698 9.26095892006893e-06 -1.84879467739553e-05 2.68161742429209e-05 2.22228532430231e-05 -3.49763625765519e-05 1.24306924591305e-05 7.50326043263908e-06 1.33092338626061e-05
