0.126217945867343 0.276599152203311 0.285667001502901 0.285667028261747 0.285667054999452 0.285667081861809 0.285667108535125 0.285667135573956 0.285667162420501 0.285667189226189
0.116027789961087 0.273314792939087 0.284966944857642 0.284966979085152 0.284967013285731 0.284967047642719 0.284967081761626 0.284967116339846 0.284967150675885 0.28496718496019
0.115868138178542 0.276064544090395 0.285774101063187 0.285774140807555 0.285774180530082 0.285774220383356 0.285774260039063 0.285774300077609 0.285774339915193 0.285774379710303
0.120457105406844 0.277701677266536 0.285343605732483 0.285343640622513 0.285343675496379 0.285343710474118 0.285343745297452 0.285343780422979 0.285343815391422 0.285343850327467
0.0774011397837008 0.243861968924276 0.261244302345276 0.261243605007509 0.261242907565145 0.261242210293285 0.261241512600173 0.261240815531997 0.261240118036896 0.261239420400135
0.115727704373287 0.274718661243436 0.285099334813405 0.285099378302241 0.285099421768406 0.285099465370033 0.285099508766876 0.285099552560433 0.28509959614568 0.285099639686869
0.0741699226662157 0.238074551619769 0.254479700218732 0.254478621298987 0.254477542245648 0.254476463325054 0.254475383964306 0.254474305176252 0.254473225942614 0.254472146539501
0.138159718552739 0.278829649190241 0.286373478709182 0.28637347572244 0.28637347271788 0.286373469813549 0.28637346675546 0.286373463992623 0.286373461073412 0.286373458120425
0.10174859026496 0.2762729561619 0.28595806786351 0.285958107920713 0.2859581479585 0.285958188130155 0.285958228105867 0.285958268468693 0.285958308632157 0.285958348755479
0.0982438718449474 0.273848946105141 0.284395759454125 0.284395820137905 0.28439588080073 0.284395941604148 0.284396002200576 0.284396063204489 0.284396123997826 0.284396184748371
0.105414377400848 0.274151567645941 0.285539317088 0.285539369912594 0.285539422712422 0.285539475665182 0.285539528388537 0.285539581558396 0.285539634494901 0.285539687382613
0.121985323447112 0.279190813535917 0.289333091930137 0.289333096109036 0.289333100264011 0.289333104553911 0.289333108636946 0.289333113117342 0.289333117387321 0.289333121611887
0.125805109484216 0.281056822948821 0.289415374795873 0.289415349616072 0.289415324415868 0.289415299324845 0.289415274064183 0.289415249126794 0.289415224016882 0.289415198869041
0.114382654695976 0.275745886200423 0.284222228339192 0.284222267878926 0.28422230740139 0.284222347037595 0.284222386505656 0.284222426303899 0.284222465931074 0.284222505523265
0.136811687822382 0.27950480414686 0.285906063600764 0.285906081503216 0.285906099390782 0.285906117364402 0.285906135206885 0.285906153302188 0.285906171264093 0.285906189197456
0.0997410383587785 0.267974050037399 0.285591548041338 0.285591607605016 0.285591667127621 0.285591726888795 0.285591786286826 0.285591846385438 0.285591906114624 0.285591965764895
0.090016583556322 0.26488272388213 0.277997384844556 0.277997399771205 0.277997414669672 0.277997429742877 0.277997444554253 0.2779974598756 0.27799747493071 0.277997489930242
0.088680663425496 0.260264604821713 0.273500155187496 0.273499992777754 0.273499830328756 0.273499668045863 0.273499505487573 0.273499343434515 0.273499181102377 0.273499018703566
0.110091881794338 0.276231977759504 0.286035511291093 0.286035564470197 0.286035617628632 0.286035670918593 0.286035724012618 0.286035777489608 0.286035830767281 0.286035884003708
0.0946753151350899 0.257156703465177 0.271838750133939 0.271838538107094 0.271838326027508 0.271838114126576 0.271837901906661 0.271837690247595 0.271837478265021 0.271837266198648
0.146077481536081 0.278535433103914 0.285521607007893 0.285521569128821 0.285521531232191 0.28552149342822 0.285521455479764 0.28552141780606 0.285521379985422 0.285521342132323
0.12676108207791 0.276296057642651 0.285150310732082 0.285150330903216 0.285150351053958 0.285150371322723 0.285150391411677 0.285150411847343 0.285150432100086 0.285150452313704
0.126261921911016 0.276835469119423 0.284725063057763 0.284725089944135 0.284725116812356 0.284725143790674 0.284725170603145 0.284725197737599 0.284725224703353 0.284725251633614
0.111092967829317 0.274869386088957 0.284113708930979 0.284113742714743 0.284113776479145 0.284113810365629 0.284113844069853 0.284113878129844 0.284113912004412 0.284113945840485
0.12050900139933 0.27572018815715 0.286095291082163 0.286095333483026 0.286095375860558 0.286095418375611 0.286095460682089 0.286095503391832 0.286095545889408 0.286095588341898
0.113803303815434 0.276726002001893 0.2850228328703 0.285022865051359 0.285022897214781 0.285022929489782 0.285022961598337 0.285022994031952 0.285023026296246 0.285023058525432
0.137255870454319 0.277232911403007 0.285814684277004 0.285814660773338 0.28581463724877 0.285814613836441 0.285814590249877 0.285814566995521 0.285814543563957 0.285814520093483
0.129622279177819 0.272042695580462 0.281989899018787 0.281989910823012 0.281989922603811 0.281989934516573 0.281989946226948 0.281989958326009 0.281989970219192 0.281989982067922
0.106285620645724 0.266894450439388 0.281592628765522 0.281592662148567 0.281592695497786 0.281592729043495 0.281592762290144 0.281592796113783 0.281592829633239 0.281592863087726
0.109322533072211 0.272908188543593 0.285477109890049 0.285477149197828 0.285477188476843 0.285477227922401 0.285477267114263 0.285477306795339 0.285477346218345 0.285477385586165
0.0820326956081815 0.248156424678112 0.266676998305339 0.266676630546178 0.266676262715684 0.266675895107411 0.266675527089741 0.266675159779285 0.266674792052922 0.266674424215524
0.1057572469403 0.275303475225026 0.286258066016804 0.286258129930292 0.286258193820652 0.28625825785868 0.286258321676882 0.286258385924928 0.28625844994934 0.286258513927524
0.10621832931336 0.275137035672032 0.285901992494395 0.285902027127405 0.285902061737386 0.285902096491744 0.285902131030293 0.285902165989787 0.285902200729759 0.285902235424074
0.124314736756936 0.271759510315635 0.281737910360715 0.281737935433579 0.281737960483048 0.281737985665943 0.281738010644837 0.281738036016253 0.281738061180175 0.281738086299493
0.114735076443928 0.277839856625259 0.288005890564598 0.288005917458359 0.288005944329648 0.288005971337234 0.288005998139501 0.288006025340373 0.288006052332387 0.288006079280456
0.142934924434843 0.277793182181148 0.284259094712331 0.28425911391397 0.284259133100285 0.28425915237426 0.28425917151431 0.284259190912165 0.284259210173798 0.28425922940618
0.105884333434324 0.265020254468656 0.276923184703722 0.276923131301075 0.276923077868227 0.276923024592023 0.276922971070851 0.276922918014833 0.2769228647107 0.276922811351504
0.144764980759165 0.279425310676937 0.284246330161145 0.284246346082887 0.284246361993793 0.284246377972254 0.284246393849595 0.284246409924009 0.284246425895543 0.284246441845635
0.101192132622519 0.274518047040397 0.285750126505002 0.28575017922287 0.285750231916811 0.285750284764665 0.285750337383779 0.285750390450622 0.285750443284756 0.285750496070911
0.098748622298491 0.261451255800217 0.277854345115016 0.27785433883384 0.277854332513667 0.277854326415559 0.27785431997794 0.277854314193646 0.277854308064371 0.277854301860929
0.0731021371196859 0.243387108826709 0.262968438046992 0.262967838119287 0.262967238090411 0.262966638276023 0.262966037997375 0.262965438454535 0.262964838441532 0.262964238285084
0.126689083984368 0.277610266944639 0.286303445805163 0.286303442218718 0.286303438611644 0.286303435120198 0.286303431451201 0.286303428122946 0.2863034246141 0.286303421066193
0.13503244202249 0.275790493589525 0.285780076403403 0.285780095270913 0.285780114114739 0.285780133091657 0.285780151864338 0.285780171029125 0.285780189986174 0.285780208898332
0.118057025669657 0.278068853652972 0.285849803194256 0.285849845379005 0.285849887547614 0.28584992982187 0.285849971939729 0.285850014364445 0.285850056630046 0.285850098863036
0.108069765867373 0.265586957335846 0.274298546922404 0.274298372324642 0.274298197694894 0.274298023170487 0.27429784845599 0.274297674073698 0.274297499498382 0.274297324872551
0.0752476802101519 0.239929516428413 0.255845331114062 0.2558442085892 0.255843085917011 0.255841963346867 0.255840840342193 0.255839717851545 0.255838594920881 0.25583747180911
0.130851871190507 0.277831837525836 0.285531081687819 0.285531111791799 0.285531141879208 0.285531172069542 0.285531202105678 0.285531232442168 0.28553126262177 0.285531292768629
0.088888855628643 0.259289298958525 0.273710243164172 0.273710012345808 0.273709781474246 0.273709550775477 0.273709319763508 0.273709089297583 0.273708858514082 0.27370862764707
0.135446032010368 0.277953116800049 0.284671137037022 0.284671154613708 0.284671172175056 0.284671189827855 0.284671207342333 0.284671225124691 0.284671242766341 0.28467126037821
0.117558119440845 0.273684407532956 0.283986831611751 0.283986865787966 0.283986899941128 0.28398693423323 0.283986968315716 0.283987002804779 0.2839870370806 0.283987071311456
0.109080278390764 0.273696064733888 0.28368578772671 0.283685838071954 0.283685888396105 0.28368593885359 0.283685989112183 0.283686039759221 0.283686090204037 0.283686140606922
0.0773451929485546 0.242791561047583 0.266136744189682 0.266136333040273 0.266135921796732 0.266135510842548 0.266135099352446 0.266134688785356 0.266134277673494 0.266133866415485
0.115613003438424 0.275753971726498 0.284742184128195 0.284742216325693 0.284742248503295 0.284742280801784 0.284742312918246 0.284742345388181 0.284742377672946 0.284742409918775
0.126044254812488 0.271863751502984 0.284235520628323 0.284235543272909 0.284235565887305 0.28423558866689 0.284235611191276 0.284235634203641 0.284235656956439 0.284235679652619
0.123134435632509 0.279327946582424 0.286606697585412 0.28660672209548 0.286606746590082 0.286606771182653 0.286606795629125 0.286606820360969 0.286606844944185 0.286606869496596
0.11153125383573 0.276681415655733 0.286988243512348 0.286988286765281 0.286988329995916 0.286988373364103 0.286988416525909 0.286988460089349 0.286988503442856 0.286988546752453
0.061505129234161 0.235802986520127 0.257671091407672 0.257670041564836 0.257668991572459 0.25766794177486 0.257666891430908 0.257665841850704 0.257664791715887 0.257663741384655
0.0968114990823885 0.274843737081663 0.286323794400888 0.286323849187735 0.286323903950588 0.286323958868099 0.286324013555866 0.286324068693446 0.286324123597278 0.286324178452947
0.102969167934135 0.266900923784518 0.27803669598454 0.27803663199682 0.27803656798003 0.2780365041098 0.278036440008482 0.278036376343787 0.278036312444702 0.278036248493039
0.107003318600893 0.273488320661755 0.285798266795009 0.285798309207486 0.285798351593007 0.28579839414149 0.285798436444301 0.285798479223838 0.285798521753483 0.285798564230491
0.132359933296004 0.278728593783376 0.283928454366763 0.283927860366214 0.283927266287247 0.283926672212779 0.283926077964356 0.283925483857415 0.283924889574649 0.283924295202171
0.111347357121811 0.271891532010262 0.279865563639721 0.279865581671132 0.27986559968612 0.27986561780839 0.279865635771771 0.279865654046812 0.279865672160206 0.279865690240445
0.102304090966054 0.273380819939757 0.286401282502139 0.286401343465017 0.286401404400071 0.286401465508723 0.286401526357586 0.286401587712821 0.286401648803789 0.286401709839697
0.125642613716682 0.277436005051119 0.284837263036185 0.2848372832756 0.284837303498036 0.284837323820157 0.284837343990939 0.284837364454155 0.284837384763428 0.284837405039942
0.133466219245372 0.283814665353762 0.289136976036332 0.289136596383572 0.289136216680951 0.289135837013301 0.289135457198089 0.28913507755799 0.289134697768467 0.289134317917589
0.114291140518874 0.27410364923822 0.285400741179129 0.285400784270353 0.285400827336577 0.285400870553623 0.285400913543187 0.285400956974051 0.285401000173521 0.285401043324215
0.123302432823996 0.275832290842322 0.286564982098272 0.286564996991912 0.286565011859916 0.286565026874014 0.286565041664703 0.286565056885207 0.286565071878481 0.286565086822894
0.133834481102334 0.277308788739993 0.285538043141057 0.285538040203708 0.285538037247026 0.285538034402987 0.285538031387632 0.285538028702963 0.285538025844053 0.285538022947969
0.135734002422716 0.275444373170457 0.283256663484887 0.283256692417948 0.283256721333062 0.283256750355401 0.28325677921586 0.283256808390247 0.283256837400508 0.283256866376112
0.11676776059545 0.276792756181801 0.284923174393617 0.284923219790087 0.284923265169117 0.284923310657849 0.284923355982716 0.284923401627343 0.284923447105275 0.284923492548572
0.111642437894637 0.267669296774551 0.279341980188033 0.279341972649976 0.279341965083971 0.279341957673804 0.279341950024389 0.279341942834299 0.279341935401754 0.279341927916759
0.11392907459908 0.27041888375502 0.280092500658814 0.280092484068581 0.280092467454973 0.280092450970413 0.280092434287123 0.280092417984628 0.280092401480456 0.280092384932477
0.115687077375095 0.277133947966333 0.285799121759067 0.285799168743376 0.285799215709571 0.285799262793163 0.285799309702583 0.285799356953282 0.285799404026791 0.285799451063862
0.118096042233244 0.277486987253474 0.28572589130367 0.285725927820437 0.285725964319249 0.285726000929918 0.285726037373136 0.285726074142674 0.285726110741869 0.285726147305553
0.119546585106035 0.27414239987691 0.285682527895055 0.285682553991568 0.285682580061076 0.285682606283324 0.285682632271566 0.285682658709505 0.285682684909433 0.285682711058046
0.114626103876677 0.276893872304785 0.285090770225363 0.285090802275055 0.285090834307113 0.285090866450576 0.285090898427798 0.285090930729619 0.285090962862331 0.285090994959959
0.0961945044943952 0.272043845182888 0.284343437063154 0.284343498390914 0.28434355969218 0.284343621158141 0.284343682377417 0.284343744077261 0.284343805526137 0.284343866922653
0.121375590767447 0.276061591761476 0.285789054473641 0.285789076232564 0.285789097969043 0.285789119838072 0.285789141506149 0.285789163562854 0.285789185415127 0.285789207223985
0.120426594269905 0.275998895215406 0.284940884748044 0.284940927414817 0.284940970061948 0.284941012829415 0.284941055416031 0.284941098354248 0.284941141108486 0.284941183824147
0.120970895390004 0.275342468011116 0.285639407100525 0.285639445158805 0.285639483193826 0.285639521363039 0.285639559327657 0.285639597686597 0.28563963583742 0.285639673943683
0.0959448158570175 0.262974720853635 0.281733442312601 0.281733492010299 0.281733541664414 0.281733591571649 0.281733641093579 0.281733691358839 0.281733741232129 0.281733791021685
0.101114197081462 0.270978229983075 0.285684636910307 0.285684698633364 0.285684760323921 0.285684822212857 0.285684883803399 0.285684945973762 0.285685007840575 0.28568506964366
0.100385180512475 0.271857345062952 0.284391294652073 0.284391354189164 0.284391413698838 0.284391473374715 0.284391532800189 0.284391592711748 0.284391652368573 0.28439171197179
0.126176085447288 0.271675871473951 0.280889066287587 0.280889079023992 0.280889091738116 0.280889104577301 0.280889117224629 0.280889130240401 0.280889143061303 0.280889155840104
0.0885185271672775 0.26871575190099 0.28381938858227 0.283819467978376 0.283819547342355 0.283819626908643 0.283819706172812 0.28381978602661 0.28381986557306 0.283819945055674
0.118633456535383 0.275909392104515 0.284290044377698 0.284290075433303 0.284290106470631 0.284290137620917 0.284290168601789 0.284290199912436 0.284290231050746 0.284290262153031
0.132327037082429 0.280390420304665 0.285811408007688 0.285811422541554 0.285811437063558 0.285811451659711 0.285811466144948 0.285811480846441 0.285811495435106 0.28581151000028
0.111202839690505 0.266134182341812 0.278929258688413 0.278929273408223 0.278929288097862 0.278929302958498 0.278929317557656 0.278929332660001 0.278929347497289 0.278929362277562
0.113357363870867 0.278518406565822 0.287415545531441 0.287415494525813 0.287415443498038 0.287415392589581 0.287415341496058 0.287415290755575 0.287415239826865 0.287415188856875
0.107599636904784 0.276134191392837 0.285602020260035 0.285602072083668 0.285602123887516 0.285602175818694 0.285602227560649 0.285602279672998 0.285602331592821 0.285602383472954
0.0835633400070477 0.260562551869228 0.280054193313443 0.280054226964726 0.280054260571593 0.28005429443801 0.280054327909984 0.280054362143675 0.280054395976227 0.280054429723286
0.120691591473685 0.275545777402953 0.284868449128321 0.284868476969148 0.284868504788397 0.2848685327334 0.284868560487148 0.284868588610065 0.284868616538436 0.2848686444253
0.116174112844295 0.275365762320124 0.285345213777695 0.28534525708345 0.285345300367555 0.285345343786059 0.285345387003197 0.285345430612546 0.285345474017046 0.285345517378789
0.13368158311099 0.280604548458004 0.28622323144069 0.286223262437982 0.28622329342345 0.286223324486462 0.286223355434732 0.286223386608194 0.286223417664928 0.286223448697754
0.106499674385803 0.268625186783012 0.280930913813481 0.280930952854107 0.280930991867348 0.280931031046646 0.280931069975764 0.280931109390544 0.28093114855079 0.280931187657473
0.113279873043181 0.275230058890934 0.286046044023877 0.286046082956248 0.286046121863706 0.286046160915471 0.286046199747441 0.286046239003288 0.286046278035568 0.286046317020046
0.111800175626806 0.273094500576213 0.282880552542851 0.282880574887466 0.282880597210747 0.282880619664219 0.282880641921917 0.282880664560119 0.282880686999332 0.282880709396783
0.110292544056719 0.272216641189304 0.284735407867784 0.284735442906611 0.284735477917065 0.284735513091871 0.284735548016352 0.284735583423587 0.284735618576202 0.284735653674378
0.121208461768075 0.277552741717625 0.284961181731455 0.284961220315087 0.284961258882728 0.284961297550201 0.284961336068292 0.28496137487757 0.284961413534865 0.284961452160499
0.101938142836718 0.262972342798132 0.274437356212087 0.274437151584511 0.274436946916558 0.274436742387974 0.274436537612141 0.274436333272594 0.274436128682135 0.274435924027119
