0.127619985121911 0.274291209249975 0.286045839736361 0.28604585634745 0.286045872961398 0.286045889578208 0.286045906197879 0.286045922820412 0.286045939445807 0.286045956074066
0.110715124209656 0.271408943208004 0.285362508840621 0.285362535117158 0.285362561398167 0.285362587683651 0.285362613973609 0.285362640268043 0.285362666566954 0.285362692870343
0.122023564931944 0.274992450846848 0.286085094077492 0.286085110552255 0.286085127030381 0.28608514351187 0.286085159996724 0.286085176484942 0.286085192976526 0.286085209471476
0.0991861442122975 0.270939788066018 0.286413927647348 0.286413966066411 0.286414004491894 0.286414042923798 0.286414081362125 0.286414119806875 0.286414158258052 0.286414196715654
0.0673491738629355 0.233519692369962 0.260062703404221 0.26006172945487 0.260060755416583 0.260059781289344 0.260058807073141 0.260057832767961 0.260056858373788 0.26005588389061
0.125387651067324 0.277298164615975 0.285703622837542 0.285703639122452 0.285703655410853 0.285703671702745 0.285703687998128 0.285703704297004 0.285703720599373 0.285703736905236
0.0627810366769989 0.236200768424139 0.256464392812764 0.256463073795952 0.256461754639405 0.256460435343096 0.256459115906999 0.256457796331088 0.256456476615335 0.256455156759716
0.0947665151292206 0.272214448718315 0.289122801098055 0.289122734248229 0.289122667401318 0.289122600557325 0.289122533716251 0.289122466878097 0.289122400042866 0.289122333210559
0.0967370823008186 0.273458620882058 0.288139839094112 0.288139871700932 0.2881399043151 0.288139936936617 0.288139969565485 0.288140002201706 0.288140034845283 0.288140067496216
0.113364302264876 0.275364535787157 0.286101758614178 0.286101781123156 0.286101803636642 0.286101826154638 0.286101848677144 0.286101871204163 0.286101893735694 0.286101916271739
0.112786484063167 0.269639920058645 0.286426970557514 0.28642699452751 0.28642701850213 0.286427042481378 0.286427066465251 0.286427090453754 0.286427114446885 0.286427138444646
0.126266882843228 0.28042015873533 0.2891805831816 0.289180574334217 0.289180565489333 0.289180556646948 0.289180547807062 0.289180538969678 0.289180530134794 0.289180521302412
0.153815884188951 0.279072578560704 0.286281175003101 0.286281114635305 0.28628105426856 0.286280993902866 0.286280933538223 0.286280873174634 0.286280812812098 0.286280752450615
0.116921352595854 0.276504752132924 0.285528852677381 0.285528869924428 0.285528887175686 0.285528904431156 0.285528921690837 0.285528938954733 0.285528956222843 0.285528973495168
0.117370020291665 0.274512433505447 0.284705101659768 0.284705113376609 0.284705125097712 0.284705136823079 0.284705148552711 0.284705160286608 0.284705172024773 0.284705183767205
0.127342574814963 0.275100242005611 0.285160931214621 0.285160938867563 0.285160946523436 0.285160954182244 0.285160961843987 0.285160969508664 0.285160977176278 0.285160984846828
0.0985801553867637 0.266851848683831 0.281685725043962 0.281685725687385 0.28168572633625 0.281685726990557 0.281685727650309 0.281685728315507 0.281685728986151 0.281685729662243
0.104359595631192 0.265426478064973 0.27904257932554 0.279042600046833 0.279042620773048 0.279042641504185 0.279042662240244 0.279042682981228 0.279042703727138 0.279042724477973
0.116503015558696 0.272214346980718 0.285947380815677 0.285947413049837 0.285947445288569 0.285947477531872 0.285947509779749 0.2859475420322 0.285947574289226 0.285947606550828
0.106021137124416 0.265297919277983 0.278528820423832 0.278528813226164 0.278528806031999 0.278528798841336 0.278528791654178 0.278528784470525 0.278528777290377 0.278528770113737
0.110236901353761 0.275289360284609 0.288393190575246 0.288393118230096 0.288393045886448 0.288392973544303 0.288392901203663 0.288392828864529 0.288392756526901 0.288392684190781
0.115785572268051 0.274934584447426 0.287629804759867 0.287629825398265 0.287629846040815 0.287629866687517 0.287629887338373 0.287629907993384 0.28762992865255 0.287629949315872
0.130380455547652 0.274919905122045 0.2866364756933 0.286636478282834 0.286636480874573 0.286636483468517 0.286636486064667 0.286636488663024 0.286636491263586 0.286636493866355
0.134335706263575 0.276689741485714 0.284167499155197 0.284167489370817 0.284167479588209 0.284167469807375 0.284167460028314 0.284167450251026 0.284167440475514 0.284167430701776
0.0814475217615943 0.269536167144003 0.286285895671963 0.286285969430079 0.286286043198464 0.28628611697712 0.28628619076605 0.286286264565255 0.286286338374739 0.286286412194503
0.118656670679261 0.274627007454515 0.285522322948363 0.285522327708692 0.285522332472775 0.285522337240612 0.285522342012203 0.285522346787552 0.285522351566657 0.28552235634952
0.109366299598541 0.273716777582935 0.287543603266592 0.287543623554129 0.287543643845958 0.287543664142079 0.287543684442494 0.287543704747203 0.287543725056207 0.287543745369507
0.0998331389572246 0.266538508434162 0.278553430219394 0.278553408521336 0.278553386828152 0.278553365139841 0.278553343456406 0.278553321777848 0.278553300104167 0.278553278435365
0.0993374070352342 0.264431625739116 0.280767039577089 0.280767079736878 0.280767119902837 0.280767160074967 0.280767200253271 0.280767240437749 0.280767280628401 0.28076732082523
0.11104893795689 0.273252781655714 0.286763426819756 0.286763453463272 0.286763480110475 0.286763506761364 0.286763533415939 0.286763560074203 0.286763586736153 0.286763613401794
0.0886614577405645 0.249452213948501 0.268027670179068 0.268027122784622 0.268026575340725 0.268026027847368 0.268025480304545 0.268024932712245 0.268024385070463 0.268023837379187
0.100422014368707 0.268373731259964 0.285259659509293 0.28525970300386 0.285259746503788 0.285259790009078 0.285259833519731 0.285259877035749 0.285259920557131 0.28525996408388
0.092525462944298 0.267790164772453 0.288473563619358 0.288473616357494 0.288473669102126 0.288473721853254 0.28847377461088 0.288473827375005 0.288473880145631 0.288473932922758
0.0990786481445812 0.267319440895598 0.281575938685324 0.281575967086298 0.28157599549298 0.28157602390537 0.281576052323469 0.28157608074728 0.281576109176801 0.281576137612036
0.107464265460052 0.273709462281258 0.28737307316366 0.287373054312384 0.287373035466108 0.287373016624832 0.287372997788559 0.287372978957289 0.287372960131025 0.287372941309769
0.138442441323245 0.277286690209012 0.28481697579439 0.284816975261372 0.284816974730076 0.284816974200503 0.284816973672653 0.284816973146526 0.284816972622122 0.284816972099442
0.0873955206794231 0.257550505660693 0.273452820610754 0.273452699157497 0.273452577704253 0.273452456251025 0.273452334797814 0.273452213344619 0.273452091891442 0.273451970438283
0.101401662184737 0.277110241566252 0.286633941178355 0.286633982132677 0.286634023093366 0.286634064060423 0.286634105033849 0.286634146013645 0.286634186999814 0.286634227992356
0.119002501775777 0.273159988347712 0.285739147023579 0.285739155301973 0.285739163584065 0.285739171869856 0.285739180159345 0.285739188452535 0.285739196749427 0.285739205050019
0.0994254715623142 0.267840229101869 0.280768353076527 0.280768386068971 0.280768419067096 0.280768452070903 0.280768485080394 0.280768518095569 0.28076855111643 0.280768584142979
0.0771547734136915 0.240257937495121 0.264013750174434 0.264013198795643 0.264012647375683 0.264012095914546 0.264011544412227 0.264010992868721 0.264010441284022 0.264009889658122
0.120962222398938 0.276427039940472 0.284655817450252 0.284655808829355 0.284655800211109 0.284655791595518 0.28465578298258 0.284655774372297 0.284655765764669 0.284655757159697
0.119224491769429 0.27433520873597 0.286117212142678 0.286117227666485 0.286117243194093 0.2861172587255 0.286117274260709 0.286117289799719 0.286117305342533 0.28611732088915
0.105240738731107 0.273202899078955 0.285865311088464 0.285865339922593 0.285865368761928 0.285865397606468 0.285865426456215 0.285865455311171 0.285865484171336 0.285865513036712
0.0779687563782041 0.24866756384734 0.265646544332388 0.265646031202386 0.265645518036695 0.265645004835313 0.265644491598234 0.265643978325454 0.265643465016971 0.26564295167278
0.0654890659577473 0.230354006427397 0.250863042311488 0.250861632658877 0.25086022286795 0.250858812938682 0.250857402871051 0.250855992665032 0.250854582320599 0.25085317183773
0.119397615533744 0.275405837688992 0.286723210267516 0.286723234034559 0.286723257805556 0.286723281580506 0.286723305359411 0.286723329142271 0.286723352929088 0.286723376719862
0.0698175654624429 0.24099890874481 0.264089333344019 0.26408868802471 0.264088042657111 0.264087397241215 0.264086751777017 0.264086106264508 0.264085460703684 0.264084815094536
0.101133249126322 0.273061121081791 0.287646182524618 0.287646224831444 0.287646267144103 0.287646309462596 0.287646351786924 0.287646394117088 0.287646436453089 0.287646478794929
0.112503117725058 0.271938780897021 0.28511475674842 0.285114768878797 0.285114781013589 0.285114793152797 0.285114805296422 0.285114817444464 0.285114829596925 0.285114841753807
0.0847732752792535 0.258502749284979 0.275546370815863 0.275546274392165 0.275546177971339 0.275546081553387 0.275545985138308 0.275545888726107 0.275545792316782 0.275545695910336
0.0842916352139921 0.247209018734068 0.267300591014547 0.267300164321816 0.267299737602235 0.267299310855801 0.267298884082511 0.267298457282363 0.267298030455352 0.267297603601476
0.141151848500273 0.278240514693573 0.285289111981256 0.285289115660048 0.285289119340762 0.285289123023396 0.285289126707951 0.285289130394428 0.285289134082827 0.285289137773149
0.11619152057395 0.272282255246416 0.285793537652467 0.285793560073014 0.285793582497962 0.285793604927313 0.285793627361068 0.285793649799228 0.285793672241794 0.285793694688765
0.109195725434936 0.279487760143295 0.288494187983826 0.288494201258357 0.288494214536807 0.288494227819179 0.288494241105471 0.288494254395686 0.288494267689823 0.288494280987885
0.106922301935505 0.273730446102161 0.285880954834848 0.285880990512787 0.28588102619604 0.285881061884608 0.285881097578492 0.285881133277694 0.285881168982214 0.285881204692054
0.0686307058055821 0.22330010996677 0.256030992758726 0.256029865310665 0.256028737762873 0.256027610115333 0.256026482368031 0.256025354520952 0.25602422657408 0.2560230985274
0.103604209851533 0.26961382244609 0.286274978717671 0.286275020168291 0.286275061624546 0.286275103086437 0.286275144553966 0.286275186027133 0.28627522750594 0.286275268990387
0.0905605478860915 0.258114387911312 0.27359083072801 0.273590693923351 0.273590557116526 0.273590420307539 0.273590283496389 0.273590146683077 0.273590009867602 0.273589873049967
0.12651291534059 0.274037558676395 0.284742104453464 0.284742117279467 0.284742130108829 0.284742142941548 0.284742155777627 0.284742168617065 0.284742181459865 0.284742194306026
0.122706479679663 0.28206236045084 0.287930364175618 0.28792975085223 0.287929137435622 0.287928523925766 0.28792791032263 0.287927296626185 0.287926682836402 0.287926068953251
0.0978736860386224 0.263857628696937 0.278316231188028 0.278316207782177 0.278316184381123 0.278316160984869 0.278316137593414 0.278316114206761 0.278316090824911 0.278316067447864
0.122726050191913 0.276198625674634 0.285595210038887 0.285595230826378 0.285595251617021 0.28559527241082 0.285595293207773 0.285595314007882 0.285595334811149 0.285595355617571
0.120596703710061 0.276886431864071 0.28611247966763 0.286112498069868 0.286112516475387 0.286112534884189 0.286112553296274 0.286112571711644 0.286112590130297 0.286112608552236
0.154428152934666 0.28496515162865 0.291475354098866 0.291475058819394 0.291474763520927 0.291474468203459 0.291474172866983 0.291473877511497 0.291473582136993 0.291473286743467
0.122364846861469 0.275249134467766 0.284989498685587 0.284989504639836 0.284989510597537 0.284989516558691 0.284989522523298 0.284989528491359 0.284989534462875 0.284989540437846
0.137156977283104 0.277663579966591 0.286610326517446 0.286610325038916 0.286610323562354 0.286610322087763 0.286610320615141 0.286610319144491 0.286610317675811 0.286610316209102
0.126666448512924 0.279054579886115 0.290918409219048 0.290918342698082 0.290918276176708 0.290918209654927 0.290918143132739 0.290918076610145 0.290918010087145 0.29091794356374
0.101602762555976 0.261340923670789 0.279604642680984 0.279604632637085 0.279604622597223 0.279604612561402 0.279604602529619 0.279604592501878 0.279604582478179 0.279604572458522
0.105959302886238 0.271269655593712 0.285522022636073 0.285522065038403 0.285522107446472 0.285522149860282 0.285522192279834 0.285522234705129 0.285522277136169 0.285522319572954
0.108748674339674 0.268626040258252 0.281176261548756 0.281176277216534 0.281176292888044 0.281176308563289 0.281176324242267 0.281176339924981 0.28117635561143 0.281176371301617
0.0788510338416687 0.251097345767948 0.276554123642277 0.276554126269477 0.276554128904633 0.276554131547748 0.276554134198823 0.276554136857861 0.276554139524863 0.276554142199832
0.127492804255418 0.273396225183447 0.285509706717312 0.285509715606778 0.285509724498937 0.285509733393792 0.285509742291342 0.285509751191589 0.285509760094532 0.285509769000173
0.0953498482104032 0.269111177453614 0.28646547166294 0.286465514078187 0.286465556499817 0.286465598927832 0.286465641362231 0.286465683803018 0.286465726250193 0.286465768703757
0.116594516177095 0.269518280029512 0.286214547536656 0.286214569786467 0.286214592041199 0.286214614300853 0.286214636565431 0.286214658834931 0.286214681109358 0.286214703388711
0.116436925195909 0.271826066772903 0.285834157633598 0.285834177304068 0.285834196978758 0.285834216657671 0.285834236340806 0.285834256028166 0.28583427571975 0.28583429541556
0.113435076496284 0.270074603755227 0.283197531872705 0.283197552693728 0.283197573518715 0.283197594347666 0.283197615180584 0.283197636017467 0.283197656858317 0.283197677703135
0.104586579069692 0.268970076560024 0.286988177447098 0.28698819979142 0.286988222140809 0.286988244495266 0.286988266854792 0.286988289219387 0.286988311589053 0.286988333963792
0.116631136100822 0.269798223996868 0.284288439061108 0.284288453569241 0.284288468081102 0.284288482596692 0.284288497116011 0.284288511639061 0.284288526165841 0.284288540696355
0.108167602685409 0.26875988166431 0.286258043966102 0.286258075549436 0.286258107137745 0.286258138731032 0.286258170329298 0.286258201932544 0.286258233540771 0.286258265153979
0.126944194787513 0.270886045893962 0.281761907426864 0.281761904258049 0.281761901092211 0.281761897929351 0.281761894769469 0.281761891612565 0.281761888458642 0.2817618853077
0.117781786543223 0.272224350857397 0.287153827972792 0.287153842040165 0.287153856110407 0.287153870183516 0.287153884259496 0.287153898338345 0.287153912420064 0.287153926504654
0.131634335474522 0.274212228901284 0.283818777799405 0.283818775826417 0.283818773855538 0.283818771886771 0.283818769920116 0.283818767955573 0.283818765993142 0.283818764032824
0.108583039714058 0.264440222148399 0.278416034264906 0.278416043008044 0.278416051754953 0.278416060505631 0.278416069260078 0.278416078018297 0.278416086780288 0.278416095546052
0.121409669619553 0.274985958168898 0.284089750855356 0.28408977365768 0.284089796463939 0.284089819274133 0.284089842088264 0.284089864906332 0.284089887728338 0.284089910554284
0.137056391042782 0.272517486631345 0.284492753349042 0.284492759039686 0.284492764732564 0.284492770427675 0.28449277612502 0.2844927818246 0.284492787526415 0.284492793230465
0.124743302198389 0.275360589980685 0.28459038659558 0.284590368077988 0.284590349563606 0.284590331052435 0.284590312544476 0.28459029403973 0.284590275538198 0.284590257039882
0.103426757250069 0.258098812970146 0.278133427560627 0.278133405360029 0.278133383163659 0.278133360971519 0.278133338783609 0.278133316599931 0.278133294420486 0.278133272245274
0.125717564680624 0.274722403739664 0.288176359528932 0.288176353644847 0.288176347763541 0.288176341885013 0.288176336009266 0.288176330136298 0.288176324266113 0.288176318398708
0.138817790212065 0.274310525400688 0.284245869546705 0.284245860879087 0.284245852212702 0.28424584354755 0.284245834883631 0.284245826220946 0.284245817559494 0.284245808899276
0.0915989682516078 0.256490119981731 0.274683611417068 0.274683530387226 0.274683449360358 0.274683368336464 0.274683287315546 0.274683206297605 0.274683125282643 0.27468304427066
0.119082709102033 0.275157697402381 0.285415166680107 0.285415185323887 0.28541520397139 0.285415222622615 0.285415241277564 0.285415259936237 0.285415278598636 0.28541529726476
0.123062965991592 0.276755229143501 0.285211554629896 0.285211567013225 0.285211579399494 0.285211591788705 0.285211604180858 0.285211616575955 0.285211628973995 0.285211641374981
0.144504868076654 0.277274168538106 0.28610991810394 0.286109915161621 0.286109912220711 0.286109909281208 0.286109906343114 0.286109903406428 0.286109900471152 0.286109897537285
0.0995951191227102 0.265616166360645 0.28400547912488 0.284005521443974 0.284005563769071 0.284005606100171 0.284005648437276 0.284005690780387 0.284005733129506 0.284005775484633
0.116493687601805 0.274076168806613 0.285198715168659 0.28519873350159 0.285198751838288 0.285198770178754 0.285198788522987 0.285198806870989 0.28519882522276 0.285198843578302
0.103759545952941 0.263077964756266 0.280387732384479 0.28038772241692 0.280387712454538 0.280387702497334 0.28038769254531 0.280387682598467 0.280387672656806 0.280387662720327
0.113635678296904 0.270446890702786 0.285311231320128 0.28531125318266 0.285311275049277 0.285311296919983 0.285311318794776 0.285311340673659 0.285311362556632 0.285311384443695
0.0992619448281768 0.270690188646747 0.284390339356209 0.284390377138915 0.284390414928052 0.284390452723625 0.284390490525632 0.284390528334077 0.28439056614896 0.284390603970284
0.0759840756902674 0.248698164910674 0.2655684706759 0.265567790256495 0.265567109765342 0.265566429202429 0.265565748567739 0.265565067861259 0.265564387082974 0.265563706232867
