0.138611588717376 0.281263311677203 0.290107847220651 0.290107888284858 0.290107929350791 0.290107970419905 0.290108011489074 0.290108052563821 0.290108093638592 0.290108134714896
0.103434994784064 0.280968117986734 0.288927570120028 0.28892764591691 0.288927721719891 0.28892779753029 0.288927873345276 0.288927949169852 0.28892802499899 0.288928100834056
0.108147501474574 0.282880992190637 0.287862302590598 0.287862374874182 0.287862447163196 0.287862519458482 0.287862591758233 0.287862664065643 0.287862736377502 0.287862808694685
0.12371979372015 0.281343225148285 0.287708522750058 0.287708577393055 0.287708632040261 0.287708686692731 0.287708741348195 0.28770879601067 0.287708850676117 0.287708905345634
0.0691651301491477 0.234759199082004 0.262346932925299 0.26234598177472 0.262345030522764 0.262344079174099 0.262343127718624 0.262342176174135 0.262341224522697 0.262340272769159
0.119390242436718 0.281487424368744 0.287762239784049 0.287762296012515 0.287762352244608 0.287762408481387 0.28776246472058 0.287762520966202 0.287762577214216 0.287762633465719
0.0847400263454499 0.259924198526183 0.270366321977037 0.270365606619235 0.270364891186111 0.270364175679343 0.270363460095278 0.270362744440337 0.270362028708033 0.270361312900112
0.114333469546413 0.283555599037046 0.289223793255038 0.289223781287115 0.289223769323443 0.289223757364998 0.289223745409683 0.289223733461208 0.289223721515844 0.289223709574606
0.113734162032592 0.281776580599751 0.289720520077574 0.289720573418188 0.289720626763246 0.289720680114075 0.289720733467821 0.289720786829531 0.28972084019413 0.289720893562997
0.133870747553694 0.280190376449509 0.287088415974601 0.287088449073664 0.287088482174762 0.287088515279056 0.28708854838405 0.287088581494153 0.287088614604932 0.287088647717591
0.116028197426538 0.2757626740757 0.286398059809998 0.286398118006497 0.286398176207917 0.286398234415993 0.286398292626997 0.28639835084752 0.286398409070935 0.286398467299042
0.1527806133889 0.280599720824939 0.290003439381164 0.290003441799365 0.290003444218749 0.290003446640887 0.290003449062396 0.290003451489257 0.290003453915455 0.290003456342624
0.128539166607995 0.284572368378609 0.290156098846843 0.290156081689651 0.290156064534055 0.29015604738101 0.290156030228461 0.290156013080041 0.290155995932098 0.290155978785625
0.133415247366461 0.284255551818309 0.288352734683061 0.288352788573347 0.288352842466389 0.288352896362913 0.28835295026136 0.288353004164486 0.28835305806952 0.288353111977215
0.106260928549251 0.279717166509544 0.2884377276106 0.288437802880304 0.288437878155772 0.288437953438448 0.288438028725231 0.288438104021601 0.28843817932205 0.288438254628074
0.125761788162469 0.278105576263048 0.287031118955345 0.287031167971472 0.287031216991091 0.287031266015738 0.287031315042111 0.287031364076046 0.287031413111674 0.287031462150592
0.105436354795826 0.275319597334272 0.284053767612752 0.284053829250281 0.284053890893602 0.284053952544183 0.284054014198873 0.284054075863245 0.284054137531697 0.284054199205752
0.0915509372326672 0.268867810611819 0.279328398219749 0.279328424039686 0.279328449865449 0.279328475698779 0.279328501535941 0.279328527383536 0.279328553234937 0.27932857909194
0.108459713122044 0.276849537919515 0.287943886911803 0.287943958595585 0.28794403028444 0.287944101980184 0.287944173678915 0.287944245387528 0.287944317099091 0.287944388815487
0.086355870080825 0.256444887984054 0.275066637316119 0.275066414118496 0.275066190908264 0.275065967688575 0.275065744452658 0.275065521212476 0.275065297956016 0.275065074686528
0.120260140526588 0.283927271561632 0.28983314117286 0.289833117351137 0.289833093532338 0.289833069717461 0.289833045904363 0.289833022096835 0.289832998291065 0.289832974488093
0.126350978714761 0.281959114444015 0.286532804017813 0.286532845629703 0.286532887245511 0.286532928866059 0.286532970489583 0.286533012119199 0.286533053751777 0.286533095388166
0.116965000566711 0.274787662576836 0.288080160938786 0.288080221303457 0.288080281673453 0.288080342050942 0.288080402431264 0.288080462822656 0.288080523216836 0.288080583616056
0.127185258984374 0.27793084124505 0.28718951502649 0.287189571451141 0.287189627879093 0.287189684311856 0.287189740746182 0.287189797187814 0.287189853630976 0.287189910077238
0.128063411398976 0.279373069080233 0.286908280514172 0.28690832419144 0.286908367871649 0.286908411556038 0.286908455241946 0.286908498934077 0.286908542627701 0.286908586324102
0.110722519251028 0.27917005956907 0.289029494220025 0.289029569496921 0.289029644779296 0.289029720068756 0.289029795361846 0.289029870664678 0.289029945971107 0.289030021282803
0.111332372576837 0.277499703728948 0.287763034541094 0.28776308986377 0.287763145192245 0.287763200528224 0.287763255868046 0.287763311218182 0.287763366572128 0.28776342193165
0.0880302028301614 0.268411073397116 0.283828300705576 0.283828385534722 0.283828470371707 0.28382855521903 0.283828640071315 0.283828724938069 0.283828809809732 0.283828894688903
0.0782905693316459 0.258110331422241 0.281109122282722 0.281109195805918 0.281109269338403 0.281109342883997 0.281109416434485 0.28110949000439 0.281109563579108 0.281109637162607
0.119325046890622 0.278490699872029 0.288679547191661 0.288679614583831 0.288679681980198 0.288679749382438 0.288679816786947 0.288679884200096 0.28867995161548 0.288680019034838
0.0806678142524812 0.254783076499473 0.271002487526806 0.271002106400002 0.27100172524568 0.271001344066514 0.271000962856739 0.271000581626529 0.271000200365647 0.270999819076865
0.0920009278160651 0.272603334622056 0.288153717288442 0.288153818904493 0.288153920528066 0.288154022161723 0.288154123799955 0.288154225452501 0.288154327109568 0.288154428773818
0.111327872060044 0.273454007501559 0.289268746826806 0.289268825345133 0.28926890386883 0.28926898240048 0.289269060934531 0.289269139480796 0.289269218029406 0.289269296583044
0.113346021854458 0.275561662301163 0.284491867241763 0.284491926623738 0.284491986009469 0.28449204540042 0.284492104793444 0.284492164194104 0.284492223596805 0.284492283003066
0.111543645008481 0.277222479958496 0.289045521084212 0.289045579058618 0.289045637038192 0.289045695024902 0.289045753014517 0.289045811014515 0.289045869017378 0.28904592702515
0.114573985677997 0.277250551549132 0.287277530959909 0.287277593955934 0.287277656956149 0.287277719962169 0.287277782970522 0.287277845987344 0.287277909006465 0.287277972029563
0.101222689315983 0.268424838816115 0.282127960354347 0.282128003094877 0.282128045842417 0.282128088599223 0.282128131360455 0.282128174134673 0.28212821691329 0.28212825969863
0.118320264615504 0.278250997775801 0.289522301351269 0.289522368910111 0.289522436473337 0.289522504042751 0.289522571614473 0.28952263919536 0.289522706778517 0.28952277436582
0.107341271722498 0.275910438696862 0.287499709770508 0.287499781610342 0.287499853456102 0.287499925309693 0.287499997167021 0.287500069035321 0.287500140907321 0.287500212784996
0.126885231799297 0.277964106517388 0.285498409853905 0.285498470231819 0.285498530612937 0.285498590998507 0.285498651385844 0.285498711779696 0.28549877217529 0.285498832573922
0.10940276260399 0.267651302962653 0.274688150327636 0.274687938781257 0.274687727225428 0.274687515661319 0.274687304086414 0.274687092505158 0.274686880913083 0.2746866693114
0.124865149824425 0.28127878891969 0.287012923683553 0.287012963321453 0.287013002962967 0.287013042609059 0.287013082257659 0.287013121912429 0.287013161569686 0.287013201230432
0.111004299715838 0.274961012052389 0.289290885090441 0.289290935440028 0.289290985794502 0.289291036156208 0.289291086520106 0.289291136895102 0.289291187272243 0.289291237653961
0.113756553822968 0.277386073795706 0.287222398828157 0.287222460561977 0.287222522301027 0.287222584046924 0.287222645796193 0.287222707554978 0.287222769317102 0.287222831084243
0.0836026456956444 0.248485925906559 0.262179842240424 0.262179140178726 0.262178438054939 0.262177735871285 0.262177033622953 0.262176331318415 0.262175628949135 0.262174926517415
0.0537599245567772 0.223257825282444 0.251756143957247 0.25175481577141 0.251753487455098 0.251752159013152 0.251750830435092 0.251749501739377 0.251748172907399 0.251746843944184
0.0987162861513038 0.273667785408755 0.288009679636339 0.288009770693612 0.288009861757277 0.288009952829646 0.288010043905748 0.288010134994369 0.288010226086676 0.288010317185068
0.0674506611345566 0.246844638309128 0.260239724357316 0.260239102075146 0.260238479751586 0.260237857388808 0.260237234982124 0.260236612539804 0.260235990053522 0.260235367525532
0.126453760432475 0.279874160015407 0.28697697598404 0.286977028701408 0.286977081422979 0.286977134149945 0.286977186879744 0.286977239616908 0.286977292356881 0.286977345100899
0.123100823470236 0.28059569875201 0.288096793358875 0.288096845140599 0.288096896926197 0.288096948716914 0.288097000510072 0.288097052310406 0.288097104113156 0.288097155919615
0.108969389527649 0.273068615922332 0.281325194117045 0.281325224228132 0.281325254344383 0.281325284467145 0.281325314593525 0.281325344728636 0.281325374867339 0.28132540501103
0.116517268661106 0.269566421833426 0.277738151932865 0.277737980901657 0.277737809860531 0.277737638810874 0.277737467749696 0.277737296682279 0.277737125603311 0.277736954514232
0.117707886434113 0.277675373938066 0.28802258829104 0.288022638848863 0.288022689410201 0.288022739976762 0.288022790544875 0.288022841121029 0.288022891698698 0.288022942279655
0.0917310595760257 0.266513627805291 0.28775254761997 0.287752642794105 0.287752737975792 0.287752833168532 0.287752928364796 0.287753023577891 0.287753118794438 0.28775321401807
0.114379530646127 0.27775949999111 0.286045777587291 0.286045776628645 0.286045775673741 0.28604577472396 0.286045773776338 0.286045772836115 0.286045771898023 0.286045770963493
0.1117518897432 0.277986987746199 0.289232822865679 0.289232882286039 0.289232941710624 0.289233001141302 0.289233060574057 0.289233120015985 0.289233179459951 0.289233238907895
0.10083967248653 0.259183008262117 0.269134699159961 0.269133958816438 0.269133218401007 0.269132477915324 0.26913173735579 0.26913099672873 0.269130256027758 0.269129515254594
0.108913085152889 0.278536221071348 0.288807965494284 0.288808040230063 0.288808114971422 0.288808189720045 0.288808264472312 0.288808339234623 0.288808414000544 0.288808488771823
0.0834887218346582 0.258936239332467 0.278262190333773 0.278262207075906 0.278262223826124 0.278262240587582 0.278262257353496 0.278262274135858 0.278262290922609 0.278262307717028
0.125925071160971 0.279429552560082 0.287796604873474 0.287796660851839 0.287796716834302 0.287796772822264 0.287796828812714 0.287796884810975 0.287796940811696 0.287796996816329
0.115449162709766 0.280352180796515 0.284038615216771 0.284037862577998 0.284037109830888 0.284036356976082 0.284035604012111 0.284034850941488 0.284034097761626 0.28403334447319
0.110041933809789 0.27110137283056 0.283091569541896 0.283091609340464 0.283091649143776 0.283091688953785 0.283091728766295 0.283091768588725 0.283091808413614 0.283091848242989
0.11522750256492 0.27760327575165 0.288361423842523 0.288361483468434 0.288361543098117 0.288361602733312 0.288361662370275 0.288361722015625 0.288361781662706 0.288361841313327
0.0988671368599263 0.278910238597982 0.28768418821075 0.287684280340021 0.287684372477649 0.287684464625084 0.287684556779215 0.287684648945544 0.287684741118541 0.287684833299709
0.116041975239561 0.285008931523 0.288609746910134 0.288609119943782 0.288608492890198 0.288607865750019 0.288607238521791 0.28860661120801 0.288605983806109 0.288605356316754
0.121998257478065 0.275710872616188 0.288431817733898 0.288431878234012 0.288431938737294 0.28843199924583 0.288432059755133 0.288432120273134 0.288432180791856 0.288432241313467
0.127469526902971 0.278219959052811 0.289856350784421 0.28985638679065 0.289856422800122 0.289856458814741 0.289856494830412 0.289856530854376 0.28985656687935 0.289856602907314
0.127516720991675 0.283082835087835 0.288129358709685 0.288129248955502 0.288129139198058 0.288129029438213 0.288128919674117 0.288128809909038 0.288128700139691 0.288128590366969
0.105082061603584 0.274604413468054 0.285401696605643 0.285401769087624 0.285401841575963 0.28540191407242 0.285401986573213 0.285402059085029 0.285402131601149 0.285402204123398
0.118224629439772 0.275390404741181 0.286470159425283 0.286470223392314 0.286470287363545 0.286470351340812 0.286470415320167 0.28647047930859 0.286470543299062 0.286470607293489
0.100576316329589 0.274952845809832 0.285015038216079 0.285015113644892 0.285015189080314 0.285015264523978 0.285015339972378 0.285015415431712 0.285015490895749 0.285015566366184
0.11199909811341 0.271611604647545 0.284476965297603 0.284477018266266 0.284477071239873 0.284477124220504 0.284477177203684 0.284477230197325 0.284477283193472 0.284477336194285
0.124592872631377 0.275659737520061 0.287342210406208 0.287342264483841 0.287342318564439 0.287342372649919 0.287342426736159 0.287342480830444 0.287342534925447 0.287342589023161
0.114585598502713 0.27628720528527 0.288357849486252 0.288357920552373 0.288357991622739 0.288358062699278 0.288358133777848 0.288358204865768 0.288358275955679 0.288358347049579
0.113395194871018 0.278589397794481 0.287954916827864 0.287954980113743 0.287955043405002 0.287955106703206 0.287955170004995 0.287955233316309 0.287955296631175 0.287955359951218
0.134654704433986 0.282415902782278 0.287265802517906 0.287265832283552 0.287265862051068 0.287265891821316 0.287265921592443 0.287265951367724 0.287265981143867 0.287266010921766
0.130918667534406 0.278538244696107 0.286118583245043 0.286118639154998 0.286118695067849 0.286118750984883 0.286118806903337 0.286118862828094 0.286118918754244 0.286118974683121
0.122809824401142 0.281623447513528 0.28717920384025 0.287179246920108 0.287179290003913 0.287179333092612 0.287179376184171 0.287179419282187 0.287179462383043 0.287179505487723
0.119645265696822 0.279329487597812 0.288012632393116 0.288012698880644 0.288012765372574 0.288012831870331 0.288012898370852 0.288012964879549 0.288013031390982 0.288013097906628
0.100672087485479 0.275044867970187 0.288755908195728 0.288755996098329 0.288756084007511 0.288756171925535 0.288756259847541 0.288756347782118 0.288756435720631 0.288756523665427
0.0986743101101241 0.27532678783073 0.284031679964025 0.284031756611187 0.28403183326379 0.284031909923296 0.284031986586566 0.284032063259147 0.284032139935465 0.284032216617033
0.105632261587796 0.27592165785351 0.288245937023668 0.288246015000003 0.28824609298269 0.288246170973741 0.288246248968833 0.288246326975605 0.288246404986378 0.288246483003238
0.0968241137968063 0.273349475918697 0.286598931298749 0.286599024516927 0.286599117741353 0.286599210974175 0.286599304210775 0.286599397459316 0.28659949071159 0.286599583969827
0.108619813686164 0.277552272838374 0.288011756478669 0.288011841388528 0.288011926303286 0.288012011224662 0.288012096148962 0.288012181082712 0.288012266019352 0.288012350960663
0.113899886717213 0.277813895701013 0.285765148912718 0.285765220377075 0.285765291847145 0.285765363324254 0.285765434805554 0.285765506296079 0.285765577790769 0.285765649291
0.121981026622961 0.280505979449425 0.288178797935894 0.288178851476541 0.288178905021562 0.288178958572229 0.288179012125811 0.288179065687135 0.288179119251349 0.288179172819771
0.115103767383066 0.280660711556351 0.289196085057955 0.289196143516306 0.289196201978898 0.289196260447138 0.289196318917999 0.289196377396836 0.289196435878264 0.289196494363746
0.118711480868116 0.272343258100256 0.285241727784264 0.285241788338115 0.285241848896582 0.285241909461754 0.285241970029142 0.285242030606681 0.285242091186394 0.285242151770448
0.120732152521765 0.283006204492981 0.290533702456943 0.290533722930156 0.290533743406322 0.290533763886692 0.290533784368574 0.29053380485673 0.29053382534637 0.290533845838797
0.111639316172945 0.278950568232619 0.28751555430594 0.287515619394292 0.287515684487949 0.287515749588323 0.287515814692382 0.287515879805487 0.287515944922249 0.28751601004413
0.0852414890882993 0.264105700974857 0.274354418766709 0.27435427495726 0.27435413114588 0.274353987334241 0.274353843518754 0.274353699705765 0.2743535558889 0.274353412069886
0.117262831484388 0.282911530671226 0.287438014581574 0.287438072487091 0.287438130395905 0.287438188308823 0.287438246224113 0.287438304144834 0.287438362067911 0.28743841999418
0.143455998691517 0.282480161601304 0.28729912074637 0.287299152319099 0.28729918389401 0.287299215471947 0.287299247051091 0.287299278634659 0.287299310219416 0.287299341806243
0.114949230163554 0.285402239364122 0.290240723634137 0.290240775072597 0.290240826515497 0.290240877963662 0.290240929415319 0.290240980873604 0.290241032335364 0.290241083801457
0.112474686046113 0.2735848332589 0.283676056179161 0.283676117967633 0.283676179760737 0.283676241560121 0.283676303362238 0.283676365173362 0.283676426987182 0.283676488805415
0.117671647181971 0.276032549235522 0.288256234082651 0.288256299509712 0.288256364940485 0.288256430376974 0.288256495814866 0.288256561261786 0.288256626710066 0.288256692161789
0.116389411074417 0.270871467818822 0.285198692080924 0.285198760889399 0.285198829702146 0.285198898521535 0.28519896734247 0.28519903617396 0.285199105006945 0.285199173843885
0.136540752479424 0.282632096646674 0.287908099148118 0.287908136016661 0.287908172887004 0.287908209760059 0.287908246633868 0.287908283511889 0.287908320390645 0.287908357271081
0.11579533771592 0.281807719305061 0.28763965937615 0.287639726831569 0.287639794291924 0.28763986175819 0.287639929228273 0.287639996705876 0.287640064187276 0.287640131673486
0.0724493999237764 0.251514760905669 0.264368097067214 0.264367160168458 0.264366223174971 0.264365286088797 0.264364348905489 0.264363411632857 0.264362474263017 0.264361536798086
