0.0984165679419399 0.266762870561919 0.292345333576987 0.29234540988958 0.292345486208671 0.292345562534262 0.292345638866355 0.292345715204951 0.292345791550052 0.292345867901658
0.112396804009604 0.271213636992058 0.289313350278186 0.289313413251751 0.289313476230332 0.289313539213929 0.289313602202542 0.289313665196174 0.289313728194825 0.289313791198496
0.120388634927677 0.269266783720017 0.289319577672123 0.289319623346346 0.289319669024528 0.289319714706669 0.28931976039277 0.289319806082833 0.289319851776857 0.289319897474844
0.114470336393513 0.272881281457648 0.290745349041769 0.2907454102555 0.290745471473917 0.290745532697021 0.290745593924812 0.29074565515729 0.290745716394459 0.290745777636318
0.076871965434617 0.237314054836878 0.267586589072433 0.267585825559202 0.267585061979051 0.267584298331973 0.267583534617957 0.267582770836991 0.267582006989066 0.267581243074172
0.106690236333743 0.273129604830975 0.29005153746684 0.290051594652116 0.290051651842685 0.29005170903855 0.290051766239713 0.290051823446172 0.290051880657931 0.290051937874989
0.0793756810944385 0.238522087032011 0.264309261618613 0.264308428455042 0.264307595215856 0.264306761901041 0.264305928510585 0.264305095044475 0.264304261502699 0.264303427885244
0.140723961184587 0.282976936138205 0.287905943410995 0.287905842893732 0.287905742375915 0.287905641857545 0.287905541338621 0.287905440819145 0.287905340299118 0.287905239778538
0.130997684569115 0.283435942259437 0.290303967531802 0.290304009472102 0.290304051415776 0.290304093362821 0.290304135313241 0.290304177267035 0.290304219224204 0.290304261184748
0.138681682729678 0.276749494708013 0.287918027932634 0.287918059395463 0.287918090861365 0.287918122330338 0.287918153802383 0.287918185277503 0.287918216755697 0.287918248236965
0.122375126844716 0.272711165452128 0.288961379908048 0.288961416584852 0.288961453265321 0.288961489949455 0.288961526637253 0.288961563328719 0.288961600023851 0.288961636722653
0.122512184445222 0.271252371118217 0.289631351121518 0.289631387884793 0.289631424651681 0.289631461422182 0.289631498196296 0.289631534974026 0.289631571755371 0.289631608540333
0.123110017409635 0.275742360846217 0.289495767467118 0.289495778017676 0.28949578857138 0.289495799128233 0.289495809688234 0.289495820251384 0.289495830817684 0.289495841387136
0.123428524097813 0.274054655048486 0.289952300856361 0.289952357548899 0.289952414245188 0.289952470945228 0.289952527649019 0.289952584356563 0.289952641067861 0.289952697782912
0.111799127033284 0.264184706576087 0.29002157019816 0.290021636631117 0.290021703069581 0.290021769513553 0.290021835963033 0.290021902418022 0.290021968878522 0.290022035344534
0.126854587132393 0.276941042441003 0.288993330702852 0.288993374982388 0.288993419265503 0.288993463552197 0.288993507842472 0.288993552136328 0.288993596433765 0.288993640734784
0.106556067949629 0.26641901415267 0.280993344091836 0.280993307946767 0.280993271804024 0.280993235663605 0.280993199525512 0.280993163389747 0.280993127256309 0.280993091125199
0.0843794291891667 0.253542157270643 0.279726848352191 0.279726803368881 0.27972675838958 0.279726713414289 0.279726668443011 0.279726623475747 0.279726578512498 0.279726533553267
0.0950071320123539 0.269463312918508 0.288986649865353 0.288986727752346 0.288986805646616 0.288986883548165 0.288986961456992 0.288987039373102 0.288987117296494 0.28898719522717
0.102050341195999 0.261292536204577 0.282422810914797 0.282422821513962 0.282422832117931 0.282422842726707 0.282422853340289 0.282422863958679 0.28242287458188 0.282422885209889
0.128328632302827 0.277267616845493 0.290983109243887 0.290983072521112 0.290983035799352 0.290982999078606 0.290982962358877 0.290982925640164 0.290982888922468 0.290982852205789
0.112078114321872 0.272714079651434 0.290403331064634 0.290403390535941 0.290403450011881 0.290403509492455 0.290403568977663 0.290403628467508 0.290403687961989 0.290403747461109
0.113764362141709 0.276398854895488 0.291261641192737 0.291261705993617 0.291261770799162 0.291261835609371 0.291261900424246 0.291261965243787 0.291262030067998 0.291262094896876
0.120784172377008 0.274760815940301 0.288288013252819 0.288288053048834 0.288288092848399 0.288288132651516 0.288288172458184 0.288288212268406 0.28828825208218 0.288288291899509
0.109743164907139 0.273678047031332 0.288459577222207 0.288459637399398 0.288459697581879 0.288459757769653 0.28845981796272 0.288459878161081 0.288459938364737 0.288459998573691
0.143814288714979 0.280063083099512 0.289862580739364 0.289862613147873 0.289862645558721 0.289862677971908 0.289862710387434 0.289862742805301 0.289862775225509 0.289862807648059
0.134174980309233 0.277059761345221 0.29117405607355 0.291174092083051 0.291174128095514 0.29117416411094 0.291174200129331 0.291174236150687 0.291174272175008 0.291174308202296
0.110331330602178 0.269934736039328 0.286562510285557 0.286562558002239 0.286562605723839 0.286562653450357 0.286562701181796 0.286562748918157 0.28656279665944 0.286562844405645
0.108277579518717 0.26808096154116 0.28645937850407 0.286459447717654 0.286459516936748 0.286459586161354 0.286459655391471 0.286459724627101 0.286459793868246 0.286459863114907
0.106650045210339 0.267980449610899 0.29052827537096 0.290528349612136 0.290528423858618 0.290528498110406 0.290528572367501 0.290528646629905 0.290528720897618 0.290528795170642
0.0810270971013384 0.237770278913199 0.265272293073301 0.265271752922715 0.265271212730281 0.265270672495995 0.265270132219847 0.265269591901835 0.265269051541951 0.26526851114019
0.119677343605783 0.272378472461163 0.289538659019826 0.289538712939621 0.289538766863551 0.289538820791614 0.289538874723813 0.289538928660147 0.289538982600619 0.289539036545227
0.116522853698086 0.275139498238627 0.290079172612124 0.290079218212853 0.290079263818325 0.29007930942854 0.290079355043501 0.290079400663208 0.290079446287663 0.290079491916866
0.0937346317231888 0.265982125527938 0.288897263224105 0.288897363430835 0.288897463645415 0.288897563867848 0.288897664098134 0.288897764336276 0.288897864582276 0.288897964836135
0.12441876026977 0.281346542589454 0.291692209896791 0.291692229052424 0.291692248211265 0.291692267373315 0.291692286538575 0.291692305707045 0.291692324878727 0.291692344053621
0.101717324702679 0.262817379791473 0.289413393586476 0.289413459237541 0.289413524893979 0.28941359055579 0.289413656222975 0.289413721895536 0.289413787573475 0.28941385325679
0.0873996150843281 0.253492334544696 0.280194191049719 0.280194151208893 0.280194111369525 0.280194071531614 0.280194031695162 0.28019399186017 0.280193952026639 0.280193912194569
0.116302409017093 0.26549611735687 0.289673549341056 0.289673605741974 0.289673662147169 0.289673718556641 0.289673774970392 0.289673831388422 0.289673887810733 0.289673944237324
0.105004840472665 0.266119750043625 0.290666455821536 0.290666529932846 0.290666604050517 0.290666678174551 0.290666752304949 0.290666826441712 0.290666900584842 0.290666974734338
0.108587780189068 0.271522471185339 0.285017412554897 0.28501744928566 0.285017486021534 0.28501752276252 0.285017559508618 0.28501759625983 0.285017633016157 0.285017669777601
0.0637308119192115 0.22428983137994 0.265234657879677 0.265233872530277 0.265233087111108 0.26523230162216 0.26523151606342 0.265230730434879 0.265229944736527 0.26522915896835
0.109590068035186 0.275500887108418 0.290911000254445 0.290911054151355 0.29091110805345 0.290911161960734 0.290911215873207 0.290911269790871 0.290911323713726 0.290911377641774
0.106305835770367 0.271915436327736 0.291594753361704 0.291594826877776 0.291594900399487 0.291594973926839 0.291595047459832 0.291595120998467 0.291595194542748 0.291595268092673
0.116705271135174 0.271554347841675 0.289946991225873 0.289947051776588 0.289947112331407 0.28994717289033 0.289947233453357 0.289947294020491 0.28994735459173 0.289947415167078
0.06854059497778 0.229099318772627 0.266376084470826 0.266375372133843 0.266374659742365 0.266373947296383 0.266373234795891 0.26637252224088 0.266371809631343 0.266371096967273
0.0719909812032475 0.22631401933707 0.259874278225604 0.259873327438214 0.259872376556011 0.259871425578979 0.259870474507098 0.259869523340354 0.259868572078727 0.259867620722203
0.0958566288226288 0.270198908157308 0.28990347254317 0.289903537558365 0.28990360257967 0.289903667607085 0.289903732640612 0.289903797680251 0.289903862726005 0.289903927777875
0.0851896299480402 0.249047373949144 0.27056979419456 0.270569436314927 0.270569078413631 0.270568720490668 0.270568362546039 0.270568004579739 0.270567646591766 0.270567288582118
0.104116934142489 0.277115760137333 0.290055190980372 0.29005525086665 0.290055310759763 0.290055370659714 0.290055430566503 0.290055490480132 0.290055550400601 0.290055610327915
0.0989926066624036 0.270989986775281 0.290743025676216 0.290743106774739 0.290743187879886 0.290743268991661 0.290743350110065 0.290743431235098 0.290743512366763 0.29074359350506
0.101887036679086 0.262438102682646 0.279965972207999 0.279965941888933 0.279965911572723 0.279965881259371 0.279965850948878 0.279965820641245 0.279965790336473 0.279965760034563
0.132833760062544 0.272675495795926 0.282056170631923 0.282056080084934 0.282055989532867 0.282055898975721 0.282055808413496 0.282055717846191 0.282055627273806 0.282055536696341
0.124929152882734 0.274294533670827 0.288655307303079 0.288655360130841 0.288655412962886 0.288655465799214 0.288655518639829 0.28865557148473 0.288655624333918 0.288655677187394
0.101642683581176 0.274370226212094 0.289657324275287 0.289657393798214 0.289657463327498 0.289657532863141 0.289657602405143 0.289657671953506 0.289657741508231 0.289657811069321
0.112648697227468 0.281342285933149 0.292574649536539 0.292574706825253 0.292574764118191 0.292574821415354 0.292574878716742 0.292574936022356 0.292574993332197 0.292575050646266
0.122832642799044 0.280894849814439 0.289337642942793 0.28933768837067 0.289337733802173 0.289337779237303 0.28933782467606 0.289337870118444 0.289337915564457 0.289337961014101
0.0881324189467909 0.230628435023321 0.266134661276069 0.266133944011617 0.266133226680366 0.266132509282304 0.26613179181742 0.266131074285703 0.266130356687141 0.266129639021725
0.118255340632916 0.277068341199567 0.288707687989167 0.288707723800216 0.288707759614874 0.288707795433143 0.288707831255023 0.288707867080514 0.288707902909619 0.288707938742337
0.0920826639059892 0.257107732432573 0.280325388159459 0.280325409411093 0.280325430668171 0.280325451930695 0.280325473198665 0.280325494472084 0.280325515750952 0.28032553703527
0.102375249723657 0.265368432215673 0.289103622564782 0.289103688821416 0.289103755083759 0.289103821351813 0.289103887625578 0.289103953905056 0.289104020190248 0.289104086481154
0.112480223699359 0.276535918471412 0.284732943185549 0.284731836575528 0.284730729792217 0.284729622835562 0.284728515705513 0.284727408402017 0.284726300925024 0.284725193274479
0.0981240433871059 0.258812005582739 0.28372995176163 0.283729986606162 0.283730021456791 0.283730056313516 0.283730091176339 0.283730126045261 0.283730160920285 0.283730195801411
0.115713317964055 0.274029960243532 0.290086232597253 0.290086294773742 0.290086356955241 0.290086419141753 0.290086481333276 0.290086543529812 0.290086605731363 0.29008666793793
0.10948490999694 0.272165328347983 0.290267544179618 0.290267605710118 0.290267667245017 0.290267728784314 0.29026779032801 0.290267851876108 0.290267913428606 0.290267974985507
0.123484586237595 0.27845414799582 0.291833085385624 0.291832716531964 0.291832347641571 0.291831978714439 0.291831609750558 0.291831240749923 0.291830871712525 0.291830502638355
0.10323594698417 0.268287148111106 0.291209791092308 0.291209863575258 0.291209936063903 0.291210008558246 0.291210081058286 0.291210153564025 0.291210226075464 0.291210298592604
0.122862687809666 0.277028681777162 0.289093632675936 0.28909366001524 0.289093687358264 0.289093714705008 0.289093742055473 0.28909376940966 0.28909379676757 0.289093824129204
0.123937625482517 0.279552913282236 0.287236150847526 0.28723593134336 0.2872357118214 0.287235492281643 0.287235272724086 0.287235053148725 0.287234833555558 0.287234613944581
0.0957830228178979 0.257811074610475 0.283971913555951 0.283971936534707 0.283971959519479 0.283971982510268 0.283972005507074 0.2839720285099 0.283972051518747 0.283972074533615
0.108833526629015 0.272325873675356 0.288655499573979 0.288655569423288 0.28865563927782 0.288655709137578 0.288655779002563 0.288655848872775 0.288655918748216 0.288655988628887
0.0888158069116245 0.261730845989225 0.283858713562439 0.283858773287916 0.283858833021274 0.283858892762516 0.283858952511642 0.283859012268655 0.283859072033556 0.283859131806346
0.0946224037708717 0.260062988011425 0.287332436256746 0.287332518031739 0.287332599813446 0.287332681601869 0.287332763397009 0.287332845198867 0.287332927007444 0.287333008822742
0.0955904923592583 0.266985211188211 0.291281090779708 0.291281172991332 0.29128125520964 0.291281337434634 0.291281419666314 0.291281501904682 0.291281584149738 0.291281666401486
0.115128678449002 0.270548653400968 0.289312635579619 0.28931269612757 0.289312756679912 0.289312817236644 0.289312877797768 0.289312938363285 0.289312998933195 0.2893130595075
0.121979535419542 0.272959177642412 0.289497152451147 0.28949720559399 0.289497258741099 0.289497311892475 0.289497365048116 0.289497418208027 0.289497471372206 0.289497524540655
0.107048829662108 0.269366015623071 0.290062480452244 0.290062549761573 0.290062619077512 0.290062688400061 0.290062757729222 0.290062827064997 0.290062896407387 0.290062965756393
0.108545238922139 0.271022345088201 0.287199822455067 0.287199878467075 0.28719993448408 0.287199990506084 0.287200046533087 0.287200102565092 0.287200158602099 0.287200214644108
0.111369016414437 0.269527870998014 0.288893067549441 0.288893117664801 0.288893167785517 0.28889321791159 0.28889326804302 0.28889331817981 0.28889336832196 0.288893418469472
0.108267311011598 0.266365133819295 0.290403745371868 0.290403814047554 0.29040388272855 0.290403951414857 0.290404020106475 0.290404088803406 0.290404157505651 0.29040422621321
0.119761616587366 0.283189138669109 0.290486788522452 0.290486843855219 0.2904868991926 0.290486954534597 0.290487009881212 0.290487065232445 0.290487120588298 0.290487175948771
0.109286093703438 0.275557271935984 0.287856241275189 0.287856298014371 0.28785635475917 0.287856411509584 0.287856468265617 0.287856525027268 0.287856581794539 0.287856638567432
0.113421799625281 0.275660422185083 0.291338960780622 0.291339024165762 0.291339087555085 0.29133915094859 0.291339214346279 0.291339277748151 0.291339341154209 0.291339404564452
0.115833782682054 0.263793629333929 0.28667667896992 0.286676735168102 0.2866767913706 0.286676847577417 0.286676903788552 0.286676960004007 0.286677016223782 0.286677072447878
0.0998201386848222 0.254721553119145 0.281596327386389 0.281596355783206 0.281596384185587 0.28159641259353 0.281596441007039 0.281596469426113 0.281596497850753 0.281596526280962
0.0980412748777886 0.263829933627867 0.288087215815678 0.28808731162359 0.288087407438384 0.288087503260062 0.288087599088624 0.288087694924072 0.288087790766408 0.288087886615631
0.120858831262757 0.277803649345698 0.288560822760493 0.288560854230604 0.288560885704236 0.288560917181394 0.288560948662075 0.288560980146282 0.288561011634014 0.288561043125274
0.107411443359119 0.278579762707169 0.290561565163391 0.290561630953038 0.290561696748209 0.290561762548904 0.290561828355126 0.290561894166873 0.29056195998415 0.290562025806955
0.115574840835501 0.268211976912324 0.283425187118993 0.283425184691596 0.283425182266305 0.283425179843119 0.283425177422042 0.283425175003071 0.283425172586209 0.283425170171455
0.116617674122013 0.283096275753274 0.291286898351551 0.291286941593698 0.291286984839814 0.2912870280899 0.291287071343956 0.291287114601983 0.291287157863982 0.291287201129953
0.111236539179675 0.272251825237193 0.290292738653694 0.290292804901177 0.290292871153596 0.290292937410953 0.290293003673247 0.290293069940481 0.290293136212655 0.29029320248977
0.0907642401366238 0.254819978425225 0.27934432769756 0.27934432934228 0.279344330991466 0.279344332645121 0.279344334303244 0.279344335965837 0.279344337632902 0.279344339304439
0.123459657305268 0.280095520442358 0.289931652293188 0.289931702461273 0.289931752632953 0.289931802808229 0.289931852987102 0.289931903169571 0.289931953355639 0.289932003545305
0.122039942657618 0.275154470439777 0.288319981281915 0.288320026682554 0.288320072086849 0.288320117494801 0.288320162906409 0.288320208321677 0.288320253740603 0.28832029916319
0.126902841338099 0.278914297490236 0.292254949823378 0.292254958092949 0.292254966365228 0.292254974640215 0.29225498291791 0.292254991198315 0.29225499948143 0.292255007767257
0.093245183748635 0.262098679250014 0.286206052024404 0.286206129956478 0.286206207894735 0.286206285839177 0.286206363789804 0.286206441746617 0.286206519709616 0.286206597678804
0.124715438278404 0.275304345666016 0.288955832014989 0.288955878113659 0.288955924215686 0.288955970321072 0.288956016429817 0.288956062541921 0.288956108657386 0.288956154776212
0.10721322694939 0.268980092577504 0.286810857305584 0.286810917267276 0.286810977234279 0.286811037206593 0.286811097184217 0.286811157167156 0.286811217155408 0.286811277148975
0.107662770928321 0.266860178699529 0.292742040744873 0.292742133366408 0.292742225993779 0.292742318626986 0.29274241126603 0.292742503910912 0.292742596561633 0.292742689218195
0.11702708240633 0.27185306521473 0.289589832644807 0.289589897050715 0.289589961461306 0.28959002587658 0.289590090296537 0.289590154721181 0.289590219150511 0.289590283584527
0.0725213321132512 0.241683769263709 0.267913775800453 0.267913270804433 0.267912765775837 0.267912260714662 0.267911755620904 0.267911250494561 0.267910745335628 0.267910240144103
