0.127875440704468 0.279425358842579 0.285526865835877 0.285526894277607 0.285526922722151 0.285526951169508 0.285526979619681 0.28552700807267 0.285527036528474 0.285527064987095
0.115578218088705 0.274162655363182 0.286754777419129 0.286754807041675 0.286754836668248 0.28675486629885 0.286754895933482 0.286754925572144 0.286754955214837 0.286754984861562
0.118625601956654 0.268607123567015 0.286135756594867 0.286135784301721 0.286135812011411 0.286135839723936 0.286135867439298 0.286135895157496 0.286135922878532 0.286135950602406
0.114230117160125 0.272673529884723 0.286358855514212 0.286358892709408 0.286358929908608 0.286358967111812 0.286359004319023 0.28635904153024 0.286359078745464 0.286359115964697
0.0535833599898203 0.204941135097062 0.249340974724226 0.249339625108232 0.249338275365638 0.249336925496424 0.249335575500569 0.249334225378053 0.249332875128855 0.249331524752957
0.134246047497908 0.28219741730599 0.285374623895302 0.285374656940614 0.285374689988697 0.285374723039553 0.285374756093181 0.285374789149583 0.285374822208759 0.285374855270711
0.0763481423164633 0.232172643903815 0.265047208637373 0.265046366079023 0.265045523432896 0.265044680698976 0.265043837877249 0.2650429949677 0.265042151970314 0.265041308885077
0.124832175125469 0.269162398299677 0.286639690046428 0.286639688877768 0.286639687711715 0.286639686548269 0.286639685387431 0.286639684229202 0.286639683073582 0.286639681920573
0.110645963306191 0.277605656358836 0.286528321187149 0.286528347391379 0.286528373599933 0.286528399812814 0.286528426030023 0.28652845225156 0.286528478477426 0.286528504707623
0.10129999155161 0.276255641778571 0.286935632499586 0.286935682149183 0.286935731803678 0.28693578146307 0.286935831127362 0.286935880796553 0.286935930470646 0.286935980149641
0.133055077731168 0.277887249137596 0.287168685122633 0.287168717439588 0.287168749758668 0.287168782079875 0.287168814403209 0.287168846728669 0.287168879056256 0.287168911385971
0.112612438893205 0.270395862549963 0.289138095432531 0.289138105918806 0.289138116408522 0.289138126901682 0.289138137398285 0.289138147898333 0.289138158401825 0.289138168908764
0.126421149988343 0.271179435285262 0.287226178347886 0.287226170675421 0.287226163004987 0.287226155336587 0.287226147670221 0.287226140005889 0.287226132343592 0.287226124683331
0.116215803515888 0.276177331364313 0.287214947140512 0.287214997560368 0.287215047983796 0.287215098410797 0.287215148841373 0.287215199275524 0.287215249713249 0.28721530015455
0.110525113287168 0.273671290049123 0.285003892770351 0.285003921520005 0.285003950274029 0.285003979032424 0.285004007795192 0.285004036562333 0.28500406533385 0.285004094109742
0.143088560967814 0.27907371442849 0.286970242454039 0.286970264623586 0.286970286794767 0.286970308967582 0.286970331142031 0.286970353318115 0.286970375495834 0.286970397675188
0.122149603941365 0.272004006337697 0.283533714507137 0.283533751945313 0.283533789386364 0.28353382683029 0.283533864277092 0.283533901726771 0.283533939179325 0.283533976634757
0.0850120025026736 0.255365717334553 0.277840469561024 0.277840447279784 0.277840425003767 0.277840402732975 0.277840380467408 0.277840358207069 0.277840335951959 0.277840313702079
0.115465611239423 0.266299694591128 0.285750524170922 0.285750570037985 0.285750615909059 0.285750661784144 0.28575070766324 0.285750753546349 0.285750799433471 0.285750845324606
0.0823132328704463 0.254398968313284 0.276546783426341 0.276546716998062 0.276546650572963 0.276546584151043 0.276546517732305 0.276546451316748 0.276546384904376 0.276546318495188
0.114275309837277 0.276007346874641 0.284498321223062 0.284498088543031 0.284497855840771 0.284497623116276 0.284497390369542 0.284497157600565 0.28449692480934 0.284496691995862
0.119154487870085 0.280941878766873 0.287162729909018 0.287162767615825 0.287162805326373 0.287162843040663 0.287162880758695 0.287162918480472 0.287162956205994 0.287162993935261
0.104216965109255 0.271094384096486 0.286947566738356 0.286947628025713 0.286947689317868 0.286947750614823 0.286947811916578 0.286947873223134 0.286947934534492 0.286947995850652
0.115983933849477 0.275323346778313 0.286947967016643 0.286948007203101 0.286948047392859 0.286948087585917 0.286948127782276 0.286948167981939 0.286948208184902 0.28694824839117
0.130115309687934 0.278694810967781 0.285964881026743 0.285964922128822 0.285964963234016 0.285965004342323 0.285965045453745 0.285965086568283 0.285965127685936 0.285965168806705
0.0933199790698431 0.274493416003195 0.288025879070677 0.288025950726778 0.288026022389238 0.288026094058056 0.288026165733234 0.288026237414775 0.288026309102678 0.288026380796945
0.143727208261909 0.27869147409001 0.288972642257995 0.288972646663488 0.288972651070255 0.288972655478295 0.288972659887608 0.288972664298196 0.288972668710059 0.288972673123196
0.106128502501523 0.271526486750192 0.284459703983932 0.284459766124497 0.284459828270371 0.284459890421555 0.284459952578049 0.284460014739856 0.284460076906976 0.28446013907941
0.0883330729390808 0.250824970005102 0.280470264554708 0.2804703076304 0.280470350712571 0.280470393801222 0.280470436896356 0.280470479997974 0.280470523106075 0.280470566220663
0.118748278145895 0.278102761216526 0.286664130788154 0.286664160238629 0.286664189692172 0.286664219148783 0.286664248608463 0.286664278071212 0.286664307537031 0.28666433700592
0.0791726776742992 0.246097319162806 0.269375317372441 0.269374955408952 0.269374593424317 0.269374231418535 0.269373869391603 0.269373507343521 0.269373145274286 0.269372783183896
0.108401660229638 0.274855902589868 0.285418862452221 0.285418908000857 0.285418953553368 0.285418999109754 0.285419044670015 0.285419090234153 0.285419135802168 0.28541918137406
0.139739543399341 0.271985422135994 0.285895390866191 0.285895406347719 0.285895421831139 0.285895437316452 0.285895452803656 0.285895468292753 0.285895483783744 0.285895499276627
0.0865257462456762 0.24349325343905 0.276450038670928 0.276450010968989 0.276449983271887 0.276449955579625 0.276449927892202 0.27644990020962 0.276449872531879 0.276449844858981
0.103089022779998 0.268630067940531 0.289513157203477 0.289513202135873 0.289513247072613 0.289513292013697 0.289513336959126 0.289513381908901 0.289513426863023 0.289513471821492
0.102618695147686 0.260860294997186 0.286322975288193 0.286323030103454 0.286323084923669 0.286323139748839 0.286323194578965 0.286323249414049 0.28632330425409 0.28632335909909
0.119185235075568 0.268340015872386 0.28383605839643 0.283836095981457 0.283836133570344 0.283836171163092 0.283836208759701 0.283836246360173 0.283836283964508 0.283836321572707
0.103736420889185 0.274523249611449 0.286029179824295 0.286029236678049 0.286029293536875 0.286029350400777 0.286029407269754 0.286029464143808 0.286029521022941 0.286029577907152
0.101602638728562 0.271376390764107 0.288643683006681 0.288643742972397 0.288643802942646 0.288643862917427 0.288643922896743 0.288643982880594 0.288644042868981 0.288644102861903
0.0784780369074874 0.252612465839438 0.270379968258925 0.270379767797836 0.270379567326034 0.270379366843521 0.270379166350294 0.270378965846351 0.270378765331693 0.270378564806317
0.064368067720872 0.234920339144324 0.254057199362082 0.254056073481775 0.254054947492097 0.254053821393029 0.254052695184552 0.254051568866647 0.254050442439295 0.254049315902478
0.110541520110337 0.274129967504231 0.286508944612181 0.286508993257303 0.286509041906708 0.286509090560397 0.286509139218371 0.286509187880631 0.286509236547177 0.286509285218012
0.127676798405531 0.271997554177152 0.287713951590266 0.287713991086785 0.287714030586207 0.287714070088532 0.287714109593761 0.287714149101895 0.287714188612934 0.287714228126878
0.127400815922084 0.27289038457456 0.2850134647771 0.285013499350871 0.285013533927332 0.285013568506482 0.285013603088322 0.285013637672853 0.285013672260075 0.285013706849988
0.0643287181482442 0.240874897677469 0.260346343841713 0.260345619654121 0.260344895411624 0.260344171114214 0.260343446761885 0.260342722354628 0.260341997892437 0.260341273375304
0.08657662623909 0.255990971184813 0.26963681610599 0.269636155515131 0.269635494861862 0.269634834146174 0.269634173368056 0.269633512527497 0.269632851624488 0.269632190659018
0.106362936914198 0.275317978707487 0.287210714923535 0.287210772048328 0.287210829177965 0.287210886312445 0.287210943451769 0.287211000595939 0.287211057744955 0.287211114898819
0.0808379912059074 0.251644543458988 0.27270062616776 0.272700438505924 0.272700250840568 0.272700063171692 0.272699875499298 0.272699687823385 0.272699500143955 0.272699312461008
0.108988287322439 0.268522347500654 0.286384313569604 0.286384359678578 0.286384405792115 0.286384451910216 0.286384498032882 0.286384544160115 0.286384590291914 0.286384636428281
0.131431046723858 0.279275063254231 0.287557278083043 0.287557313089926 0.287557348099079 0.287557383110501 0.287557418124195 0.287557453140159 0.287557488158394 0.287557523178902
0.0852304196712809 0.254422729686691 0.277762463374717 0.277762466358177 0.277762469347547 0.277762472342828 0.277762475344021 0.277762478351128 0.277762481364149 0.277762484383087
0.0954253558553835 0.259156834952812 0.274830675399422 0.274830557852088 0.274830440302265 0.274830322749956 0.27483020519516 0.274830087637879 0.274829970078111 0.274829852515859
0.112102077014849 0.272398151563059 0.285924759716349 0.285924814191607 0.285924868671008 0.285924923154556 0.285924977642248 0.285925032134088 0.285925086630076 0.285925141130211
0.111453246582063 0.266503474931928 0.286429602468725 0.286429653292894 0.286429704120783 0.286429754952391 0.28642980578772 0.28642985662677 0.286429907469541 0.286429958316035
0.110811832912836 0.277685743864338 0.286822602495432 0.286822644403165 0.286822686315542 0.286822728232562 0.286822770154226 0.286822812080535 0.286822854011491 0.286822895947094
0.110392140798759 0.274010872426073 0.28730304717269 0.28730308450591 0.287303121842817 0.287303159183412 0.287303196527696 0.28730323387567 0.287303271227334 0.287303308582689
0.0642317641303134 0.241975211501083 0.256757588673465 0.256756434484188 0.256755280180461 0.256754125762262 0.256752971229573 0.256751816582373 0.256750661820642 0.25674950694436
0.11829787894533 0.268588454523994 0.285749186557888 0.285749228289431 0.285749270024342 0.285749311762621 0.285749353504268 0.285749395249285 0.285749436997672 0.285749478749429
0.100647442561308 0.252224270684679 0.278047759525405 0.27804778193482 0.278047804348412 0.278047826766183 0.278047849188133 0.278047871614263 0.278047894044574 0.278047916479068
0.147576881845874 0.275781980618194 0.284939832374058 0.284939848407683 0.284939864443191 0.28493988048058 0.284939896519852 0.284939912561007 0.284939928604046 0.284939944648967
0.150375050336885 0.284702903355555 0.293104837084527 0.293104671503032 0.293104505904435 0.29310434028873 0.293104174655912 0.293104009005974 0.293103843338912 0.293103677654717
0.124074925469456 0.275084653877022 0.282157332630269 0.282157362558208 0.282157392488884 0.282157422422299 0.282157452358453 0.282157482297345 0.282157512238977 0.282157542183348
0.142647673362927 0.27391322486919 0.286056235519921 0.286056255548216 0.286056275578394 0.286056295610454 0.286056315644395 0.286056335680221 0.28605635571793 0.286056375757522
0.123523639276641 0.271148362769236 0.286266814655761 0.286266852031972 0.28626688941091 0.286266926792574 0.286266964176965 0.286267001564084 0.286267038953931 0.286267076346507
0.127320732425599 0.280362584777694 0.288272370257255 0.288271783444625 0.28827119655644 0.288270609592679 0.288270022553319 0.288269435438341 0.288268848247725 0.288268260981448
0.114997028423736 0.274952177837067 0.285523522175039 0.285523555044875 0.285523587917936 0.285523620794223 0.285523653673736 0.285523686556476 0.285523719442443 0.285523752331639
0.146292046040109 0.282618620869252 0.286773646008907 0.286773646073958 0.286773646140168 0.286773646207536 0.286773646276064 0.286773646345751 0.286773646416598 0.286773646488605
0.14046213979678 0.276422515594066 0.289623124901275 0.28962311085725 0.289623096814549 0.289623082773174 0.289623068733125 0.289623054694403 0.289623040657007 0.289623026620939
0.0989852491184922 0.259710479939744 0.277916287289603 0.277916280103775 0.277916272921913 0.277916265744017 0.277916258570089 0.277916251400127 0.277916244234136 0.277916237072113
0.109700017942561 0.276416177724461 0.285728647604652 0.285728693276661 0.285728738952786 0.285728784633027 0.285728830317384 0.285728876005859 0.285728921698452 0.285728967395165
0.114395256051963 0.262930619439932 0.280393444120881 0.28039345695199 0.28039346978682 0.28039348262537 0.280393495467643 0.280393508313638 0.280393521163355 0.280393534016797
0.101248363927156 0.263188633939259 0.2796681354858 0.279668145928291 0.279668156375169 0.279668166826434 0.279668177282087 0.27966818774213 0.279668198206562 0.279668208675386
0.104766219517548 0.26893586653899 0.286810845221796 0.286810908828925 0.28681097244145 0.286811036059372 0.286811099682691 0.28681116331141 0.286811226945529 0.286811290585049
0.114128886514076 0.270020085898998 0.285917473161869 0.285917514039298 0.285917554920346 0.285917595805013 0.285917636693301 0.285917677585209 0.28591771848074 0.285917759379892
0.141777516399497 0.280192336068597 0.286317637891274 0.286317664180858 0.286317690472228 0.286317716765385 0.286317743060328 0.286317769357059 0.286317795655577 0.286317821955883
0.0979496080631478 0.273320001559643 0.288321844184979 0.288321907485714 0.288321970791599 0.288322034102633 0.288322097418818 0.288322160740154 0.288322224066643 0.288322287398286
0.0676535119937367 0.235591640629037 0.273390988719697 0.27339096363798 0.273390938564355 0.273390913498823 0.273390888441387 0.273390863392048 0.273390838350809 0.273390813317671
0.134024169914092 0.279963252520298 0.287233812439417 0.287233837365209 0.287233862293139 0.287233887223205 0.28723391215541 0.287233937089753 0.287233962026234 0.287233986964855
0.112358271123592 0.268018150559932 0.286532111447223 0.286532155879701 0.286532200315537 0.286532244754731 0.286532289197282 0.286532333643194 0.286532378092464 0.286532422545095
0.13593796764664 0.276562793518447 0.285693907101659 0.2856939344732 0.285693961846985 0.285693989223014 0.285694016601288 0.285694043981808 0.285694071364574 0.285694098749586
0.093458811362876 0.267129100610421 0.277409009649507 0.277408959910726 0.277408910174664 0.27740886044132 0.277408810710696 0.277408760982792 0.277408711257611 0.277408661535152
0.12562382974469 0.271525169959773 0.286535256299348 0.286535287353101 0.286535318409862 0.286535349469631 0.286535380532409 0.286535411598197 0.286535442666995 0.286535473738805
0.0970800825344328 0.265346490288932 0.282454704740588 0.282454763133417 0.282454821531694 0.282454879935421 0.2824549383446 0.282454996759229 0.282455055179312 0.282455113604849
0.0878495667030762 0.249064137527383 0.278507641312798 0.278507662518267 0.278507683729191 0.278507704945571 0.278507726167411 0.278507747394708 0.278507768627467 0.278507789865687
0.107120880277614 0.256727659405782 0.284680997504187 0.284681051000445 0.284681104501442 0.284681158007179 0.284681211517656 0.284681265032874 0.284681318552833 0.284681372077535
0.114310284635472 0.260554838246906 0.285515932380048 0.285515977270865 0.285516022165519 0.28551606706401 0.285516111966339 0.285516156872507 0.285516201782513 0.28551624669636
0.109528602632752 0.259621626414789 0.287538336116481 0.287538379190145 0.287538422267331 0.28753846534804 0.287538508432271 0.287538551520027 0.287538594611307 0.287538637706114
0.0884675178172716 0.254511262618155 0.278771632070692 0.278771609275756 0.278771586484845 0.278771563697962 0.278771540915108 0.278771518136284 0.27877149536149 0.278771472590728
0.12769684382931 0.276308235016284 0.287275769180005 0.287275770718013 0.287275772258756 0.287275773802238 0.287275775348457 0.287275776897415 0.287275778449113 0.28727578000355
0.124158313249387 0.280359498989388 0.286076837940113 0.286076872992519 0.28607690804805 0.286076943106705 0.286076978168486 0.286077013233393 0.286077048301427 0.286077083372588
0.104692153408251 0.270394900658581 0.276685224488301 0.276685091767444 0.276684959042575 0.276684826313693 0.276684693580801 0.276684560843898 0.276684428102983 0.276684295358057
0.11719946427696 0.276803057979641 0.286839734173762 0.286839771773415 0.286839809376633 0.286839846983416 0.286839884593766 0.286839922207682 0.286839959825167 0.28683999744622
0.11136427272519 0.270978904189324 0.286261576737542 0.2862616205585 0.286261664383923 0.286261708213813 0.286261752048169 0.286261795886993 0.286261839730286 0.28626188357805
0.119453382173661 0.277136498112796 0.287079558240596 0.287079588525332 0.287079618813007 0.287079649103622 0.287079679397178 0.287079709693673 0.28707973999311 0.287079770295489
0.105727416566611 0.27677719053026 0.285551531838614 0.285551593867254 0.285551655901365 0.285551717940952 0.285551779986013 0.285551842036551 0.285551904092567 0.285551966154061
0.128016271961245 0.274359657054344 0.286520914872035 0.286520954313252 0.286520993757238 0.286521033203995 0.286521072653522 0.28652111210582 0.28652115156089 0.286521191018732
0.0634368190677604 0.228975150805513 0.266627662658186 0.26662744328534 0.266627223907009 0.266627004523193 0.266626785133893 0.266626565739109 0.26662634633884 0.266626126933088
0.130723272421522 0.279674149557579 0.285472268596452 0.285472298183711 0.285472327773716 0.285472357366467 0.285472386961966 0.285472416560212 0.285472446161206 0.285472475764949
0.110200275413523 0.265507932843376 0.286359228738505 0.286359271197931 0.286359313661097 0.286359356128006 0.286359398598656 0.28635944107305 0.286359483551189 0.286359526033072
0.0715165992763482 0.22653695013038 0.262762503323537 0.262761937880488 0.262761372397376 0.262760806874194 0.26276024131094 0.262759675707607 0.26275911006419 0.262758544380686
