0.141653537873762 0.275516305605835 0.285451427213222 0.285451067990535 0.285450531085668 0.285450873517691 0.285449820529447 0.285451397479084 0.285451555551367 0.285451392635179
0.106578492668164 0.270698109448835 0.285236636937916 0.28523618725342 0.285235501426176 0.285235985121586 0.285234613042743 0.285236738566721 0.285236976861296 0.2852367882942
0.106728138034397 0.266927215286776 0.287442294453375 0.287441656871728 0.287440687212826 0.287441362364589 0.287439427605128 0.287442411821627 0.287442741761504 0.28744247137284
0.11676782372718 0.266124550492213 0.286175055217466 0.286174387767868 0.286173387950553 0.286174034234587 0.28617206854573 0.286175025713775 0.286175326539605 0.286175026558094
0.0662033515987166 0.229108427876519 0.262532770396329 0.2625306711496 0.262528020153238 0.26252809136995 0.262523840456062 0.262527733474953 0.262527235979351 0.262525744503338
0.0958256262694034 0.267048208027963 0.288481107876034 0.288480459630432 0.288479466257744 0.288480182390488 0.288478185984753 0.288481302008725 0.288481659320782 0.2884813926974
0.0782115382940466 0.244812971493167 0.259440110422652 0.259438489111759 0.259436634233635 0.259435933328419 0.259433400503476 0.259434319655896 0.259433376815285 0.259432012543361
0.114154131398484 0.274329704152904 0.287359601809499 0.287359177364671 0.287358536073705 0.287358968368329 0.287357697061011 0.28735963653628 0.287359843650214 0.287359658900883
0.103632721446576 0.264574726658781 0.28715056735853 0.287149866929976 0.287148811859077 0.287149513409821 0.287147427635211 0.287150595180027 0.287150928048919 0.28715061979549
0.103683876186561 0.269237123679074 0.286567079338607 0.286566520001934 0.28656566807352 0.286566265060655 0.286564562928592 0.286567193987568 0.286567486966522 0.286567251103862
0.139811204819531 0.273746293447439 0.286082540427692 0.286082135810343 0.286081523049351 0.28608194055551 0.286080723131099 0.286082587010152 0.286082788485744 0.286082613896881
0.117354289283698 0.272102217203298 0.287112833166099 0.287112310526929 0.287111534062717 0.287112014190682 0.287110500301768 0.287112744521627 0.287112961084791 0.287112718988744
0.105417566543091 0.268311714107144 0.288296770793047 0.288296023370996 0.288294950178052 0.288295489821903 0.288293470111285 0.28829627395842 0.28829647530901 0.288296087974029
0.11813438126444 0.275180700774224 0.286476351516673 0.286475993164925 0.286475441325384 0.286475847162183 0.28647473328901 0.286476483613493 0.286476688641362 0.286476544098744
0.0892155823815829 0.256455396520672 0.287725581466479 0.287724603389159 0.287723121883536 0.287724133885359 0.287721189350604 0.287725701839505 0.287726190455209 0.287725769008831
0.112667528173077 0.2744198396537 0.287001285401895 0.287000880948365 0.287000262096169 0.287000704915239 0.286999463102475 0.287001396406881 0.28700161646375 0.287001449001112
0.0905728004618298 0.255146457624996 0.27726136615731 0.277260565093046 0.277259411093734 0.277259982476348 0.277257810991144 0.277260804935525 0.277261020800119 0.277260606376121
0.11028335569643 0.262631172011719 0.281296548076564 0.281295901481018 0.28129494943895 0.281295501777481 0.281293665095735 0.281296329558055 0.281296568639696 0.281296258417886
0.100949813789106 0.265641866551932 0.288199385544573 0.288198688128832 0.288197626405662 0.28819836932912 0.288196248772926 0.288199525138388 0.288199889238798 0.28819959468357
0.10455566643547 0.256944517896882 0.276181088041698 0.276180302237289 0.276179199025926 0.276179649454993 0.276177630401913 0.276180262143852 0.27618039192437 0.276179954206445
0.115433201533316 0.269403236092117 0.288008205835091 0.288007553741966 0.288006591061151 0.288007166748309 0.288005301430988 0.288008036787674 0.288008289578826 0.288007980875695
0.140902394151828 0.271688470136696 0.284885780117939 0.284885319711568 0.284884635655518 0.284885059238276 0.284883725252853 0.284885703793951 0.284885894939196 0.284885681801885
0.100120131118466 0.266494671788836 0.287574120118776 0.287573482554064 0.287572509484989 0.287573198058385 0.287571250027743 0.287574271322685 0.28757461114867 0.287574344503376
0.118806610671022 0.271722999209081 0.286995186779874 0.286994699198651 0.286993957286801 0.286994474899415 0.286992993918865 0.286995279769925 0.286995533085343 0.286995326668528
0.106017020159615 0.265719450312614 0.287435292605333 0.287434609571494 0.287433575792532 0.28743427923532 0.287432226177966 0.287435368424351 0.287435707221677 0.287435411968234
0.116376876424594 0.26486430170871 0.285594941654543 0.285594250816401 0.285593217600431 0.285593880223276 0.285591851981971 0.28559489533018 0.285595201999657 0.285594889707021
0.113911605451855 0.268917088283921 0.287341382976104 0.287340791646139 0.287339899817233 0.287340495741079 0.28733873089831 0.287341415450533 0.287341699241607 0.287341440007887
0.100680372680273 0.258893284436903 0.2823056502085 0.282304903952816 0.282303777179271 0.282304535634004 0.28230230283457 0.282305707879906 0.2823060704876 0.282305745031213
0.101447488233062 0.257215719923325 0.280299533008936 0.280298763751846 0.280297619848333 0.280298321244614 0.280296092283972 0.280299384367896 0.28029970147375 0.280299344832436
0.12729579698348 0.273687051914525 0.286157206122911 0.286156768399946 0.286156106615038 0.286156554195191 0.286155241411128 0.286157246460387 0.286157461315121 0.286157271223803
0.0749413873680451 0.243908278277216 0.268538975548082 0.26853769944392 0.268536014270439 0.268536355998029 0.268533481669232 0.26853666894389 0.268536584853961 0.2685357609318
0.110247473805308 0.269216337717124 0.285913684886037 0.285913156702916 0.285912350719891 0.285912920546712 0.285911307285801 0.285913808584551 0.28591408968897 0.285913868627541
0.110551812665889 0.269431793918937 0.28635437563456 0.286353814629283 0.286352968773245 0.286353533710643 0.286351860017124 0.286354405516006 0.286354674411791 0.286354428374072
0.089515622488826 0.253443450182958 0.280718874028013 0.280717999056009 0.280716698983061 0.280717506455336 0.28071497027043 0.280718736310861 0.280719100838865 0.280718696237073
0.119972093338154 0.271972615950113 0.287571781735437 0.287571273028976 0.287570506300176 0.287571017252804 0.287569500766584 0.287571805431121 0.28757204831525 0.287571824841752
0.112686244889856 0.270201645369519 0.28545191700662 0.285451428042448 0.285450683077861 0.285451205613402 0.28544971688326 0.285452018819248 0.285452275447755 0.285452069445741
0.0872097578573597 0.252686005495658 0.280207073825403 0.280206171925499 0.280204828063218 0.280205666163774 0.280203040442663 0.280206941800652 0.280207323996171 0.280206909657046
0.112357690762416 0.264463575950212 0.286595454897888 0.28659472308296 0.286593625975003 0.286594338302854 0.28659217952505 0.286595431997297 0.286595764527813 0.286595436652808
0.0940596219488042 0.259901156025955 0.287260566338964 0.287259713390596 0.287258421664176 0.287259303493002 0.287256736500541 0.287260669651945 0.287261095194082 0.287260727447834
0.0882250094904186 0.252734431137175 0.279318422222814 0.279317526542885 0.279316199857984 0.279316984795044 0.279314413785783 0.279318163421155 0.279318512025341 0.279318089382412
0.0628213155507924 0.225584346496847 0.258848043413625 0.258846198130484 0.258843811916621 0.258844104629839 0.258840146438612 0.25884420009297 0.258843930219774 0.258842682474521
0.10971672108332 0.263973017474033 0.288370989559367 0.288370229018875 0.28836908297021 0.288369846143717 0.288367579825992 0.288371023249484 0.288371385747102 0.288371051417702
0.110860514778417 0.272297775220917 0.287245872356275 0.287245378401522 0.287244633116274 0.287245132382402 0.287243656779182 0.287245903224372 0.28724614139241 0.287245925301592
0.117995837769874 0.271765951534474 0.286951084547882 0.286950611291829 0.286949889161316 0.286950399610676 0.286948954249822 0.286951195069474 0.286951446855911 0.286951248762111
0.068347195607856 0.227808559816824 0.264253443027202 0.264251341808741 0.26424863302688 0.264248912215815 0.264244445284672 0.264248919668506 0.264248577407534 0.264247143895411
0.0846090667482825 0.245944110497393 0.268295982342731 0.268294408962653 0.268292475914335 0.268292325693811 0.268289346823527 0.268291699545409 0.268291174151152 0.268289997929477
0.119455788570851 0.266436911561844 0.286106460398904 0.286105806845231 0.286104825301213 0.286105468482117 0.286103533658399 0.286106457724297 0.286106759857445 0.286106468984401
0.0940334022810574 0.245335685899576 0.27530873995409 0.275307610408122 0.275305994800847 0.275306778292055 0.275303753060837 0.275307904671112 0.275308187055105 0.275307593598513
0.107446268493705 0.266900670412806 0.287080123502367 0.287079486002163 0.287078523704034 0.287079169892182 0.287077263795725 0.287080168069417 0.28708047669789 0.287080198253086
0.116029798259032 0.270638747296843 0.286002773678891 0.286002245768563 0.286001455660668 0.286001964109798 0.286000412031001 0.28600274345524 0.286002979417144 0.286002741417953
0.0896559304316939 0.25321398031199 0.278068974796918 0.278068112649351 0.278066847613017 0.278067570818132 0.278065137523032 0.278068652055505 0.278068960086136 0.278068542265176
0.0800115798194613 0.23003371627827 0.269271287358826 0.26926956656906 0.269267195908184 0.269268026645825 0.269263773452536 0.26926909879301 0.269269262603258 0.269268257482877
0.120017060364787 0.272580324323099 0.286194398411061 0.286193950847323 0.286193271350637 0.286193740162289 0.286192386805704 0.286194467688029 0.286194695629214 0.286194504435399
0.0991132818733467 0.267772699009382 0.286788335149753 0.286787741167385 0.286786836637978 0.286787470131687 0.286785663135958 0.286788455775557 0.2867887665165 0.286788515906467
0.124150022182781 0.271402876022556 0.288571194158165 0.288570593729117 0.288569710536982 0.288570227397521 0.288568522653799 0.288571005035538 0.288571228149253 0.28857094023876
0.110431439957864 0.26729119646579 0.287344202266688 0.287343555917641 0.287342580608452 0.287343234583765 0.287341303265195 0.287344244477352 0.287344556530186 0.28734427392844
0.0771364706820341 0.238804655295946 0.26462180064303 0.264620010672482 0.264617798845412 0.264617678102571 0.264614239575413 0.264617054537631 0.264616493863379 0.264615169839363
0.109184028491158 0.266200490073086 0.286353201661413 0.286352552152639 0.286351573171443 0.286352225986793 0.286350289526036 0.28635323319639 0.286353543536519 0.286353258276693
0.113330453866579 0.266692298881476 0.279796294045688 0.279795784173159 0.279795042339365 0.279795448136547 0.279794032651502 0.279796049668258 0.279796214945766 0.2797959612855
0.098238955237752 0.268323542538159 0.287461067621704 0.287460488599157 0.287459605096804 0.287460229437522 0.287458461183498 0.287461202343307 0.287461510260719 0.287461267835075
0.118836045503283 0.274325174535303 0.285826388831319 0.285825322046037 0.28582405967559 0.285823764961123 0.285821934479842 0.285822998146272 0.285822500307397 0.285821649167785
0.0933259893900616 0.251949429313495 0.275472630203227 0.275471672610608 0.27547033450968 0.275470871953193 0.275468431294393 0.275471601898923 0.275471748303905 0.275471209930676
0.105022580293001 0.264690918432076 0.286974406680607 0.286973669631501 0.286972559777217 0.28697329610968 0.286971102948001 0.286974431075058 0.286974780001238 0.286974455090035
0.108280574437363 0.268427654992641 0.28693675046466 0.286936156847154 0.286935256834548 0.28693587402047 0.286934083750921 0.28693683090622 0.286937129730206 0.28693687478384
0.119701526921765 0.2757571675658 0.284647423267225 0.28464611871055 0.284644650890506 0.284643990084377 0.284642048212488 0.28464252028579 0.284641689927002 0.284640564791493
0.10831082178902 0.267507181448562 0.286667382814676 0.286666781294885 0.286665870060248 0.286666492595608 0.286664681388594 0.28666745710468 0.286667757791509 0.286667498675211
0.113683184279029 0.264189506088441 0.287381881965069 0.287381122745503 0.287379984381308 0.287380724033647 0.287378483746602 0.287381859844219 0.287382205307278 0.287381865326365
0.110529960541151 0.268811729174421 0.288377762302839 0.288377023539124 0.288375969188178 0.288376477371982 0.288374506068884 0.288377207789849 0.288377388192606 0.28837699829003
0.0926452735617542 0.24770081419224 0.276799745004517 0.276798706074628 0.276797192114631 0.276798030731674 0.276795136286931 0.276799277653607 0.27679962254534 0.276799108756661
0.122331524244461 0.272449579704169 0.284085136308809 0.284084741647138 0.284084141795983 0.284084555880661 0.28408336057704 0.284085198153095 0.284085400130456 0.284085231958646
0.0925452625058477 0.250562346396584 0.282090049639321 0.282089037678913 0.282087519198982 0.282088510767775 0.28208551978188 0.282090035016235 0.282090499398886 0.28209004770931
0.0816002746614432 0.250690888416278 0.281034044142301 0.281033078062128 0.281031632444123 0.281032554763156 0.281029718112213 0.281033964708775 0.28103439217132 0.281033955237613
0.0964084165486459 0.259660362679549 0.285739999777213 0.285739174877236 0.285737929880204 0.285738766004856 0.285736299944206 0.285740057594328 0.285740456862628 0.285740096582062
0.11434696550962 0.272357735428932 0.286573498420379 0.28657301481497 0.286572286368886 0.286572770188261 0.286571330359362 0.286573516067034 0.286573745575685 0.286573532597489
0.113397981906749 0.266187310950153 0.286995223821122 0.286994562599718 0.286993566149667 0.286994230156334 0.286992259469178 0.28699525454179 0.286995569993488 0.28699527939892
0.127234005569719 0.272311136732621 0.286013330295087 0.286012852144233 0.28601213851955 0.286012590928722 0.286011193059519 0.286013282409872 0.286013490188718 0.28601327236443
0.117158910371959 0.263395949620212 0.284866119784234 0.284865429955537 0.284864393558595 0.284865073277407 0.284863029830527 0.284866118739301 0.284866438405262 0.284866131698191
0.124793165065212 0.273820946205731 0.286973241628736 0.286972800927383 0.286972138233921 0.286972574634602 0.286971266961462 0.286973246382836 0.286973452224745 0.286973256880998
0.106859644571038 0.265966145255908 0.28663120134055 0.286630508048019 0.286629462218184 0.286630162526243 0.286628092139931 0.286631243816609 0.286631577637563 0.28663127412465
0.113128745919222 0.273559303969692 0.285847620382198 0.28584719908457 0.285846561770502 0.285846994006445 0.285845729031886 0.285847662775634 0.285847870680135 0.285847688191497
0.0815260967132503 0.251411531759004 0.281111792409558 0.281110818013673 0.281109356594366 0.281110288045811 0.281107418204217 0.281111709166495 0.281112144095854 0.28111170521671
0.113480143839451 0.27161084813302 0.286217536204577 0.286217056390163 0.286216328192496 0.286216830103161 0.286215380130839 0.286217608955217 0.286217852727195 0.286217647513864
0.126117303815877 0.271425211628345 0.285065890871567 0.285065410648621 0.285064688048512 0.285065165593398 0.285063738751724 0.285065901181321 0.285066126922278 0.285065914596047
0.0994414343530807 0.256243779876452 0.276909651710316 0.276908901655279 0.276907808659277 0.276908400685917 0.276906315902761 0.276909273694617 0.276909516042758 0.276909143044596
0.0812156687517029 0.254262019999782 0.28714728463574 0.287146282445673 0.287144757827714 0.287145820941001 0.287142777966044 0.287147473772157 0.287147993752762 0.287147569300748
0.126893791935087 0.270469740804728 0.286240068126249 0.28623950496454 0.28623866134241 0.286239206760749 0.286237548100612 0.28624004360261 0.286240297500202 0.286240044381613
0.108363052081977 0.267417334168677 0.287012669839489 0.287012048291486 0.287011112979678 0.287011731798877 0.287009884612148 0.287012685171257 0.287012977798687 0.287012703204002
0.0986248821433765 0.262112170855964 0.276907651403413 0.276907020728679 0.276906142025533 0.276906479597485 0.276904884502196 0.276906929770853 0.276907015599004 0.276906657193234
0.114551370343521 0.266388620484262 0.288036067458787 0.28803533938136 0.288034256726125 0.28803493010812 0.288032817040311 0.288035955632907 0.288036260517545 0.288035924472223
0.109167914915628 0.266514825875489 0.286990259086969 0.286989594945831 0.28698859370074 0.286989262009708 0.2869872811388 0.286990293273948 0.286990611195362 0.286990319748414
0.0622261909979145 0.226150715283727 0.264514256665584 0.264512398023433 0.264509916831285 0.264510499424157 0.264506215940546 0.264511099937156 0.26451104503426 0.264509871368303
0.115319148259811 0.270436905053052 0.286287848169555 0.286287345522336 0.286286583713424 0.286287105478612 0.286285590508696 0.286287914208828 0.286288166614118 0.286287950532002
0.114280982738012 0.271411940518426 0.286412334856103 0.28641183869748 0.286411090271806 0.286411591183855 0.286410109677434 0.286412364505039 0.286412603252033 0.286412385993195
0.12942577963602 0.270920543730911 0.285120583452183 0.28512009223166 0.285119360873109 0.285119818695134 0.285118389516956 0.285120516804297 0.285120725120679 0.285120499378804
0.110576429870903 0.265224458119675 0.284608532016079 0.284607939525966 0.284607037367041 0.284607669049404 0.284605866973986 0.284608651949303 0.284608961646284 0.284608711522389
0.127064252389124 0.270167001292751 0.286157768942184 0.286157212655689 0.286156379692881 0.286156916643254 0.286155279785186 0.286157739950979 0.286157989502275 0.286157739021951
0.0953897857582652 0.256421501491715 0.280874762304755 0.280873949979687 0.280872730451935 0.280873516705844 0.280871117805098 0.280874720102648 0.280875088585507 0.280874724716071
0.11204389100513 0.264758042506442 0.286131346141073 0.286130656200671 0.286129620479205 0.286130297647481 0.286128256900962 0.286131338692725 0.286131656310235 0.286131348756877
0.0995243867611365 0.266725432082011 0.285687619590848 0.285687037406573 0.285686150218759 0.285686773235728 0.285684999863232 0.285687743019918 0.285688049185029 0.285687804137079
0.0654797182379678 0.224456612769889 0.260270086089266 0.260267989161576 0.26026532439113 0.260265474666245 0.260261158506658 0.260265260721314 0.260264818969036 0.260263349689339
