0.162716080069985 0.285844006711175 0.287661323363762 0.287661363512366 0.287661403662326 0.287661443813758 0.287661483966415 0.287661524120731 0.287661564276271 0.287661604433152
0.128329802794672 0.286683103585284 0.289666880873541 0.28966693790445 0.289666994939399 0.289667051978662 0.289667109021653 0.289667166069411 0.289667223120892 0.289667280176379
0.157171792705016 0.287227142268778 0.28841902117384 0.2884190501332 0.288419079093429 0.288419108054554 0.288419137016517 0.288419165979423 0.288419194943163 0.28841922390777
0.109341334088064 0.285581302209456 0.289797027394388 0.289797120353369 0.289797213319995 0.289797306294731 0.289797399276579 0.289797492267307 0.289797585265141 0.289797678270564
0.142956738694444 0.287889008911216 0.287324578183057 0.287324627676017 0.287324677171939 0.287324726670571 0.287324776172457 0.287324825676636 0.287324875184075 0.287324924694512
0.114256364026991 0.273101232842662 0.281417303588162 0.281417345591435 0.281417387599217 0.281417429612625 0.281417471629259 0.281417513653359 0.281417555680663 0.281417597712329
0.136777435579172 0.287643539574393 0.288213543993754 0.28821358950491 0.288213635018809 0.288213680535371 0.288213726054769 0.288213771576699 0.288213817101467 0.288213862628992
0.153749254837974 0.288494002252269 0.287830062503612 0.287830104235042 0.287830145968838 0.287830187704748 0.287830229443312 0.287830271183577 0.287830312926502 0.287830354671829
0.115478827958087 0.283175402911511 0.285369499427949 0.285369574072044 0.285369648722103 0.285369723378296 0.285369798040262 0.285369872708643 0.285369947382795 0.285370022062894
0.151379527606605 0.287030303963498 0.288597110722097 0.288597159619517 0.288597208519261 0.288597257421405 0.288597306325791 0.288597355232699 0.288597404141846 0.288597453053311
0.09625061611882 0.271457803120108 0.278117530331796 0.278117484244689 0.278117438161106 0.278117392081892 0.278117346005238 0.278117299934343 0.278117253865997 0.278117207801069
0.125893549325198 0.279486225328268 0.28337000356771 0.283370060790578 0.283370118017816 0.283370175249843 0.283370232485762 0.283370289727158 0.28337034697244 0.283370404222039
0.129799507492798 0.281430404593699 0.284141900955498 0.284141943454994 0.284141985957924 0.284142028464554 0.284142070974312 0.284142113488208 0.284142156005229 0.284142198525651
0.110028651252941 0.285850305663021 0.289209005305481 0.289209100682801 0.289209196066724 0.289209291457575 0.289209386854658 0.289209482259205 0.289209577669979 0.289209673087319
0.0898861547024533 0.256922000986148 0.266283935802864 0.266283503612409 0.266283071392508 0.266282639144431 0.266282206865436 0.266281774560357 0.266281342224326 0.266280909858662
0.111375741931916 0.271481521669838 0.275498529766271 0.275498415937609 0.275498302107519 0.275498188276466 0.275498074443455 0.275497960610248 0.27549784677508 0.275497732938428
0.125760446257807 0.285268811584368 0.287731253446861 0.287731310595156 0.287731367747654 0.287731424904555 0.287731482065431 0.287731539231042 0.287731596400623 0.287731653574384
0.143852020319094 0.285457690394874 0.286811591348696 0.286811636679139 0.286811682011623 0.286811727346188 0.286811772682752 0.286811818021459 0.286811863362165 0.286811908704908
0.177335384858657 0.285927010449383 0.287326223468782 0.287326252366658 0.287326281265107 0.287326310164192 0.287326339063775 0.2873263679641 0.287326396864923 0.287326425766307
0.119236019697582 0.285379083123436 0.289138528437794 0.289138604077843 0.289138679722054 0.289138755370802 0.289138831023281 0.289138906680918 0.289138982342278 0.289139058007752
0.146244661301859 0.289405619716632 0.288423652130651 0.288423485688872 0.288423319238359 0.288423152778796 0.28842298631086 0.288422819833354 0.288422653347479 0.28842248685291
0.126227891271998 0.285495041375228 0.288914660662694 0.288914731627619 0.288914802596816 0.288914873570626 0.288914944548319 0.28891501553119 0.288915086517936 0.288915157508913
0.102920605289151 0.262928896884418 0.271371203646028 0.27137090067457 0.271370597681952 0.271370294669331 0.271369991634213 0.271369688580996 0.271369385505255 0.271369082408185
0.147027827400479 0.286984016125745 0.288071418921506 0.288071467732422 0.28807151654563 0.288071565361145 0.28807161417894 0.288071662999063 0.288071711821466 0.288071760646162
0.110425526499082 0.278799028179627 0.282665519163905 0.2826655852981 0.282665651438375 0.282665717585133 0.282665783737511 0.282665849897038 0.282665916062177 0.282665982233347
0.151315194729328 0.287056228715532 0.287399414348806 0.287399454429722 0.287399494512317 0.287399534596463 0.287399574682434 0.287399614769747 0.287399654858887 0.287399694949724
0.118964513482124 0.284792124995231 0.286998994077078 0.286999067980253 0.286999141888899 0.286999215803184 0.286999289722748 0.286999363648235 0.286999437578997 0.286999511515211
0.169939040935447 0.285812905494888 0.287706287410484 0.287706327451659 0.287706367494339 0.287706407538642 0.287706447584313 0.287706487631806 0.287706527680663 0.28770656773101
0.153821911339301 0.287565613711032 0.288972852602189 0.288972878232061 0.288972903863531 0.288972929496631 0.288972955131291 0.288972980767636 0.288973006405541 0.28897303204504
0.141733565387288 0.284088289605781 0.285925285938745 0.285925325102837 0.285925364269772 0.28592540343968 0.285925442612281 0.285925481788075 0.285925520966557 0.285925560147868
0.138168790672512 0.285822437155176 0.287971954146111 0.287972016132054 0.287972078121853 0.287972140115675 0.287972202113167 0.287972264114952 0.287972326120405 0.287972388129696
0.143706326926926 0.285901323887637 0.287821473677878 0.287821450362649 0.287821427050022 0.287821403740119 0.287821380432681 0.287821357128169 0.287821333826121 0.287821310526665
0.140702299641754 0.284902921835772 0.288150436290396 0.2881504975954 0.288150558903239 0.288150620214227 0.288150681527691 0.288150742844823 0.288150804164423 0.288150865486818
0.141760056591998 0.288737879397539 0.291007354658733 0.291007389714927 0.29100742477353 0.2910074598347 0.291007494898097 0.291007529964322 0.291007565032772 0.29100760010361
0.136555366386526 0.285340913684718 0.287596819386735 0.287596877255812 0.287596935128538 0.287596993005094 0.287597050885091 0.287597108769218 0.287597166656784 0.287597224547977
0.127403205165575 0.287492977410925 0.288801861431697 0.288801920054887 0.288801978682231 0.288802037313752 0.288802095949404 0.288802154589269 0.288802213233268 0.288802271881421
0.149306733354727 0.290685454154737 0.293333809417391 0.293333803192997 0.293333796969903 0.293333790748319 0.293333784527796 0.293333778309128 0.293333772091517 0.29333376587518
0.117863699081293 0.285083830242652 0.289144524128072 0.289144601486765 0.289144678850327 0.289144756219207 0.289144833592444 0.289144910971739 0.28914498835538 0.289145065743836
0.134142318329483 0.288243328972763 0.290568674281403 0.290568713552894 0.290568752828102 0.290568792107198 0.290568831389816 0.290568870676605 0.290568909966914 0.290568949260921
0.140468774358464 0.287056311719813 0.288363629729762 0.288363676602574 0.288363723478251 0.288363770356812 0.288363817238221 0.288363864122544 0.288363911009715 0.288363957899751
0.144647344357558 0.284999930825689 0.287078664103141 0.287078717938229 0.287078771777387 0.287078825620767 0.287078879468043 0.287078933319795 0.287078987175441 0.28707904103514
0.155305310435501 0.286097344291761 0.28736568590185 0.287365723144753 0.287365760389131 0.287365797635005 0.287365834882328 0.287365872131184 0.287365909381489 0.287365946633266
0.197404050824807 0.288833538790996 0.287062572580526 0.287062593579465 0.287062614577903 0.287062635575427 0.287062656572924 0.287062677568826 0.287062698564709 0.287062719560146
0.12643201498762 0.28494506422124 0.287790639671373 0.287790706316973 0.287790772967697 0.287790839623814 0.287790906284749 0.287790972951524 0.287791039623111 0.287791106299791
0.142101085515087 0.286085130507368 0.287106406929465 0.287106463356266 0.2871065197861 0.287106576218957 0.287106632654861 0.287106689093772 0.287106745535729 0.287106801980723
0.0883176080333024 0.256691629035919 0.264943049354609 0.26494217613364 0.264941302820392 0.264940429415964 0.264939555917937 0.264938682330538 0.264937808649481 0.26493693487591
0.136457318511524 0.28922250333251 0.290191109480285 0.290191146199191 0.290191182921359 0.290191219646763 0.290191256375462 0.290191293107352 0.290191329842538 0.290191366580995
0.0976554056947038 0.253124905277119 0.264914753176242 0.264913946022835 0.264913138776536 0.26491233143903 0.264911524006632 0.264910716485803 0.264909908870011 0.264909101161004
0.115647854440835 0.288200666145785 0.288464985727719 0.288464303448539 0.288463621076232 0.288462938610634 0.288462256052015 0.288461573399824 0.288460890654562 0.288460207816061
0.176723034400369 0.289218820930067 0.287254744383956 0.287254771966466 0.287254799549444 0.287254827132437 0.28725485471642 0.28725488229967 0.287254909883919 0.287254937468697
0.13237558038348 0.286261101961724 0.28792195660182 0.287922009857781 0.287922063117769 0.287922116381891 0.287922169649918 0.287922222922258 0.287922276198504 0.287922329478766
0.115057598590943 0.280408534671744 0.284746546635215 0.284746619210122 0.284746691790613 0.28474676437718 0.284746836968767 0.284746909567241 0.284746982170728 0.284747054779737
0.146823293777027 0.287630766958775 0.288364719248448 0.288364762864315 0.288364806482191 0.288364850102016 0.288364893723916 0.28836493734767 0.288364980973502 0.288365024601349
0.122532032455855 0.286466499932051 0.287586192658345 0.287586254385224 0.287586316116899 0.287586377853363 0.287586439594632 0.28758650134068 0.287586563091536 0.287586624847194
0.135604573209632 0.286285526320087 0.287136258587108 0.287136310722789 0.287136362862201 0.287136415005316 0.287136467152197 0.287136519302736 0.287136571457043 0.287136623615089
0.129222172269702 0.285138012150024 0.287064114561765 0.287064169188815 0.287064223819336 0.287064278453444 0.287064333090887 0.287064387732114 0.287064442376675 0.287064497024692
0.142313624442504 0.286054792673935 0.28737569739047 0.28737575840004 0.287375819413271 0.287375880430182 0.287375941450738 0.287376002474996 0.287376063502902 0.287376124534472
0.141345685955954 0.286679109659269 0.286513909544621 0.286513960900307 0.28651401225913 0.286514063620915 0.28651411498604 0.286514166353839 0.286514217724983 0.286514269099292
0.123413160780873 0.279763465371983 0.281878284584705 0.281878304614296 0.281878324648555 0.281878344687604 0.281878364731187 0.281878384779757 0.28187840483286 0.281878424890621
0.109089562977184 0.284283710724949 0.288802231608896 0.288802324345384 0.288802417088845 0.288802509839775 0.288802602597115 0.288802695362739 0.288802788134764 0.288802880913705
0.156989635743462 0.283256140026587 0.286853768186827 0.286853812931502 0.286853857679169 0.286853902430197 0.286853947183791 0.28685399194136 0.286854036701487 0.286854081464557
0.105174407888151 0.268929653885546 0.272731495366325 0.272731247713069 0.27273100004672 0.272730752367673 0.27273050467508 0.272730256970434 0.272730009252237 0.272729761520892
0.133525262310718 0.281105955201623 0.281975981650906 0.28197598280907 0.281975983969159 0.281975985131144 0.281975986295087 0.281975987460881 0.281975988628636 0.281975989798323
0.15506188516317 0.287351648128256 0.287321709172877 0.287321752290853 0.287321795410871 0.287321838532761 0.287321881656889 0.287321924782609 0.287321967910572 0.2873220110406
0.150026988521449 0.287483262004127 0.288547834103076 0.288547874132406 0.288547914163401 0.28854795419605 0.288547994230377 0.28854803426634 0.288548074303981 0.28854811434329
0.0790660306761321 0.252971562073207 0.267035266698173 0.267034425928147 0.267033585073322 0.267032744135721 0.267031903110951 0.267031062006734 0.267030220815279 0.267029379538681
0.0832951524910916 0.251203891632445 0.264663932906582 0.264663017644365 0.26466210228501 0.264661186830481 0.264660271276504 0.26465935563058 0.264658439885131 0.264657524042191
0.132868476749674 0.286102326043658 0.288760699098256 0.288760757522511 0.288760815949954 0.288760874380833 0.288760932814616 0.288760991252244 0.288761049692772 0.288761108136457
0.119904558694673 0.284930009843912 0.288803545263028 0.288803636765096 0.288803728273698 0.288803819789242 0.288803911310857 0.288804002840086 0.288804094375379 0.288804185917158
0.102991812117261 0.273168936129043 0.279494754284035 0.279494762529773 0.279494770781227 0.279494779039175 0.279494787301948 0.279494795572501 0.279494803847871 0.27949481212886
0.140210189627292 0.286230426526412 0.287977198689513 0.287977252769118 0.287977306852004 0.287977360938269 0.287977415027707 0.287977469120684 0.287977523216831 0.28797757731625
0.127574535056458 0.284541986290282 0.286916154174583 0.286916221503761 0.286916288837438 0.286916356175818 0.286916423518468 0.286916490866154 0.286916558218106 0.286916625574537
0.135972896017928 0.287155506054198 0.287980475250395 0.287980535672469 0.287980596097801 0.28798065652634 0.2879807169582 0.287980777393183 0.287980837831488 0.287980898273063
0.154432067952488 0.287056217847535 0.286906991028302 0.286907019087763 0.28690704714833 0.286907075209819 0.286907103272627 0.286907131336053 0.286907159400803 0.286907187466683
0.120366287982138 0.281094097145657 0.286228443801727 0.286228509017927 0.286228574238627 0.286228639464423 0.286228704694033 0.286228769929724 0.286228835169216 0.286228900413131
0.136525868724533 0.286669067389885 0.287712239163518 0.2877123007095 0.287712362259691 0.287712423814087 0.2877124853727 0.287712546935515 0.287712608502545 0.28771267007379
0.105900221784477 0.269412244882382 0.274769391581421 0.27476920912651 0.274769026662219 0.274768844189208 0.274768661706059 0.274768479215274 0.274768296714341 0.274768114203938
0.123893826250489 0.287081430400261 0.288460574113662 0.288460648616499 0.288460723123882 0.288460797635863 0.288460872152332 0.288460946673485 0.288461021199126 0.28846109572931
0.131667294968234 0.281679526891088 0.283912917082044 0.28391296046453 0.283913003849946 0.283913047238473 0.283913090629721 0.283913134024383 0.283913177421761 0.283913220822046
0.123715507291979 0.284120432127773 0.2895181297656 0.289518203284601 0.289518276808065 0.289518350336641 0.289518423868934 0.289518497407409 0.289518570949589 0.289518644496148
0.0956989606868151 0.279878488884824 0.288245015922318 0.288245116091981 0.288245216271154 0.288245316460968 0.288245416658998 0.288245516869535 0.288245617088266 0.288245717316367
0.119895390613084 0.284952578572106 0.286167497416355 0.286167575185449 0.286167652959868 0.286167730739634 0.286167808524703 0.286167886315156 0.286167964110913 0.286168041911999
0.128512520615151 0.27700642575284 0.280025649921039 0.280025565429366 0.280025480934874 0.280025396437868 0.280025311937689 0.280025227435506 0.280025142930146 0.280025058421927
0.142972011004559 0.286998775739428 0.288498744311476 0.288498785109887 0.288498825910149 0.288498866712315 0.28849890751627 0.288498948322217 0.288498989129952 0.288499029939532
0.133864213919846 0.288337121144037 0.287363033596263 0.287363082462413 0.287363131332073 0.287363180204946 0.287363229081676 0.287363277961128 0.287363326844442 0.287363375731312
0.0958105071556112 0.264397963772957 0.270332935645109 0.270332396673152 0.270331857653358 0.27033131858648 0.270330779470877 0.270330240309428 0.270329701099223 0.270329161841041
0.121400259626805 0.285648669331999 0.289429478336813 0.289429539810236 0.289429601288524 0.289429662772085 0.289429724260045 0.289429785753951 0.289429847252249 0.289429908755363
0.0923961207132243 0.250141141323355 0.267679530917194 0.267678652012175 0.267677773013981 0.26767689392533 0.267676014740325 0.267675135469342 0.267674256101914 0.267673376640862
0.131996083112824 0.283653209727223 0.284761899912001 0.284761941028769 0.284761982148767 0.284762023271996 0.284762064398454 0.284762105528148 0.28476214666107 0.284762187797224
0.0953075719633286 0.267266571942567 0.275833216356387 0.275833201591558 0.275833186832303 0.275833172079764 0.275833157331489 0.275833142591822 0.275833127856406 0.27583311312642
0.127695634118613 0.283377404941727 0.287220342714237 0.287220402696863 0.287220462683345 0.287220522674098 0.28722058266823 0.287220642667318 0.287220702669777 0.287220762676039
0.135130242655032 0.28644491281129 0.287997740381844 0.287997788283798 0.287997836189178 0.287997884098048 0.28799793201027 0.287997979926091 0.287998027845264 0.287998075767854
0.132473107096314 0.287672163869435 0.286436805369693 0.286436627305085 0.286436449229671 0.286436271143105 0.286436093046124 0.286435914937426 0.286435736818318 0.286435558688444
0.108165950159483 0.267722195629102 0.273174866883499 0.273174517377366 0.273174167843573 0.273173818282808 0.273173468693586 0.273173119078518 0.273172769434977 0.273172419763665
0.11806079142109 0.278847599100546 0.284031587428188 0.284031645301379 0.284031703179145 0.284031761062124 0.284031818948945 0.284031876842033 0.28403193473895 0.28403199264036
0.138842619614697 0.28665499697271 0.286986610755061 0.286986652898394 0.286986695044666 0.286986737193758 0.286986779345929 0.286986821500722 0.286986863658597 0.28698690581943
0.160879129438138 0.288417991730902 0.288091578785707 0.28809161938218 0.288091659980009 0.288091700578977 0.288091741179546 0.288091781780903 0.288091822383866 0.288091862988213
0.128300911930591 0.280663941618522 0.276815220726482 0.276814469272958 0.276813717701389 0.27681296601103 0.276812214203371 0.276811462275689 0.276810710230652 0.276809958067493
0.120560326047344 0.289640710009036 0.289657793909004 0.28965780201294 0.289657810120261 0.289657818230787 0.28965782634491 0.289657834461942 0.289657842582576 0.289657850706624
0.075618677592929 0.250410259242881 0.259934262617051 0.259933263053533 0.25993226339061 0.259931263629591 0.25993026376761 0.259929263809679 0.259928263750724 0.2599272635921
