0.1579746590919 0.284937853930169 0.290087364865365 0.290087377809616 0.290087390754407 0.290087403699737 0.290087416645606 0.290087429592013 0.29008744253896 0.290087455486446
0.158247840412709 0.286363911019097 0.289860714541967 0.289860735765019 0.289860756989646 0.289860778215848 0.289860799443624 0.289860820672976 0.289860841903903 0.289860863136406
0.144447874200435 0.285280937826526 0.289591764064855 0.289591772911806 0.289591781760096 0.289591790609726 0.289591799460694 0.289591808313003 0.289591817166651 0.289591826021638
0.145086882213071 0.275474422291111 0.289747765412343 0.28974779120511 0.289747816999485 0.289747842795469 0.289747868593061 0.289747894392262 0.289747920193072 0.28974794599549
0.157156212726514 0.285832526822303 0.288510527535154 0.288510537229029 0.288510546923582 0.288510556618813 0.288510566314724 0.288510576011314 0.288510585708583 0.288510595406531
0.110104674841708 0.259527046139697 0.27884860988799 0.278848543123875 0.278848476361075 0.278848409599593 0.278848342839427 0.27884827608058 0.278848209323051 0.278848142566842
0.156895802921468 0.284262752752113 0.289836200845159 0.289836231058919 0.28983626127405 0.289836291490553 0.289836321708426 0.289836351927671 0.289836382148287 0.289836412370275
0.15470551710409 0.289541592925593 0.288620759213023 0.288620770043532 0.288620780875134 0.288620791707831 0.28862080254162 0.288620813376503 0.28862082421248 0.288620835049552
0.1312490734809 0.273706018093577 0.285724042608866 0.285724056874949 0.285724071143494 0.2857240854145 0.285724099687969 0.2857241139639 0.285724128242294 0.285724142523152
0.148807863359206 0.283427067990295 0.289367907399012 0.289367936216699 0.289367965036307 0.289367993857837 0.289368022681289 0.289368051506663 0.289368080333959 0.289368109163177
0.139063887150989 0.273740141677716 0.285062234343653 0.285062197265534 0.285062160187743 0.28506212311028 0.285062086033145 0.285062048956339 0.285062011879862 0.285061974803715
0.143562344864603 0.278622275592357 0.286593951748513 0.286593971795319 0.286593991844696 0.286594011896642 0.286594031951159 0.286594052008247 0.286594072067906 0.286594092130138
0.156562498552798 0.282236781724915 0.286704852600307 0.286704864167128 0.286704875735086 0.286704887304181 0.286704898874413 0.286704910445782 0.286704922018289 0.286704933591932
0.140264857512629 0.285136111850388 0.288404761625496 0.288404789901304 0.288404818179491 0.288404846460058 0.288404874743004 0.288404903028332 0.288404931316039 0.288404959606129
0.135879443394917 0.25968930673983 0.275597841819923 0.275597473622493 0.27559710539826 0.275596737147222 0.275596368869375 0.275596000564714 0.275595632233234 0.275595263874933
0.0967960770177901 0.256777113213602 0.271824823012422 0.271824480678629 0.271824138325982 0.27182379595448 0.27182345356412 0.2718231111549 0.271822768726818 0.271822426279873
0.146076827017552 0.285003486426783 0.288328600165194 0.288328620879064 0.288328641595076 0.288328662313231 0.288328683033529 0.28832870375597 0.288328724480554 0.288328745207283
0.152905705613052 0.288029209012619 0.288764097137835 0.288764110444303 0.28876412375215 0.288764137061377 0.288764150371984 0.288764163683971 0.288764176997337 0.288764190312084
0.154803838670827 0.285653301205206 0.28864711038151 0.288647126603227 0.288647142826298 0.288647159050726 0.288647175276511 0.288647191503651 0.28864720773215 0.288647223962005
0.14806493630235 0.281845085001165 0.289279036934811 0.289279064063595 0.289279091194064 0.28927911832622 0.289279145460062 0.28927917259559 0.289279199732806 0.289279226871708
0.170505033162438 0.290465024225208 0.292772058688097 0.292772028804746 0.292771998920295 0.292771969034746 0.292771939148097 0.292771909260347 0.292771879371497 0.292771849481546
0.143237403242865 0.283027088056019 0.289712372510666 0.289712399767981 0.289712427027608 0.289712454289547 0.289712481553798 0.28971250882036 0.289712536089235 0.289712563360423
0.116017674979785 0.25620120339409 0.275382046034625 0.27538153498029 0.275381023871403 0.275380512707954 0.27538000148993 0.27537949021732 0.275378978890114 0.275378467508299
0.149640826696649 0.288816069326677 0.290299241293255 0.290299285647017 0.290299330002705 0.290299374360318 0.290299418719855 0.290299463081317 0.290299507444704 0.290299551810018
0.11750979531283 0.272342833964029 0.284445850650545 0.284445865823215 0.284445880999822 0.284445896180367 0.284445911364851 0.284445926553275 0.284445941745638 0.284445956941942
0.150912298897577 0.281520523886855 0.289447730737496 0.289447754739675 0.289447778743634 0.289447802749374 0.289447826756893 0.289447850766193 0.289447874777273 0.289447898790134
0.131122643243485 0.278657927730843 0.289356634281328 0.289356677755206 0.289356721232385 0.289356764712866 0.28935680819665 0.289356851683737 0.289356895174128 0.289356938667823
0.151895293814866 0.287323411303865 0.288154553371756 0.288154564038849 0.288154574707229 0.288154585376899 0.288154596047856 0.288154606720102 0.288154617393638 0.288154628068462
0.152892696738047 0.283688238263366 0.288482907758683 0.288482883286743 0.288482858815277 0.288482834344283 0.288482809873762 0.288482785403714 0.288482760934139 0.288482736465037
0.151006630311144 0.286261110398476 0.289882674439937 0.289882701160498 0.289882727882492 0.289882754605918 0.289882781330777 0.289882808057069 0.289882834784793 0.289882861513951
0.155813692232424 0.287340085104639 0.287913622648748 0.28791363755977 0.28791365247183 0.287913667384929 0.287913682299067 0.287913697214244 0.28791371213046 0.287913727047715
0.154824109511027 0.288311449775656 0.287596114140049 0.287596057962643 0.287596001785326 0.287595945608099 0.287595889430963 0.287595833253916 0.287595777076961 0.287595720900096
0.137532229914138 0.288381950567933 0.290997357148784 0.290997389335845 0.290997421525159 0.290997453716727 0.29099748591055 0.290997518106627 0.29099755030496 0.290997582505548
0.166484669841963 0.291811332754332 0.29032632746309 0.290326264457806 0.290326201451532 0.290326138444268 0.290326075436014 0.29032601242677 0.290325949416535 0.290325886405311
0.146593299369512 0.28380176503809 0.290072145674065 0.290072174418688 0.290072203165017 0.290072231913052 0.290072260662793 0.290072289414241 0.290072318167395 0.290072346922257
0.153014736167258 0.284189693526889 0.28991639090957 0.289916409338381 0.289916427768832 0.289916446200923 0.289916464634656 0.289916483070028 0.289916501507042 0.289916519945697
0.141269079000189 0.288296747505094 0.293914321242751 0.293914138481018 0.29391395570971 0.293913772928826 0.293913590138364 0.293913407338322 0.293913224528701 0.293913041709499
0.136544037040843 0.28405000092514 0.289262416813435 0.289262446788389 0.289262476765652 0.289262506745222 0.2892625367271 0.289262566711286 0.28926259669778 0.289262626686583
0.17833874191032 0.28706714856424 0.293503139444699 0.293503074629387 0.293503009813095 0.293502944995824 0.293502880177572 0.293502815358342 0.293502750538131 0.29350268571694
0.133378055083358 0.266867178707758 0.288989648287887 0.288989678949771 0.288989709614657 0.288989740282548 0.288989770953443 0.288989801627341 0.288989832304246 0.288989862984156
0.158827167441396 0.282290174923024 0.289930782174819 0.289930803865407 0.289930825556997 0.289930847249587 0.289930868943178 0.28993089063777 0.289930912333363 0.289930934029957
0.148884466902216 0.280698098189668 0.288808704842381 0.288808727316256 0.288808749791711 0.288808772268747 0.288808794747363 0.28880881722756 0.288808839709339 0.288808862192699
0.169567951373607 0.290753168186087 0.287721701451036 0.28772170861445 0.287721715778186 0.287721722942244 0.287721730106623 0.287721737271326 0.287721744436349 0.287721751601695
0.168370169861 0.285706858492907 0.288579656668001 0.288579654368082 0.288579652068234 0.28857964976846 0.288579647468759 0.28857964516913 0.288579642869573 0.28857964057009
0.14327360644752 0.276261914146911 0.288556129760776 0.288556153767036 0.288556177774976 0.288556201784596 0.288556225795897 0.288556249808878 0.288556273823541 0.288556297839883
0.0839075036176749 0.22865817707272 0.257054256014242 0.257053166063296 0.257052076008556 0.257050985850003 0.257049895587619 0.257048805221384 0.25704771475128 0.257046624177289
0.132746357914361 0.279816569751839 0.291967299183944 0.291967296009675 0.291967292837205 0.291967289666535 0.291967286497665 0.291967283330596 0.291967280165327 0.29196727700186
0.0986957411060374 0.247182939490573 0.273184779556846 0.273184202396978 0.273183625186706 0.273183047926024 0.273182470614922 0.273181893253394 0.273181315841431 0.273180738379025
0.20512507547538 0.298053358606516 0.29240551872618 0.292405359143913 0.292405199549453 0.292405039942797 0.292404880323941 0.292404720692881 0.292404561049615 0.292404401394139
0.196164269647913 0.29050923579054 0.290484136228251 0.290484133846622 0.290484131464817 0.290484129082834 0.290484126700672 0.290484124318333 0.290484121935815 0.29048411955312
0.141063691318813 0.27649121642706 0.288865180120758 0.288865197306393 0.28886521449342 0.288865231681839 0.288865248871649 0.288865266062851 0.288865283255444 0.28886530044943
0.127225684158551 0.275912829070362 0.287330318672255 0.28733035958041 0.287330400492311 0.287330441407959 0.287330482327353 0.287330523250496 0.287330564177386 0.287330605108025
0.144547551101363 0.286886323912265 0.289460669734007 0.289460696346988 0.289460722961712 0.289460749578178 0.289460776196387 0.28946080281634 0.289460829438036 0.289460856061476
0.1554143336144 0.281328523736053 0.289864344659293 0.28986436901818 0.289864393378666 0.28986441774075 0.289864442104432 0.289864466469711 0.289864490836591 0.289864515205068
0.148030960029602 0.28032319543332 0.289016283383856 0.289016312479887 0.289016341578061 0.289016370678378 0.289016399780837 0.289016428885441 0.289016457992187 0.289016487101078
0.14879955190212 0.282181248406739 0.290634155018454 0.290634192122703 0.290634229228851 0.290634266336899 0.290634303446847 0.290634340558695 0.290634377672443 0.290634414788092
0.136353386548729 0.287696513780456 0.288052686526041 0.288052716517852 0.288052746511906 0.288052776508207 0.288052806506752 0.288052836507543 0.288052866510581 0.288052896515865
0.130739594828063 0.285514069030202 0.289041436894084 0.289041475714906 0.28904151453876 0.289041553365644 0.28904159219556 0.289041631028508 0.289041669864488 0.289041708703502
0.160304478112545 0.279158922069399 0.287908252560143 0.287908280527142 0.287908308495738 0.28790833646593 0.287908364437718 0.287908392411104 0.287908420386086 0.287908448362665
0.145454761187022 0.285853430477684 0.289741850732878 0.289741880082772 0.289741909434032 0.289741938786657 0.289741968140648 0.289741997496004 0.289742026852727 0.289742056210815
0.16400180252618 0.28367187429295 0.289321262935633 0.28932127646943 0.289321290003992 0.28932130353932 0.289321317075412 0.28932133061227 0.289321344149894 0.289321357688283
0.135682530601629 0.270573263041026 0.281896543102421 0.28189648605584 0.281896429009477 0.281896371963333 0.281896314917408 0.281896257871702 0.281896200826216 0.281896143780951
0.149666075147954 0.282931875833293 0.286112318492749 0.286112317716361 0.286112316940703 0.286112316165775 0.286112315391576 0.286112314618108 0.28611231384537 0.286112313073363
0.167543122403307 0.286413954966317 0.287677461620816 0.287677461059346 0.28767746049845 0.287677459938129 0.287677459378383 0.287677458819213 0.287677458260618 0.287677457702599
0.133638881587907 0.280136161613127 0.289566807671029 0.289566829356574 0.289566851044837 0.289566872735818 0.289566894429518 0.289566916125937 0.289566937825076 0.289566959526935
0.0889257587433374 0.241836239759367 0.269063703231446 0.269063264266886 0.269062825276425 0.269062386260062 0.269061947217794 0.269061508149618 0.269061069055532 0.269060629935533
0.122222467729345 0.259870784656507 0.273076350246948 0.273076064575457 0.273075778885031 0.273075493175665 0.273075207447359 0.273074921700108 0.273074635933909 0.27307435014876
0.167379669771552 0.28040829571341 0.289556294117537 0.289556304734882 0.289556315352797 0.289556325971284 0.289556336590342 0.28955634720997 0.28955635783017 0.289556368450941
0.148919967025405 0.280913852321767 0.289679699943442 0.289679728295197 0.289679756648924 0.289679785004622 0.289679813362291 0.289679841721933 0.289679870083546 0.289679898447131
0.100445232017933 0.253672708693722 0.271483222128174 0.271482906892578 0.271482591640983 0.271482276373388 0.27148196108979 0.271481645790189 0.271481330474584 0.271481015142972
0.175189298555272 0.291401101871104 0.288447774052281 0.288447777818713 0.288447781585378 0.288447785352276 0.288447789119407 0.288447792886771 0.288447796654368 0.288447800422198
0.14900461026884 0.286835286225207 0.288094532920841 0.288094551941781 0.28809457096388 0.28809458998714 0.28809460901156 0.28809462803714 0.28809464706388 0.28809466609178
0.180745882701252 0.285336905615751 0.288317683277444 0.288317688075959 0.288317692874734 0.28831769767377 0.288317702473064 0.288317707272619 0.288317712072434 0.288317716872508
0.147131212134337 0.280446713739069 0.288960785028019 0.288960807888439 0.288960830750357 0.288960853613774 0.28896087647869 0.288960899345105 0.28896092221302 0.288960945082434
0.172522916802533 0.28633634322567 0.286790016129128 0.286790025918746 0.286790035709231 0.286790045500581 0.286790055292798 0.286790065085881 0.28679007487983 0.286790084674646
0.140394294240453 0.286642987068467 0.287802190811948 0.287802216258425 0.287802241706817 0.287802267157125 0.28780229260935 0.287802318063491 0.287802343519547 0.287802368977521
0.136897182099119 0.279333573529919 0.286799274866973 0.2867992891521 0.286799303439411 0.286799317728904 0.286799332020583 0.286799346314445 0.286799360610492 0.286799374908725
0.161324326108795 0.284058414961658 0.290522281947659 0.290522302839511 0.290522323732711 0.29052234462726 0.290522365523158 0.290522386420405 0.290522407319001 0.290522428218946
0.119982619997896 0.262902763348159 0.281952157241095 0.281952165548637 0.281952173860344 0.281952182176213 0.281952190496247 0.281952198820446 0.281952207148812 0.281952215481343
0.154102967511247 0.284957862688262 0.288013067956327 0.288013082949873 0.288013097944414 0.288013112939951 0.288013127936485 0.288013142934015 0.28801315793254 0.288013172932062
0.163450438194906 0.285419031256609 0.288914934431933 0.288914952204343 0.288914969977135 0.28891498775031 0.288915005523868 0.288915023297808 0.28891504107213 0.288915058846834
0.144532943816475 0.284249216785207 0.288169524313907 0.288169546825571 0.288169569339366 0.288169591855295 0.288169614373355 0.28816963689355 0.288169659415878 0.288169681940339
0.107067301260859 0.260054401278259 0.279418013025857 0.279417899370663 0.279417785715345 0.279417672059904 0.279417558404339 0.279417444748653 0.279417331092845 0.279417217436916
0.138554524770908 0.285544308149034 0.288923032055229 0.288923067461478 0.288923102870167 0.288923138281299 0.288923173694874 0.288923209110891 0.28892324452935 0.288923279950254
0.125860950856727 0.270794901910975 0.289695190422209 0.289695236945601 0.289695283472457 0.289695330002777 0.289695376536561 0.289695423073811 0.289695469614526 0.289695516158707
0.0803846351200838 0.238414555438227 0.262629981066518 0.262629016619375 0.262628052074309 0.262627087431303 0.262626122690337 0.262625157851394 0.262624192914455 0.262623227879501
0.165885443662494 0.292720046305965 0.289576457968387 0.28957646484551 0.28957647172331 0.289576478601787 0.289576485480941 0.289576492360773 0.289576499241282 0.289576506122468
0.0781891878258726 0.214600700032285 0.256855747721909 0.25685475857015 0.256853769340651 0.2568527800334 0.256851790648385 0.256850801185597 0.256849811645023 0.256848822026652
0.120204583814355 0.273901190765184 0.285721616810557 0.285721664192967 0.285721711579726 0.285721758970835 0.285721806366294 0.285721853766105 0.285721901170268 0.285721948578783
0.127112098507741 0.270200632595247 0.281318199982448 0.28131815231661 0.281318104652472 0.281318056990035 0.281318009329298 0.281317961670264 0.281317914012931 0.281317866357301
0.171335622022895 0.29086244811075 0.288837847265008 0.288837852451219 0.288837857637249 0.288837862823098 0.288837868008766 0.288837873194253 0.288837878379559 0.288837883564683
0.152504523339479 0.287910387389308 0.291405307316363 0.291405322286036 0.291405337256563 0.291405352227942 0.291405367200173 0.291405382173257 0.291405397147194 0.291405412121985
0.151220759072966 0.291731068745996 0.289923495896229 0.289923149056207 0.289922802168895 0.289922455234279 0.289922108252346 0.28992176122308 0.289921414146467 0.289921067022495
0.114445675579278 0.25277356060834 0.275398819689917 0.275398494321245 0.275398168927669 0.275397843509186 0.275397518065791 0.27539719259748 0.27539686710425 0.275396541586097
0.125448085839191 0.259188734960025 0.281837877317083 0.281837811872479 0.281837746428157 0.281837680984119 0.281837615540363 0.281837550096891 0.281837484653704 0.2818374192108
0.151584087496711 0.282299761438865 0.289675271794789 0.289675297359584 0.289675322925737 0.289675348493248 0.289675374062116 0.289675399632343 0.289675425203927 0.28967545077687
0.162198748541179 0.290446558896646 0.289603154519066 0.289603161709222 0.289603168900427 0.289603176092681 0.289603183285984 0.289603190480338 0.28960319767574 0.289603204872193
0.14937928255281 0.289481309024064 0.289806467572159 0.289806137240965 0.289805806867611 0.289805476452087 0.289805145994378 0.289804815494475 0.289804484952363 0.289804154368031
0.161883909960142 0.291402082915543 0.29037761835083 0.290377603526214 0.290377588701702 0.290377573877295 0.290377559052993 0.290377544228795 0.290377529404702 0.290377514580714
0.114332749589301 0.264504416774401 0.274675497216979 0.274675116590524 0.274674735934005 0.274674355247414 0.274673974530748 0.274673593784003 0.274673213007173 0.274672832200254
