0.152536912892193 0.2828039264767 0.2830839630697 0.283083965222397 0.283083967376591 0.283083969532284 0.283083971689476 0.283083973848167 0.283083976008357 0.283083978170047
0.141160278232826 0.283935450710347 0.28403365093248 0.284033648285467 0.284033645641149 0.284033642999527 0.284033640360601 0.284033637724372 0.28403363509084 0.284033632460007
0.163385339093348 0.283158608882583 0.283551406566293 0.283551405441006 0.283551404317408 0.283551403195501 0.283551402075284 0.283551400956759 0.283551399839924 0.283551398724782
0.169182359296608 0.284197235221935 0.284336462057431 0.284336459255103 0.284336456452788 0.284336453650485 0.284336450848194 0.284336448045916 0.284336445243649 0.284336442441395
0.128384597445398 0.280962534313404 0.283505385337471 0.283505407898974 0.283505430464224 0.28350545303322 0.283505475605964 0.283505498182456 0.283505520762697 0.283505543346689
0.105617971051725 0.264878449475552 0.26970678326782 0.26970665896594 0.269706534664457 0.269706410363371 0.269706286062682 0.269706161762392 0.269706037462501 0.26970591316301
0.121694568457184 0.281734955843675 0.284533827226044 0.284533862269525 0.284533897317669 0.284533932370476 0.284533967427949 0.284534002490086 0.284534037556891 0.284534072628363
0.143914208910528 0.282528163299418 0.284128218653713 0.284128229835182 0.284128241018836 0.284128252204673 0.284128263392696 0.284128274582904 0.284128285775297 0.284128296969877
0.11790908408283 0.27412392936471 0.277932589787466 0.277932569539477 0.277932549294318 0.277932529051991 0.277932508812494 0.277932488575829 0.277932468341997 0.277932448110997
0.134023765557947 0.283190388071713 0.283982903781353 0.283982930304485 0.28398295683097 0.283982983360808 0.283983009894001 0.283983036430549 0.283983062970452 0.283983089513711
0.09399376871257 0.263112205964395 0.267778570084978 0.267778088353859 0.267777606587434 0.267777124785699 0.26777664294865 0.26777616107628 0.267775679168587 0.267775197225564
0.133225253299041 0.279899693720957 0.281289079228974 0.28128909053936 0.281289101853353 0.281289113170954 0.281289124492166 0.281289135816989 0.281289147145422 0.281289158477467
0.123372553520299 0.275794683867671 0.279054771564637 0.279054775546652 0.279054779531333 0.279054783518679 0.279054787508691 0.27905479150137 0.279054795496716 0.279054799494729
0.136870911668843 0.282091253399633 0.283476143672905 0.283476170625279 0.283476197580915 0.283476224539815 0.283476251501978 0.283476278467406 0.283476305436099 0.283476332408057
0.106698050948637 0.262359457627432 0.265793243436306 0.26579268151989 0.265792119562785 0.265791557564984 0.265790995526484 0.265790433447277 0.265789871327358 0.265789309166722
0.126398375656139 0.272509391706835 0.274483864597723 0.274483744269052 0.274483623938696 0.274483503606657 0.274483383272933 0.274483262937526 0.274483142600435 0.274483022261662
0.12148383259745 0.283149443538356 0.283885282124174 0.283885319037533 0.283885355956021 0.283885392879638 0.283885429808385 0.283885466742263 0.283885503681274 0.283885540625418
0.152042920582312 0.284095974691684 0.283439147831953 0.283439150929382 0.283439154028584 0.283439157129558 0.283439160232305 0.283439163336825 0.283439166443118 0.283439169551185
0.131684520159804 0.281234147326945 0.282608785126804 0.282608798871407 0.282608812619137 0.282608826369996 0.282608840123986 0.282608853881105 0.282608867641356 0.282608881404737
0.145666453205965 0.281337921417035 0.284606463815413 0.284606478683694 0.284606493554156 0.284606508426799 0.284606523301624 0.284606538178631 0.28460655305782 0.284606567939193
0.155878067925846 0.286383961567124 0.286187862755538 0.286187797196486 0.286187731636772 0.286187666076396 0.286187600515357 0.286187534953656 0.286187469391294 0.28618740382827
0.136858347554989 0.281217988656981 0.283277210452173 0.283277215562674 0.283277220675132 0.283277225789545 0.283277230905916 0.283277236024244 0.28327724114453 0.283277246266774
0.0917598480290092 0.252765086684862 0.262577019047616 0.26257629562032 0.262575572133396 0.262574848586833 0.262574124980623 0.262573401314757 0.262572677589223 0.262571953804015
0.141926538004219 0.281127977681751 0.283645023753224 0.283645039914459 0.28364505607803 0.283645072243935 0.283645088412176 0.283645104582754 0.283645120755668 0.283645136930919
0.107528872024219 0.275604552541763 0.280310881849458 0.280310924268736 0.280310966694613 0.280311009127089 0.280311051566166 0.280311094011845 0.280311136464127 0.280311178923013
0.13966961602729 0.282965197463896 0.283884585011659 0.283884598275716 0.283884611542401 0.283884624811715 0.283884638083658 0.283884651358231 0.283884664635434 0.283884677915268
0.127407499231986 0.28338269898093 0.284150745741851 0.284150775791251 0.284150805844422 0.284150835901369 0.284150865962089 0.284150896026585 0.284150926094857 0.284150956166905
0.133939391572961 0.281531679226233 0.283239274231554 0.283239283152063 0.283239292075152 0.283239301000821 0.283239309929068 0.283239318859898 0.283239327793307 0.283239336729298
0.126930019314295 0.285606546828566 0.285722175005954 0.285722145036109 0.285722115068619 0.285722085103484 0.285722055140706 0.285722025180285 0.285721995222223 0.285721965266519
0.140029218261509 0.281563110485107 0.28338938547004 0.283389391754371 0.283389398041206 0.283389404330544 0.283389410622387 0.283389416916733 0.283389423213586 0.283389429512944
0.15401371100069 0.282259529483914 0.283817214743785 0.283817217061975 0.283817219381454 0.283817221702223 0.283817224024281 0.28381722634763 0.283817228672269 0.2838172309982
0.155329975289145 0.285237083324667 0.286336773943838 0.286336723022561 0.286336672102466 0.286336621183552 0.286336570265821 0.286336519349272 0.286336468433907 0.286336417519726
0.170319782750886 0.282273208141603 0.283665477742308 0.283665464061968 0.283665450382088 0.283665436702667 0.283665423023706 0.283665409345204 0.283665395667162 0.28366538198958
0.16138254283412 0.285712001732443 0.286776711822914 0.286776631629959 0.286776551435458 0.286776471239415 0.286776391041827 0.286776310842696 0.286776230642021 0.286776150439804
0.135947576814005 0.282414637452082 0.283225857660727 0.283225874886696 0.283225892116115 0.283225909348985 0.283225926585307 0.283225943825081 0.283225961068308 0.28322597831499
0.140899009765605 0.281141096874761 0.283438030202925 0.283438044379347 0.283438058557804 0.283438072738293 0.283438086920818 0.283438101105377 0.28343811529197 0.283438129480599
0.145499114983638 0.278621701269904 0.278643386229041 0.278642714501486 0.278642042690374 0.278641370795685 0.278640698817398 0.278640026755491 0.278639354609943 0.278638682380734
0.130857981573727 0.281026985317608 0.284051583998856 0.2840516093743 0.284051634752783 0.284051660134306 0.28405168551887 0.284051710906474 0.28405173629712 0.284051761690809
0.140468350409071 0.285938756805595 0.285416140440751 0.285416107955875 0.285416075472316 0.285416042990074 0.28541601050915 0.285415978029546 0.285415945551261 0.285415913074296
0.121033330203855 0.28289265743307 0.28475370498994 0.284753735100517 0.284753765214631 0.284753795332281 0.284753825453469 0.284753855578195 0.284753885706459 0.284753915838262
0.1104920861426 0.281811568700318 0.284382948264124 0.284382995028696 0.28438304179865 0.284383088573986 0.284383135354707 0.284383182140813 0.284383228932303 0.28438327572918
0.132960733692214 0.283712154678866 0.284799105080408 0.284799133210858 0.284799161344516 0.284799189481383 0.28479921762146 0.284799245764748 0.284799273911247 0.284799302060957
0.119241326799786 0.281454179814483 0.284775699461676 0.284775743783948 0.284775788111413 0.284775832444072 0.284775876781926 0.284775921124977 0.284775965473225 0.284776009826671
0.122851590307358 0.28167495572262 0.286002175060346 0.286002223638022 0.286002272219495 0.286002320804765 0.286002369393833 0.2860024179867 0.286002466583366 0.286002515183832
0.148240305314748 0.283044964520967 0.282952343362739 0.282952340888577 0.282952338416237 0.28295233594572 0.282952333477026 0.282952331010155 0.282952328545108 0.282952326081885
0.0921087772883393 0.254513971869998 0.259779902676177 0.259778990022568 0.259778077288942 0.259777164475286 0.259776251581586 0.259775338607831 0.259774425554005 0.259773512420098
0.124227810715655 0.285497539274294 0.287072823952207 0.287072833014962 0.287072842080485 0.287072851148773 0.287072860219829 0.287072869293652 0.287072878370243 0.287072887449603
0.0887508327168005 0.260748352052744 0.265181844630984 0.265181057873447 0.265180271032985 0.265179484109579 0.265178697103216 0.265177910013878 0.265177122841549 0.265176335586213
0.147365015152637 0.286933542054243 0.285960545945049 0.285960220852212 0.285959895727592 0.285959570571181 0.28595924538297 0.285958920162949 0.285958594911112 0.285958269627448
0.128936847266024 0.282398007487279 0.284767030034255 0.284767038881758 0.284767047732014 0.284767056585022 0.284767065440785 0.2847670742993 0.284767083160571 0.284767092024596
0.118847758120488 0.282220406556356 0.285335812553247 0.285335860477091 0.285335908405191 0.285335956337546 0.285336004274157 0.285336052215025 0.285336100160151 0.285336148109534
0.142027178179833 0.278699234758475 0.281426391264115 0.281426403760322 0.281426416258802 0.281426428759555 0.281426441262583 0.281426453767886 0.281426466275463 0.281426478785315
0.126269364831013 0.282157117982895 0.283245054637258 0.283245076291799 0.283245097949422 0.283245119610126 0.283245141273912 0.283245162940781 0.283245184610732 0.283245206283767
0.128171876355814 0.282163466815894 0.283368692850076 0.283368724003972 0.283368755161503 0.283368786322669 0.283368817487473 0.283368848655912 0.283368879827989 0.283368911003705
0.143052583137127 0.282250257320031 0.282727488151114 0.282727492794873 0.282727497440655 0.282727502088459 0.282727506738287 0.282727511390138 0.282727516044014 0.282727520699913
0.11559974220448 0.282366802084859 0.28304009600482 0.283040128458962 0.283040160918118 0.283040193382287 0.283040225851473 0.283040258325675 0.283040290804895 0.283040323289133
0.160912428062002 0.282059034587617 0.283253963954963 0.283253971979651 0.283253980005596 0.283253988032798 0.283253996061255 0.283254004090969 0.283254012121939 0.283254020154167
0.141644777325659 0.279911280492565 0.280429024543144 0.280429018158459 0.28042901177611 0.2804290053961 0.280428999018426 0.280428992643091 0.280428986270095 0.280428979899439
0.15070726546085 0.280044313613355 0.280296608253431 0.280296614744876 0.280296621237994 0.280296627732783 0.280296634229246 0.280296640727381 0.28029664722719 0.280296653728672
0.147415181549824 0.284027104805385 0.283144694647863 0.283144701599509 0.283144708553104 0.283144715508647 0.283144722466139 0.283144729425581 0.283144736386973 0.283144743350315
0.1514552261822 0.282792309376252 0.284164890198232 0.284164901101908 0.284164912007752 0.284164922915765 0.284164933825945 0.284164944738296 0.284164955652817 0.284164966569506
0.114308250139377 0.26856340799897 0.272079723888498 0.272079479721115 0.272079235539397 0.272078991343341 0.272078747132946 0.272078502908211 0.272078258669133 0.272078014415712
0.096902419175895 0.263506304250792 0.269609415308468 0.269609257452519 0.269609099596254 0.269608941739672 0.269608783882775 0.269608626025563 0.269608468168039 0.269608310310201
0.118598013764201 0.282916916958717 0.284380282676984 0.28438031814838 0.284380353624279 0.284380389104681 0.284380424589587 0.284380460078999 0.284380495572916 0.284380531071339
0.128678906687049 0.282376907096394 0.285336021554236 0.285336029657358 0.285336037763067 0.285336045871365 0.28533605398225 0.285336062095725 0.285336070211789 0.285336078330443
0.097907012628245 0.258309735767111 0.26401525800568 0.26401448953385 0.26401372098568 0.264012952361156 0.264012183660263 0.264011414882988 0.264010646029315 0.264009877099229
0.0904032371279269 0.258533365553391 0.265369440448512 0.265368847133657 0.265368253771818 0.26536766036299 0.265367066907164 0.265366473404334 0.265365879854494 0.265365286257635
0.165340787344341 0.283766120257754 0.283274555134032 0.283274548365947 0.283274541599255 0.283274534833956 0.28327452807005 0.283274521307539 0.283274514546422 0.283274507786699
0.14553333555254 0.28242079552743 0.283254804282616 0.283254811527659 0.283254818774437 0.283254826022947 0.283254833273192 0.283254840525171 0.283254847778885 0.283254855034333
0.122195039986041 0.269670290198824 0.272907682705726 0.272907567236845 0.272907451765509 0.27290733629172 0.272907220815476 0.27290710533678 0.27290698985563 0.272906874372026
0.141487558434333 0.283384672070056 0.283566365220863 0.283566374692182 0.283566384166142 0.283566393642744 0.283566403121989 0.283566412603875 0.283566422088406 0.28356643157558
0.151825926981527 0.279391933421654 0.282368745766694 0.282368749419383 0.282368753073619 0.282368756729404 0.282368760386736 0.282368764045618 0.282368767706047 0.282368771368026
0.112332766346574 0.28104523043238 0.285116162676052 0.285116216078021 0.285116269485481 0.285116322898434 0.285116376316881 0.285116429740823 0.285116483170262 0.285116536605196
0.118055315081779 0.28261138159595 0.28310935972768 0.283109387080304 0.283109414437056 0.283109441797939 0.283109469162953 0.283109496532098 0.283109523905376 0.283109551282787
0.164302443384086 0.281498021482721 0.28173595187653 0.281735950167 0.281735948458818 0.281735946751985 0.281735945046501 0.281735943342367 0.281735941639583 0.281735939938149
0.123550395819506 0.281019138604284 0.283674618647975 0.283674652151309 0.283674685658265 0.283674719168843 0.283674752683044 0.283674786200869 0.283674819722319 0.283674853247392
0.123789099035809 0.274866872364174 0.276265040080207 0.276264942162325 0.276264844242242 0.276264746319957 0.276264648395471 0.276264550468785 0.276264452539897 0.276264354608808
0.144830272936557 0.281673321988099 0.283543588192285 0.283543605559134 0.283543622928577 0.283543640300615 0.283543657675248 0.283543675052476 0.283543692432301 0.283543709814722
0.102895818924578 0.27459066245528 0.277898281897795 0.277898307289083 0.277898332686219 0.277898358089203 0.277898383498037 0.277898408912721 0.277898434333258 0.277898459759646
0.12894353162376 0.283183614404566 0.283704036902601 0.283704045936086 0.283704054972601 0.283704064012145 0.283704073054719 0.283704082100323 0.283704091148959 0.283704100200627
0.130012040736278 0.2801417506407 0.283979852240055 0.28397987911759 0.283979905998697 0.283979932883376 0.283979959771627 0.283979986663452 0.283980013558851 0.283980040457825
0.139573783726866 0.278857871441877 0.282427812129701 0.28242782575629 0.282427839385358 0.282427853016906 0.282427866650935 0.282427880287444 0.282427893926434 0.282427907567906
0.150074181284397 0.280566901420204 0.280547497298719 0.280547463533829 0.280547429769869 0.28054739600684 0.280547362244742 0.280547328483576 0.280547294723341 0.280547260964039
0.137952227716078 0.282072369809681 0.282189814943712 0.282189832518302 0.282189850095959 0.282189867676682 0.282189885260474 0.282189902847334 0.282189920437264 0.282189938030263
0.165484722417619 0.282845731917294 0.28227898631105 0.282278984887291 0.282278983464491 0.28227898204265 0.282278980621768 0.282278979201846 0.282278977782884 0.282278976364881
0.083499725413839 0.261841390307608 0.266952071533903 0.266951395087526 0.266950718582403 0.266950042018526 0.266949365395883 0.266948688714465 0.266948011974262 0.266947335175265
0.147530460262139 0.28439849195168 0.28463934248694 0.284639337980664 0.284639333476079 0.284639328973185 0.284639324471982 0.284639319972471 0.284639315474652 0.284639310978526
0.08245611171834 0.244182227416246 0.254180058336508 0.254178876266916 0.254177694081534 0.254176511780344 0.254175329363322 0.25417414683045 0.254172964181706 0.254171781417071
0.12473646079592 0.277452570744055 0.280298699112269 0.280298720355281 0.280298741602901 0.280298762855128 0.280298784111966 0.280298805373414 0.280298826639474 0.280298847910145
0.108639087424244 0.276081384089555 0.280644159209098 0.280644191931705 0.280644224659926 0.280644257393762 0.280644290133214 0.280644322878283 0.280644355628971 0.280644388385277
0.12532873313995 0.282082031779548 0.283980657169411 0.28398067806696 0.283980698967469 0.28398071987094 0.283980740777373 0.283980761686768 0.283980782599127 0.283980803514448
0.160435084589595 0.283318866191858 0.28306790284038 0.283067902136906 0.283067901434608 0.283067900733488 0.283067900033545 0.283067899334779 0.283067898637192 0.283067897940782
0.132975560628944 0.28584169584052 0.28636362712742 0.286363418883906 0.28636321062323 0.286363002345386 0.286362794050373 0.286362585738188 0.286362377408828 0.286362169062291
0.105132186027585 0.267755397824757 0.271730178945458 0.271729999259229 0.271729819569496 0.271729639876258 0.271729460179517 0.271729280479274 0.271729100775528 0.271728921068279
0.138819190972662 0.281580501598173 0.281563740768214 0.281563754769926 0.281563768774385 0.281563782781592 0.281563796791547 0.281563810804251 0.281563824819703 0.281563838837905
0.107078000541608 0.279271934973541 0.284190581414383 0.284190641769608 0.284190702131005 0.284190762498574 0.284190822872316 0.284190883252233 0.284190943638326 0.284191004030596
0.13725146205557 0.282582829966819 0.284138740013753 0.284138765712754 0.284138791414498 0.284138817118984 0.284138842826213 0.284138868536186 0.284138894248903 0.284138919964364
0.134628029263099 0.283360514621415 0.283971660843011 0.28397122928589 0.283970797685187 0.283970366040892 0.283969934352995 0.283969502621486 0.283969070846355 0.283968639027592
0.148393304527803 0.285557275952888 0.286070071577166 0.286070026528795 0.286069981481204 0.286069936434392 0.28606989138836 0.286069846343107 0.286069801298635 0.286069756254944
0.0768190541360249 0.254667290697264 0.261412529248577 0.261412042894726 0.261411556517835 0.261411070117904 0.26141058369493 0.261410097248911 0.261409610779846 0.261409124287733
