0.131393587225569 0.282217475074057 0.283384912380713 0.28338492509724 0.28338493781512 0.283384950534353 0.28338496325494 0.283384975976879 0.283384988700171 0.283385001424817
0.114977381122357 0.281283425903907 0.28354305554902 0.283543086285596 0.283543117026811 0.283543147772667 0.283543178523166 0.283543209278308 0.283543240038094 0.283543270802526
0.143029445282342 0.28347392499243 0.283153496062289 0.283153492125418 0.283153488190225 0.283153484256709 0.283153480324872 0.283153476394714 0.283153472466235 0.283153468539435
0.118843678727023 0.282316809328289 0.281265932128918 0.281265960396366 0.281265988670395 0.281266016951008 0.281266045238206 0.28126607353199 0.281266101832362 0.281266130139325
0.13060246603256 0.281445518169005 0.28339559303474 0.283395613032595 0.283395633032868 0.28339565303556 0.283395673040671 0.2833956930482 0.283395713058149 0.283395733070517
0.122371828446273 0.273144800554519 0.273185785102091 0.273185645811118 0.273185506517239 0.273185367220452 0.273185227920758 0.273185088618158 0.27318494931265 0.273184810004236
0.166187938596894 0.283256702155406 0.281620893395341 0.281620886918014 0.281620880441923 0.281620873967068 0.28162086749345 0.281620861021069 0.281620854549925 0.281620848080019
0.114828050568998 0.282001961191479 0.28251600558813 0.282516036617053 0.282516067650752 0.282516098689228 0.28251612973248 0.282516160780512 0.282516191833324 0.282516222890917
0.131485305490055 0.275132913736454 0.278590286768115 0.278590299638289 0.278590312511266 0.278590325387048 0.278590338265634 0.278590351147023 0.278590364031218 0.278590376918219
0.143843088312616 0.282735048257493 0.282378941804959 0.282378954626225 0.28237896744939 0.282378980274455 0.28237899310142 0.282379005930284 0.282379018761049 0.282379031593715
0.104835830166235 0.260503464679064 0.266769665103419 0.266769282048377 0.266768898963644 0.266768515849212 0.266768132705078 0.266767749531236 0.266767366327681 0.266766983094408
0.106897882559098 0.270719496188342 0.27445380497465 0.274453743142872 0.274453681312092 0.274453619482311 0.274453557653531 0.274453495825751 0.274453433998973 0.274453372173196
0.0789916511267705 0.263295591855428 0.270603419533326 0.270603266168861 0.270603112803081 0.270602959435985 0.270602806067575 0.270602652697852 0.270602499326816 0.270602345954468
0.14263266436561 0.283123997077447 0.282526895043452 0.282526901683515 0.282526908325406 0.282526914969127 0.282526921614677 0.282526928262056 0.282526934911266 0.282526941562305
0.0832792678832196 0.256423029742078 0.262482143991248 0.262481474423174 0.262480804797377 0.262480135113847 0.262479465372575 0.262478795573549 0.262478125716763 0.262477455802204
0.0988461277556913 0.259835748201276 0.265763335557056 0.265763026501283 0.265762717433399 0.265762408353405 0.265762099261299 0.26576179015708 0.265761481040748 0.265761171912302
0.123498530723576 0.281886399238314 0.282156457970351 0.282156474312246 0.282156490657426 0.282156507005894 0.282156523357649 0.282156539712692 0.282156556071025 0.282156572432647
0.108716847774346 0.280679357981781 0.282878887745556 0.282878928798181 0.282878969855923 0.28287901091878 0.282879051986755 0.282879093059849 0.282879134138063 0.282879175221398
0.123477041956906 0.281254989344325 0.283660610802587 0.283660633651765 0.283660656503998 0.283660679359285 0.283660702217628 0.283660725079027 0.283660747943483 0.283660770810996
0.132019855413764 0.280354893505592 0.28218193118619 0.282181946621915 0.282181962059346 0.282181977498483 0.282181992939327 0.282182008381879 0.282182023826137 0.282182039272103
0.10980979176165 0.283277739773888 0.281637226526875 0.281636651844109 0.281636077085053 0.281635502249685 0.281634927337986 0.281634352349935 0.281633777285511 0.281633202144693
0.135092321057173 0.281920048019516 0.28268198623161 0.282681993633028 0.282682001036673 0.282682008442544 0.282682015850643 0.28268202326097 0.282682030673524 0.282682038088307
0.105696109741364 0.27042217993972 0.27295142807032 0.272951191006985 0.27295095392959 0.272950716838133 0.272950479732613 0.272950242613028 0.272950005479375 0.272949768331654
0.117906688614533 0.280856323892911 0.28248986134533 0.282489892236073 0.282489923130787 0.282489954029474 0.282489984932133 0.282490015838766 0.282490046749373 0.282490077663955
0.136495910003453 0.281329589667665 0.280439104230483 0.280439122270968 0.280439140314629 0.280439158361465 0.280439176411478 0.280439194464668 0.280439212521036 0.280439230580581
0.160390508344656 0.285450037850924 0.282192295710681 0.282192284753107 0.282192273796422 0.282192262840624 0.282192251885715 0.282192240931694 0.282192229978563 0.28219221902632
0.135093447622145 0.281915724189551 0.282744843510707 0.282744858508514 0.282744873507899 0.282744888508865 0.282744903511411 0.282744918515536 0.282744933521241 0.282744948528526
0.130103413606131 0.280933355826045 0.282771040571911 0.282771058469629 0.282771076369183 0.282771094270575 0.282771112173804 0.282771130078871 0.282771147985775 0.282771165894518
0.142260507290068 0.283904641228196 0.282916568470299 0.282916575925076 0.282916583381823 0.282916590840539 0.282916598301226 0.282916605763884 0.282916613228513 0.282916620695113
0.136558584684813 0.283309241007275 0.281564773937633 0.281564793311361 0.281564812687506 0.281564832066067 0.281564851447046 0.281564870830441 0.281564890216255 0.281564909604487
0.135919596782995 0.282160218912379 0.283748696559089 0.283748714050523 0.283748731543729 0.283748749038709 0.283748766535462 0.283748784033988 0.283748801534288 0.28374881903636
0.183437138856932 0.285340074434215 0.280939996966654 0.280939895123768 0.280939793277067 0.280939691426551 0.28093958957222 0.280939487714072 0.280939385852108 0.280939283986328
0.119115073714595 0.285327540630619 0.284366260475384 0.284366284614788 0.284366308758764 0.284366332907315 0.284366357060441 0.284366381218142 0.284366405380422 0.28436642954728
0.197051033926081 0.286402865378957 0.283186326106281 0.283186240944147 0.28318615577987 0.283186070613448 0.283185985444883 0.283185900274174 0.283185815101321 0.283185729926322
0.128040418470578 0.282510160256856 0.281659659337935 0.281659668517854 0.281659677701293 0.281659686888255 0.281659696078741 0.281659705272751 0.281659714470285 0.281659723671346
0.140416700311727 0.284599032140082 0.283461730290544 0.28346174506986 0.283461759851478 0.2834617746354 0.283461789421627 0.283461804210157 0.283461819000992 0.283461833794133
0.155987121629327 0.284976194025927 0.282798312198345 0.282798171555125 0.282798030907047 0.282797890254109 0.282797749596312 0.282797608933656 0.282797468266141 0.282797327593765
0.121797362500561 0.283286985501773 0.282826530382584 0.282826553513084 0.282826576647692 0.282826599786411 0.28282662292924 0.282826646076182 0.282826669227235 0.282826692382402
0.144010508201255 0.282416932096386 0.283492518574433 0.283492517469367 0.283492516365843 0.283492515263862 0.283492514163423 0.283492513064526 0.283492511967172 0.283492510871361
0.130556161308505 0.28066002034235 0.282457488971638 0.282457500264994 0.282457511560468 0.28245752285806 0.28245753415777 0.282457545459598 0.282457556763546 0.282457568069613
0.113910005468521 0.282334061666296 0.28194770290969 0.281947731729703 0.281947760555346 0.281947789386622 0.281947818223533 0.281947847066079 0.281947875914261 0.281947904768082
0.122184166807155 0.281304775840398 0.281906232665357 0.281906262189987 0.281906291719516 0.281906321253947 0.281906350793279 0.281906380337515 0.281906409886655 0.281906439440699
0.124499543177415 0.282320487338897 0.282208623844889 0.282208652030969 0.282208680221415 0.282208708416228 0.282208736615408 0.282208764818957 0.282208793026876 0.282208821239165
0.128701987582805 0.283241838783711 0.283171904182476 0.283171924690624 0.283171945201358 0.28317196571468 0.283171986230588 0.283172006749084 0.283172027270169 0.283172047793841
0.130097732755186 0.278851145520334 0.282413655674036 0.282413670110875 0.282413684549594 0.282413698990195 0.282413713432677 0.282413727877041 0.282413742323287 0.282413756771416
0.0863708653056781 0.247666855862673 0.254764219841619 0.254763199060169 0.254762178186445 0.254761157220433 0.254760136162117 0.254759115011481 0.254758093768512 0.254757072433193
0.127974233157883 0.286209597086659 0.285559863654326 0.285559852026843 0.285559840402151 0.285559828780249 0.285559817161138 0.285559805544819 0.285559793931294 0.285559782320561
0.108098245086396 0.254692493427778 0.260726441109151 0.260725664132752 0.260724887088023 0.260724109974953 0.26072333279353 0.260722555543743 0.260721778225581 0.260721000839033
0.0928601543527522 0.279358631941597 0.276751450819382 0.276750455297677 0.276749459625699 0.276748463803405 0.276747467830753 0.276746471707701 0.276745475434205 0.276744479010223
0.142288235772844 0.283502863726203 0.281542418545328 0.281542422999938 0.281542427456955 0.281542431916379 0.281542436378213 0.281542440842455 0.281542445309107 0.281542449778169
0.107330022875195 0.280604604483871 0.28408147443227 0.284081526658139 0.284081578889785 0.284081631127209 0.284081683370413 0.284081735619398 0.284081787874164 0.284081840134712
0.113004641064155 0.276510823650794 0.278914526980756 0.278914541574607 0.278914556172653 0.278914570774892 0.278914585381327 0.278914599991959 0.278914614606787 0.278914629225812
0.123379800915651 0.281476167350648 0.281942926535926 0.281942952149728 0.281942977768231 0.28194300339144 0.281943029019352 0.281943054651972 0.281943080289298 0.281943105931332
0.148756249290755 0.281348215060822 0.280603253729304 0.28060324938574 0.280603245043625 0.280603240702961 0.280603236363747 0.280603232025984 0.280603227689672 0.280603223354811
0.133133325669919 0.282420231988929 0.283563950874904 0.283563968796244 0.283563986719842 0.283564004645698 0.283564022573812 0.283564040504185 0.283564058436816 0.283564076371707
0.123807898420806 0.282029667134124 0.28457010295352 0.284570144254349 0.284570185559458 0.284570226868851 0.284570268182526 0.284570309500485 0.284570350822729 0.284570392149258
0.137472210713294 0.282879083166878 0.282081627928175 0.282081641797756 0.282081655669562 0.282081669543594 0.282081683419854 0.28208169729834 0.282081711179053 0.282081725061994
0.124640784896489 0.28052186507372 0.281527715589311 0.281527742060851 0.281527768535447 0.281527795013102 0.281527821493814 0.281527847977586 0.281527874464416 0.281527900954307
0.141859727187228 0.277607393951407 0.277041302815919 0.277041281216026 0.277041259617205 0.277041238019454 0.277041216422774 0.277041194827166 0.277041173232629 0.277041151639164
0.148530447250504 0.283747469072921 0.282308679182657 0.282308681840668 0.28230868449957 0.282308687159362 0.282308689820043 0.282308692481614 0.282308695144076 0.282308697807426
0.159062467631007 0.2821383670822 0.281313319657787 0.281313322127045 0.281313324597211 0.281313327068285 0.281313329540267 0.281313332013156 0.281313334486954 0.281313336961658
0.0879825579777343 0.264115253740391 0.27165351971849 0.271653216642629 0.271652913540743 0.271652610412828 0.27165230725888 0.271652004078894 0.271651700872866 0.27165139764079
0.1279757291077 0.274070000165373 0.276075259257223 0.27607521758166 0.276075175907098 0.276075134233538 0.276075092560978 0.276075050889421 0.276075009218865 0.276074967549313
0.141404791534248 0.281105054578441 0.28244870993099 0.282448706845957 0.282448703761704 0.28244870067823 0.282448697595536 0.28244869451362 0.282448691432484 0.282448688352128
0.154793592399874 0.282179214157022 0.281761132738462 0.281761132523185 0.281761132308255 0.281761132093672 0.281761131879435 0.281761131665545 0.281761131452001 0.281761131238802
0.107255397674482 0.262005350827829 0.266024673672538 0.26602416380317 0.26602365389562 0.266023143949883 0.266022633965956 0.266022123943832 0.266021613883506 0.266021103784974
0.107497250779881 0.2604642528503 0.267297296251423 0.267296653026853 0.267296009737492 0.267295366383329 0.26729472296435 0.267294079480543 0.267293435931897 0.267292792318399
0.128180362124974 0.280291695223174 0.282563944506836 0.282563970528596 0.282563996553 0.282564022580048 0.282564048609742 0.282564074642079 0.282564100677063 0.282564126714692
0.175345817152723 0.283728093762127 0.2812782211293 0.281278211187039 0.281278201244911 0.281278191302913 0.281278181361048 0.281278171419314 0.281278161477711 0.281278151536241
0.120631463423033 0.273310377782709 0.276071057515098 0.27607095223381 0.276070846950891 0.276070741666342 0.276070636380161 0.276070531092352 0.276070425802912 0.276070320511842
0.130351417018152 0.282340795618229 0.281318441060845 0.281318453891841 0.281318466726456 0.28131847956469 0.281318492406544 0.281318505252019 0.281318518101116 0.281318530953836
0.153662006620508 0.280154478910563 0.280077716815373 0.280077707536369 0.280077698257876 0.280077688979892 0.280077679702418 0.280077670425454 0.280077661148999 0.280077651873053
0.143804117323302 0.283049170220599 0.283237913297531 0.283237936557684 0.283237959820092 0.283237983084756 0.283238006351676 0.283238029620852 0.283238052892284 0.283238076165974
0.151939948425411 0.281916972133419 0.282633498682351 0.282633505046425 0.282633511410872 0.282633517775691 0.282633524140882 0.282633530506446 0.282633536872382 0.28263354323869
0.142199955024358 0.2802399291788 0.280677531358098 0.280677538256015 0.280677545155979 0.280677552057992 0.280677558962054 0.280677565868164 0.280677572776323 0.280677579686532
0.135227994979903 0.28413429468717 0.282295725680251 0.282295740114335 0.282295754552316 0.282295768994199 0.282295783439982 0.282295797889666 0.282295812343253 0.282295826800744
0.111327904957597 0.271494776508689 0.275024857158834 0.275024717362789 0.275024577560293 0.275024437751349 0.275024297935954 0.27502415811411 0.275024018285815 0.27502387845107
0.141164140086065 0.283864078466064 0.282477745481461 0.28247776020685 0.28247777493457 0.282477789664622 0.282477804397006 0.282477819131723 0.282477833868772 0.282477848608155
0.122198090017214 0.278051686391896 0.278728989195653 0.278728947710099 0.278728906225984 0.278728864743307 0.27872882326207 0.278728781782273 0.278728740303918 0.278728698827003
0.111509593837808 0.283602157918566 0.282714041169195 0.282714074209948 0.282714107256472 0.282714140308769 0.28271417336684 0.282714206430687 0.282714239500311 0.282714272575713
0.116567258487846 0.282671199498092 0.282486302451746 0.282486339460349 0.282486376474373 0.282486413493822 0.282486450518695 0.282486487548994 0.282486524584721 0.282486561625876
0.128553612827266 0.278485752349505 0.279649449971503 0.279649462070427 0.279649474171835 0.279649486275727 0.279649498382105 0.279649510490968 0.279649522602315 0.27964953471615
0.0908500514006959 0.262640408881083 0.268407089626718 0.268406802122522 0.26840651459715 0.268406227050598 0.268405939482863 0.26840565189394 0.268405364283826 0.268405076652519
0.129492213674044 0.28302604764175 0.282580814305933 0.282580831286021 0.28258084826887 0.282580865254483 0.282580882242858 0.282580899233998 0.282580916227902 0.282580933224571
0.132838250949523 0.282797874535218 0.282730086222711 0.282730101958877 0.282730117697874 0.2827301334397 0.282730149184356 0.282730164931844 0.282730180682163 0.282730196435315
0.131199530910842 0.268932553133886 0.270930782949713 0.270930485605998 0.270930188239928 0.2709298908515 0.270929593440709 0.270929296007553 0.270928998552028 0.270928701074131
0.116932886960928 0.285304753161005 0.287300839436241 0.287300871767171 0.28730090410161 0.287300936439558 0.287300968781015 0.287301001125982 0.28730103347446 0.287301065826449
0.0643917459260653 0.235670403380959 0.2515271447584 0.251526151374375 0.251525157916032 0.251524164383361 0.251523170776351 0.251522177094992 0.251521183339274 0.251520189509186
0.125265776971327 0.279050441400248 0.279975731622737 0.279975767732247 0.279975803845847 0.279975839963538 0.279975876085319 0.279975912211192 0.279975948341157 0.279975984475216
0.0959558349230618 0.266652548660269 0.271766966943382 0.271766863106107 0.271766759268598 0.271766655430855 0.271766551592881 0.271766447754674 0.271766343916236 0.271766240077567
0.126567001596242 0.281937041541651 0.282583766094777 0.282583790330559 0.282583814569598 0.282583838811895 0.28258386305745 0.282583887306264 0.282583911558337 0.28258393581367
0.13855112252181 0.285964910936836 0.283689092377628 0.283689098177289 0.283689103979619 0.283689109784621 0.283689115592294 0.28368912140264 0.283689127215657 0.283689133031348
0.136849953546967 0.282457497654297 0.281109094921766 0.281108994665002 0.281108894409177 0.281108794154291 0.281108693900348 0.281108593647347 0.281108493395289 0.281108393144177
0.101466791706633 0.261801320641561 0.26549074939905 0.265490400186591 0.265490050950979 0.265489701692209 0.265489352410278 0.265489003105183 0.265488653776922 0.26548830442549
0.122886321679726 0.280283205114518 0.281340408199111 0.281340437098237 0.281340466000183 0.28134049490495 0.281340523812539 0.28134055272295 0.281340581636182 0.281340610552237
0.127027352468652 0.281440551525456 0.28215846695571 0.282158491507843 0.282158516063956 0.282158540624051 0.282158565188127 0.282158589756187 0.28215861432823 0.282158638904257
0.1285463618836 0.282508834336407 0.282867159518354 0.282867185201141 0.282867210887929 0.28286723657872 0.282867262273516 0.282867287972315 0.282867313675121 0.282867339381933
0.100664885422397 0.276158765998317 0.274572581870759 0.274571642956764 0.274570703897848 0.274569764693967 0.274568825345075 0.274567885851125 0.274566946212074 0.274566006427874
0.159666972097272 0.288031620820537 0.285039547273921 0.28503928677192 0.285039026239272 0.285038765675969 0.285038505082005 0.285038244457372 0.285037983802062 0.285037723116067
0.107344148496487 0.264428206281889 0.268717227978905 0.268716798997955 0.268716369984769 0.268715940939343 0.268715511861673 0.268715082751755 0.268714653609584 0.268714224435158
