0.140494157981974 0.276359103015012 0.283464594798662 0.283464618983966 0.283464643171433 0.283464667361064 0.283464691552858 0.283464715746816 0.283464739942938 0.283464764141225
0.146037226915783 0.283706993250197 0.28277511190202 0.28277511158368 0.282775111266631 0.282775110950873 0.282775110636407 0.282775110323233 0.282775110011351 0.282775109700761
0.16767033795073 0.283953733104842 0.282144262584754 0.282144253325748 0.28214424406746 0.28214423480989 0.282144225553037 0.282144216296902 0.282144207041486 0.282144197786788
0.167239978501619 0.281171683216934 0.281462895325637 0.281462893944149 0.281462892562984 0.281462891182141 0.28146288980162 0.281462888421422 0.281462887041546 0.281462885661993
0.130118813962395 0.2797458175087 0.2830827867409 0.283082812633419 0.283082838528229 0.283082864425334 0.283082890324732 0.283082916226424 0.283082942130409 0.283082968036689
0.0896432290923672 0.245748326316924 0.264040828473327 0.264040369030166 0.264039909554508 0.264039450046348 0.264038990505683 0.264038530932507 0.264038071326817 0.264037611688609
0.153924944300036 0.286743850584434 0.281473299036687 0.2814733152655 0.281473331496 0.281473347728187 0.281473363962062 0.281473380197625 0.281473396434876 0.281473412673814
0.132486331363278 0.276092384234636 0.282128209570991 0.282128231914939 0.282128254261582 0.282128276610921 0.282128298962957 0.282128321317689 0.282128343675117 0.282128366035242
0.138330127429919 0.273134209270258 0.278525014410536 0.27852502935941 0.278525044310845 0.27852505926484 0.278525074221398 0.278525089180517 0.2785251041422 0.278525119106445
0.163328803427122 0.28292195551692 0.280967547062727 0.280967539394887 0.280967531727814 0.280967524061508 0.28096751639597 0.280967508731198 0.280967501067194 0.280967493403958
0.0929240200973684 0.253859878322874 0.268455910212824 0.268455741787912 0.268455573361956 0.268455404934957 0.268455236506916 0.268455068077834 0.268454899647712 0.268454731216551
0.122389627795821 0.270830986031726 0.278463081883554 0.278463109646333 0.278463137411799 0.278463165179954 0.278463192950797 0.278463220724328 0.278463248500549 0.278463276279458
0.0870832636991415 0.25369883605588 0.271281683148353 0.271281635936787 0.271281588731549 0.27128154153264 0.271281494340062 0.271281447153816 0.271281399973904 0.271281352800327
0.124075770023856 0.271644380348254 0.282685793354615 0.282685822916175 0.282685852481272 0.282685882049908 0.282685911622083 0.282685941197797 0.282685970777051 0.282686000359845
0.064704156501071 0.224606619487016 0.250554875696113 0.250554058512476 0.250553241274563 0.250552423982368 0.250551606635884 0.250550789235106 0.250549971780027 0.250549154270641
0.111463711899199 0.269133395882472 0.274821134768631 0.274821085377578 0.274821035988291 0.27482098660077 0.274820937215016 0.274820887831029 0.27482083844881 0.27482078906836
0.151010500465896 0.285258145839837 0.283160087051517 0.283160084760439 0.283160082470068 0.283160080180404 0.283160077891445 0.283160075603192 0.283160073315647 0.283160071028807
0.12710809329677 0.275328807881579 0.283674422473513 0.28367446051968 0.283674498568934 0.283674536621276 0.283674574676705 0.283674612735223 0.28367465079683 0.283674688861525
0.105826244946918 0.273053595229124 0.283922341581984 0.283922399917326 0.283922458257268 0.283922516601811 0.283922574950955 0.283922633304702 0.283922691663052 0.283922750026005
0.124530005539714 0.279327416919852 0.283009614664947 0.283009652321533 0.283009689981847 0.283009727645888 0.283009765313658 0.283009802985158 0.283009840660388 0.283009878339348
0.160039788673017 0.28290667513722 0.2839414258947 0.283941394518057 0.283941363141865 0.283941331766123 0.283941300390831 0.28394126901599 0.2839412376416 0.283941206267661
0.132589618211509 0.273653472222842 0.281433437595248 0.281433466612395 0.281433495632527 0.281433524655644 0.281433553681748 0.281433582710839 0.281433611742917 0.281433640777982
0.0821899585719922 0.235432684452623 0.261124887926882 0.26112444718863 0.261124006419835 0.261123565620494 0.261123124790601 0.261122683930152 0.261122243039143 0.261121802117569
0.134597335832375 0.276830105662877 0.282408298211269 0.282408313048732 0.282408327888316 0.28240834273002 0.282408357573846 0.282408372419794 0.282408387267864 0.282408402118055
0.137735137504976 0.267142842481021 0.277896170126445 0.277896186335668 0.277896202547886 0.277896218763099 0.277896234981307 0.277896251202511 0.277896267426712 0.27789628365391
0.140055345647005 0.27439870884616 0.283594686453665 0.283594713681198 0.283594740911128 0.283594768143457 0.283594795378183 0.283594822615309 0.283594849854833 0.283594877096756
0.13902570527343 0.279504714310469 0.282392701491569 0.282392727394991 0.282392753301121 0.282392779209957 0.282392805121501 0.282392831035752 0.282392856952711 0.282392882872379
0.145626536886467 0.273782792661693 0.281984646378253 0.281984652890066 0.281984659403561 0.28198466591874 0.281984672435603 0.281984678954149 0.28198468547438 0.281984691996295
0.130953921568733 0.284497769502632 0.285183424996106 0.285183390428313 0.285183355861611 0.285183321295999 0.285183286731479 0.28518325216805 0.285183217605714 0.285183183044469
0.141924030550827 0.277944559330641 0.282669310006672 0.282669326217974 0.282669342431189 0.282669358646317 0.282669374863358 0.282669391082313 0.282669407303183 0.282669423525965
0.109748935571402 0.275281421609941 0.284402742435987 0.284402809224714 0.284402876018978 0.284402942818782 0.284403009624123 0.284403076435006 0.284403143251429 0.284403210073393
0.140702734565311 0.283053632831341 0.279477794654004 0.279477226705288 0.279476658702116 0.279476090644476 0.279475522532359 0.279474954365754 0.279474386144651 0.27947381786904
0.150315338579986 0.27879435195551 0.28248919086974 0.282489184696762 0.282489178525113 0.282489172354794 0.282489166185805 0.282489160018146 0.282489153851817 0.282489147686819
0.156925977762854 0.284634672900638 0.285431254343877 0.285431164038153 0.285431073729792 0.285430983418792 0.285430893105155 0.28543080278888 0.285430712469965 0.285430622148413
0.131813522517604 0.276680094401383 0.281392829681178 0.281392848049159 0.281392866419556 0.281392884792368 0.281392903167597 0.281392921545242 0.281392939925303 0.281392958307782
0.131006895201887 0.27750326792585 0.284134663263665 0.284134693846034 0.284134724431247 0.284134755019303 0.284134785610202 0.284134816203946 0.284134846800535 0.284134877399969
0.134369671231078 0.279776268327149 0.277996001456276 0.277995773150786 0.277995544837473 0.277995316516338 0.27799508818738 0.277994859850599 0.277994631505994 0.277994403153563
0.12003698019267 0.27326265486323 0.283888493125022 0.283888534313059 0.283888575504871 0.283888616700457 0.283888657899821 0.28388869910296 0.283888740309877 0.283888781520571
0.142843989996469 0.28117329043597 0.283242572410618 0.283242576204491 0.283242579999709 0.283242583796271 0.283242587594178 0.28324259139343 0.283242595194029 0.283242598995972
0.109110213944819 0.272061893465052 0.284219804994891 0.284219866710172 0.2842199284303 0.284219990155275 0.2842200518851 0.284220113619774 0.284220175359298 0.284220237103672
0.133967884485937 0.276462400179011 0.281948263094706 0.281948288084775 0.281948313077746 0.28194833807362 0.281948363072396 0.281948388074075 0.281948413078658 0.281948438086144
0.132450610547633 0.275145771876667 0.282087659535518 0.282087692501173 0.282087725470153 0.282087758442459 0.282087791418091 0.282087824397049 0.282087857379334 0.282087890364948
0.125088739262458 0.27168419894353 0.283936352770714 0.283936403595705 0.283936454424567 0.283936505257299 0.283936556093902 0.283936606934377 0.283936657778725 0.283936708626946
0.143919517153838 0.2776053024493 0.281418668382035 0.281418675080813 0.281418681781163 0.281418688483085 0.281418695186581 0.281418701891649 0.281418708598291 0.281418715306507
0.116083009625848 0.271308356686802 0.281178292900933 0.281178339713934 0.281178386531183 0.281178433352681 0.281178480178427 0.281178527008423 0.281178573842668 0.281178620681164
0.0741867555762929 0.233074080445475 0.25379090620223 0.253789802375392 0.253788698442009 0.253787594402064 0.253786490255539 0.253785386002416 0.253784281642676 0.253783177176302
0.148333574131581 0.281358525305991 0.285475668052542 0.285475667847041 0.285475667642491 0.285475667438893 0.285475667236244 0.285475667034548 0.285475666833803 0.28547566663401
0.0799674211243185 0.243452902690084 0.261247742907995 0.261246670695504 0.261245598366138 0.261244525919875 0.261243453356692 0.261242380676569 0.261241307879481 0.261240234965408
0.14461990122776 0.284188484606375 0.283889384316572 0.283889056749135 0.283888729159062 0.283888401546351 0.283888073910997 0.283887746252996 0.283887418572344 0.283887090869037
0.139435079595663 0.279905566770504 0.282064305493274 0.282064310661952 0.282064315832506 0.282064321004939 0.282064326179248 0.282064331355435 0.2820643365335 0.282064341713444
0.124465066778231 0.270809131606572 0.281940329768913 0.2819403640002 0.281940398235118 0.281940432473669 0.281940466715853 0.281940500961669 0.281940535211119 0.281940569464203
0.114002963820358 0.265088614072703 0.278444889454371 0.278444918548377 0.278444947645958 0.278444976747114 0.278445005851845 0.278445034960153 0.278445064072036 0.278445093187497
0.147436707543782 0.278126792444206 0.28290890694449 0.282908923445371 0.282908939948151 0.282908956452831 0.28290897295941 0.282908989467889 0.282909005978269 0.282909022490549
0.147763453638339 0.278526919516938 0.282248719828603 0.282248736667785 0.282248753508775 0.282248770351572 0.282248787196176 0.282248804042589 0.28224882089081 0.28224883774084
0.152615455257806 0.280231778332801 0.282786111527535 0.282786119894725 0.282786128263302 0.282786136633266 0.282786145004618 0.282786153377357 0.282786161751484 0.282786170126999
0.105643581858671 0.267502888765805 0.282933612291427 0.282933671632416 0.282933730978619 0.282933790330035 0.282933849686665 0.282933909048512 0.282933968415574 0.282934027787852
0.123916107347269 0.273333835137815 0.28329553842547 0.283295573938057 0.283295609454017 0.28329564497335 0.283295680496056 0.283295716022135 0.283295751551588 0.283295787084416
0.132871471433716 0.268822063506407 0.278988340230352 0.278988358061364 0.278988375894758 0.278988393730536 0.278988411568699 0.278988429409244 0.278988447252174 0.278988465097489
0.140860890574993 0.275080666968664 0.279078660556118 0.279078675263403 0.279078689972976 0.27907870468484 0.279078719398993 0.279078734115436 0.279078748834171 0.279078763555196
0.130142564509775 0.27475238718418 0.282194023366473 0.282194046074823 0.28219406878545 0.282194091498355 0.282194114213538 0.282194136930998 0.282194159650737 0.282194182372756
0.14606901358715 0.280061111430585 0.282243175645539 0.282243190115846 0.28224320458763 0.28224321906089 0.282243233535628 0.282243248011844 0.282243262489537 0.282243276968708
0.112130169387082 0.269370460561736 0.273386593254011 0.273386445660906 0.273386298064267 0.273386150464093 0.273386002860385 0.273385855253144 0.27338570764237 0.273385560028063
0.105984627535251 0.256730656067003 0.271544286664965 0.271544134586489 0.271543982502798 0.271543830413892 0.271543678319769 0.271543526220431 0.271543374115876 0.271543222006105
0.114441235244726 0.275201703936236 0.28460501614323 0.284605054674126 0.284605093209385 0.284605131749007 0.284605170292994 0.284605208841346 0.284605247394063 0.284605285951147
0.135906300879389 0.278764422079822 0.285161747245781 0.285161775900729 0.285161804558487 0.285161833219053 0.285161861882428 0.285161890548614 0.28516191921761 0.285161947889418
0.0853011458172779 0.242386102953696 0.260048909236116 0.260048034232585 0.260047159143858 0.260046283969918 0.26004540871075 0.26004453336634 0.260043657936672 0.260042782421731
0.0931888163195513 0.253595918748553 0.264604443514976 0.264603746385783 0.264603049187612 0.264602351920449 0.264601654584283 0.264600957179101 0.26460025970489 0.26459956216164
0.162707238045544 0.281013337919928 0.281367314412986 0.281367313426407 0.281367312440906 0.281367311456483 0.281367310473138 0.281367309490871 0.281367308509683 0.281367307529574
0.128998940636972 0.281335283527062 0.282246612799248 0.282246642314679 0.282246671833351 0.282246701355266 0.282246730880423 0.282246760408823 0.282246789940467 0.282246819475355
0.0770691112043326 0.236938149069094 0.262214263290169 0.262213976660836 0.262213690023069 0.262213403376866 0.262213116722227 0.262212830059153 0.262212543387643 0.262212256707697
0.146621696250485 0.278415659018327 0.282311516480023 0.282311529070104 0.28231154166133 0.282311554253703 0.282311566847223 0.282311579441888 0.282311592037701 0.28231160463466
0.139193810899173 0.279202493085482 0.281135191600758 0.281135209907833 0.281135228217163 0.281135246528747 0.281135264842586 0.281135283158681 0.281135301477031 0.281135319797636
0.132042712520293 0.275509343027035 0.28250942139081 0.282509454455452 0.282509487524158 0.282509520596932 0.282509553673773 0.282509586754682 0.282509619839659 0.282509652928705
0.135192491918195 0.269784906388783 0.281640759410193 0.281640781408439 0.281640803408562 0.281640825410563 0.281640847414441 0.281640869420197 0.281640891427831 0.281640913437343
0.109069812500986 0.270622702899986 0.280959157444011 0.280959216443285 0.280959275447836 0.280959334457663 0.280959393472769 0.280959452493153 0.280959511518817 0.28095957054976
0.112238402773063 0.273013649130594 0.282640528547024 0.282640569381084 0.282640610219019 0.282640651060828 0.282640691906514 0.282640732756077 0.282640773609518 0.282640814466836
0.115375379530136 0.262465207802572 0.274212820170814 0.274212718747651 0.274212617324134 0.274212515900263 0.274212414476038 0.274212313051461 0.274212211626531 0.274212110201248
0.145743557487702 0.278536321371148 0.28152547721888 0.281525488788243 0.281525500359171 0.281525511931664 0.281525523505722 0.281525535081346 0.281525546658537 0.281525558237293
0.125086140630472 0.254784584490093 0.2685544218404 0.268554290714279 0.268554159585931 0.268554028455356 0.268553897322553 0.268553766187523 0.268553635050268 0.268553503910785
0.131048030876821 0.279076572751663 0.282703231559135 0.282703260419621 0.282703289283185 0.282703318149828 0.282703347019552 0.282703375892356 0.282703404768241 0.282703433647206
0.136714094346746 0.281501738156659 0.282914805852061 0.282914834670665 0.282914863491469 0.282914892314471 0.282914921139672 0.282914949967073 0.282914978796673 0.282915007628474
0.123074833686704 0.269343000521723 0.27960025149365 0.279600284892251 0.279600318295487 0.279600351703359 0.279600385115867 0.279600418533013 0.279600451954797 0.279600485381219
0.108783308869678 0.25542310537092 0.269137612704982 0.269137439297404 0.269137265884119 0.269137092465128 0.269136919040429 0.269136745610023 0.26913657217391 0.269136398732089
0.145098001865859 0.280149658082406 0.280689860648412 0.280689860743722 0.28068986084012 0.280689860937605 0.280689861036178 0.280689861135839 0.280689861236587 0.280689861338424
0.140976389452268 0.280244080800851 0.281672891249354 0.281672902842329 0.281672914437082 0.281672926033616 0.281672937631929 0.281672949232022 0.281672960833895 0.28167297243755
0.0905233822271672 0.245558436913383 0.265025506530623 0.265024969500055 0.265024432426124 0.265023895308822 0.265023358148143 0.265022820944081 0.265022283696629 0.265021746405779
0.122268876939606 0.27774785774943 0.284414746165436 0.284414778679002 0.28441481119585 0.284414843715977 0.284414876239387 0.284414908766079 0.284414941296052 0.28441497382931
0.068680879356922 0.210331347230166 0.248858862729318 0.248857573777447 0.248856284710507 0.248854995528482 0.248853706231351 0.248852416819097 0.2488511272917 0.248849837649143
0.117073681431842 0.269056284306917 0.277650041179781 0.277650045471631 0.277650049766811 0.277650054065324 0.277650058367169 0.277650062672347 0.277650066980858 0.277650071292704
0.106070605922504 0.261112735519258 0.275244122133855 0.275244143604908 0.275244165081213 0.275244186562768 0.275244208049576 0.275244229541636 0.275244251038951 0.275244272541521
0.111748635643293 0.269313384745626 0.283858591840602 0.283858643728839 0.283858695621262 0.283858747517873 0.283858799418672 0.283858851323658 0.283858903232834 0.2838589551462
0.141857248807886 0.280233026571309 0.282667942640768 0.282667961585508 0.282667980532675 0.282667999482268 0.282668018434289 0.282668037388738 0.282668056345616 0.282668075304922
0.118802581724796 0.273299766691001 0.284954151298715 0.284954155707531 0.28495416011936 0.2849541645342 0.284954168952052 0.284954173372918 0.284954177796797 0.28495418222369
0.0783050928587141 0.237363464783588 0.25878752510957 0.258786839449637 0.258786153726822 0.258785467941114 0.2587847820925 0.258784096180971 0.258783410206517 0.258782724169125
0.118647869628762 0.26584902803283 0.276387206233572 0.276387174582027 0.276387142931838 0.276387111283005 0.276387079635528 0.276387047989408 0.276387016344645 0.27638698470124
0.119323386317305 0.273162406656141 0.282465083250236 0.282465122674705 0.282465162103394 0.282465201536305 0.282465240973437 0.282465280414791 0.282465319860368 0.282465359310169
0.154347323579253 0.280741381926662 0.280666043313002 0.28066603249698 0.280666021681749 0.280666010867312 0.280666000053666 0.280665989240812 0.280665978428752 0.280665967617484
0.1308393616763 0.280209185016619 0.282499230716721 0.282498853956399 0.282498477165243 0.282498100343247 0.282497723490404 0.282497346606709 0.282496969692157 0.282496592746741
0.128576922959579 0.279675437909644 0.286085031635522 0.286085051053795 0.286085070475492 0.286085089900618 0.286085109329171 0.286085128761152 0.286085148196563 0.286085167635403
0.0796676302252849 0.237121829204112 0.25572530623936 0.255724769245207 0.255724232219768 0.25572369516304 0.255723158075019 0.255722620955704 0.25572208380509 0.255721546623175
