0.171746664502255 0.287841533248437 0.288958828700199 0.288958835490322 0.288958842280643 0.28895884907116 0.288958855861876 0.288958862652785 0.288958869443894 0.288958876235201
0.135145961934926 0.282140518206379 0.2869252878886 0.286925303792099 0.28692531969859 0.286925335608076 0.286925351520554 0.286925367436029 0.286925383354497 0.286925399275961
0.156536693483633 0.285050445043118 0.288497869716087 0.288497884745097 0.288497899775508 0.288497914807321 0.288497929840537 0.288497944875152 0.288497959911171 0.288497974948593
0.151347496469585 0.285609304281837 0.286908401101336 0.286908408252834 0.286908415405819 0.286908422560288 0.286908429716245 0.286908436873685 0.286908444032613 0.286908451193029
0.120610073320627 0.277834546115637 0.288068580982324 0.288068629543709 0.288068678109785 0.288068726680555 0.288068775256012 0.288068823836171 0.288068872421018 0.288068921010559
0.110390743685268 0.259948367006712 0.275523710728732 0.275523624995912 0.275523539264934 0.275523453535806 0.275523367808514 0.275523282083085 0.275523196359494 0.275523110637749
0.140991539680271 0.279948238938659 0.285212889817333 0.285212902997714 0.285212916180684 0.285212929366244 0.285212942554391 0.285212955745131 0.285212968938459 0.285212982134378
0.138386302617466 0.28182618878835 0.288126355862473 0.288126391446698 0.288126427033435 0.288126462622689 0.288126498214454 0.288126533808737 0.288126569405533 0.288126605004845
0.122790366373531 0.28128992173274 0.286536750766542 0.286536797137829 0.286536843513927 0.286536889894837 0.286536936280559 0.286536982671095 0.286537029066445 0.286537075466611
0.132341654661884 0.280937097956173 0.287127123618747 0.287127137435714 0.287127151255688 0.28712716507867 0.287127178904657 0.287127192733656 0.287127206565663 0.287127220400678
0.11033700587958 0.264721607640334 0.274057210133337 0.274057010514089 0.27405681088298 0.274056611240011 0.274056411585174 0.274056211918478 0.274056012239911 0.274055812549474
0.136449791578749 0.276781867776061 0.283092347923024 0.283092338438998 0.283092328956762 0.283092319476317 0.28309230999766 0.283092300520799 0.283092291045726 0.283092281572444
0.123284197049226 0.27019471346974 0.282488038608719 0.282488078012514 0.282488117421699 0.282488156836278 0.282488196256243 0.282488235681612 0.282488275112367 0.282488314548514
0.127610959157312 0.278972538102704 0.287059809451303 0.287059846855922 0.287059884265016 0.287059921678588 0.287059959096632 0.287059996519161 0.287060033946164 0.287060071377646
0.100428326643302 0.251136966709323 0.265348993148973 0.265348376903969 0.26534776060779 0.265347144260435 0.265346527861883 0.265345911412152 0.265345294911207 0.265344678359049
0.153087432633799 0.276386402958862 0.278324090458597 0.278323943009934 0.278323795552265 0.278323648085587 0.278323500609903 0.278323353125206 0.2783232056315 0.278323058128783
0.133482960107207 0.279136702414651 0.288378752007982 0.288378792253331 0.288378832501846 0.288378872753531 0.288378913008378 0.288378953266401 0.288378993527588 0.288379033791942
0.125886240849128 0.278516151350886 0.286601921075421 0.28660195004965 0.286601979027427 0.286602008008754 0.286602036993626 0.286602065982055 0.28660209497403 0.286602123969556
0.129104621181264 0.282091811193516 0.289020346889666 0.289020394075652 0.28902044126649 0.289020488462181 0.289020535662722 0.289020582868123 0.289020630078376 0.289020677293483
0.160239179996192 0.287914133887858 0.286135453340786 0.28613545416627 0.286135454992623 0.286135455819842 0.286135456647933 0.286135457476884 0.286135458306709 0.286135459137402
0.132841679729746 0.287406941462902 0.291539424687843 0.291539368496866 0.291539312307016 0.291539256118295 0.291539199930701 0.291539143744237 0.291539087558902 0.291539031374698
0.129493626852181 0.284715392124933 0.286753068361127 0.286753099656759 0.286753130956639 0.286753162260769 0.286753193569151 0.286753224881781 0.286753256198666 0.286753287519803
0.0817715431843568 0.24419000379448 0.265013862724067 0.265013310066014 0.265012757361211 0.265012204609661 0.265011651811332 0.265011098966256 0.265010546074384 0.26500999313572
0.146870426740994 0.280851478938825 0.287302780006868 0.287302794297769 0.287302808590558 0.287302822885235 0.287302837181799 0.287302851480254 0.287302865780595 0.287302880082825
0.161105541159948 0.280767147253927 0.282723792432284 0.282723800119083 0.282723807807119 0.282723815496387 0.282723823186891 0.282723830878627 0.282723838571599 0.282723846265807
0.147328144799404 0.286560207617952 0.288486045551708 0.288486065314881 0.288486085079997 0.288486104847053 0.288486124616054 0.288486144386995 0.288486164159881 0.288486183934711
0.130084568712484 0.283793866819663 0.285918487870809 0.285918507341625 0.285918526816022 0.285918546294002 0.285918565775564 0.285918585260709 0.285918604749439 0.285918624241754
0.149106575759087 0.284955870621864 0.28841052611575 0.288410548371533 0.288410570628906 0.28841059288787 0.288410615148426 0.288410637410571 0.28841065967431 0.288410681939641
0.121929204274113 0.283671085550788 0.290356928579522 0.290356917999247 0.290356907422518 0.29035689684934 0.290356886279709 0.290356875713634 0.290356865151107 0.290356854592134
0.139728300182724 0.285369972121017 0.28934731027474 0.28934734210859 0.289347373945834 0.28934740578647 0.289347437630501 0.289347469477925 0.289347501328746 0.289347533182962
0.126372548943207 0.284112488764783 0.287903089517173 0.287903128036043 0.287903166558348 0.287903205084089 0.287903243613268 0.287903282145883 0.287903320681935 0.287903359221426
0.150602107546602 0.292247715419439 0.294300025523567 0.294299925618432 0.29429982571056 0.294299725799949 0.294299625886604 0.294299525970518 0.294299426051697 0.294299326130139
0.153049970348862 0.280027356915189 0.283827842860106 0.283827853849342 0.283827864840316 0.283827875833026 0.283827886827474 0.283827897823658 0.28382790882158 0.28382791982124
0.129776526607361 0.286337137393251 0.287007570984191 0.287007209033687 0.287006847036164 0.287006484991607 0.287006122900008 0.287005760761345 0.287005398575613 0.287005036342797
0.124919376906662 0.282360011024155 0.288329695952235 0.28832972821699 0.288329760485683 0.288329792758316 0.288329825034888 0.288329857315405 0.288329889599861 0.28832992188826
0.134687655980943 0.283119805236549 0.286765810189937 0.286765838452606 0.286765866718966 0.286765894989015 0.286765923262757 0.28676595154019 0.286765979821316 0.286766008106136
0.150333473757804 0.286107544883372 0.288659223913182 0.288659222172164 0.288659220433102 0.288659218695993 0.288659216960842 0.288659215227642 0.288659213496401 0.288659211767117
0.124015288053551 0.283887110010888 0.288352712374526 0.288352748243389 0.288352784116436 0.288352819993668 0.288352855875085 0.288352891760687 0.288352927650476 0.288352963544453
0.156612642948518 0.285833278431909 0.286222094748763 0.286222107687577 0.286222120627898 0.286222133569721 0.286222146513053 0.286222159457886 0.286222172404228 0.286222185352076
0.124781600712685 0.280165133688789 0.285472365349052 0.285472385247735 0.285472405149952 0.285472425055703 0.285472444964986 0.285472464877806 0.28547248479416 0.28547250471405
0.127887107993172 0.281398647458843 0.289128713664872 0.289128758469854 0.28912880327875 0.289128848091563 0.289128892908289 0.289128937728936 0.289128982553496 0.289129027381974
0.148326853292308 0.283869605896511 0.287397409584474 0.287397424937796 0.287397440293025 0.287397455650162 0.287397471009207 0.28739748637016 0.287397501733022 0.287397517097793
0.129205591367632 0.27584952200371 0.285826478386324 0.285826509420423 0.285826540458066 0.285826571499258 0.285826602543992 0.285826633592281 0.285826664644114 0.285826695699494
0.129930547988685 0.28193239157473 0.287440776074214 0.287440797658728 0.287440819246604 0.287440840837841 0.287440862432439 0.287440884030401 0.287440905631725 0.287440927236412
0.112538308412967 0.275798075305608 0.2883309634953 0.288331021208921 0.288331078928457 0.288331136653914 0.288331194385283 0.288331252122582 0.288331309865796 0.288331367614928
0.0850099710991737 0.241627128884762 0.26069977898684 0.260698901507394 0.260698023946728 0.260697146304836 0.260696268581685 0.260695390777299 0.260694512891627 0.260693634924666
0.115024034315652 0.282942290007599 0.289803384033786 0.289803442032051 0.289803500035769 0.289803558044945 0.289803616059575 0.289803674079665 0.289803732105212 0.289803790136219
0.0740320664542436 0.226330470611292 0.258835734624067 0.258834621493726 0.258833508247087 0.258832394884147 0.258831281404844 0.25883016780923 0.258829054097209 0.25882794026878
0.162498599687831 0.288425215400279 0.284207053928221 0.28420666033123 0.284206266687283 0.284205872996363 0.284205479258465 0.284205085473557 0.284204691641642 0.284204297762704
0.114248444223436 0.277856901795181 0.289589715141469 0.289589768888719 0.289589822642123 0.289589876401687 0.289589930167401 0.289589983939284 0.28959003771732 0.289590091501515
0.135129505007147 0.286029186510306 0.287100174999329 0.287100192966241 0.287100210935977 0.287100228908536 0.287100246883922 0.287100264862129 0.287100282843165 0.287100300827027
0.127419094107999 0.279134442705862 0.285440484716487 0.285440519526055 0.285440554339557 0.285440589156994 0.285440623978364 0.285440658803672 0.285440693632914 0.285440728466092
0.147417079711993 0.283326492239089 0.287189311753209 0.287189326341424 0.287189340931595 0.287189355523725 0.287189370117812 0.287189384713857 0.287189399311861 0.287189413911823
0.128990097934061 0.275354790433227 0.286922062662514 0.286922097784464 0.28692213291025 0.286922168039874 0.286922203173328 0.28692223831063 0.286922273451763 0.286922308596733
0.12387683235904 0.278471192393749 0.288740559019001 0.288740614516604 0.288740670019007 0.288740725526217 0.288740781038225 0.288740836555046 0.288740892076668 0.288740947603095
0.142214642503949 0.282692495888649 0.288231392232934 0.288231414175688 0.288231436120648 0.288231458067813 0.288231480017183 0.288231501968762 0.288231523922546 0.288231545878535
0.132155826405351 0.281860452426478 0.288338520913931 0.288338566071339 0.288338611232912 0.288338656398653 0.288338701568561 0.288338746742638 0.288338791920882 0.288338837103296
0.121210224472226 0.280810753530998 0.287463646307527 0.287463687445569 0.287463728588476 0.287463769736249 0.287463810888887 0.287463852046396 0.287463893208772 0.287463934376016
0.135037749279313 0.281487989282394 0.283936401834257 0.283936411130122 0.283936420428777 0.283936429730221 0.283936439034455 0.283936448341478 0.283936457651292 0.283936466963897
0.126615144431444 0.279068731595831 0.287840314740508 0.287840356573002 0.287840398410354 0.287840440252567 0.287840482099638 0.287840523951574 0.287840565808369 0.287840607670026
0.137358335647192 0.285069981711063 0.287468000099443 0.287468016835193 0.287468033573608 0.287468050314687 0.287468067058433 0.287468083804843 0.28746810055392 0.287468117305665
0.118296227773359 0.270316545622379 0.27739934531286 0.277399271817182 0.27739919832388 0.277399124832959 0.277399051344415 0.277398977858256 0.277398904374476 0.277398830893079
0.118899442425258 0.272512247839816 0.279655159959446 0.279655148884875 0.279655137813702 0.279655126745931 0.279655115681559 0.279655104620591 0.279655093563023 0.279655082508859
0.123377325347823 0.280583136059263 0.287675974664791 0.287676006178012 0.287676037695194 0.28767606921634 0.287676100741447 0.287676132270523 0.287676163803561 0.287676195340563
0.163054063486423 0.285180361154494 0.286210420616422 0.286210415071233 0.286210409527062 0.286210403983906 0.28621039844177 0.286210392900647 0.286210387360543 0.286210381821459
0.0709132268018474 0.237158233556717 0.262275995842954 0.262275086210147 0.262274176487197 0.262273266674102 0.262272356770814 0.262271446777369 0.262270536693698 0.262269626519797
0.100265497366763 0.255968961593486 0.27403570298517 0.274035081558095 0.274034460059931 0.274033838490673 0.274033216850285 0.274032595138786 0.274031973356128 0.274031351502304
0.126099031235204 0.283102660876136 0.288755056792667 0.288755105846152 0.288755154904009 0.288755203966238 0.28875525303284 0.288755302103817 0.288755351179167 0.288755400258893
0.127245221954842 0.283788922430833 0.287808835443862 0.287808876027793 0.287808916615927 0.287808957208265 0.287808997804806 0.287809038405552 0.287809079010504 0.287809119619662
0.0811236574184936 0.237944925902593 0.261057848302577 0.26105702496514 0.261056201549621 0.261055378056018 0.261054554484292 0.261053730834474 0.261052907106506 0.261052083300384
0.147540647521175 0.287191153669456 0.286031802001671 0.286031814970395 0.286031827941491 0.286031840914956 0.286031853890797 0.286031866869004 0.286031879849588 0.286031892832546
0.144612430408217 0.280611215094725 0.286530876737274 0.286530894483832 0.286530912232033 0.286530929981879 0.286530947733368 0.286530965486503 0.286530983241281 0.286531000997705
0.118828402829607 0.280272199376703 0.287814024033211 0.287814086345671 0.287814148663773 0.287814210987519 0.287814273316908 0.287814335651945 0.287814397992625 0.287814460338952
0.11785206624393 0.279990479512079 0.286047079122181 0.286047118287591 0.286047157457911 0.286047196633145 0.286047235813291 0.286047274998353 0.28604731418833 0.286047353383223
0.145073444192696 0.285387578924189 0.28734714178191 0.287347167335769 0.287347192892638 0.287347218452515 0.287347244015404 0.287347269581302 0.287347295150213 0.287347320722136
0.129021417528324 0.281964008307697 0.287294947980413 0.287294978492823 0.287295009009194 0.287295039529528 0.287295070053823 0.28729510058208 0.287295131114301 0.287295161650486
0.137054692469921 0.273623065774565 0.277712392052392 0.277712310230828 0.27771222840534 0.277712146575927 0.277712064742586 0.277711982905319 0.277711901064124 0.277711819219
0.124759781999615 0.277898024067014 0.28501354860352 0.285013572575179 0.285013596550904 0.285013620530696 0.285013644514554 0.285013668502483 0.285013692494479 0.285013716490543
0.105214114513615 0.269151455656324 0.280228891503847 0.280228866124025 0.28022884074745 0.280228815374125 0.280228790004043 0.280228764637221 0.280228739273643 0.280228713913314
0.148090297179925 0.288219689382884 0.289165292932917 0.289165311092746 0.289165329254035 0.289165347416781 0.289165365580989 0.289165383746653 0.289165401913778 0.289165420082365
0.1060833200996 0.275919487135149 0.289911739980904 0.289911815721973 0.289911891470468 0.289911967226396 0.289912042989747 0.289912118760543 0.289912194538763 0.289912270324416
0.148483635735331 0.284038149472255 0.287541344123322 0.287541358746554 0.287541373371281 0.287541387997504 0.287541402625222 0.287541417254436 0.287541431885144 0.28754144651735
0.08136290597309 0.238222503809961 0.268458888902633 0.268458437013696 0.268457985093906 0.268457533143276 0.268457081161765 0.268456629149435 0.268456177106214 0.268455725032117
0.129002191070545 0.279364023741279 0.288305335855334 0.288305380420988 0.288305424991086 0.28830546956563 0.288305514144614 0.28830555872805 0.288305603315929 0.288305647908254
0.143613425287737 0.281350407421057 0.286612825886667 0.286612844988933 0.286612864092776 0.286612883198195 0.28661290230519 0.286612921413764 0.286612940523914 0.28661295963564
0.136237296935567 0.270755288494107 0.276391426999923 0.276391088494717 0.27639074995652 0.276390411385326 0.27639007278113 0.276389734143929 0.276389395473713 0.27638905677048
0.142555823651732 0.283207091034771 0.286879111999306 0.286879128891146 0.286879145785369 0.286879162681975 0.286879179580966 0.286879196482339 0.286879213386098 0.286879230292242
0.103144803645838 0.243177396092107 0.265802040633181 0.265801080149932 0.265800119560174 0.265799158863898 0.265798198061056 0.265797237151676 0.265796276135689 0.265795315013087
0.116010318367041 0.281287755265769 0.285693792448938 0.285693846325447 0.285693900207829 0.285693954096084 0.285694007990215 0.285694061890221 0.285694115796105 0.285694169707867
0.121300176145085 0.275072731574257 0.281278823741494 0.281278823087742 0.281278822438356 0.281278821793339 0.281278821152688 0.28127882051641 0.2812788198845 0.281278819256961
0.152456159273527 0.285857645344202 0.287238444628481 0.287238460650426 0.287238476674223 0.287238492699874 0.28723850872738 0.287238524756737 0.28723854078795 0.287238556821018
0.142996564037714 0.282625491747145 0.287714303587373 0.287714318284932 0.287714332984717 0.287714347686727 0.287714362390963 0.287714377097427 0.287714391806117 0.287714406517034
0.147195604445075 0.287223268967452 0.287925213284392 0.28792517621639 0.287925139148807 0.287925102081642 0.287925065014901 0.287925027948575 0.287924990882672 0.28792495381719
0.109344821404755 0.251626284771175 0.266139573593268 0.266139014099733 0.266138454560751 0.266137894976319 0.266137335346417 0.266136775671063 0.266136215950223 0.266135656183897
0.095623110054236 0.256028927842669 0.2767394703976 0.276739404942418 0.27673933949309 0.276739274049627 0.276739208612007 0.276739143180274 0.276739077754387 0.27673901233436
0.155846955750703 0.287071598562534 0.287256770289212 0.287256781269305 0.287256792250926 0.287256803234072 0.287256814218749 0.287256825204948 0.287256836192678 0.287256847181937
0.165194453344137 0.286900750095732 0.287149143798131 0.287149143490932 0.287149143184251 0.287149142878084 0.287149142572438 0.287149142267302 0.287149141962686 0.287149141658588
0.114421745310449 0.280577816078328 0.286239944684007 0.286239373787751 0.286238802814811 0.286238231765166 0.286237660638794 0.286237089435677 0.28623651815579 0.286235946799115
0.152669278522215 0.289004528010227 0.292301599312882 0.292301475253288 0.29230135118425 0.292301227105762 0.292301103017824 0.292300978920433 0.292300854813588 0.292300730697285
0.081499243263594 0.244385182624946 0.262507637703263 0.262506849769987 0.262506061761194 0.262505273676878 0.262504485517006 0.262503697281598 0.262502908970607 0.262502120584029
