4.54482785090382e-16 0.0106525226715872 -1.12300200081724e-19 3.09838202789996e-19 4.69947580259155e-20 3.59076104276139e-19 -1.41880583097707e-21 -3.30110879078815e-20 -6.73762443495615e-20 1.7618460103287e-21 0.999999999512934 3.70725112428855
-4.29981123415015e-18 -9.0547927490501e-05 -2.76406248956083e-21 7.62742885684928e-21 1.15709355396869e-21 8.8426288981731e-21 -3.49456947857199e-23 -8.13216823602103e-22 -1.66008032211562e-21 4.34176203961758e-23 0.999999999988575 -43.9035164795112
2.04933338429311e-17 0.000553999325875731 -3.85219976868723e-21 1.0629794630578e-20 1.61250464646085e-21 1.23225253181237e-20 -4.86965109984092e-23 -1.13317346179955e-21 -2.31315664177084e-21 6.04961709345309e-23 0.999999999990946 -44.1388200234413
7.71754383585279e-16 0.0225794684426829 -1.53713831614276e-19 4.24100437471411e-19 6.43256990800581e-20 4.9149934929879e-19 -1.94205156355238e-21 -4.51854886102187e-20 -9.22247109353543e-20 2.41162519706438e-21 0.999999999492586 4.51344181459697
-1.22812190468797e-14 -0.376521973784881 1.6055234845913e-18 -4.42990156009482e-18 -6.71941593869922e-19 -5.13442278933305e-18 2.02885552061705e-20 4.7207504776547e-19 9.63565137562559e-19 -2.5197956163787e-20 1.00000000179548 7.74006271180187
-2.57751796157852e-17 -0.000683186112021484 3.43115548557434e-21 -9.46743640483767e-21 -1.43609916708463e-21 -1.09738524420781e-20 4.33643851634577e-23 1.00903841547488e-21 2.05964473456462e-21 -5.38630740236495e-23 0.999999999990859 -43.8965556913918
2.95974158511929e-14 0.817845356819674 -2.24374942220762e-18 6.19082512359227e-18 9.39037151096498e-19 7.17529373855753e-18 -2.83528033432639e-20 -6.59709558949135e-19 -1.34654129170814e-18 3.52128193240035e-20 1.00000000073238 7.7442083504649
-1.53787989016788e-15 -0.0296842443987718 -1.22882168382555e-18 3.39061220023492e-18 5.14312851688429e-19 3.93006063639877e-18 -1.55299652036681e-20 -3.61361691866248e-19 -7.37604933492485e-19 1.92894429110013e-20 1.00000000017789 6.26475612921877
-1.37599702249502e-15 -0.0329247947438087 3.58525591206197e-20 -9.88631325934146e-20 -1.49867879311399e-20 -1.14447249550395e-19 4.51961561576071e-22 1.05098864318437e-20 2.14390039794192e-20 -5.60306089420024e-22 1.00000000029221 4.5337487636632
-7.03696097803755e-18 -0.000170191699351964 5.94058597663288e-22 -1.63898319267556e-21 -2.48587768796044e-22 -1.89936167515183e-21 7.504728440963e-24 1.7460743381719e-22 3.56369551828805e-22 -9.31864274791432e-24 0.999999999989421 -43.9130758338337
-2.43486139657347e-16 -0.0059836374174682 -7.60368876589621e-20 2.09794984618658e-19 3.18218822357413e-20 2.4315277790174e-19 -9.60797699622483e-22 -2.23555346575742e-20 -4.56297649572728e-20 1.19323384551905e-21 0.999999999473564 3.54165104142864
3.37202151127231e-17 0.00450423537921307 -2.52672853989443e-19 6.97186076033904e-19 1.05754493866837e-19 8.08112045405531e-19 -3.19332919319514e-21 -7.43046861014268e-20 -1.51669688543126e-19 3.96639133987951e-21 0.999999999813888 4.68702899952029
-2.19151297279312e-15 -0.0535622199122689 -6.50564172086295e-19 1.7950857729684e-18 2.72295371759805e-19 2.08074050877955e-18 -8.22233054372337e-21 -1.91325266800818e-19 -3.90534842831858e-19 1.02131898825972e-20 0.999999999004891 6.7802625956123
2.57534600451489e-17 0.000733650859737791 6.7594516248328e-22 -1.86534700453772e-21 -2.8298776614837e-22 -2.16270936544036e-21 8.54727885432848e-24 1.98910558526012e-22 4.06067030492906e-22 -1.06206634699548e-23 0.999999999987438 -43.909591214327
-3.39142314322529e-17 -0.00092970306125522 5.21647032674515e-21 -1.43938124249572e-20 -2.1834083556e-21 -1.66846363221536e-20 6.5932251705754e-23 1.5341912350424e-21 3.1316353711762e-21 -8.18987139048622e-23 0.999999999988494 -43.7003553537025
1.47754088305201e-17 0.000379194177741621 -1.00741254893675e-21 2.77991878374459e-21 4.21712937238895e-22 3.22273370763424e-21 -1.27359497887167e-23 -2.96373053062101e-22 -6.05001186004073e-22 1.58229687663951e-23 0.999999999987041 -43.7118075970494
-1.14371026419832e-15 -0.0388298448477126 1.2002501764516e-19 -3.31183270419765e-19 -5.02371564386466e-20 -3.83887853161369e-19 1.51699131189015e-21 3.52989882435649e-20 7.20529124123739e-20 -1.88432164559868e-21 0.999999999397014 4.2036308998003
9.18645513043989e-15 0.255743002190434 4.99718139213456e-19 -1.37900646678504e-18 -2.09202766950728e-19 -1.59878879053425e-18 6.31850091691427e-21 1.47040624473504e-19 3.0017231083938e-19 -7.85087422730786e-21 1.00000000024859 3.66786130614425
-5.89127138322548e-18 -0.000175006509328389 -5.3473501913495e-22 1.47594241819315e-21 2.23954677194584e-22 1.71188036223057e-21 -6.76684100785969e-24 -1.57506638981982e-22 -3.21604237335968e-22 8.41315253869784e-24 0.999999999992117 -43.880888120611
2.56823968326385e-14 0.646515755982189 8.5664264738741e-19 -2.36419133717479e-18 -3.58695088369008e-19 -2.74151566918271e-18 1.08356574790302e-20 2.52185479657875e-19 5.14866738179334e-19 -1.34673963562958e-20 1.00000000206196 5.86478832804503
3.43114324550802e-15 0.100911859953083 -2.21132075355716e-18 6.10179759628747e-18 9.25601110445278e-19 7.073145081835e-18 -2.79512113621819e-20 -6.50412846568692e-19 -1.32766244964242e-18 3.47216548678429e-20 0.999999999828275 4.94608508337798
3.41417303737697e-17 0.00603239952119835 -2.51823382530728e-19 6.94810460553914e-19 1.05389331007197e-19 8.05284921958193e-19 -3.18201224485255e-21 -7.40379737199838e-20 -1.51118376136472e-19 3.95179315312632e-21 0.999999999449282 4.93386629439045
-3.39063597339669e-17 -0.000906933425149463 4.88924083656837e-21 -1.34910465377208e-20 -2.04649121373788e-21 -1.56385606416733e-20 6.17992296618372e-23 1.43803604901097e-21 2.93539527186543e-21 -7.67675374953733e-23 0.999999999986202 -44.1129365775178
1.07690055790458e-17 0.000310105608488746 4.34825735658316e-22 -1.1998200341159e-21 -1.82002305716338e-22 -1.39078564081862e-21 5.49594999876074e-24 1.27886780364718e-22 2.6104688662127e-22 -6.82693019006846e-24 0.99999999998789 -43.9370145340631
-9.66810611494135e-18 -0.000233312127723557 -5.27042711116331e-22 1.45455951607233e-21 2.20687180307358e-22 1.68672878738907e-21 -6.66672726916877e-24 -1.55160239260033e-22 -3.16780317358262e-22 8.28609736929442e-24 0.999999999989349 -43.9599787652002
1.3239059368207e-15 0.0355047159612243 -3.33808215635125e-19 9.21041868328403e-19 1.3970815135916e-19 1.06754639299811e-18 -4.21843290441577e-21 -9.8155796335049e-20 -2.00350693154529e-19 5.23938048295106e-21 1.00000000008968 3.99087716506765
9.51762686920439e-16 0.0278658349576378 -4.9231383167974e-19 1.35839851725514e-18 2.06049884285198e-19 1.574490997817e-18 -6.22167553401178e-21 -1.44768789969844e-19 -2.95496687379837e-19 7.72759711810123e-21 1.00000000002702 5.72489276458436
1.83065788160332e-14 0.455978527980976 -1.34366641931729e-18 3.70733624861588e-18 5.62331675018109e-19 4.29680642035927e-18 -1.697846563295e-20 -3.95049522805149e-19 -8.06333624068319e-19 2.10859038894896e-20 1.00000000109405 6.13997554829806
7.49727447205438e-15 0.1990458642787 -1.67409388303728e-18 4.61930504476214e-18 7.00702232115258e-19 5.35442698064935e-18 -2.11588412342231e-20 -4.92346867267421e-19 -1.00498730233102e-18 2.628234813498e-20 0.999999999912822 5.7083219705585
-1.45726321465937e-17 -0.000374704328209138 1.08530901785864e-21 -2.99446551313504e-21 -4.54198059810433e-22 -3.47051482990211e-21 1.37132989602468e-23 3.19073277132273e-22 6.51251967089635e-22 -1.70302838382788e-23 0.999999999988988 -43.8331266312635
1.42140133469579e-14 0.387263135904772 3.84426004323618e-18 -1.06078970851911e-17 -1.60918446358007e-18 -1.22971642328896e-17 4.85963290038701e-20 1.13084307193565e-18 2.30840116296569e-18 -6.03718366825946e-20 1.00000000065794 7.42246776603587
-4.27861509511968e-16 -0.0100249221515758 -8.56136983633018e-21 2.36405595625715e-20 3.58865558514027e-21 2.74427708060927e-20 -1.0852330921842e-22 -2.52707440765834e-21 -5.16205515218278e-21 1.35095523372476e-22 0.999999999396212 4.65514764875721
-2.13954243732554e-16 -0.00251883971542955 -1.78217705326957e-19 4.91798462803108e-19 7.46076712543676e-20 5.70167444285828e-19 -2.25330873763668e-21 -5.2437186054997e-20 -1.07045428495162e-19 2.79969704039258e-21 1.00000000039468 5.87934638231993
-7.70682414089945e-16 -0.0237294770020453 4.65813527000144e-19 -1.28527823872782e-18 -1.94958522704601e-19 -1.48973809870957e-18 5.88676895915358e-21 1.36975995258903e-19 2.79590249796737e-19 -7.31162249158151e-21 0.999999999767976 4.08386011559632
-7.05940369199512e-16 -0.0158947633994344 -1.17307166548639e-18 3.23679446299668e-18 4.90982151148064e-19 3.75179332534347e-18 -1.48255723190069e-20 -3.44972461534118e-19 -7.04153696194512e-19 1.84147009921525e-20 1.0000000005933 5.04576038339393
-1.44378710290717e-17 -0.000373332396532923 -2.12889480217523e-21 5.87476551825545e-21 8.9122395585461e-22 6.8109197204965e-21 -2.69168357829496e-23 -6.26386835959587e-22 -1.27870772789277e-21 3.3443683509813e-23 0.999999999991185 -43.8940831879442
1.25503368877457e-14 0.354526659259763 8.36863080102534e-19 -2.30935993476362e-18 -3.50339247280191e-19 -2.67737079223177e-18 1.05810204116011e-20 2.46233378952141e-19 5.02662302368665e-19 -1.3146792941145e-20 1.00000000037434 4.40001531972551
-1.03313559407356e-17 -0.000231412833992805 -1.4152860619614e-21 3.90564377408459e-21 5.92517257897518e-22 4.52826641054138e-21 -1.78962593427297e-23 -4.16478828276588e-22 -8.50224547030152e-22 2.22376296375338e-23 0.999999999987132 -43.8944175350485
8.2544932049681e-18 0.00020689024942401 3.80386012364354e-21 -1.04962362661251e-20 -1.59221846874438e-21 -1.21673032493786e-20 4.80823142001232e-23 1.11886267534451e-21 2.28390629653689e-21 -5.97301967674728e-23 0.999999999986014 -44.0171610521495
-2.820101083805e-15 -0.0823381444760738 1.80269058379598e-19 -4.97362147328169e-19 -7.54369875008775e-20 -5.76392908482315e-19 2.27746831795036e-21 5.29890974454521e-20 1.08151074940253e-19 -2.8280650517403e-21 0.999999998920236 5.5921106571776
-2.49757573917879e-14 -0.660765847587699 2.54059028573499e-18 -7.0099158984419e-18 -1.06328827913581e-18 -8.12478554008452e-18 3.21049638689842e-20 7.47021160192359e-19 1.52476789269758e-18 -3.9873906458408e-20 1.00000000084542 7.07383140982425
1.93364238663672e-15 0.0527695721993375 -1.25646094969614e-19 3.46674781047451e-19 5.25842367570404e-20 4.01801529489503e-19 -1.58769479712539e-21 -3.69422142122082e-20 -7.54030589388429e-20 1.97182898049585e-21 0.999999999378078 5.60048360172612
1.29083930822063e-15 0.032556711001836 -3.14385621998529e-19 8.67386906183487e-19 1.31559757918821e-19 1.00520792367331e-18 -3.97180678785351e-21 -9.24103758043104e-20 -1.88609449917515e-19 4.9319690947336e-21 0.999999999641083 4.96139611464086
-2.63714575169729e-17 -0.000717260238652464 -3.55216372195304e-22 9.80598035331269e-22 1.48815685389654e-22 1.13770236618093e-21 -4.49787741982712e-24 -1.04709626730766e-22 -2.13833294277509e-22 5.59471358687842e-24 0.999999999984949 -43.8675579063816
-7.41277007461349e-15 -0.209812733738313 2.72384639093356e-18 -7.51600777059823e-18 -1.14012337108727e-18 -8.71242618662222e-18 3.44291063060001e-20 8.01148090120419e-19 1.63534709903009e-18 -4.27682298887043e-20 1.00000000089582 7.03019130815785
-2.50832417593175e-14 -0.705251490754327 5.32886990081779e-18 -1.4703655026695e-17 -2.23036282204138e-18 -1.70430913011921e-17 6.73473642801051e-20 1.56708753599332e-18 3.1987183780626e-18 -8.36513487798986e-20 1.00000000146432 7.69905447862824
-2.40576308954579e-17 -0.000610785313907311 -2.08870796204415e-21 5.76429359658313e-21 8.74529410627914e-22 6.68382881022498e-21 -2.64165152792611e-23 -6.14788998275275e-22 -1.2551241168301e-21 3.28292821179126e-23 0.999999999987046 -43.8921690670384
3.03328412477569e-15 0.0991775911053433 2.92331865955078e-19 -8.06773300022913e-19 -1.22401526647772e-19 -9.35502015882296e-19 3.69744681053024e-21 8.60517083650577e-20 1.75681928150596e-19 -4.59524646483221e-21 0.999999999513807 6.76432439921676
9.25678526844151e-16 0.0261223027196475 -2.48554147732419e-19 6.85776797679901e-19 1.04017060774488e-19 7.94783792137637e-19 -3.14045662351935e-21 -7.30696469281809e-20 -1.49139027865452e-19 3.89995677033437e-21 0.999999999745683 4.66157527140701
-1.52683774588865e-15 -0.0359705711526703 1.69426636257758e-20 -4.67090115927062e-20 -7.07912740819518e-21 -5.40482278924385e-20 2.13394198181595e-22 4.96117120017669e-21 1.01180298324516e-20 -2.643759402832e-22 1.00000000022842 4.94231764444588
-8.06921611700331e-16 -0.0349203385274091 3.64183726818214e-19 -1.00487165927891e-18 -1.52426569637609e-19 -1.16475178888691e-18 4.60262367787449e-21 1.07097161173284e-19 2.18605225262763e-19 -5.71685664808482e-21 0.999999998854662 6.62864951432287
1.45943105664535e-14 0.386985691542796 2.72751494484616e-18 -7.526264168645e-18 -1.14169937479299e-18 -8.72462302919289e-18 3.44779091166807e-20 8.02297706875021e-19 1.63772221215408e-18 -4.28310856265555e-20 1.00000000049575 6.71487443383019
3.34563204447876e-17 0.000923810093490579 -2.94238230788196e-21 8.11877898310356e-21 1.2315226001257e-21 9.41058709774699e-21 -3.71869410203001e-23 -8.65295878112544e-22 -1.76623682568712e-21 4.61899458659763e-23 0.999999999985941 -43.9914998854972
-1.14034850176853e-17 -0.000329738927038514 -1.8905892756262e-23 5.26476998048127e-23 8.05903991148176e-24 6.21401404642142e-23 -2.47755670078903e-25 -5.8161973277755e-24 -1.19764788223271e-23 3.15935471978268e-25 0.999999999988159 -43.9958828513399
-2.01309198464391e-16 -0.00236071990463802 -3.61604591243337e-19 9.97717554071623e-19 1.51335666011149e-19 1.1563720579871e-18 -4.56933755470514e-21 -1.06318610384873e-19 -2.17007834974658e-19 5.67486724747163e-21 0.999999999642698 3.99842297136575
3.61039053182973e-16 0.0169327391573295 -4.58948104797128e-19 1.26630518407249e-18 1.92076041792032e-19 1.46767749386195e-18 -5.79945836870134e-21 -1.34941222049104e-19 -2.75430431582591e-19 7.20266777189659e-21 1.00000000053254 5.72524026816317
1.64592785007354e-14 0.443633875006422 4.77081237650583e-19 -1.31653977585999e-18 -1.99726412633133e-19 -1.52636888271243e-18 6.03229719951833e-21 1.40380317635089e-19 2.86575891663727e-19 -7.49526723653575e-21 0.999999999045054 8.05843408192325
-1.97113368236321e-17 -0.000518854563594043 1.77221908129649e-21 -4.88964873665972e-21 -7.41648217538422e-22 -5.66683949582479e-21 2.23915039647306e-23 5.20986001948899e-22 1.06335666865561e-21 -2.78064837820927e-23 0.999999999988468 -43.7381713855303
-1.14280578866828e-15 -0.0247066992923978 9.6217915065624e-20 -2.65520819270951e-19 -4.02810949090186e-20 -3.0784111289397e-19 1.21660999139258e-21 2.83123932322393e-20 5.77978795895636e-20 -1.51168550323023e-21 0.999999999336977 5.43443944684165
3.36137410891403e-17 0.000897077795240798 -2.35607738705169e-21 6.50108351188128e-21 9.86147776703615e-22 7.53565369448421e-21 -2.97782574267492e-23 -6.92912001474869e-22 -1.41438297360215e-21 3.69887951392684e-23 0.999999999989159 -43.7076395405196
2.45139215648859e-15 0.0740574656794929 -2.00506528933317e-18 5.53261182114153e-18 8.39251051070407e-19 6.41322113658778e-18 -2.53431096993874e-20 -5.89717476001935e-19 -1.2037551998037e-18 3.14808561068353e-20 0.999999998691938 6.58947435307635
8.99254669499587e-15 0.244429636463998 -1.79122623106169e-18 4.94247685713374e-18 7.49719618637521e-19 5.72895947249763e-18 -2.2638727216712e-20 -5.26779280453695e-19 -1.0752648811583e-18 2.81200723695069e-20 1.00000000020954 5.86216586418383
9.03942112747836e-17 0.00449355013469265 -2.93178596596314e-19 8.08915108854297e-19 1.22696913348172e-19 9.3753383109057e-19 -3.7045854666895e-21 -8.61971066157277e-20 -1.7593645365062e-19 4.60079785398347e-21 0.999999999803114 5.35704732479652
9.48431830290086e-18 0.000279299080499044 -2.20062500671263e-21 6.07245683456078e-21 9.21176502828253e-22 7.03953391003641e-21 -2.78191807669777e-23 -6.47358991905208e-22 -1.32146640615424e-21 3.45605989350667e-23 0.999999999989683 -44.0176429855794
9.06583509633607e-16 0.0403898613383182 -2.98332389604291e-18 8.23203452417588e-18 1.24874559128859e-18 9.54252655579878e-18 -3.77096194592127e-20 -8.77488281472124e-19 -1.79118556572626e-18 4.68440043811555e-20 0.999999997855997 6.64416062494904
-8.57730142202872e-18 -0.000241566122590987 2.81227110406096e-21 -7.76002675543683e-21 -1.17714313068514e-21 -8.99534785464379e-21 3.55472515017218e-23 8.27169487231212e-22 1.68846893935008e-21 -4.41576379153215e-23 0.999999999989614 -43.8923991590217
1.00009124250496e-15 0.0270709644399279 -2.47537234327468e-19 6.829894404587e-19 1.03597068204e-19 7.91595976079852e-19 -3.12794470132656e-21 -7.27804892607042e-20 -1.48552842892873e-19 3.88473280642736e-21 0.999999999905108 4.50550391642796
1.41895257823638e-15 0.051681963957743 -1.94954975164064e-18 5.37947756968129e-18 8.16029557227307e-19 6.23583053352714e-18 -2.4642347857126e-20 -5.73416609124461e-19 -1.17049222764538e-18 3.06112439607697e-20 0.999999999681403 4.76917197854613
3.28258441944999e-15 0.0989065370123414 -3.11112657178163e-19 8.58460049185299e-19 1.30221455497905e-19 9.95102151139047e-19 -3.93235019910758e-21 -9.15033831952155e-20 -1.86780801690364e-19 4.88474091941768e-21 0.999999999777522 4.13236358921549
-2.06865820552158e-16 -0.00420766371818079 3.81338992390519e-20 -1.05194330065099e-19 -1.59526725229918e-20 -1.21870104768731e-19 4.81460069558121e-22 1.12001479332795e-20 2.28558467589585e-20 -5.97564846364944e-22 0.999999999614578 3.657230983692
8.76908376521066e-15 0.246620926267862 -1.56441111131909e-18 4.31655923617289e-18 6.54763628593455e-19 5.00327107049753e-18 -1.97707389854901e-20 -4.60036398765686e-19 -9.39012962676875e-19 2.45564270097923e-20 1.00000000008162 4.79100783469111
-1.12891216502801e-15 -0.0343349387966762 2.52170005428488e-19 -6.95795821481492e-19 -1.05543192778835e-19 -8.06494255561196e-19 3.18692399998875e-21 7.41553608637418e-20 1.51364312631908e-19 -3.95839039890361e-21 0.999999999411383 4.5578500721855
-2.07076349440118e-17 -0.000552150100974193 -3.57341016176312e-22 9.86571784833949e-22 1.49738738910727e-22 1.14488515913979e-21 -4.52677276087142e-24 -1.05393909801649e-22 -2.15254415617068e-22 5.63251621831417e-24 0.999999999988271 -43.998767771387
-4.28994025095817e-18 -9.7828592259383e-05 -1.08764148716268e-21 3.00127059609799e-21 4.55286246655193e-22 3.47925703992333e-21 -1.37495296675247e-23 -3.19955480962576e-22 -6.53132548314759e-22 1.70815492510753e-23 0.999999999989254 -44.120872060903
7.71238480166006e-18 0.000206528872420829 -4.57949851724283e-24 1.27789357822205e-23 1.96012844496131e-24 1.51443633386776e-23 -6.05022906231315e-26 -1.42314403336968e-24 -2.93624765483577e-24 7.7608311837131e-26 0.999999999987415 -43.983546884379
-4.07523287973044e-17 0.00038884428949624 -1.20791068417034e-19 3.33278455551318e-19 5.05521533727787e-20 3.86273307701878e-19 -1.52633229908741e-21 -3.55143514054509e-20 -7.24884402088485e-20 1.89560476944287e-21 0.999999999781609 4.37114135539591
-4.56922385084355e-15 -0.118830585791796 3.76840617450443e-19 -1.03978627851641e-18 -1.57721359245825e-19 -1.20520135215583e-18 4.76242465734715e-21 1.10814623260469e-19 2.26191435040175e-19 -5.91520035861948e-21 0.999999999904224 4.65339176630892
-1.34595680123918e-15 -0.0308468665306601 -3.17689101682811e-19 8.76590662513161e-19 1.3296929019359e-19 1.01608131085191e-18 -4.01517905951752e-21 -9.34290113428531e-20 -1.90707883751844e-19 4.987348259118e-21 1.00000000074851 5.07942955534045
-1.16681991882847e-15 -0.032442918986926 -3.27104226884016e-19 9.02570657737561e-19 1.36910341250712e-19 1.04619803276003e-18 -4.13419433834138e-21 -9.61984908747324e-20 -1.9636120545963e-19 5.1351989764971e-21 1.00000000000614 4.73716204622736
-2.16331588906673e-17 -0.00055054387444913 -2.26495932878866e-21 6.25056343935186e-21 9.4828284292718e-22 7.24734942494565e-21 -2.86430875251221e-23 -6.66593109300535e-22 -1.36085498240316e-21 3.55940175244793e-23 0.999999999987625 -43.9638812911043
-5.00531136970544e-15 -0.150810449511293 3.56737645401191e-19 -9.84319466767694e-19 -1.49308065315385e-19 -1.14091460360377e-18 4.50839984502493e-21 1.0490402915466e-19 2.1412730167483e-19 -5.59971790094138e-21 0.999999999255295 4.81184178566413
9.66421430988228e-18 0.000254768976853557 1.49163137868276e-21 -4.11605155104928e-21 -6.24395959153084e-22 -4.7715772804942e-21 1.88565909003915e-23 4.38798136261538e-22 8.95728566527299e-22 -2.34262205431767e-23 0.99999999999049 -43.8427485808107
-5.79532669327866e-16 -0.00729847583804 -3.38218708309908e-20 9.33379195939509e-20 1.41604979314347e-20 1.08223473146131e-19 -4.27724062476599e-22 -9.95419654717941e-21 -2.03216389208765e-20 5.31527007092974e-22 0.999999999169274 4.81820750295
-7.89443662205523e-15 -0.209550135954395 5.37972916182377e-19 -1.48431301648309e-18 -2.25138954114238e-19 -1.72027735634472e-18 6.79744528793558e-21 1.58158824077977e-19 3.22813188731169e-19 -8.44157230577026e-21 1.00000000014678 4.36153366063617
9.19897908748444e-17 0.00607423162644579 1.52399550478127e-18 -4.2052640954607e-18 -6.37915084032127e-19 -4.87478078956732e-18 1.92640090016062e-20 4.48268947704544e-19 9.1504134472942e-19 -2.39307855264368e-20 0.999999999856113 4.91275094320218
-1.26978694728059e-17 -0.000356279620164578 1.13371083303036e-21 -3.12805895991593e-21 -4.74468745898347e-22 -3.62545860918396e-21 1.43257607285262e-23 3.33328828044653e-22 6.80359063662965e-22 -1.77917098777322e-23 0.999999999987996 -43.9007011391084
4.69267560187809e-16 0.0119802168583834 -3.07784730820692e-19 8.49227410065458e-19 1.28813370945884e-19 9.84284199763893e-19 -3.88937166956504e-21 -9.04979587614728e-20 -1.84717567966123e-19 4.83049679491477e-21 0.999999999397764 4.70805905202327
1.64103974092831e-14 0.45271146248967 -4.27345048890697e-18 1.17916524641368e-17 1.78867191179744e-18 1.36681375900936e-17 -5.40116412110442e-20 -1.25679899000587e-18 -2.56539572022348e-18 6.70898930091183e-20 1.0000000008916 6.40307871940058
7.42942406822448e-17 0.0019594974458986 -2.07186770752406e-19 5.71726573785873e-19 8.67310776394907e-20 6.6280187638166e-19 -2.61934122087295e-21 -6.09538058048125e-20 -1.24428439602675e-19 3.25426306879551e-21 0.999999999619432 4.49705584883403
4.89576762439641e-18 9.66277124594859e-05 -1.29701528699873e-22 3.58109939086043e-22 5.43560223442942e-23 4.1562493244141e-22 -1.64344390142923e-24 -3.82656050045275e-23 -7.81578077170841e-23 2.04526852768281e-24 0.999999999986712 -44.0818791815008
-1.31198226338217e-14 -0.355630656798026 4.78945133181169e-19 -1.32141071333578e-18 -2.00424123447132e-19 -1.53138676225315e-18 6.05088988391334e-21 1.40784264205571e-19 2.87342034941188e-19 -7.51378024860551e-21 0.999999999466619 6.6765338315445
-5.31885476337163e-18 -0.000135636584334658 6.39588884030825e-22 -1.76467145978102e-21 -2.67662083807188e-22 -2.0451845427669e-21 8.08123138403695e-24 1.88028211226055e-22 3.83776693554599e-22 -1.00357165269413e-23 0.999999999987372 -43.8727269627772
-5.44584231714756e-18 -0.000151265618371268 8.32540197464153e-22 -2.29702915205405e-21 -3.48407766140042e-22 -2.66214549817943e-21 1.0519016310684e-23 2.4474785169347e-22 4.99542846981891e-22 -1.30629358418372e-23 0.999999999990817 -44.0034905053973
-7.18130957695634e-17 0.000350791270236406 -6.2139942464199e-19 1.71457316624481e-18 2.60076555149489e-19 1.9873255099103e-18 -7.85301037426961e-21 -1.82727425460386e-19 -3.72976420455317e-19 9.753785303746e-21 1.00000000007481 4.64142888672906
-2.62247695733918e-15 -0.0732715967467159 2.9351145370801e-19 -8.0985293244008e-19 -1.2284212085097e-19 -9.38666048446356e-19 3.70914925478203e-21 8.63053950648842e-20 1.76161781182025e-19 -4.60680309555315e-21 0.999999999442041 5.41666509419914
2.98661650911528e-18 8.06009003365759e-05 -1.06124576662349e-21 2.92842478158452e-21 4.44234409383018e-22 3.39479029219467e-21 -1.34156920931938e-23 -3.12186145878795e-22 -6.37271154078207e-22 1.66666794386353e-23 0.999999999989783 -43.96345293323
-2.85039686340293e-15 -0.0802276762337664 -2.13961962009925e-19 5.90379317836917e-19 8.95541359046805e-20 6.8432550476136e-19 -2.704201875478e-21 -6.29239296880103e-20 -1.28440676930523e-19 3.35894932904383e-21 0.999999999823144 5.34251921739911
-1.97600424717518e-18 -4.13623730910563e-05 -1.20047530784523e-21 3.31288876958345e-21 5.02597675585873e-22 3.84110970248266e-21 -1.51807175127535e-23 -3.53287506417743e-22 -7.21230907320805e-22 1.88640329285099e-23 0.999999999987322 -43.9237830351266
-1.46831002854227e-15 -0.0406224000671658 -2.84279800084998e-20 7.84724443079132e-20 1.19082537420747e-20 9.10335159090926e-20 -3.59876616721594e-22 -8.37733837156922e-21 -1.71067803705672e-20 4.47552917255796e-22 0.999999999627666 4.60869167601913
-2.3021947019866e-14 -0.67474746385106 2.88505550888779e-18 -7.96041137344748e-18 -1.20747149123694e-18 -9.22658340622139e-18 3.64589644632133e-20 8.48336547083914e-19 1.73157829225038e-18 -4.52824892249645e-20 0.999999999762804 6.81605198032656
