-3.21514919704146e-30 0.0194302215137609 -1.94085028665211e-36 5.33606553699685e-36 8.06510632359363e-37 6.140750875116e-36 -2.41786494523237e-38 -5.6058673476446e-37 -1.14015393325839e-36 2.97096923457269e-38 0.999999999450568 5.42600264899102
2.40914616205016e-32 0.000290727468274699 1.23348159650966e-38 -3.39220333721327e-38 -5.12850654952312e-39 -3.90591153283781e-38 1.53834264699571e-40 3.56766433373355e-39 7.25813095422888e-39 -1.89181914224455e-40 0.99999999999043 -63.8672806302565
2.09429707265993e-32 0.000267483483662096 8.79912806309171e-39 -2.42019759465882e-38 -3.65950066506814e-39 -2.78750253413001e-38 1.09801401959974e-40 2.54683443551689e-39 5.1820718707899e-39 -1.35089047040676e-40 0.999999999992866 -64.1573784443653
6.18670839149929e-30 0.0450607224436034 3.24132314706089e-36 -8.91296742799329e-36 -1.3473553476738e-36 -1.02604034887252e-35 4.04060061966976e-38 9.36974236228807e-37 1.90598415760606e-36 -4.96735197550343e-38 1.0000000000186 4.98393172547299
2.65869601847488e-29 -0.382741332341388 1.59765068484468e-35 -4.39347118313581e-35 -6.64191903479976e-36 -5.05826794613854e-35 1.99209150062344e-37 4.61973401464868e-36 9.39798125921551e-36 -2.44943652196298e-37 0.999999999505414 8.04077508247411
-7.32586886839692e-32 0.000232144795153734 -4.53174226264073e-38 1.24622533386951e-37 1.88402992417847e-38 1.43483340988927e-37 -5.65085764753623e-40 -1.3104712430226e-38 -2.66594105277827e-38 6.94844469550373e-40 0.999999999991488 -63.9968576392135
-1.58874507221449e-28 0.682611617102042 -9.39675167559422e-35 2.58405712322175e-34 3.90648637141974e-35 2.97504114765257e-34 -1.17165254108609e-36 -2.71709572404992e-35 -5.52740076895432e-35 1.44062511687233e-36 0.999999999604377 7.7959890811653
2.88380661431711e-29 -0.00759050595033848 1.64760661574396e-35 -4.53054634717157e-35 -6.8486893691952e-36 -5.21539031942583e-35 2.05383409931635e-37 4.76260034279823e-36 9.68797099942105e-36 -2.52484969973819e-37 0.999999999758956 5.68615586844008
2.11843518979576e-29 0.035744183617669 1.20334572210575e-35 -3.30881840286646e-35 -5.00167289621537e-36 -3.80872919295226e-35 1.49983711923534e-37 3.47782988105894e-36 7.07428386386439e-36 -1.84361671895183e-37 0.999999999644443 4.98789604363395
-2.94647776663194e-31 0.000250666519060902 -1.74171666348435e-37 4.78971423947638e-37 7.24104997330691e-38 5.51462450356247e-37 -2.17184859921552e-39 -5.03666872217603e-38 -1.02463017772118e-37 2.67057581264773e-39 0.999999999992523 -63.9287417113516
2.21092404184119e-29 0.0386912917417628 1.24659011911774e-35 -3.42795986661602e-35 -5.18212184875242e-36 -3.94640789696866e-35 1.55415926135972e-37 3.60403755572056e-36 7.33150288704974e-36 -1.91078016148134e-37 0.999999999982977 4.71726755945506
4.48694084357825e-29 -0.0092252398637388 2.63146070065665e-35 -7.23602226617798e-35 -1.09386252110321e-35 -8.33005843525238e-35 3.2804434100206e-37 7.6070678322598e-36 1.54743330879361e-35 -4.03292924812457e-37 1.00000000108221 5.64054341945516
6.728708454434e-29 0.127614230735984 3.85759145699038e-35 -1.06075339461025e-34 -1.60351294787038e-35 -1.22110488800324e-34 4.80875515724572e-37 1.11509687019303e-35 2.26831018122648e-35 -5.91161711089236e-37 0.999999999472878 6.72404022118999
-1.03967765755141e-31 0.000430897179440894 -6.47818400890793e-38 1.78145242501606e-37 2.69311576622405e-38 2.05096513082726e-37 -8.07719803572006e-40 -1.8731106125585e-38 -3.81044795644756e-38 9.93122125100448e-40 0.99999999999333 -63.8993695030814
4.56610663508743e-32 1.02147462192127e-05 2.627470612589e-38 -7.22590228354434e-38 -1.0924614980552e-38 -8.32037020859683e-38 3.2770144345542e-40 7.60001223929195e-39 1.54618031344861e-38 -4.03013871090871e-40 0.999999999992283 -63.6365017441164
6.00909814213206e-32 0.000223279482296419 3.18918072551291e-38 -8.77099663149463e-38 -1.32610708352675e-38 -1.01002168641653e-37 3.97815769507629e-40 9.22642641377013e-39 1.87713262900672e-38 -4.89294575270684e-40 0.999999999993935 -63.6844099692157
-3.23046956514475e-29 -1.06766045360309 -1.00501462430082e-35 2.76316631395615e-35 4.17639429813399e-36 3.17993617071692e-35 -1.25208695329144e-37 -2.90302513729002e-36 -5.90441667744243e-36 1.53856976068699e-37 1.00000000137441 6.13669573817133
-5.78659850935888e-29 0.222495684763984 -3.38972580510261e-35 9.32142141753166e-35 1.40915757567742e-35 1.07314754604668e-34 -4.22628239550106e-37 -9.80071651069018e-36 -1.99373327565827e-35 5.19625313794635e-37 0.999999999767398 5.2819064882184
-7.79107331511883e-34 -0.000231465497418845 -2.46737699211278e-39 6.77900697628918e-39 1.0238967602413e-39 7.79055485904293e-39 -3.06534586277132e-41 -7.10216056718388e-40 -1.44348101926469e-39 3.75876653713085e-41 0.999999999992547 -63.8616404241334
-2.90760922959346e-29 0.274836265593244 -1.87382269472418e-35 5.15253871052289e-35 7.78885953367788e-36 5.93128695934391e-35 -2.33573299098419e-37 -5.41623735734287e-36 -1.10174754917386e-35 2.87131279366517e-37 1.00000000143363 6.37353900563372
1.19060221257244e-28 0.0732841135415465 6.85302173048081e-35 -1.88452932150081e-34 -2.84894150889746e-35 -2.16963474207858e-34 8.54454455838377e-37 1.98148801379953e-35 4.03091737091356e-35 -1.05058296364719e-36 0.999999999643142 5.15485539499073
-7.74739730890982e-30 0.0120294679744665 -4.76411038027432e-36 1.3098902668204e-35 1.97992093118523e-36 1.50758992536543e-35 -5.93632668789485e-38 -1.37642510708474e-36 -2.79960836366348e-36 7.29551540499623e-38 0.999999999477824 5.22440822920431
-1.69778843246958e-32 -9.20850312533739e-06 -1.14922410043315e-38 3.1598010034265e-38 4.77611284458539e-39 3.63673688075211e-38 -1.43201766815872e-40 -3.32035948020902e-39 -6.75354417592435e-39 1.7599178330704e-40 0.999999999992017 -64.0526386557809
5.53832703431041e-32 0.000230601933000258 3.10957330116306e-38 -8.55152764489021e-38 -1.2928449656268e-38 -9.84626791317203e-38 3.87789497464652e-40 8.9933329292071e-39 1.829596034745e-38 -4.76874123808251e-40 0.99999999999101 -63.8766676536017
-2.81749603280859e-32 0.000160135018415522 -1.84269702087072e-38 5.0668853786696e-38 7.65928221796373e-39 5.83253731676484e-38 -2.29681587384048e-40 -5.32592536826517e-39 -1.08336272638343e-38 2.82336298466695e-40 0.999999999990899 -63.8548171760758
1.14172513251895e-29 0.0535009378328518 6.35601179032441e-36 -1.74772307342984e-35 -2.64192439688832e-36 -2.0118268818886e-35 7.92245941709941e-38 1.83708678877707e-36 3.73688072712508e-36 -9.73874079767435e-38 0.99999999941603 4.9556353281163
4.31605851477317e-29 0.0425330403196864 2.39519600382442e-35 -6.58634279055022e-35 -9.95651710444577e-36 -7.58216125474477e-35 2.98591737807996e-37 6.92409141744348e-36 1.4085027976518e-35 -3.67085005884145e-37 0.999999998958939 6.53566435163944
-4.13290939797004e-29 0.225241127152171 -2.53380498030637e-35 6.96797876704886e-35 1.05341693680305e-35 8.02262025334272e-35 -3.15959468317703e-37 -7.32734689422723e-36 -1.49063751632628e-35 3.88518188702791e-37 0.999999999396498 6.56190263857759
1.93151644158417e-29 0.152766269732234 1.01511512651141e-35 -2.79151746549589e-35 -4.22012429790843e-36 -3.21390174344125e-35 1.26572438151273e-37 2.93525566226742e-36 5.97121402733472e-36 -1.55630012743988e-37 0.999999999405524 6.47525145116046
-4.80350931288165e-32 0.000499618728579478 -3.0348574544284e-38 8.34580519930108e-38 1.26170562363033e-38 9.60882533466928e-38 -3.78426693591013e-40 -8.77593647683893e-39 -1.78531600952465e-38 4.65318956279394e-40 0.999999999990705 -63.788139626164
-1.58732818082944e-28 0.462849675389588 -9.04101586602647e-35 2.48623837462323e-34 3.7586176027855e-35 2.86243729176719e-34 -1.12730911351153e-36 -2.61426912138847e-35 -5.31823451292042e-35 1.38611316120485e-36 1.00000000024926 7.36598877103306
-1.44678219667412e-29 -0.094474138724803 -9.34706210566733e-36 2.57041480490054e-35 3.88589574620293e-36 2.95938546844546e-35 -1.16549691752878e-37 -2.70284388247436e-36 -5.49845544695964e-36 1.43309332445576e-37 1.00000000062425 5.48338712211667
3.34998602809992e-29 0.040685563656755 1.86222284070963e-35 -5.12086054066783e-35 -7.7413034266435e-36 -5.89532416091387e-35 2.32166998810754e-37 5.38385706362506e-36 1.09520765091566e-35 -2.85439076364743e-37 0.999999999659148 6.13259440672526
-8.30471785533547e-30 -0.0453713782041089 -4.64062465729767e-36 1.27625111987739e-35 1.92954837219398e-36 1.46959498784351e-35 -5.78813764191233e-38 -1.34239483974965e-36 -2.73106232381135e-36 7.1186388054794e-38 0.999999999742327 4.44780470462765
6.83165534793674e-30 0.00946651103172574 3.93451076527754e-36 -1.08203453752326e-35 -1.63587964840705e-36 -1.24590242928055e-35 4.90699834633752e-38 1.13801510389093e-36 2.31520820645813e-36 -6.03456666657646e-38 0.999999999684948 4.9168580432483
1.4185735171703e-31 0.000104799071740856 8.08530292061925e-38 -2.22348978218892e-37 -3.3615054698847e-38 -2.56008841548304e-37 1.00826641994958e-39 2.33827657437215e-38 4.75692569604826e-38 -1.23985491190946e-39 0.999999999991428 -63.8954093304205
3.32298597298422e-30 0.0324311444378393 1.70026675850143e-36 -4.67440396936168e-36 -7.06472445312064e-37 -5.37881536458106e-36 2.1177622784739e-38 4.90984726260083e-37 9.98547284674036e-37 -2.60185604180254e-38 0.99999999933148 4.46915881915958
7.08603519434096e-32 -0.000159565772554929 4.06676449953931e-38 -1.11842087159513e-37 -1.69091330865896e-38 -1.28783397259366e-37 5.072214454531e-40 1.17634733166198e-38 2.39322454087213e-38 -6.23799944375852e-40 0.999999999993165 -63.9220059812018
-1.09115533089318e-32 -0.000148538429511843 -7.37979439460654e-39 2.0290933614287e-38 3.06704144442606e-39 2.33539164448693e-38 -9.19600082206813e-41 -2.13225195988626e-39 -4.33698541543989e-39 1.13018988570348e-40 0.99999999999059 -64.0292386864407
7.09516752629019e-29 -0.458774655480346 4.55916793955777e-35 -1.25372292123142e-34 -1.89529748122844e-35 -1.44336332034131e-34 5.68424962949085e-37 1.31816828369671e-35 2.68150424564907e-35 -6.98876008326211e-37 1.00000000116691 6.38909607816185
-7.1965455158806e-29 -0.345181960986093 -4.1332705959197e-35 1.13659728395884e-34 1.71822183249071e-35 1.30850176268893e-34 -5.1531002290732e-37 -1.19498679356038e-35 -2.43090248244125e-35 6.33557418697919e-37 0.999999999105838 7.42843811373942
1.40936471066789e-29 0.0389657521297017 7.90519405624005e-36 -2.1736529885259e-35 -3.2856986409515e-36 -2.50200226207899e-35 9.85250947495119e-38 2.28457940449213e-36 4.64703093366691e-36 -1.21104108300241e-37 1.00000000018967 5.35310807354881
2.93525083521113e-29 -0.0438465152605428 1.66044609811967e-35 -4.56588228079348e-35 -6.90215136010748e-36 -5.25613733488428e-35 2.06989409184545e-37 4.79987337912154e-36 9.76385562272877e-36 -2.5446433761656e-37 0.999999999446166 6.59298240227322
2.42023938588495e-32 0.000310396019346783 1.34715447004102e-38 -3.70490717482286e-38 -5.60140658760174e-39 -4.26618134110347e-38 1.68027634179342e-40 3.89692762016003e-39 7.92818671628179e-39 -2.06651898655249e-40 0.99999999999053 -63.8640967633366
-9.81010669056704e-30 -0.237259226426631 -3.00991500269588e-36 8.27692300247208e-36 1.25124813951022e-36 9.52884881664147e-36 -3.75263763265091e-38 -8.70228020822264e-37 -1.77026961325622e-36 4.61381079467855e-38 0.999999999242066 7.39913430097038
-1.58952550983074e-29 -0.585195900733585 -7.84814247264113e-36 2.15799724421317e-35 3.2620809586236e-36 2.48405405875927e-35 -9.78197498008361e-38 -2.26825715372171e-36 -4.61389752599793e-36 1.20242392966009e-37 0.99999999892569 7.98026124534111
-1.90639877563279e-31 0.000486264991049088 -1.16153891553205e-37 3.19417546805379e-37 4.82884894224622e-38 3.67748517542909e-37 -1.44829636713756e-39 -3.358645687384e-38 -6.83251915499464e-38 1.78078520024625e-39 0.999999999991976 -63.9590071383725
-1.45726535159104e-28 0.368136326323063 -8.46460182024511e-35 2.32770346312544e-34 3.51891369679945e-35 2.67985957980161e-34 -1.05539409419548e-36 -2.44747080062198e-35 -4.9788643512796e-35 1.29764853602655e-36 1.00000000057995 7.5768662459155
3.33417989706404e-30 0.0011762469023296 1.8146522130714e-36 -4.98991304777344e-36 -7.54314392399155e-37 -5.74426236436481e-36 2.26211842667915e-38 5.24561778236836e-37 1.0670575947664e-36 -2.78094941464671e-38 0.999999999302991 4.60716997340323
2.22029012318257e-29 -0.0376837083662858 1.28507285152485e-35 -3.53368462360981e-35 -5.3418005086422e-36 -4.06789748700497e-35 1.60195949241588e-37 3.7147816832239e-36 7.55657457744783e-36 -1.96938515093088e-37 0.999999999503232 5.76947863569875
-1.51936615198664e-28 -0.199873070169593 -9.13151434485086e-35 2.5110688673153e-34 3.79607063267317e-35 2.89089557813268e-34 -1.13849131798855e-36 -2.64014195758129e-35 -5.37074768342438e-35 1.39976855151359e-36 1.00000000247271 8.13511126862023
-1.55954297477922e-28 0.0199134427615541 -8.91062608036181e-35 2.45035675117807e-34 3.70433505468732e-35 2.82106871187428e-34 -1.11100564594571e-36 -2.57643450112567e-35 -5.2412136328378e-35 1.36602494504321e-36 1.00000000019252 7.28421388777673
-1.17889539283777e-31 3.00309534214099e-05 -6.90587151035995e-38 1.89911886082906e-37 2.87108232609242e-38 2.18656104256894e-37 -8.61145957110523e-40 -1.99706485117967e-38 -4.06272555907175e-38 1.05890455994368e-39 0.99999999999087 -64.0151023398966
-5.24718431997001e-32 -0.000102446356270467 -3.32637346638845e-38 9.14724514686252e-38 1.3828321768769e-38 1.05310360197771e-37 -4.14736179228997e-40 -9.61773903160709e-39 -1.9565185697814e-38 5.09928136285549e-40 0.999999999992052 -64.0404244033824
2.96928283280876e-29 0.0470494558176861 1.71137167943297e-35 -4.7058257208019e-35 -7.11356294106121e-36 -5.41702668480051e-35 2.1332117513285e-37 4.94660458322771e-36 1.00621395547344e-35 -2.62233086492066e-37 1.00000000003933 4.96716759350849
1.93667897595006e-29 0.0287412627728065 1.10929576313947e-35 -3.0502419951715e-35 -4.61085087641451e-36 -3.51115750530198e-35 1.38267063831596e-37 3.20617632232992e-36 6.52177745118609e-36 -1.69964630424991e-37 0.999999999316696 5.55278896342702
-3.17249549884321e-28 0.46729545947677 -1.87436268203324e-34 5.15435084881421e-34 7.79209374110185e-35 5.93412676986089e-34 -2.33699977029663e-36 -5.41951918214643e-35 -1.10248518241327e-34 2.87341779222516e-36 1.000000000464 8.56713683914765
-4.24386156121496e-32 0.000511934794142141 -2.87817070559741e-38 7.91500118121275e-38 1.19658972323352e-38 9.11301360143135e-38 -3.58903730481208e-40 -8.32327358791373e-39 -1.69324689879938e-38 4.41326925865489e-40 0.999999999990941 -63.8524893456993
-6.65529452437186e-29 -0.147449768791993 -3.92432131750281e-35 1.07915856057594e-34 1.63142008515949e-35 1.24242107435472e-34 -4.89295264965485e-37 -1.13468014408518e-35 -2.30826577868106e-35 6.01606033478987e-37 0.999999999594043 6.33973598639173
-5.18416882872099e-32 0.000454983066229002 -3.44441174517895e-38 9.47153434237975e-38 1.43181022522588e-38 1.09036785945661e-37 -4.29397807575927e-40 -9.95742039340159e-39 -2.02555378488888e-38 5.27903728018722e-40 0.999999999991814 -63.7631365080906
2.95486057753087e-28 0.100755614218788 1.69782657005334e-34 -4.66889580690998e-34 -7.05821498130935e-35 -5.37524224997645e-34 2.11690027755891e-36 4.90911262965029e-35 9.98655062361429e-35 -2.60280739210903e-36 0.999999999287558 7.5875791438513
1.53729952554842e-30 0.0696543664683877 1.47689408139273e-37 -4.06372770347999e-37 -6.14694788734667e-38 -4.68399864873539e-37 1.84575064262794e-39 4.28281556782115e-38 8.71757056316408e-38 -2.27339772696942e-39 0.999999999103133 5.85220288893661
-1.81786631623657e-29 0.0233355816629556 -1.08559364042107e-35 2.98482982387914e-35 4.51161146408452e-36 3.43531254064628e-35 -1.35269537190351e-37 -3.13641830038372e-36 -6.37937096015329e-36 1.66240078181781e-37 0.999999999820432 5.5469688428452
9.17141511322655e-32 0.000408217368849668 5.00972333869338e-38 -1.37771206398679e-37 -2.08287410253122e-38 -1.58631720762422e-37 6.2476435784123e-40 1.44891427287765e-38 2.94767126288835e-38 -7.68297487515748e-40 0.999999999989863 -64.0087266168025
4.00814625376044e-28 0.350489688250609 2.31985213751035e-34 -6.37948930857237e-34 -9.64431456098309e-35 -7.34478825514136e-34 2.89258674455215e-36 6.70801062669938e-35 1.36461772406208e-34 -3.55665946854828e-36 1.00000000011451 7.5985290814409
8.62166993973492e-32 -5.72229357803117e-05 4.83642655023811e-38 -1.33010355454173e-37 -2.01097259103008e-38 -1.53161391894915e-37 6.0324211285345e-40 1.39905321802711e-38 2.84633968937209e-38 -7.41913426674685e-40 0.999999999992037 -63.8343131579386
4.2076854112072e-29 0.11140814923988 2.45885667932043e-35 -6.76141570934374e-35 -1.02212003972479e-35 -7.78374547274187e-35 3.06531101728932e-37 7.1082174146434e-36 1.44596164529651e-35 -3.76848554860052e-37 0.999999999642468 6.10608309718875
1.6633386554285e-28 0.125235760797604 9.57754055893881e-35 -2.63377140161998e-34 -3.98164008006873e-35 -3.03227357540072e-34 1.19419146277189e-36 2.76936233660806e-35 5.63372334836789e-35 -1.46833538203491e-36 1.00000000032436 4.74494802337217
-6.21249548901997e-30 0.0832527776759634 -4.25130416925088e-36 1.16911258860518e-35 1.76746303282465e-36 1.34606738489766e-35 -5.30130099138703e-38 -1.2294145901403e-36 -2.50106039199152e-36 6.5187452115143e-38 0.999999999415253 4.87581673588356
1.60613641659849e-29 0.0712486501033548 8.69020333765108e-36 -2.3894882934613e-35 -3.61193323403122e-36 -2.75040706219127e-35 1.08306227284201e-37 2.51136659967006e-36 5.10830370524976e-36 -1.33124292118076e-37 0.999999999842186 5.19965972681975
2.32585785301243e-30 0.0451658246869302 7.58282023241053e-37 -2.08370985879406e-36 -3.14777256812269e-37 -2.39547517890483e-36 9.42711862107018e-39 2.18457156002581e-37 4.4408209470471e-37 -1.1565756120557e-38 0.999999999237934 4.9474427598357
-1.45790397870343e-28 -0.336249458985115 -8.52608649263647e-35 2.34457828885398e-34 3.54437436978329e-35 2.6992113732467e-34 -1.06300033466665e-36 -2.46507504572409e-35 -5.01460586610791e-35 1.30694549227481e-36 1.00000000078807 5.64504031359964
2.02112797660934e-32 0.000303652567553267 6.66168939275977e-39 -1.83229330539887e-38 -2.77054635456444e-39 -2.11036839128673e-38 8.31285665549054e-41 1.92815754084268e-39 3.92323769284094e-39 -1.022729318279e-40 0.999999999993476 -63.9601590842543
2.19498208138152e-32 0.000223104343845972 1.00711171609735e-38 -2.76987164348189e-38 -4.1879498036937e-39 -3.1898167524602e-38 1.25640363428162e-40 2.91402219620483e-39 5.92879489315829e-39 -1.54544656201559e-40 0.999999999992268 -64.1390385045516
-1.45593706451113e-31 0.000264894418057508 -8.74827632942983e-38 2.4057698417059e-37 3.63701845914494e-38 2.76987005582516e-37 -1.09086871140413e-39 -2.52979782679119e-38 -5.14646545192832e-38 1.34136299721124e-39 0.999999999990813 -63.9208858379584
6.67034016568014e-30 -0.00326329566680065 3.69389239445776e-36 -1.01580118049766e-35 -1.53565279708185e-36 -1.16949891115735e-35 4.60580781320496e-38 1.06810032172115e-36 2.17284226319216e-36 -5.66315399365276e-38 0.999999999695161 5.8785053953442
1.15035211081353e-29 -0.115194355667614 7.2469905924348e-36 -1.99302539412337e-35 -3.01319896079598e-36 -2.29490780832643e-35 9.03861473303068e-38 2.09622908875519e-36 4.2646709217094e-36 -1.11159431498528e-37 0.999999999752024 5.73815979822905
1.38682285271505e-29 0.0252809890408136 7.85367051526409e-36 -2.15967446161369e-35 -3.26485389258686e-36 -2.48634658557911e-35 9.79171538406039e-38 2.27068103470155e-36 4.61916417411488e-36 -1.20388408907943e-37 0.999999999643703 5.36068439988958
1.73284693616533e-29 -0.00735029210586303 9.44112916592004e-36 -2.59599693826404e-35 -3.92413780481944e-36 -2.98818016178608e-35 1.17670743852905e-37 2.72854079749667e-36 5.55011924528587e-36 -1.44639923190182e-37 0.999999998821072 5.63842130405551
-7.47979144015331e-32 -0.00027942194165605 -4.21718814029761e-38 1.15969657231147e-37 1.75317640459574e-38 1.33514773381121e-37 -5.25814103083705e-40 -1.21936964292264e-38 -2.48055262652163e-38 6.46510416675885e-40 0.999999999992352 -63.8758489404563
-4.95765720800365e-30 -0.351114477921552 -1.15410369948692e-36 3.17232410412043e-36 4.79369088595631e-37 3.64909250622433e-36 -1.43647751317815e-38 -3.32976007528807e-37 -6.77075157631662e-37 1.76390317493161e-38 0.999999999631128 5.50692494104586
1.94369625759094e-32 0.000369963768725562 7.65008846715773e-39 -2.10387046214235e-38 -3.1807633877774e-39 -2.42251333332975e-38 9.5411378811921e-41 2.21276040307374e-39 4.50172032930922e-39 -1.17337445057097e-40 0.999999999993102 -63.9615736586235
-1.94877818625951e-29 0.204689457767773 -1.36679022328726e-35 3.75858263747805e-35 5.68206483938688e-36 4.32723743657472e-35 -1.70417607332901e-37 -3.95201367162865e-36 -8.03956086030329e-36 2.09536761259875e-37 1.00000000153622 5.86507471239662
4.26540057582581e-29 -0.442868832939264 2.91448581705031e-35 -8.01467941543527e-35 -1.21163053168116e-35 -9.22734421189838e-35 3.6339791700278e-37 8.42729863552782e-36 1.71436878419998e-35 -4.46821568575669e-37 1.00000000111072 5.2581401497016
6.66364407645837e-30 0.0360521224476972 3.63592649701189e-36 -9.99725075287255e-36 -1.51114421199656e-36 -1.15067768601342e-35 4.53106885714144e-38 1.05062532200144e-36 2.13700222277317e-36 -5.56898552102154e-38 0.999999999344264 4.40003300875053
1.45233787113759e-32 -8.54722639664803e-05 7.19478608457109e-39 -1.97913680853247e-38 -2.99290918566816e-39 -2.27999382918584e-38 8.98199796248483e-41 2.0835907499416e-39 4.2399599489888e-39 -1.10541422621547e-40 0.999999999991939 -63.8013447399985
-3.74884125767496e-30 0.0418250119654546 -2.51653722387065e-36 6.91950425879712e-36 1.04593920336306e-36 7.96453372905091e-36 -3.13627014122743e-38 -7.27221656644757e-37 -1.4792107480825e-36 3.85484846390746e-38 0.999999999391537 4.7669702937953
8.49596715467084e-29 0.387044763222362 4.63091327451644e-35 -1.27344670383461e-34 -1.9251064210544e-35 -1.46605806251528e-34 5.77360139014284e-37 1.33888310321571e-35 2.72363207163177e-35 -7.09852685538173e-37 0.99999999962617 6.87574373239366
5.06328428983915e-29 0.0983603952793473 2.88605640555421e-35 -7.93645636996014e-35 -1.19979844702638e-35 -9.13718499529284e-35 3.59845221032187e-37 8.34486469699643e-36 1.69758987101963e-35 -4.42445990164811e-37 0.999999999931161 5.1806282278669
4.67591060745269e-32 -0.00016119223659837 2.53668532258158e-38 -6.97607515118009e-38 -1.05466745111529e-38 -8.03234567167549e-38 3.16350430776457e-40 7.33659766313057e-39 1.4925568640054e-38 -3.89028192653861e-40 0.999999999990367 -64.3038786691578
2.06684207883412e-29 -0.276109648011524 1.35031915763844e-35 -3.71345297773902e-35 -5.61408872804747e-36 -4.27565913438387e-35 1.68393791773803e-37 3.90525426673076e-36 7.94479087611485e-36 -2.0707593768114e-37 1.00000000089815 6.64267758850863
3.83955363191633e-32 0.000240507094474069 1.97656571996168e-38 -5.43593096170072e-38 -8.21857344257564e-39 -6.25952530076204e-38 2.46538953144579e-40 5.71781270317102e-39 1.16327986004049e-38 -3.0321626667228e-40 0.999999999989895 -63.9886592998168
2.24404208797822e-32 0.000217020109586749 1.05245417348582e-38 -2.89451166465027e-38 -4.37630157319328e-39 -3.33320192427326e-38 1.31285024396755e-40 3.04487155767163e-39 6.19487668367546e-39 -1.61476880378375e-40 0.999999999993171 -63.9907816444735
1.04177036731392e-29 0.0475951502368731 5.77482665857588e-36 -1.58805424880899e-35 -2.40077554666115e-36 -1.82835381843066e-35 7.20059070764187e-38 1.66984532957355e-36 3.39699010505049e-36 -8.85373113016467e-38 0.999999999436567 5.44363079305464
1.69947071712427e-29 0.00428607497848253 9.59657552325374e-36 -2.63874196242064e-35 -3.98875535375411e-36 -3.03738841015815e-35 1.19608613600084e-37 2.77347857093573e-36 5.64153235553643e-36 -1.47022349549788e-37 0.999999999575089 6.59360308308077
-1.6220486674165e-31 0.000631024141598529 -9.80622797498348e-38 2.69671647038947e-37 4.0768847514416e-38 3.10487444287399e-37 -1.22280963009531e-39 -2.83578889529275e-38 -5.76897771446922e-38 1.50361911562747e-39 0.999999999992773 -64.0185378928325
6.1261494389164e-29 -0.384500513166019 3.93555694215964e-35 -1.08223452106132e-34 -1.63604938610981e-35 -1.24593072387775e-34 4.90671214213661e-37 1.13785652349137e-35 2.31469803310761e-35 -6.0327481298709e-37 1.00000000094997 6.62609379058013
-9.59015854103256e-33 -2.62748669935291e-06 -7.14761438293315e-39 1.96496348327762e-38 2.96966643883263e-39 2.26091008529924e-38 -8.90139520852471e-41 -2.0636359624882e-39 -4.19679717181019e-39 1.09349514474388e-40 0.999999999991876 -63.9250434739574
1.57792600282608e-29 -0.0307593080156462 9.537764251365e-36 -2.62280066009512e-35 -3.96500581471153e-36 -3.01956812604357e-35 1.18917298556583e-37 2.75769019721545e-36 5.60990918898307e-36 -1.4621105097554e-37 1.00000000054993 5.57755410993545
-5.17819149796401e-29 -0.789552909422324 -2.65191262935008e-35 7.29230734890502e-35 1.10237805998793e-35 8.39495973115563e-35 -3.30602300971784e-37 -7.666433355692e-36 -1.55951936801801e-35 4.06445381222672e-37 1.0000000000438 7.42160580279908
