-7.70477879869138e-28 -0.0475957125695865 1.80549492293173e-33 -4.96790550869406e-33 -7.51467508094937e-34 -5.7262397727116e-33 2.25646203613204e-35 5.23584465784821e-34 1.06575007485447e-33 -2.77931636303914e-35 0.999999999755973 5.00986081149146
-1.48655787187547e-29 -0.00021959848760728 -9.60685465387001e-36 2.64349563141139e-35 3.99885655843705e-36 3.0473021846421e-35 -1.20086566318186e-37 -2.78659323037966e-36 -5.67234519226708e-36 1.47933232406337e-37 0.999999999991719 -60.7170476660934
3.46570450655741e-30 0.000258563853358898 -1.50964055302325e-35 4.1542170969249e-35 6.28441209000789e-36 4.78919554375691e-35 -1.88738139896177e-37 -4.37982741390408e-36 -8.91588027161485e-36 2.32533462323669e-37 0.9999999999907 -61.0209699134564
-4.34661382991932e-28 -0.0390373371793416 1.24624195459986e-33 -3.42917859946765e-33 -5.18725582198805e-34 -3.95282574804508e-33 1.55767501085232e-35 3.61448357241835e-34 7.35742009915092e-34 -1.91875200623551e-35 0.99999999937204 5.4798877023334
-1.70263525566224e-26 -0.474359168237069 -3.5554859284132e-34 9.77510897180969e-34 1.47742131605234e-34 1.12488944083675e-33 -4.42909285691567e-36 -1.02688128024666e-34 -2.08850669605547e-34 5.44209085749931e-36 1.0000000003988 8.03663866556966
6.38696731414058e-30 0.000304183853812988 -1.35839134586496e-35 3.73796019044913e-35 5.6546309292129e-36 4.30919651238801e-35 -1.69819483960109e-37 -3.94075064594831e-36 -8.02195631311696e-36 2.09216351811153e-37 0.999999999991784 -60.8383157114047
2.401337246235e-26 0.757027848755538 -5.81899779228231e-33 1.6013052409283e-32 2.42247796820505e-33 1.84615406622834e-32 -7.27570663932119e-35 -1.68842817757774e-33 -3.43716082336368e-33 8.96460300544445e-35 0.999999999160293 7.63842611129901
4.55688267642821e-27 0.073605886084317 2.02506310100551e-33 -5.57214462458778e-33 -8.42880601522403e-34 -6.42291556865442e-33 2.53103168283453e-35 5.87304331574186e-34 1.19547020677597e-33 -3.11765703621519e-35 0.999999999573305 5.78197937358736
1.21616139159794e-27 0.000870066697563064 1.30819914820498e-33 -3.59960649239121e-33 -5.44497678675571e-34 -4.14915344644995e-33 1.63501656487936e-35 3.79389278686907e-34 7.72249905849158e-34 -2.01393145136608e-35 0.999999999958679 4.82031061209061
-7.96442398334403e-30 -7.73984893482222e-05 -1.06597560664876e-35 2.93321637910565e-35 4.43711595764404e-36 3.38127048746166e-35 -1.33247247482417e-37 -3.09198099542992e-36 -6.29397914078444e-36 1.64145051010562e-37 0.999999999990382 -60.7610892857222
1.6726794099606e-27 -0.047917505342277 5.66425614985996e-33 -1.55865356615832e-32 -2.3578498498585e-33 -1.79682236392486e-32 7.0809794410881e-35 1.64316718161327e-33 3.34487642862536e-33 -8.72353298047074e-35 0.99999999984363 4.74838957411015
-1.35903069499657e-27 -0.0833443722223466 3.25084778362139e-33 -8.94520961550454e-33 -1.35314467863726e-33 -1.03114653521954e-32 4.0634574783064e-35 9.4291223605011e-34 1.91936123932298e-33 -5.00560023098954e-35 0.999999999635953 4.86053928132931
-4.51380978630987e-27 -0.106115878918193 3.87790156996461e-34 -1.06764922116062e-33 -1.61592037242644e-34 -1.23206466978451e-33 4.85787091581703e-36 1.12786831313077e-34 2.29710293599051e-34 -5.99399327983514e-36 0.999999999205691 6.80279634396798
1.21637630284228e-29 0.000136659534354108 1.19280463147813e-35 -3.28250767299913e-35 -4.96594638756983e-36 -3.78460677709503e-35 1.49155302516044e-37 3.46144049288984e-36 7.0466866133774e-36 -1.83792191880375e-37 0.999999999991514 -60.7879404191213
1.03162370715295e-29 0.000348623339743134 -7.35303813167916e-36 2.02333900804562e-35 3.06076726301354e-36 2.33246101658828e-35 -9.19173832711653e-38 -2.1329521966172e-36 -4.34184665445628e-36 1.13235297429124e-37 0.999999999992246 -60.4986022582992
1.00009658384715e-30 9.49722261002944e-05 -3.32852179446699e-36 9.15831353235918e-36 1.38528596495591e-36 1.05556699236583e-35 -4.15940632453574e-38 -9.65110661581536e-37 -1.96441288819101e-36 5.12274135456738e-38 0.999999999992558 -60.555552896318
-3.79476156792787e-27 -0.0671584698266364 -2.4821491868896e-33 6.82946767467581e-33 1.03301272518591e-33 7.87130878496074e-33 -3.10161171016217e-35 -7.19661293149342e-34 -1.46480150790813e-33 3.8198246316582e-35 0.999999999753462 4.9916483789176
3.99528154405437e-27 0.244110118043435 -4.59903912368038e-33 1.26558618689664e-32 1.91459169645493e-33 1.4590932721898e-32 -5.75028164632888e-35 -1.33442876833547e-33 -2.71651163941381e-33 7.08503068673535e-35 0.999999999537687 5.20605615485564
1.11340345267727e-30 -0.000167975838917619 9.61888855734132e-36 -2.64704074847638e-35 -4.00457279050826e-36 -3.05192744749157e-35 1.20279441949729e-37 2.79131487566357e-36 5.68245701124861e-36 -1.48209993319761e-37 0.999999999991155 -60.7082508880885
1.41421340891695e-26 0.451978455349297 -4.2904414171166e-33 1.18070799496737e-32 1.78625238205057e-33 1.36133667041481e-32 -5.36521845797064e-35 -1.2451149876147e-33 -2.53478642612744e-33 6.61130575723235e-35 1.00000000059778 6.53849691072323
1.5412362561234e-26 0.0584295584566367 2.14535009932461e-32 -5.90355722274933e-32 -8.93077651204798e-33 -6.80592444885983e-32 2.68215716816565e-34 6.2241716132485e-33 1.26703557169054e-32 -3.30453280245985e-34 1.00000000012383 5.14351733253225
-6.42159392795816e-28 -0.036373824556747 2.10802913169188e-33 -5.80053778557437e-33 -8.77444669206158e-34 -6.68642015924186e-33 2.63491596710872e-35 6.11420643223056e-34 1.24458145483502e-33 -3.24579098219299e-35 1.00000000075229 5.00703116925768
-1.16401821130921e-29 -0.000325980146204756 5.32415871775347e-38 -1.48060410612805e-37 -2.26326739726163e-38 -1.74263104885786e-37 6.93785916028615e-40 1.62629010259507e-38 3.34374946061364e-38 -8.80719601701606e-40 0.99999999998982 -60.8924874410932
1.84094960907166e-29 0.00073707317356501 -1.89227622943557e-35 5.20719192192739e-35 7.87739196840503e-36 6.00321314378265e-35 -2.36583387392359e-37 -5.49015926305052e-36 -1.11762351850885e-35 2.91487617174668e-37 0.999999999992319 -60.7345846346898
-1.20899758513228e-30 4.2131878232271e-05 -3.55473945661429e-36 9.78056430567127e-36 1.47938045472814e-36 1.12724490766631e-35 -4.44176797134459e-38 -1.03060839217183e-36 -2.09769034037352e-36 5.47019837480598e-38 0.999999999992561 -60.6754459595694
-1.338173460154e-27 -0.0400929817942197 4.63929427545207e-34 -1.27686843177923e-33 -1.93196899540228e-34 -1.47257202193081e-33 5.80432960159057e-36 1.34718660459114e-34 2.74292094899702e-34 -7.15505158951326e-36 0.999999999153734 5.01995414413331
1.68934971388926e-27 -0.00217921989581823 3.00985132224221e-33 -8.28188851901522e-33 -1.25277637405789e-33 -9.54641218654316e-33 3.76188921535121e-35 8.72915194977131e-34 1.77683873790923e-33 -4.63380741473772e-35 1.00000000048372 5.5473745889522
3.53332279237133e-28 0.0740632817693879 -2.7893569829233e-33 7.6756552960641e-33 1.16114553594881e-33 8.84871682159368e-33 -3.48717001837492e-35 -8.09219187708546e-34 -1.6472864405065e-33 4.29621565918186e-35 0.999999999417993 6.61321777706465
2.32865669098322e-26 0.539587240140421 1.68943442238784e-33 -4.64862778103447e-33 -7.03182771927737e-34 -5.35838976326682e-33 2.1115421150124e-35 4.89965615724524e-34 9.9733611256262e-34 -2.60094798864156e-35 1.0000000014437 6.65606244379612
2.49221936396328e-29 0.000521047898683407 6.13965791137667e-36 -1.68949857895538e-35 -2.55582650611745e-36 -1.94772396046221e-35 7.67578286698431e-38 1.7812227421684e-36 3.62596606793875e-36 -9.45678009190889e-38 0.999999999990158 -60.6587803027956
8.54667083510054e-27 0.41152794984646 -1.15610737442601e-32 3.1813721968611e-32 4.81272022394177e-33 3.66766102970826e-32 -1.44539632222113e-34 -3.35416883259497e-33 -6.82798862846002e-33 1.78079797120116e-34 0.999999998554483 7.11979055426448
-2.17622964742527e-27 -0.0746788814917127 1.04180276758009e-33 -2.86671219978658e-33 -4.33653132377538e-34 -3.30463350801031e-33 1.30227671956975e-35 3.02192339937357e-34 6.15139341226761e-34 -1.60427024544022e-35 0.999999999693501 5.13443486577749
4.4158815755584e-27 -0.0224566324368599 8.1132425170819e-33 -2.23253997892794e-32 -3.37725513163192e-33 -2.57365868323911e-32 1.01423180324588e-34 2.35355164117793e-33 4.79093357739489e-33 -1.24948364157321e-34 0.999999999469319 6.41905809720718
-7.63478419010901e-27 -0.0246077900766919 -1.10180442300276e-32 3.03185484244859e-32 4.58640221869826e-33 3.49508973407999e-32 -1.37734811258999e-34 -3.19616610725607e-33 -6.50616208398977e-33 1.69681472577314e-34 1.00000000016564 5.09914793523138
2.27587497771686e-27 0.0279527969560523 1.94593858622143e-33 -5.35460580593776e-33 -8.10001319609728e-34 -6.17257550958629e-33 2.43246331074401e-35 5.64451234495587e-34 1.14899059746327e-33 -2.99654316275229e-35 1.00000000061138 4.93484108119865
1.42289821576468e-29 0.00039812732035256 -5.63006820201476e-36 1.549286332685e-35 2.34374052779202e-36 1.78611654131183e-35 -7.03897165827127e-38 -1.63346127016128e-36 -3.32520438843187e-36 8.67245037049773e-38 0.999999999992118 -60.758689316819
1.82196439175465e-26 0.897042191811537 -2.43878520615207e-32 6.71099757992078e-32 1.01522063547146e-32 7.7367084530549e-32 -3.04895633864398e-34 -7.07532507019055e-33 -1.44029511126761e-32 3.75638906669414e-34 1.00000000109163 5.31279776545967
1.50144401665972e-29 0.000279076242466632 7.66434962249541e-36 -2.1091626476983e-35 -3.19083752711773e-36 -2.43176600106335e-35 9.58380754301151e-38 2.22410166710584e-36 4.52773618998127e-36 -1.18092309881793e-37 0.999999999990239 -60.8022691470743
-2.0884417953505e-29 -0.00056746494352696 2.55641968272053e-37 -7.04214691456073e-37 -1.06643958514454e-37 -8.13557592205255e-37 3.20950428998237e-39 7.45566312497669e-38 1.5192978849286e-37 -3.96654176896725e-39 0.999999999991048 -60.9071780721581
2.48586122716207e-27 -0.0519754121678099 5.77370131242164e-33 -1.58871292914751e-32 -2.40323578550201e-33 -1.83134339359807e-32 7.21676195666894e-35 1.67461587848889e-33 3.40877186266076e-33 -8.88985488577077e-35 0.999999999592523 6.23170628577485
-2.70912315684775e-26 -0.878386019069395 1.08569248496737e-32 -2.98759617704954e-32 -4.51956627311402e-33 -3.44424502632019e-32 1.35734571587721e-34 3.1498299528721e-33 6.41200146772356e-33 -1.67229960393146e-34 0.999999999398133 7.71681227007841
1.15280770121911e-27 0.0110553364890734 1.1475327821275e-33 -3.15757518404924e-33 -4.77641598932142e-34 -3.63976250670401e-33 1.43431040731377e-35 3.32823122739046e-34 6.77475740571912e-34 -1.76680255325672e-35 0.999999999537265 5.07921235597087
7.14126377617193e-28 0.0376776007814134 -1.11485204325283e-33 3.06745846193919e-33 4.63980755662715e-34 3.53544172011376e-33 -1.39311373269234e-35 -3.23243410217068e-34 -6.57934529371006e-34 1.71573285787116e-35 0.999999999187527 6.07552512211717
-1.00853488058379e-29 -0.000323817360721609 2.94179936748851e-36 -8.09545814387511e-36 -1.22469965449495e-36 -9.33340598575149e-36 3.67832294657504e-38 8.53610468546761e-37 1.73771865239434e-36 -4.532242550787e-38 0.999999999990689 -60.7494465079832
-2.76478165458209e-27 0.0222111851920494 -1.30037622374624e-32 3.57831124835641e-32 5.41311238013616e-33 4.12513746719798e-32 -1.625657302527e-34 -3.77241796004627e-33 -7.67928023756155e-33 2.00278916797209e-34 0.999999999487929 7.30323467383817
-2.29983071732458e-26 -0.403254088911313 -1.63725454196582e-32 4.5052023652921e-32 6.81510032048664e-33 5.19341070835239e-32 -2.04659679707362e-34 -4.74910920150094e-33 -9.66722760033372e-33 2.52119100882844e-34 0.999999998282159 8.13311486696728
1.09054485769762e-29 -8.30208401391295e-05 1.92600444236374e-35 -5.30015650031701e-35 -8.01825643066848e-36 -6.11073772450877e-35 2.40827756928971e-37 5.58881418837267e-36 1.13773917370412e-35 -2.967425057893e-37 0.999999999992156 -60.8097158228653
2.14850761670881e-27 0.220901189918373 -9.23931992450945e-33 2.54244777638021e-32 3.84612954393456e-33 2.93101622287347e-32 -1.1550790922814e-34 -2.68043604576044e-33 -5.45643617241219e-33 1.42307146005065e-34 0.999999999771122 7.65923137544379
-6.84887480705854e-28 -0.0147158103105511 1.0634885564675e-34 -2.92604704263137e-34 -4.42577698837562e-35 -3.37225264548241e-34 1.32876988296767e-36 3.08304300225119e-35 6.27507902907902e-35 -1.63633690454387e-36 0.999999999164032 4.77887224437307
-2.02762397090301e-27 -0.0829145020632883 2.23871704140174e-33 -6.16009813102153e-33 -9.3182825383281e-34 -7.10078810399964e-33 2.79818487634588e-35 6.49301595669166e-34 1.32168032688396e-33 -3.44683399841461e-35 0.999999999434727 5.22714564773567
-1.42088777479115e-26 -0.289022046210083 -4.26576244946883e-33 1.17373336977929e-32 1.77542407425195e-33 1.35287365776628e-32 -5.33103580155116e-35 -1.23699008828899e-33 -2.51785536802021e-33 6.56612846131228e-35 0.999999999960051 7.35403497568588
4.71328668446422e-27 0.643674439575756 -2.89978737375223e-32 7.97948623979585e-32 1.20710079717135e-32 9.19887230741117e-32 -3.6251403882285e-34 -8.41231051476514e-33 -1.71244117905274e-32 4.46611631855108e-34 1.00000000029288 7.6850030974914
2.68050940299897e-29 0.000751564161070904 -4.20851872318591e-36 1.15806286056905e-35 1.75184128647049e-36 1.33499534123171e-35 -5.26094608656951e-38 -1.22081006260827e-36 -2.48509030210342e-36 6.48112161231803e-38 0.999999999992903 -60.8704036096359
2.06089679164447e-29 0.000544921130732871 -3.9123270512813e-36 1.07650418457278e-35 1.62838111901289e-36 1.24084854527806e-35 -4.88968198758278e-38 -1.13459956843689e-36 -2.30948130589756e-36 6.02282470073274e-38 0.999999999991975 -60.8719523543533
1.40246524574726e-27 -0.04090715279594 5.16852605659102e-33 -1.42218989339967e-32 -2.15133627182179e-33 -1.63938690058165e-32 6.46031672068819e-35 1.49908544548821e-33 3.05146835459638e-33 -7.95802602604085e-35 1.00000000066222 4.70879825259289
1.62871681202431e-27 0.0143273878351674 1.33712483043996e-33 -3.67905025788563e-33 -5.5649252172431e-34 -4.24038613406677e-33 1.67090084620241e-35 3.87700348992742e-34 7.89135574055218e-34 -2.05788482656548e-35 1.00000000010819 4.37367286857313
8.1719749083947e-27 0.555438781422699 -1.76281984293699e-32 4.85074701595894e-32 7.3378553326319e-33 5.59180614249584e-32 -2.20360753486778e-34 -5.11348057609282e-33 -1.04089966694722e-32 2.71465799123889e-34 1.00000000051737 8.12618837175717
-1.82416002209017e-29 -0.000409718205885111 -3.34102676795429e-36 9.19228541213579e-36 1.39035895794323e-36 1.05938272847418e-35 -4.17424644337674e-38 -9.6850880150082e-37 -1.97123782158924e-36 5.14030083611892e-38 0.999999999991192 -60.7085873500591
-1.10639466147785e-26 -0.183417569276286 -6.31037536436034e-33 1.73636515793404e-32 2.62655670714906e-33 2.00149710542034e-32 -7.88719095957483e-35 -1.83016392090706e-33 -3.72535397533183e-33 9.71536492605543e-35 1.00000000018575 5.95783059357892
3.67544247092881e-31 -9.93972012349084e-05 4.76110196310128e-36 -1.31033444392335e-35 -1.98251580262873e-36 -1.51103178558536e-35 5.95565762282328e-38 1.382248306906e-36 2.81418282081699e-36 -7.34061661933124e-38 0.999999999991394 -60.6651649487709
6.40067337023071e-27 -0.0108591116550024 1.11657880348622e-32 -3.07248597187656e-32 -4.64783045045576e-33 -3.54187393900225e-32 1.39577403976856e-34 3.2388987099471e-33 6.59309793572369e-33 -1.71947432122181e-34 0.999999998841994 6.89514326325611
8.14225916537002e-27 0.27925477641219 -5.93133185003366e-33 1.63213805522306e-32 2.46900161331858e-33 1.88151760862248e-32 -7.41471342079204e-35 -1.72060294744703e-33 -3.50248949408409e-33 9.13454675620492e-35 1.00000000029506 6.45306726038304
-1.42021601796295e-27 -0.0735968528603411 2.61781280904153e-33 -7.20290238118003e-33 -1.08952271517436e-33 -8.30209091732767e-33 3.27143168494713e-35 7.59081558379872e-34 1.5450726920266e-33 -4.02924226736047e-35 1.000000000393 4.98722507327838
9.24889006898205e-30 0.000303127401895043 -5.43798022814157e-36 1.49635956596365e-35 2.26357097307388e-36 1.72494278946048e-35 -6.7975817872664e-38 -1.57737296841267e-36 -3.21088114409745e-36 8.37390530842064e-38 0.99999999999085 -60.8530331768717
1.0461037338915e-26 0.0470717759308355 1.2700833159135e-32 -3.49488347977899e-32 -5.28680184629025e-33 -4.02880106796849e-32 1.5876611270221e-34 3.68417317737887e-33 7.49949768320889e-33 -1.95586252256969e-34 0.99999999915948 7.14911802898447
-1.86598411329943e-30 3.20254047041655e-05 -4.09237812751604e-36 1.12604743603465e-35 1.70332474010492e-36 1.29795810875243e-35 -5.11473443762239e-38 -1.18682240122425e-36 -2.41578504957455e-36 6.30006237089991e-38 0.999999999990872 -60.6364941461292
-1.50885819301917e-27 -0.058896021028865 1.31800410938569e-33 -3.62666633408654e-33 -5.48603094287686e-34 -4.18052992389974e-33 1.64741717955204e-35 3.8227513901341e-34 7.78141193135994e-34 -2.02933965624807e-35 0.999999999264549 4.74982906030225
7.85537920646383e-27 -0.0781316678102189 1.75028996028597e-32 -4.81638263035607e-32 -7.28604416727689e-33 -5.5524553120902e-32 2.18815225423745e-34 5.07773738436103e-33 1.03364841768676e-32 -2.695811111886e-34 0.999999999508442 5.78644773363593
4.83088099541567e-27 0.155409752203865 -1.07909815923249e-33 2.96901108478012e-33 4.4907869036127e-34 3.42180654773385e-33 -1.34830322919796e-35 -3.12838253072301e-34 -6.36739749633441e-34 1.66042017696993e-35 0.999999999998485 4.99418754009714
-6.17688000501992e-28 -0.0178658155712369 9.03333507713824e-34 -2.48554857178857e-33 -3.75972608680883e-34 -2.8649205992326e-33 1.12893294332354e-35 2.61953324300916e-34 5.33199300195771e-34 -1.39049429926756e-35 0.999999998850792 5.39246916407544
8.16650220339338e-27 0.222400360222836 1.03212128105325e-33 -2.84007926575265e-33 -4.29625583489076e-34 -3.27395246783816e-33 1.29019069361396e-35 2.99388958568575e-34 6.09435390988692e-34 -1.58940170820354e-35 0.99999999973446 5.75970272407368
-1.47615862703488e-26 -0.222297463593802 -9.47167733239285e-33 2.60624720369668e-32 3.94243159650411e-33 3.00424392802861e-32 -1.18387383191736e-34 -2.74710901149008e-33 -5.5918599579893e-33 1.45831282944353e-34 1.00000000062586 5.07353998111094
1.07414752037152e-29 0.000376165358587898 -6.99507525116718e-36 1.92481487107211e-35 2.91169145907691e-36 2.21883071157981e-35 -8.74383899461793e-38 -2.0289920392865e-36 -4.13017466676965e-36 1.07713583641264e-37 0.999999999992416 -60.7404395054014
-1.06327737007969e-29 -7.7105259645908e-05 -1.53518663489674e-35 4.22443004170951e-35 6.39050098442249e-36 4.86994602559162e-35 -1.91916620196272e-37 -4.45349800735032e-36 -9.06566886155523e-36 2.36435372914696e-37 0.999999999992782 -61.0159257584081
1.29058281398234e-29 0.000298394950654087 4.79241637222482e-37 -1.32005995195273e-36 -1.9989067400898e-37 -1.52480318024938e-36 6.01497967603636e-39 1.39718751765378e-37 2.84698424711831e-37 -7.43240491362154e-39 0.999999999991375 -60.7527288381872
1.52972171485869e-27 0.0383052844692976 -1.36238212546429e-34 3.7477271065631e-34 5.66756653461334e-35 4.31765119975239e-34 -1.70097324388479e-36 -3.94591248059028e-35 -8.02984441886095e-35 2.09353692763797e-36 1.00000000008475 5.53613652184417
-1.21621676065849e-27 -0.0610088936155943 7.33553261031084e-34 -2.01870047896422e-33 -3.05402035853585e-34 -2.32752520854148e-33 9.17309775550095e-36 2.12881466091881e-34 4.33380696114734e-34 -1.13035601434429e-35 0.999999999479176 4.97287566735517
-6.31884461480179e-28 -0.0481509178836933 2.40748491281737e-33 -6.62462296464142e-33 -1.00211735732094e-33 -7.63657192074546e-33 3.0093831860383e-35 6.98323658542503e-34 1.42149691074172e-33 -3.70722615226205e-35 1.00000000017232 5.36304374174138
1.7277385027779e-27 0.0255745542568061 1.17406537326171e-33 -3.23018346400416e-33 -4.88564532745791e-34 -3.7225379650997e-33 1.46674807467841e-35 3.4030799262142e-34 6.92625824354177e-34 -1.80608928442449e-35 1.00000000016058 5.07123399151314
2.16796164447795e-29 0.000649776572618426 -9.80375285534626e-36 2.6977697942413e-35 4.0810999011454e-36 3.11008304221769e-35 -1.2256484054695e-37 -2.84419928892583e-36 -5.7898060966798e-36 1.51001752783113e-37 0.999999999989586 -60.7457116283497
-1.7074959039275e-26 -0.439882670817714 -1.46062322435542e-34 4.01279570457693e-34 6.0606064080904e-35 4.61113579898438e-34 -1.81425900180373e-36 -4.20330829752898e-35 -8.54266680224798e-35 2.2243854870065e-36 1.00000000032234 5.09172858092914
5.38457125542313e-31 -2.00500369620128e-05 1.14978809782502e-36 -3.16463188647054e-36 -4.78837769696918e-37 -3.6498584651985e-36 1.43867538015809e-38 3.33925667665909e-37 6.79902557440551e-37 -1.77360752901639e-38 0.999999999992772 -60.8279859999101
2.3154471872685e-27 0.110740117544066 -4.60419628630652e-33 1.26697349233592e-32 1.91664222699552e-33 1.46061923924026e-32 -5.75615078057077e-35 -1.33575720714776e-33 -2.71914763110826e-33 7.09172754651598e-35 1.00000000048991 4.74586372726474
-1.62885977730134e-26 -0.541299197509386 1.05771064357594e-32 -2.91057267346986e-32 -4.40301162711677e-33 -3.35539493719979e-32 1.32232017555615e-34 3.06852601928846e-33 6.24644441433997e-33 -1.62910819888236e-34 1.00000000077889 4.88793704734335
-6.7001728707877e-27 -0.0976368250625315 -5.56439418630887e-33 1.53112510520973e-32 2.31613203683291e-33 1.76497441037622e-32 -6.95524951126928e-35 -1.61393952422321e-33 -3.28527492431093e-33 8.5678172745574e-35 0.999999999760079 5.59431864223066
1.56082624771508e-29 0.000382183692956331 3.80686250959831e-37 -1.04873646396657e-36 -1.58827358038022e-37 -1.21173216832288e-36 4.78065147581973e-39 1.1106256231678e-37 2.26338341864901e-37 -5.90966010135714e-39 0.99999999999215 -60.6383849365031
2.06570666031881e-27 -0.0135196098399135 3.93832716774682e-33 -1.08366381112699e-32 -1.63921977930242e-33 -1.24911451068661e-32 4.92228224389139e-35 1.1421706671155e-33 2.32490601225029e-33 -6.06308704643452e-35 0.999999999926632 5.70804147978541
2.71614392915774e-26 0.432888112244643 1.87480946906468e-32 -5.15910184896227e-32 -7.80460480462473e-33 -5.94771568859783e-32 2.34395187464486e-34 5.43935529490992e-33 1.10727651346325e-32 -2.88787751352105e-34 1.00000000121782 6.97934085942223
3.67644385635498e-28 -0.0566394963145614 4.72689526393715e-33 -1.30066466700276e-32 -1.9674990779238e-33 -1.49929184968368e-32 5.90822477563299e-35 1.37097035887189e-33 2.79067347434991e-33 -7.27786480383186e-35 0.999999999735339 5.41513380055406
-9.45769351610058e-30 0.000214347708288804 -2.94283258442199e-35 8.09804752361377e-35 1.22505312674931e-35 9.33580943408313e-35 -3.67915618993327e-37 -8.53777496782824e-36 -1.73800527869053e-35 4.53285142134567e-37 0.99999999999074 -61.1108852001259
-2.20655842088034e-26 -0.597767126825803 3.12431013303289e-33 -8.59799910389417e-33 -1.3007696512113e-33 -9.91347130702332e-33 3.90706115779056e-35 9.06723353754786e-34 1.84590441271421e-33 -4.81457021981856e-35 1.00000000029837 7.31552487712027
-1.30679744247191e-29 -0.000437789271302095 2.08507468521205e-36 -5.7397990515806e-36 -8.68623254267693e-37 -6.62199003515325e-36 2.61062588836009e-38 6.0603937859736e-37 1.23414677204183e-36 -3.21993155069534e-38 0.999999999991813 -60.8240673368308
-9.48609759206998e-30 -5.64232578380593e-05 -1.31703282527924e-35 3.62409569609111e-35 5.4822969688085e-36 4.17780259742622e-35 -1.64638905985264e-37 -3.82047414224139e-36 -7.77699772379456e-36 2.02824628832817e-37 0.999999999991151 -60.8306639728843
1.99993575434557e-28 -0.0294276964734205 2.445796734673e-33 -6.72972186869025e-33 -1.01796700307042e-33 -7.75698107756279e-33 3.05668684868847e-35 7.09266404998808e-34 1.4437025802712e-33 -3.76495746700663e-35 0.999999999525742 4.96090974455297
9.10538378264714e-28 0.0692861350958263 -4.62740247848724e-33 1.27332687287774e-32 1.92620437931511e-33 1.46786891812165e-32 -5.78457384160018e-35 -1.342318853642e-33 -2.73243546808118e-33 7.12620214583165e-35 0.999999999480114 6.60258068382839
5.17043612852732e-30 -7.17695102592021e-05 1.23083428686245e-35 -3.38714074511664e-35 -5.12420784537225e-36 -3.90519462967093e-35 1.53906804492049e-37 3.57168533002524e-36 7.27107236526375e-36 -1.89643406927227e-37 0.999999999990798 -60.8595161592634
-1.32036835178164e-26 -0.474394133684675 6.43742340275708e-33 -1.77150525468226e-32 -2.67998657488811e-33 -2.04242073745195e-32 8.04927865865616e-35 1.8679657613534e-33 3.80268836373568e-33 -9.91805544197541e-35 0.999999999859668 6.66093622794575
-1.24450997045804e-29 -0.000644539544021268 1.90220102351251e-35 -5.23472574022855e-35 -7.91938174682198e-36 -6.03546954984921e-35 2.37864716789838e-37 5.52012876151396e-36 1.1237722016698e-35 -2.93103735673576e-37 0.999999999990926 -60.7407449761672
1.21059119460412e-27 -0.0849392971355312 6.77136219570399e-33 -1.86323490234256e-32 -2.81850629951191e-33 -2.14779515066859e-32 8.46380975138408e-35 1.96398947164544e-33 3.99781158575457e-33 -1.04260424831057e-34 1.0000000011512 5.14090898435821
-7.9459490253495e-27 -0.132368875128759 -7.26231991177991e-33 1.99829759830906e-32 3.02276789191077e-33 2.30341342777267e-32 -9.07691328875111e-35 -2.1062247771989e-33 -4.28727324321933e-33 1.11807676324933e-34 0.999999998139977 6.78499548071821
