7.27346548466448e-32 -0.0318698020753338 1.71037817475253e-38 -4.69996881068828e-38 -7.09998853381456e-39 -5.40309714945812e-38 2.12631254715015e-40 4.92733016137434e-39 1.00162726682974e-38 -2.60864284849675e-40 0.999999999375997 5.41648248374047
8.38157643647381e-34 7.37487038159245e-05 2.32009919463482e-40 -6.37568868304406e-40 -9.63180084955665e-41 -7.33010750191654e-40 2.88477795465041e-42 6.68520414394255e-41 1.35902319973071e-40 -3.53959096485756e-42 0.999999999989 -66.9004749876706
1.46878985011285e-34 -0.000541134630649411 -6.34008283363946e-42 1.73848023078538e-41 2.62060899562775e-42 1.99000859039419e-41 -7.81456227487299e-44 -1.80697595213148e-42 -3.66528514996634e-42 9.52521805028279e-44 0.999999999988925 -67.192178991082
6.92356441972466e-33 0.000313735016682734 9.64651176900333e-40 -2.65388266498307e-39 -4.01376921218498e-40 -3.05805262615761e-39 1.20485873530956e-41 2.79529060941748e-40 5.68888478102339e-40 -1.48334012897963e-41 0.999999999301262 4.76268051963392
7.5915820284942e-31 -0.71527577910409 1.58333287845995e-37 -4.3511205215976e-37 -6.57339672049928e-38 -5.00266058848257e-37 1.96884458931248e-39 4.56270170483631e-38 9.27561335045706e-38 -2.41589031876752e-39 0.999999999967941 8.26501809784129
-3.10007597978957e-34 -0.000316450033026672 -1.25395284449999e-40 3.44561991598378e-40 5.20491172517566e-41 3.96079001835083e-40 -1.55865307102852e-42 -3.61174707800261e-41 -7.34167419195589e-41 1.9119956000008e-42 0.999999999991163 -67.1072947104682
-1.11882422267464e-30 0.868187807630968 -2.43672850906938e-37 6.69611918886685e-37 1.01157724922779e-37 7.69834543175538e-37 -3.02966728593348e-39 -7.02089894740481e-38 -1.4272512292824e-37 3.71725320594277e-39 0.999999999503712 7.99756898944426
2.01867873073654e-31 0.0897189749654551 6.60948825571802e-38 -1.81620736678265e-37 -2.74361312290508e-38 -2.08786669647536e-37 8.21640537908394e-40 1.90397475196002e-38 3.87035163867603e-38 -1.00798408013131e-39 1.00000000048161 6.56765122377039
4.43059854545219e-32 0.0121117460551221 1.35853071765396e-38 -3.73304709581131e-38 -5.63919760942777e-39 -4.29134679182822e-38 1.68876455022398e-40 3.91331518764059e-39 7.95482193791732e-39 -2.07171544430437e-40 0.999999999293625 5.69680783666959
-9.84295169539542e-35 0.000107315802073684 -2.03749063671544e-41 5.59745213762297e-41 8.45366360918839e-42 6.43164341631391e-41 -2.53045206942743e-43 -5.86238685449534e-42 -1.19140854365467e-41 3.10213662460069e-43 0.999999999989451 -67.008539097025
3.51315630529361e-31 0.0671026155369027 1.03725727693743e-37 -2.85029541214156e-37 -4.3057925162199e-38 -3.27671584183552e-37 1.28950686750779e-39 2.98819389377973e-38 6.07440580039965e-38 -1.58202316689811e-39 1.00000000049933 5.37781299279838
3.19158320600221e-31 0.00622385649564584 9.38503877424511e-38 -2.57881529412874e-37 -3.89550928672661e-38 -2.96435838439793e-37 1.16653122241533e-39 2.70310093179247e-38 5.49462515101865e-38 -1.43096129331579e-39 1.00000000089752 4.95480196391859
4.5614320753404e-31 -0.0151229095667041 1.28693378092664e-37 -3.53627487233093e-37 -5.34189897673817e-38 -4.0650677069163e-37 1.59970201821573e-39 3.70689801574628e-38 7.53515336498619e-38 -1.96240012990363e-39 0.999999999273431 6.68150375236499
-3.93484350456028e-34 0.000289771818759477 -8.56555850002927e-41 2.35380429068894e-40 3.55586169904964e-41 2.70608749772631e-40 -1.06497155916845e-42 -2.4679390269422e-41 -5.01696140335963e-41 1.30665552413081e-42 0.999999999991362 -66.9523669163659
-2.81492603199485e-34 -0.000124695615552491 -8.95918339753635e-41 2.46186969995424e-40 3.71896026240877e-41 2.83009143492281e-40 -1.11372659240064e-42 -2.58081541941394e-41 -5.24620443471141e-41 1.36630444860698e-42 0.999999999992743 -66.7006767551543
9.6063933699276e-35 5.49921087833795e-05 1.35912995790238e-41 -3.73754176236325e-41 -5.65029028044447e-42 -4.30306314843123e-41 1.69466426509812e-43 3.92997381345959e-42 7.99475853671422e-42 -2.0836983760333e-43 0.999999999990181 -66.765233877673
3.01107098237114e-32 -0.345502846848814 -1.92173616135665e-38 5.27973545267969e-38 7.97425937445066e-39 6.06723706508099e-38 -2.38721053105887e-40 -5.53083457165546e-39 -1.12408844360957e-38 2.92701036820128e-40 1.00000000037912 5.71883018693
-2.8558191103571e-31 0.171827963683596 -6.68513577537037e-38 1.83710465679836e-37 2.77534776114222e-38 2.1121433138155e-37 -8.31244063279115e-40 -1.92634455971385e-38 -3.91605968448737e-38 1.01994944930019e-39 0.999999999628585 4.950670372566
-4.5407218932359e-35 2.87473227544073e-05 -8.94033396768823e-42 2.45592186464179e-41 3.70881483544538e-42 2.82148779504635e-41 -1.10999330155248e-43 -2.57135913160454e-42 -5.22534524828116e-42 1.36044570698417e-43 0.999999999990313 -66.9688242098091
-5.21386177532479e-31 0.353013282274054 -1.17994035271154e-37 3.24250698438381e-37 4.89848332700317e-38 3.72790478692807e-37 -1.46712525014299e-39 -3.39992873281436e-38 -6.9116598239245e-38 1.80015090112516e-39 1.00000000026251 6.87563860065606
2.95204371544108e-31 0.00282467219589212 8.52267242049607e-38 -2.34193989849107e-37 -3.53781840659991e-38 -2.69226488669931e-37 1.05949578702369e-39 2.45516632124449e-38 4.99082699905342e-38 -1.29980476355444e-39 0.999999999557747 4.52856409453194
1.80883353803443e-31 -0.0300321571812797 4.97264801866681e-38 -1.36636711551474e-37 -2.06398683567803e-38 -1.57061196152898e-37 6.18059196813198e-40 1.43215980354396e-38 2.91113803714596e-38 -7.58137756440136e-40 0.999999999278357 5.9258783892995
1.00517088478702e-33 8.66407713989094e-05 2.93526348860831e-40 -8.06619065270104e-40 -1.21856784836642e-40 -9.27370775372814e-40 3.64969265218295e-42 8.45783906951102e-41 1.71938231477859e-40 -4.4781589415454e-42 0.999999999992219 -67.1568663216349
5.40406547073879e-34 -7.20656061322541e-05 1.42325059051321e-40 -3.9112042023462e-40 -5.90880219994562e-41 -4.49687558459057e-40 1.7697889942529e-42 4.10140206288955e-41 8.33783152733618e-41 -2.17164032276639e-42 0.999999999989703 -67.0107037989002
-5.13822573460546e-34 0.000358923283866697 -1.25440991237069e-40 3.44702223361659e-40 5.20725131067128e-41 3.9627388539489e-40 -1.55948631852999e-42 -3.61383171837424e-41 -7.34622454996615e-41 1.91326218182678e-42 0.999999999990696 -66.9717101451821
2.67100109822777e-31 0.0304882697752783 7.75345375776922e-38 -2.13051149812939e-37 -3.21834356700499e-38 -2.44908231950729e-37 9.63770341304199e-40 2.23328406395616e-38 4.53967005036953e-38 -1.18227530925528e-39 0.999999999679767 5.46054544554361
5.75460668613537e-32 0.0167700288670552 1.78383692548923e-38 -4.9011947711883e-38 -7.4030145810699e-39 -5.6329733348995e-38 2.216491000622e-40 5.13563884558948e-39 1.04383746667319e-38 -2.71822427476151e-40 0.999999999366045 5.51403561515926
4.5959675073435e-32 0.0974240957587394 1.83522886344742e-38 -5.04213196750208e-38 -7.61549258719319e-39 -5.79434328519249e-38 2.27986752316769e-40 5.28220450771332e-39 1.07357081495146e-38 -2.79550429795673e-40 0.999999999294864 6.24326150285902
1.92462648254491e-31 0.105012834436053 5.39520043079309e-38 -1.48262035953701e-37 -2.23981513239619e-38 -1.70457786212293e-37 6.70842713068801e-40 1.55462197624583e-38 3.16037639060504e-38 -8.2312695118124e-40 1.00000000090497 6.63710847508944
1.3385161953063e-34 0.000282078072306126 6.85767635396977e-41 -1.88449832342524e-40 -2.84691409551594e-41 -2.16658345678899e-40 8.52659577114306e-43 1.97595094000449e-41 4.01685864441638e-41 -1.04619091768736e-42 0.999999999992187 -66.8261650391385
-1.33317865681329e-30 0.540002017387033 -3.23104162132747e-37 8.87889246367176e-37 1.34132767304946e-37 1.02078301290404e-36 -4.01727150060903e-39 -9.30956037823922e-38 -1.89250518822868e-37 4.92900204090672e-39 1.00000000061992 7.71750656588532
7.84970447543538e-32 0.0150375941390873 2.15871727094497e-38 -5.93125082546183e-38 -8.95894041345066e-39 -6.81693975244891e-38 2.68238710216696e-40 6.2151795147214e-39 1.26326890802488e-38 -3.2896670109395e-40 0.99999999946236 5.29057204812552
3.2141342177125e-31 0.00396506839453876 9.07855547387972e-38 -2.4947036125577e-37 -3.76860831222731e-38 -2.86790991170005e-37 1.12862380079751e-39 2.61537001505218e-38 5.31651433404182e-38 -1.38463354152556e-39 1.00000000095437 6.23120855592574
-3.00815610693991e-31 0.0569078044618576 -7.95804822070156e-38 2.18685594624194e-37 3.30364694801589e-38 2.51414049007612e-37 -9.89429043287985e-40 -2.29287302320046e-38 -4.66106619243348e-38 1.21396047930752e-39 0.999999999622905 5.46209124065972
2.9438271219736e-31 -0.0265485889033614 8.17973243707257e-38 -2.24765833627231e-37 -3.39532486526937e-38 -2.58377582120264e-37 1.01678123321722e-39 2.35613651322957e-38 4.78942404584221e-38 -1.24732647504746e-39 1.00000000031841 5.4312457322286
8.45048365506905e-34 -0.000325693187785501 2.09226812647236e-40 -5.74977434968145e-40 -8.68648567588755e-41 -6.61088915351533e-40 2.601805589945e-42 6.02962147263697e-41 1.22578745312529e-40 -3.19267203045237e-42 0.999999999993337 -66.9759873959639
-1.73835740581245e-31 0.182926570876681 -3.55870075345031e-38 9.78001471210511e-38 1.47756770482998e-38 1.12454731383877e-37 -4.4259578543693e-40 -1.02573943983927e-38 -2.08533941014199e-38 5.43163352126495e-40 0.999999999331744 5.18740112621898
-4.16005343710008e-34 -1.7789578991992e-05 -1.09417378086443e-40 3.00671876330039e-40 4.54212573754327e-41 3.45659067260518e-40 -1.36030392308413e-42 -3.15227561643846e-41 -6.40799740207583e-41 1.66891600799367e-42 0.999999999991963 -66.9502842856639
-3.79267672810228e-34 -2.31019074877862e-05 -1.14857134379288e-40 3.15610605912956e-40 4.7676574200162e-41 3.62811421635371e-40 -1.42776277532104e-42 -3.30850194258499e-41 -6.72537716710273e-41 1.75152324326476e-42 0.999999999990695 -67.1271111786517
4.37043306474621e-31 -0.232775868096982 1.05430578169132e-37 -2.89722021504401e-37 -4.37679565796332e-38 -3.33083789201678e-37 1.31084071667164e-39 3.03771194557006e-38 6.17523049330121e-38 -1.60832484110452e-39 0.999999999554421 6.34960418718369
6.19349652102493e-32 -0.656461314749869 -3.25873131817465e-38 8.95248632161145e-38 1.35206807654751e-38 1.02866946536065e-37 -4.04717770726538e-40 -9.37624345504166e-39 -1.90552797453046e-38 4.96153125639956e-40 0.999999998223614 7.86738588001917
9.6658874476499e-32 0.00919523514370169 2.73286543545336e-38 -7.50927599004084e-38 -1.13432558238631e-38 -8.63176971301446e-38 3.39673104609761e-40 7.87086951603462e-39 1.59990493612964e-38 -4.16657932294978e-40 1.00000000032351 5.50120187412827
1.41609326156608e-31 -0.0416374840804293 3.21988748088126e-38 -8.84796980740305e-38 -1.33661524932347e-38 -1.01716556808379e-37 4.00291241354032e-40 9.27600047856757e-39 1.88562510657524e-38 -4.91093236953909e-40 0.999999998680803 6.36153871767617
-6.33956587247416e-34 0.000127328343278236 -1.70881553634225e-40 4.69563754146301e-40 7.09338921562965e-41 5.39803222076238e-40 -2.12430245825333e-42 -4.92263309793496e-41 -1.00066450910354e-40 2.60611476376307e-42 0.999999999990979 -66.9307582891362
1.00363654704594e-31 -0.389440917034876 -3.25036295617412e-40 8.8224388080775e-40 1.31624538397276e-40 9.89093489920589e-40 -3.84295254013057e-42 -8.79061060078429e-41 -1.76362853964565e-40 4.53243201405506e-42 1.00000000049591 7.14980944457192
-6.6708795268218e-31 -0.60874974441455 -2.32039180974184e-37 6.37611706786465e-37 9.63188035471241e-38 7.32973596849292e-37 -2.88446169411305e-39 -6.68407715123066e-38 -1.35871397578455e-37 3.53857689937432e-39 1.00000000103408 8.27795774680877
1.67631035810721e-34 -6.15492057177501e-05 3.44254384923778e-41 -9.46176728589941e-41 -1.42963403269713e-41 -1.08817800699159e-40 4.28325765351733e-43 9.92770088878206e-42 2.01852008014168e-41 -5.25813178967021e-43 0.999999999990479 -67.0196093039629
-3.34758549601734e-31 0.200601841636534 -7.39264210636624e-38 2.03148799901274e-37 3.06894203975954e-38 2.33553066339486e-37 -9.191399893025e-40 -2.12999208620012e-38 -4.32996350292189e-38 1.12772834341079e-39 0.999999999933286 7.5540163611512
1.98250096505085e-31 -0.0852688493992726 4.68948905490424e-38 -1.28855861902435e-37 -1.94644740927945e-38 -1.48116562433179e-37 5.82859352350254e-40 1.3505919269107e-38 2.74532927559132e-38 -7.14955056067394e-40 1.00000000026539 5.56722621201859
3.46422546713274e-32 0.0412310832667356 1.35304116695311e-38 -3.71757842063591e-38 -5.61525005019204e-39 -4.27268141923148e-38 1.68124541286349e-40 3.89548863034291e-39 7.91776623153612e-39 -2.06185163517419e-40 1.00000000005921 5.13827286292358
-5.11522443110691e-32 -0.181215347158798 -4.0289896146257e-38 1.10719569827798e-37 1.67267847551448e-38 1.2729841597355e-37 -5.00994228174865e-40 -1.16102795496034e-38 -2.3602746353397e-38 6.14746984232683e-40 0.999999998938555 7.34888895258778
-1.02815719780045e-30 0.645711631523991 -2.28806772779749e-37 6.28761174835649e-37 9.49866134510604e-38 7.22872250849523e-37 -2.84485348509905e-39 -6.59262686568338e-38 -1.34019195113898e-37 3.49051516619245e-39 0.999999999487361 7.59002606660888
-5.82381296398463e-35 -0.000103526819974752 -2.43942310675717e-41 6.70224882146582e-41 1.01231058141577e-41 7.70245974957003e-41 -3.03070921304561e-43 -7.02197551927271e-42 -1.42719803858284e-41 3.71640600584252e-43 0.999999999991386 -67.106036241854
7.43177765696134e-35 -1.28303032188234e-05 1.30557007613549e-41 -3.58915305140427e-41 -5.42429808083833e-42 -4.12969055595282e-41 1.625887930112e-43 3.76932753067785e-42 7.66561487182181e-42 -1.99730349720913e-43 0.999999999993921 -67.1450548829586
2.40330843994117e-31 0.04185452539436 7.33871622557672e-38 -2.01655708785449e-37 -3.04621665796228e-38 -2.31810718553009e-37 9.12232274873177e-40 2.11386666200489e-38 4.29694364694585e-38 -1.11906609017679e-39 1.00000000106757 5.1826332427613
6.48611096476358e-32 -0.0348025104414084 1.5579286352904e-38 -4.28097248618977e-38 -6.46691505498449e-39 -4.92123761877509e-38 1.93664809025534e-40 4.48773626358537e-39 9.12249964847089e-39 -2.37582471419391e-40 0.999999999307131 4.9812515371413
-1.48594537367535e-30 0.445563896760086 -4.05561395362982e-37 1.11444349895051e-36 1.6835241284057e-37 1.28115918524074e-36 -5.04180497562788e-39 -1.16833995372004e-37 -2.37499297663137e-37 6.18542353767808e-39 0.999999999437374 8.74601148095365
-2.03581585523379e-34 0.000181458749295478 -4.3798126695137e-41 1.20350747244467e-40 1.81803354311197e-41 1.38349455304697e-40 -5.44442745726042e-43 -1.26161608441268e-41 -2.5645556979218e-41 6.67899422012235e-43 0.999999999990051 -66.9845677452458
-1.04241903260156e-30 0.00891496432515282 -3.13369893027365e-37 8.61118217741834e-37 1.30085271402224e-37 9.89956099491282e-37 -3.8958564089667e-39 -9.02797159839667e-38 -1.83521664988447e-37 4.77967654814032e-39 1.00000000010592 6.76669798186836
-7.06324282317574e-34 -0.00029841161205387 -2.33872309797272e-40 6.42654384829841e-40 9.70813895836053e-41 7.38783092444631e-40 -2.90734858056343e-42 -6.73716984417152e-41 -1.36951816600917e-40 3.56674536667505e-42 0.999999999992707 -66.8791039427245
1.28203864521898e-30 0.0529537220292481 3.75977970293215e-37 -1.03316866551258e-36 -1.56077354537033e-37 -1.18776636373637e-36 4.67435127567388e-39 1.08320811982235e-37 2.2019749851646e-37 -5.73491341615709e-39 1.00000000049961 7.63244515487085
-5.46217045371479e-32 0.139148252712484 -2.03012294748522e-38 5.57817674899956e-38 8.42601160035687e-39 6.41171634774472e-38 -2.52304940749135e-40 -5.8462509651399e-39 -1.18833551429572e-38 3.09467265623688e-40 1.0000000001485 6.58000809862037
-1.03463233923642e-32 0.0174064877616222 -1.34972132285312e-39 3.70766576369519e-39 5.5990822820726e-40 4.25946980635058e-39 -1.67568892182928e-41 -3.88178477862879e-40 -7.88822670909222e-40 2.05372026466907e-41 0.999999999418218 5.04342417474918
9.32264917576137e-35 -0.000245374753536413 2.53009454167462e-42 -6.98163229170043e-42 -1.05908251418911e-42 -8.09315583230447e-42 3.1981445099008e-44 7.44168765356321e-43 1.51896476003277e-42 -3.97219919069574e-44 0.999999999993164 -67.1429623356468
1.80551567703819e-30 -0.216084975822578 4.97730750747002e-37 -1.36772799588826e-36 -2.06616424890811e-37 -1.57236152172908e-36 6.18784134215258e-39 1.43392411768311e-37 2.91489612778639e-37 -7.59161208133738e-39 0.999999999151741 7.64339416077837
-4.22885323769059e-34 0.000347265418026177 -1.0013144056035e-40 2.75164714666643e-40 4.1569506236528e-41 3.16358459534079e-40 -1.2450398136633e-42 -2.88527536410852e-41 -5.86544833225002e-41 1.52766867706594e-42 0.999999999993455 -66.9081180926355
5.19961080912017e-31 0.0126402279736707 1.56630757676629e-37 -4.30403110781077e-37 -6.50179984546589e-38 -4.94782405372135e-37 1.94712617834316e-39 4.51205287092349e-38 9.17200277130355e-38 -2.38873616336941e-39 1.00000000047988 6.3294799836256
6.06276867892136e-31 0.102109227083338 1.85632163087181e-37 -5.10107453931953e-37 -7.70601687832887e-38 -5.86436104208376e-37 2.30786627541634e-39 5.34811599736683e-38 1.08717863505892e-37 -2.83148985741734e-39 0.999999999714705 5.55709129981399
-9.34436161603436e-32 0.162437149243963 -1.89163311814394e-38 5.19779839426533e-38 7.85166574438525e-39 5.97484497737719e-38 -2.35120602461638e-40 -5.44822425455517e-39 -1.10746290160577e-38 2.88414717001025e-40 0.999999999486967 5.40512463111433
-3.896841841401e-32 0.053415391958075 -6.18858407515396e-39 1.70083270256686e-38 2.56975515086312e-39 1.95588967625674e-38 -7.69832362058766e-41 -1.78421922075279e-39 -3.6275230468751e-39 9.44900678774348e-41 0.999999999551509 4.76863845131555
-7.13480010735595e-32 0.156199167417165 -1.16327678165345e-38 3.19662017433622e-38 4.82901852221958e-39 3.67493093389553e-38 -1.44623446092933e-40 -3.35141711862068e-39 -6.81284004283247e-39 1.77436077648049e-40 0.999999999613091 5.29515864170904
-4.26927239190603e-31 -0.171053008573972 -1.38437636162341e-37 3.80411873733183e-37 5.74663737518799e-38 4.37316615466277e-37 -1.72098608377053e-39 -3.98803511347617e-38 -8.10681943895262e-38 2.11132959507811e-39 0.999999999944343 5.5553595395126
4.39797326138649e-34 0.000570685081833103 1.80726349928474e-40 -4.96631836939816e-40 -7.50252539482595e-41 -5.70956268139408e-40 2.24697069757453e-42 5.20705547955403e-41 1.05851474112856e-40 -2.75686577641921e-42 0.999999999989974 -67.0313645549497
-9.59637749147955e-34 3.86915382969147e-05 -2.75298790641347e-40 7.56497366733013e-40 1.14280038866007e-40 8.69672617163158e-40 -3.4224759826542e-42 -7.93095085380974e-41 -1.61220410119144e-40 4.19883486412031e-42 0.999999999990869 -67.1795672595483
-4.59602089846974e-34 0.000168357326407152 -1.23018834547728e-40 3.38044513962123e-40 5.10664912639467e-41 3.88615934513542e-40 -1.52934119469058e-42 -3.54395669960794e-41 -7.20414327383265e-41 1.87624819177828e-42 0.999999999991149 -66.9307041581696
9.76709960607988e-32 -0.0108665836427914 2.6318704835337e-38 -7.23178978070184e-38 -1.09241313154188e-38 -8.31286037097105e-38 3.27124636927895e-40 7.5801230386291e-39 1.54081027941865e-38 -4.01269440737168e-40 0.999999999942255 5.60628370136942
1.51475003849367e-32 -0.521916997299242 -3.65515353627443e-38 1.0042357559958e-37 1.51679028018674e-38 1.15408503612516e-37 -4.5409763328719e-40 -1.05210930554746e-38 -2.13836755942752e-38 5.56823840482892e-40 1.00000000151514 5.30603744615891
7.16594890355004e-32 0.0312459748711369 2.32762546438555e-38 -6.39576126394506e-38 -9.66120345652245e-39 -7.35178278409735e-38 2.89303241535987e-40 6.70369375772548e-39 1.36265195526053e-38 -3.54870361189222e-40 1.00000000005343 4.97673181950274
1.07082853633583e-31 0.00418490697696844 2.9205837348972e-38 -8.02488378067934e-38 -1.21218157338226e-38 -9.22399497117716e-38 3.62969078788167e-40 8.41047322667484e-39 1.7095473924635e-38 -4.45200724771813e-40 0.999999999351612 5.35813134473663
-6.18246633259664e-35 9.72038979696492e-05 -1.79761788947784e-41 4.93768791370314e-41 7.45606435460387e-42 5.67176241263919e-41 -2.23113332370525e-43 -5.16812685574548e-42 -1.05014830198269e-41 2.73389623686108e-43 0.999999999988888 -66.9482689693028
2.52205820988624e-32 -0.328356932437988 -1.40520800028785e-38 3.8609915038541e-38 5.83199151684533e-39 4.43769390126152e-38 -1.74621197404188e-40 -4.04610157361305e-39 -8.22406392302403e-39 2.14165813444466e-40 0.999999999762669 5.3010944494984
-8.06821557616194e-35 2.53535082612064e-05 -3.51198206279406e-41 9.6502586504945e-41 1.45775808457889e-41 1.10931381134582e-40 -4.36538525369905e-43 -1.01155841914065e-41 -2.0562185518222e-41 5.35502602892205e-43 0.999999999991649 -67.0364173934628
-3.86952121605884e-32 0.0639799112843485 -8.31953029124655e-39 2.28647766972562e-38 3.45457770272144e-39 2.62933200104824e-38 -1.0348921388062e-40 -2.39852907702603e-39 -4.87646154096387e-39 1.27021907942641e-40 0.999999999490898 5.65512325053446
4.45039214571286e-31 -0.29585903171406 1.02152993379925e-37 -2.80719769422619e-37 -4.24086792104145e-38 -3.22744580531627e-37 1.2701715240049e-39 2.94351346929422e-38 5.98383488989099e-38 -1.55850138086207e-39 0.999999999829686 5.51496080126683
-1.07346565592641e-31 -0.00738729783122243 -2.93710688410833e-38 8.07166525412259e-38 1.21945667287396e-38 9.2809420883361e-38 -3.6527247418685e-40 -8.4652943732601e-39 -1.7209850415944e-38 4.48256024309894e-40 0.999999999711525 4.96289229551387
3.1322582809694e-34 0.000378219163012509 1.08626483629412e-40 -2.9850956166837e-40 -4.50962686588353e-41 -3.43198534177514e-40 1.35067055178519e-42 3.13006725670876e-41 6.36308634016862e-41 -1.65728030030066e-42 0.999999999992763 -66.8879021203778
1.60299086504561e-31 -0.0511612670345168 3.89663336871458e-38 -1.07071435438012e-37 -1.61740040112949e-38 -1.23078990558169e-37 4.84339067826905e-40 1.12231641199353e-38 2.28134537971349e-38 -5.94129032661906e-40 1.00000000029307 5.18260435128663
1.1149783778921e-30 0.196524425703276 3.28338383603611e-37 -9.02255126905834e-37 -1.36300328471315e-37 -1.03725826395133e-36 4.08202914239687e-39 9.4594423338439e-38 1.92293622109399e-37 -5.00816046608238e-39 1.00000000066401 7.00630600659301
1.30627022423113e-31 -0.0214101023091459 3.7253920103431e-38 -1.02373484799133e-37 -1.5465459826784e-38 -1.17695713375636e-37 4.63188375043209e-40 1.07338344618051e-38 2.1820366924534e-38 -5.68307275279884e-40 1.00000000019903 5.08973223909368
-4.46888780556681e-34 -4.4609304318239e-05 -1.42919304378594e-40 3.92720495127604e-40 5.93247720520048e-41 4.5145144179208e-40 -1.77658178129744e-42 -4.11679837220705e-41 -8.36842831862103e-41 2.17942641719357e-42 0.999999999990574 -67.4158127223655
6.98599287043809e-32 -0.293115014872317 7.7224709170254e-39 -2.12216783183958e-38 -3.20599666901772e-39 -2.43988252442282e-38 9.6022722442791e-41 2.22525303516249e-39 4.52370998836888e-39 -1.1782139759418e-40 0.999999998208778 7.02393557586238
6.70435082137051e-34 -0.000412147337690671 1.75428442037457e-40 -4.82087488463056e-40 -7.28302096460456e-41 -5.54267892262021e-40 2.18135868527052e-42 5.05515743537437e-41 1.02766651319454e-40 -2.6766016339365e-42 0.999999999994015 -67.0770274848366
9.44344328551897e-35 -0.000265168813943815 2.77403869284621e-42 -7.63492287422131e-42 -1.15519617177076e-42 -8.80498039320651e-42 3.47055836543566e-44 8.05507634474269e-43 1.64001944884023e-42 -4.27800673413639e-44 0.999999999989966 -67.1324476748473
2.34878854536372e-31 -0.0379203205951185 6.22570410613952e-38 -1.71073971711075e-37 -2.58427807316479e-38 -1.96660439480932e-37 7.73916248808648e-40 1.79337520660773e-38 3.64550981155792e-38 -9.49422220818445e-40 1.00000000009812 5.48175837752845
1.69377568435716e-31 -0.0593802926147879 4.33216776468589e-38 -1.19044375596266e-37 -1.79834221712256e-38 -1.36854240051367e-37 5.3857150688438e-40 1.24804063922129e-38 2.53702061512321e-38 -6.60744074114172e-40 0.999999999627624 6.52006147806192
-4.00686577382094e-34 0.00025867948675844 -1.00692672107617e-40 2.76699404600571e-40 4.18002065787816e-41 3.18105437249201e-40 -1.25188073586964e-42 -2.90104897147426e-41 -5.89735239945257e-41 1.53593597728122e-42 0.999999999992697 -67.0566963737488
3.72354549005671e-31 -0.130689613168571 9.60191211794213e-38 -2.63852356149008e-37 -3.98587863002101e-38 -3.0332598990914e-37 1.19369775072433e-39 2.76617317685166e-38 5.62308011603687e-38 -1.46447913612063e-39 0.999999999392944 6.38317294540528
1.49169929078922e-34 -3.19451279870617e-05 3.83418410183092e-41 -1.05369149281356e-40 -1.59189283759764e-41 -1.21153689196965e-40 4.76824603173306e-43 1.10504739942523e-41 2.24653439839049e-41 -5.85139276667786e-43 0.99999999999096 -67.0439863384744
1.31952205060828e-31 -0.040007837885454 3.55968422695746e-38 -9.78160736130484e-38 -1.47764062387507e-38 -1.12447519401521e-37 4.42517179619771e-40 1.02544089038808e-38 2.08449588989401e-38 -5.42882032009284e-40 0.999999999460032 5.15972514760867
-4.57085565179562e-31 -0.536859445502009 -1.7364702210562e-37 4.77148039711596e-37 7.20773455983092e-38 5.48487680631073e-37 -2.1584110814451e-39 -5.00151617517769e-38 -1.01666787664965e-37 2.64771069807688e-39 1.00000000052955 7.23839618912495
