-1.15466593877129e-09 -0.00756497225135812 7.30057850858623e-12 -2.01717123824827e-11 -3.06399646771791e-12 -2.34453311361514e-11 9.27734779766138e-14 2.16168147753607e-12 4.41844687382114e-12 -1.1570756213373e-13 1.00000000033927 4.43368217394649
2.29178518751469e-11 0.000141004765593842 -1.33983148512566e-13 3.70226543215842e-13 5.62399501829284e-14 4.3037290430263e-13 -1.70311616786342e-15 -3.96866114667015e-14 -8.11248377005474e-14 2.12460320830906e-15 0.999999999982366 -32.4131116937761
2.85744310660862e-11 0.000180885471061786 -1.86172897266477e-13 5.1444168125663e-13 7.81476354320464e-14 5.98023364646497e-13 -2.36657252769542e-15 -5.51469986538493e-14 -1.12728574843282e-13 2.95229887752747e-15 0.999999999982633 -32.5337686746185
-2.28980420115432e-10 -0.00155301554959372 1.18417116283222e-12 -3.2723564453911e-12 -4.97126293087594e-13 -3.80448159023461e-12 1.50564852231934e-14 3.50874752496562e-13 7.17283292503e-13 -1.87863965843678e-14 1.00000000003997 3.88333839405791
-4.76818547949764e-08 -0.31516219304437 2.98938119014529e-10 -8.25995327645886e-10 -1.25468263376062e-10 -9.60091892175816e-10 3.79919054131839e-12 8.8525776736256e-11 1.80949959896822e-10 -4.73872392316131e-12 0.999999999027827 7.02494098790034
2.18107025206155e-12 1.08636236241806e-05 -2.72556657181757e-14 7.53141062935839e-14 1.14407859768179e-14 8.75503755113188e-14 -3.46465121874332e-16 -8.07349211641783e-15 -1.65033991141179e-14 4.32214715809017e-16 0.999999999985786 -32.3164372916251
5.83623185901071e-08 0.385701765594607 -3.42922202489895e-10 9.47518499491343e-10 1.43926178541558e-10 1.1013224941621e-09 -4.35801361443435e-12 -1.01546054292321e-10 -2.07561880939858e-10 5.43558527296031e-12 0.999999999877624 6.86126032471276
-2.82725797084283e-09 -0.0182693931687031 1.6435924357385e-11 -4.54100418116598e-11 -6.89714997467308e-12 -5.27727897703814e-11 2.08809277958654e-13 4.86507930842548e-12 9.94351946878549e-12 -2.60378128080841e-13 0.999999999689703 5.14400989790134
-1.47409615866903e-10 -0.00183439116660638 6.59376737695656e-13 -1.82232947645678e-12 -2.76872732450362e-13 -2.11912267134077e-12 8.38747757243933e-15 1.95482123793513e-13 3.9966195205625e-13 -1.04686996062364e-14 0.999999999682245 4.03980027928861
-7.91819939659191e-11 -0.000509080035559395 4.75434468256973e-13 -1.31370955592661e-12 -1.99557500951127e-13 -1.52707150451328e-12 6.04296456327916e-15 1.40812470840957e-13 2.87834114034396e-13 -7.53802515063733e-15 0.999999999981564 -32.3869026141977
-1.3684677460102e-09 -0.00769212031649708 4.4613123394107e-12 -1.23274786566618e-11 -1.87260375428946e-12 -1.43298002619982e-11 5.67066171062374e-14 1.32138002613938e-12 2.70104492723179e-12 -7.07375553991163e-14 0.999999999994663 4.10979563354062
-4.85858014572047e-09 -0.0292089704070345 2.38768759789127e-11 -6.59770215633679e-11 -1.00223118431059e-11 -7.6694767701759e-11 3.03502951662485e-13 7.07229714476802e-12 1.44566662311778e-11 -3.78608169268614e-13 1.00000000047466 4.76104293553564
-2.17355134675681e-09 -0.0136865655504532 9.97576089113105e-12 -2.75656558936375e-11 -4.18745962032102e-12 -3.20446514441296e-11 1.26811847268384e-13 2.95504774726702e-12 6.04058847621154e-12 -1.58200614962411e-13 0.999999998845052 5.7603182039251
-1.02244380017306e-11 -7.59457927837829e-05 5.32266957679122e-14 -1.47093861060179e-13 -2.23470181932525e-14 -1.71028003769209e-13 6.76883954247451e-16 1.57747178277852e-14 3.22492073622849e-14 -8.44676966705194e-16 0.999999999985083 -32.4474897436768
4.99442338930984e-11 0.000324814506446499 -2.9304983363829e-13 8.09737430774428e-13 1.23000521784285e-13 9.41222521548049e-13 -3.72457757514403e-15 -8.67884904505023e-14 -1.77401512678474e-13 4.64586593358159e-15 0.999999999979106 -32.1460447614182
1.84779510035509e-13 2.74294336209595e-06 -2.51071491568793e-15 6.94443925140651e-15 1.05593344303024e-15 8.08831589785348e-15 -3.20389741736793e-17 -7.47307048024851e-16 -1.52907648698111e-15 4.00841884721653e-17 0.999999999985792 -32.181864953584
-1.12895143486648e-08 -0.0743392294678754 6.97850625235072e-11 -1.92822420581106e-10 -2.92895427850278e-11 -2.24124985027049e-10 8.86885006837115e-13 2.06654444628078e-11 4.22408124241671e-11 -1.10620074363553e-12 0.999999999808297 3.81050453152389
1.86091192570044e-09 0.0125631887645438 -1.1125989435638e-11 3.07396618624958e-11 4.66895326626655e-12 3.57242057603844e-11 -1.41352987070739e-13 -3.29342510320869e-12 -6.73132659142588e-12 1.76265655081888e-13 0.999999999441496 3.34069671989329
8.28307227478133e-11 0.000537789639020759 -5.07373705954515e-13 1.40197195091227e-12 2.12966207099634e-13 1.62968882235844e-12 -6.44908402700967e-15 -1.50276745769613e-13 -3.07181886307921e-13 8.04476931812887e-15 0.99999999998398 -32.3426168323171
5.2066289126169e-08 0.327705953528236 -3.00790307396498e-10 8.31101939992658e-10 1.26242259062547e-10 9.66001582329015e-10 -3.82252448432277e-12 -8.90682893441223e-11 -1.82056429499008e-10 4.76763612550922e-12 1.00000000066176 5.27951594426214
5.2240992729763e-09 0.0367273791211659 -3.69857595617801e-11 1.02196330410424e-10 1.55237294281319e-11 1.18789880782844e-10 -4.70069622343701e-13 -1.09533086023304e-11 -2.238919793662e-11 5.8633513481727e-13 0.999999999661227 4.06470844651712
-1.99994086947992e-09 -0.0122839990433176 1.19046832358435e-11 -3.28909486586961e-11 -4.99568397240087e-12 -3.82239999367521e-11 1.51243480355509e-13 3.52385142759716e-12 7.20225658184778e-12 -1.88596556286513e-13 0.999999999679171 3.43917262141847
-2.48293526868719e-11 -0.000160032479484458 1.70549832525707e-13 -4.7126863473357e-13 -7.15889147448381e-14 -5.47829784985343e-13 2.1679280325488e-15 5.05178058362506e-14 1.03265243308538e-13 -2.70444427672512e-15 0.999999999984784 -32.5663950038223
6.38504308586778e-11 0.000411103301662355 -3.88279318222733e-13 1.07289009925332e-12 1.62976962436535e-13 1.24715323931858e-12 -4.93529112616863e-15 -1.15002195133694e-13 -2.35076685074269e-13 6.15640463000009e-15 0.999999999981724 -32.4602679804832
2.02302614721827e-11 0.000129262271132739 -1.18758527006849e-13 3.28145049715929e-13 4.98456099076469e-14 3.81426260653955e-13 -1.50936273603746e-15 -3.51703794688274e-14 -7.18903434894354e-14 1.88268747727272e-15 0.999999999985514 -32.4287451948162
-5.45836858297884e-09 -0.0330828361692341 2.66677755887756e-11 -7.36797973402684e-11 -1.11910298004816e-11 -8.56277034995117e-11 3.38811306337415e-13 7.89408658913638e-12 1.61345161943635e-11 -4.22497531307484e-13 1.00000000032503 4.60144264925942
9.67806625110457e-09 0.0587225333124744 -5.9957477813063e-11 1.65659621490891e-10 2.51622791128462e-11 1.92533321700182e-10 -7.61835468407566e-13 -1.77507565749757e-11 -3.6281281755559e-11 9.50085181138121e-13 0.999999999295692 5.54222909908338
1.19915302785882e-08 0.0796639555074559 -7.15266578994911e-11 1.97639473025043e-10 3.00219877766745e-11 2.29735345904737e-10 -9.09108149055424e-13 -2.1183790829464e-11 -4.3301394430832e-11 1.13400313493954e-12 1.00000000017325 5.69199189152214
3.53432872188421e-09 0.022777583305817 -2.29474408241672e-11 6.34110262214609e-11 9.63286129948703e-12 7.37171354259265e-11 -2.91729905469458e-13 -6.79819861362817e-12 -1.38968643931697e-11 3.63960255331691e-13 0.999999998999026 5.01851717161171
4.86722845599112e-12 3.59395155398311e-05 -3.14964733821409e-14 8.70490443395896e-14 1.3225925548502e-14 1.01230351117943e-13 -4.0067731532584e-16 -9.3385435660711e-15 -1.90929749267312e-14 5.00129199347248e-16 0.999999999981805 -32.3352290769278
2.26523237267139e-08 0.145495551862498 -1.29133235734284e-10 3.56800102781585e-10 5.41965836090166e-11 4.14707098589916e-10 -1.64100681728257e-12 -3.82366378943961e-11 -7.81554171193008e-11 2.04669271152944e-12 1.000000000214 5.76953265032063
-3.18889210686493e-09 -0.019782714963189 1.86369039317669e-11 -5.14934209545491e-11 -7.82149416621754e-12 -5.98480940924575e-11 2.36815585082362e-13 5.51785943488158e-12 1.12782329052274e-11 -2.95342301769711e-13 0.999999999845005 3.69196363274206
-5.945436752054e-09 -0.0385829541587026 3.09768192044644e-11 -8.55889525875344e-11 -1.30004564733194e-11 -9.9476868824581e-11 3.93627077824327e-13 9.17166575501373e-12 1.87465581415943e-11 -4.90918088389673e-13 1.00000000044632 5.79099144527231
1.64418431973173e-09 0.0101406554944461 -8.30789026799704e-12 2.29536180291469e-11 3.48635450016996e-12 2.66756218281776e-11 -1.05549677293506e-13 -2.45923288917797e-12 -5.0263470824221e-12 1.31619263059006e-13 0.999999999695088 4.06522194305639
1.48764742406791e-09 0.00856905710184292 -8.94170666536539e-12 2.47064151690336e-11 3.75283138838619e-12 2.87164656162906e-11 -1.13632425360841e-13 -2.64773161708194e-12 -5.41197421696897e-12 1.41726690316549e-13 1.00000000000573 3.41398625436085
1.13538682268837e-11 7.53706493173971e-05 -6.23538005551146e-14 1.72283785936981e-13 2.61689250869457e-14 2.00239603619927e-13 -7.92343363156267e-16 -1.84619370762167e-14 -3.77355930409438e-14 9.88187283223209e-16 0.999999999986412 -32.4072341692972
2.49608315772386e-08 0.160281068532373 -1.45874424345879e-10 4.03057420361987e-10 6.12230116637112e-11 4.6847355101436e-10 -1.85376561075882e-12 -4.31941530825983e-11 -8.82887115807030e-11 2.31206247904797e-12 0.999999999926734 4.1479439231322
1.08043542032794e-11 6.94755899176211e-05 -7.18445779200589e-14 1.98526001819026e-13 3.01578791219153e-14 2.30784593533945e-13 -9.13297327027808e-16 -2.12822703429247e-14 -4.35044615090493e-14 1.13936745110862e-15 0.999999999983967 -32.3686924906032
3.29078907338529e-11 0.000204706947435865 -1.92012779083984e-13 5.30551590303293e-13 8.05907337770549e-14 6.166876022156e-13 -2.44030821554394e-15 -5.68623158126997e-14 -1.16228993701949e-13 3.04381731096318e-15 0.999999999986362 -32.4702779277509
-1.41959586337831e-08 -0.0932200471802809 8.61604824112451e-11 -2.38063783130393e-10 -3.61608426401214e-11 -2.76698224104e-10 1.09489773844973e-12 2.55118024037011e-11 5.21457358295166e-11 -1.36555950137379e-12 0.999999999950573 4.78346534739291
-6.35184315714275e-08 -0.406585206173089 3.84819073454617e-10 -1.06328661087287e-09 -1.61511742929609e-10 -1.23589188710977e-09 4.89053325959842e-12 1.13954728225712e-10 2.32926315565858e-10 -6.09984691039207e-12 1.00000000055652 6.51726758169711
2.42961568698101e-09 0.0146590496454636 -1.50467746829886e-11 4.15734184154113e-11 6.31463213858002e-12 4.83173371720896e-11 -1.9118652676937e-13 -4.45463341649703e-12 -9.10493248824208e-12 2.38427122868519e-13 1.00000000047049 3.9361149838934
-5.74026443029869e-09 -0.0373097850003554 3.34567911162006e-11 -9.24411634023202e-11 -1.40412742355001e-11 -1.07441053376949e-10 4.25141352467916e-13 9.9059661051583e-12 2.02474529372154e-11 -5.30222469418631e-13 0.999999999542678 5.73737181996978
2.21143379927316e-11 0.000144831326535702 -1.09366407938959e-13 3.0218415631948e-13 4.5900713276105e-14 3.51228538317193e-13 -1.38982306619031e-15 -3.23839358444224e-14 -6.619265775995e-14 1.73342149641726e-15 0.999999999983048 -32.3748368277337
-5.70996692745808e-08 -0.363782993892983 3.48587225179733e-10 -9.63185916484497e-10 -1.46308239167768e-10 -1.1195669323564e-09 4.43027515130225e-12 1.03231380401298e-10 2.1100990618609e-10 -5.52596494386729e-12 1.0000000012508 6.45189967722754
-6.33531529312127e-08 -0.405501324294206 3.87027487262705e-10 -1.0693896100068e-09 -1.62438927470204e-10 -1.24298785579566e-09 4.91861710494111e-12 1.1460921649757e-10 2.34264319082734e-10 -6.13489197205267e-12 1.00000000088776 6.82669856907675
5.53287706876994e-11 0.000355647347208049 -3.32669856471459e-13 9.19224808324985e-13 1.39633628901766e-13 1.06851575831816e-12 -4.22835259466423e-15 -9.85284964906989e-14 -2.01401448604949e-13 5.27445382499901e-15 0.999999999981895 -32.3318230292504
4.61376516559166e-08 0.285165953506074 -2.59608616326657e-10 7.17310063395703e-10 1.08956902276197e-10 8.33729540358371e-10 -3.2990962706957e-12 -7.68714698130313e-11 -1.57125059476411e-10 4.11471628728765e-12 0.999999999359765 7.02183645058784
1.04673903140795e-09 0.00649838716808046 -6.48831263549537e-12 1.79256572787189e-11 2.72256592171999e-12 2.08307223248174e-11 -8.24194296022361e-14 -1.92023892142997e-12 -3.92456022113539e-12 1.02763973725956e-13 0.999999999870679 3.33519947467895
-1.41818875053426e-09 -0.00911189170833466 8.14230900921462e-12 -2.24956191440256e-11 -3.41671157025949e-12 -2.61421498196592e-11 1.03436456042441e-13 2.40994070376914e-12 4.92548669618778e-12 -1.28975170048787e-13 1.00000000013644 4.16696626261737
-2.23818218326891e-08 -0.14132570751593 1.38028320315187e-10 -3.81371956681339e-10 -5.79281033395837e-11 -4.43253814405842e-10 1.75394112430315e-12 4.08674873717007e-11 8.3531626289414e-11 -2.18744985908568e-12 0.999999999146405 5.39507226005263
1.77843381607217e-08 0.112499569796746 -9.22000534939943e-11 2.54759302387091e-10 3.86980367219939e-11 2.96121835911617e-10 -1.17179406086516e-12 -2.73043944705982e-11 -5.58115240140364e-11 1.46160286414575e-12 0.999999999817302 6.07899304728373
7.72718126019622e-11 0.000492339580004721 -4.97886738454472e-13 1.37576244067867e-12 2.08985590088786e-13 1.59923340915964e-12 -6.32858655138139e-15 -1.47469426593528e-13 -3.01444478718194e-13 7.89454031708111e-15 0.999999999984414 -32.4827464685482
3.18199559584627e-11 0.000201207676623522 -1.96701140701533e-13 5.43516830856863e-13 8.25617935617883e-14 6.31782889152551e-13 -2.50009181299655e-15 -5.82565086713207e-14 -1.19081151022444e-13 3.11857192627663e-15 0.999999999989399 -32.4440339917315
-1.06980328237258e-09 -0.00483382704907564 4.42449283061002e-13 -1.23368059606601e-12 -1.89089143413464e-13 -1.45988391797378e-12 5.82821111488535e-15 1.36999532076987e-13 2.82474995116861e-13 -7.46144111933876e-15 1.00000000096529 5.00635835176322
-2.63316510982795e-09 -0.0170785310660442 1.70467257995183e-11 -4.70980293577918e-11 -7.15359742925455e-12 -5.47354726470589e-11 2.16577134557213e-13 5.04611017491879e-12 1.03136152227224e-11 -2.70071831165897e-13 0.999999999325055 3.87682615275265
4.94561174077845e-08 0.325085310238543 -2.93048163900266e-10 8.09713911855735e-10 1.22994077730254e-10 9.41151239166293e-10 -3.72420856183556e-12 -8.677786627063e-11 -1.77375656045126e-10 4.64508037574886e-12 1.00000000041258 7.77383839908479
3.47251824175715e-11 0.000215355700427072 -2.04389599834765e-13 5.64761332401818e-13 8.57889036173543e-14 6.564775814308e-13 -2.59781391747069e-15 -6.05336101911945e-14 -1.23735747559466e-13 3.24046972257778e-15 0.999999999989508 -32.2639925354692
-3.80027775475402e-09 -0.0221718061493585 2.24014648352913e-11 -6.18848705948403e-11 -9.39836997841857e-12 -7.19023666087167e-11 2.84467835693283e-13 6.62710005508877e-12 1.35432825497029e-11 -3.54599811065124e-13 0.999999999640704 4.70247631400516
-1.58029134797552e-10 -0.00101194000888959 9.51432093154913e-13 -2.62899679679004e-12 -3.99357936480652e-13 -3.0560270971051e-12 1.20934841312707e-14 2.81803299858755e-13 5.76037535198254e-13 -1.50858457586986e-14 0.999999999984957 -32.3574156358516
6.17890390192959e-10 0.00522371931438478 -1.84175692795844e-11 5.0894734879217e-11 7.73167161411932e-12 5.91693173954591e-11 -2.34163430799487e-13 -5.45684954498163e-12 -1.11551382698453e-11 2.92160906582464e-13 0.99999999853739 5.86605698046305
5.75569465223622e-09 0.036431053848316 -3.65812069270097e-11 1.01081986580571e-10 1.53549890086508e-11 1.17502706489642e-10 -4.64992114245139e-13 -1.08353689244361e-11 -2.21488862204635e-11 5.80061781957117e-13 0.999999999393658 4.68831683841935
1.22751068417158e-09 0.0074876634499739 -7.18329142132665e-12 1.98463905334108e-11 3.0143909769079e-12 2.3064298281922e-11 -9.12599584119443e-14 -2.12628111696198e-12 -4.34581435783909e-12 1.13798313924238e-13 0.999999999189476 4.00733731537939
6.95211306911996e-11 0.000440650368091326 -4.08420448304066e-13 1.12852739871172e-12 1.71426019007798e-13 1.31178901701248e-12 -5.19099485576612e-15 -1.20958837271774e-13 -2.47249078933359e-13 6.47509182940747e-15 0.999999999984814 -32.4633203562245
2.16524820840145e-08 0.132864116218693 -1.53264283423635e-10 4.2348650276936e-10 6.43277247226311e-11 4.92242862217513e-10 -1.94787023926769e-12 -4.53879967234955e-11 -9.27752390836596e-11 2.42961422129543e-12 1.00000000042977 5.97892244474423
-9.49252936610575e-12 -6.50557592421167e-05 5.70008725361973e-14 -1.5751399882291e-13 -2.39285737006133e-14 -1.83120550840072e-13 7.2469742201246e-16 1.6887942560631e-14 3.45228660700504e-14 -9.04172124816597e-16 0.999999999984562 -32.329175425948
-1.55621855266627e-09 -0.0104911441728066 8.541910033074e-12 -2.36014844751985e-11 -3.58495451724554e-12 -2.74315659026865e-11 1.08546770596171e-13 2.5292025587224e-12 5.16964108977651e-12 -1.35379013175731e-13 0.999999999521947 3.89780058722114
5.26157238125688e-09 0.0347955188954201 -3.70064198882426e-11 1.02252394890691e-10 1.55320903452967e-11 1.18852671108642e-10 -4.70313389536105e-13 -1.09588791314815e-11 -2.24003603878273e-11 5.86621593440403e-13 0.999999999752352 3.44325737917277
3.62050101412085e-09 0.026641923118368 -2.28680314816758e-11 6.31930400671101e-11 9.59996643740849e-12 7.34670827774821e-11 -2.90746991347522e-13 -6.77544862360942e-12 -1.38506754748431e-11 3.62758851094195e-13 0.999999999544841 3.37021321279861
7.61542292596147e-09 0.0483831759468304 -4.63254908456238e-11 1.28000188813679e-10 1.94429067389791e-11 1.48776519249089e-10 -5.88717507942408e-13 -1.37176559372247e-11 -2.80390266619665e-11 7.34277349487555e-13 0.99999999994831 4.14472712574468
1.99728417246843e-08 0.137333762474073 -1.22490388984461e-10 3.38457847632441e-10 5.14123157337028e-11 3.93416311957457e-10 -1.55681467852355e-12 -3.62762069027698e-11 -7.41509803890445e-11 1.94189657577109e-12 0.999999999561714 4.74264926858176
-1.36047143408359e-08 -0.0844308574482179 8.46432943579926e-11 -2.33877732121932e-10 -3.55259085184713e-11 -2.71846741481605e-10 1.07572788946959e-12 2.50657741827997e-11 5.12353717908853e-11 -1.34175379610162e-12 0.999999999988611 4.08049386953726
3.82617060288348e-11 0.000253908738773196 -2.25241013043254e-13 6.22401546399054e-13 9.45483286215879e-14 7.23535204173296e-13 -2.86328669094986e-15 -6.67222062998018e-14 -1.36391101294739e-13 3.57203613523135e-15 0.999999999982244 -32.4537982246203
1.10160420024695e-11 7.21826068879212e-05 -4.29010981821728e-14 1.18539114329375e-13 1.80059047182893e-14 1.37781476420642e-13 -5.45212841771267e-16 -1.27040359553503e-14 -2.59673376090484e-14 6.80028796225728e-16 0.999999999982073 -32.6115318449106
-9.54590881158307e-13 -1.02478422557494e-05 9.77356727157235e-15 -2.70083405097618e-14 -4.10301126781294e-15 -3.14000363112388e-14 1.2426732829228e-16 2.89590414184217e-15 5.91999704241263e-15 -1.55050432132606e-16 0.999999999989976 -32.5336679975321
-2.22853363812151e-09 -0.0145539325952982 1.24084079132751e-11 -3.42818301143138e-11 -5.20681243526224e-12 -3.98384545867127e-11 1.576276445546e-13 3.67250741977067e-12 7.50590473301554e-12 -1.9654299994706e-13 1.00000000006512 4.35181836752301
-1.92368449665627e-08 -0.118490473002433 1.16649547559566e-10 -3.22316058305474e-10 -4.89599348533355e-11 -3.74647068324527e-10 1.4825290223128e-12 3.45449419458781e-11 7.06115598099251e-11 -1.84918905641799e-12 1.00000000040072 3.41430783165328
-1.14008527896805e-09 -0.00779331165585239 7.66968243853717e-12 -2.11897863451171e-11 -3.21836850806242e-12 -2.46245087397035e-11 9.74313526334779e-14 2.27002311763932e-12 4.63950766440579e-12 -1.21486404241176e-13 0.999999999550867 4.09818595608113
-6.239173633763e-12 -0.000193633126030992 -8.0573260648057e-14 2.22800778083414e-13 3.38689834167394e-14 2.59364140273715e-13 -1.02710950714592e-15 -2.39510004087861e-14 -4.89937108586381e-14 1.28401730338241e-15 0.999999999420824 3.60644669358052
-5.15696695168306e-11 -0.000327471161092027 2.89824256214228e-13 -8.00831631615024e-13 -1.21648766457965e-13 -9.3088668424806e-13 3.68370873055072e-15 8.58369237944947e-14 1.75457961829063e-13 -4.59500708394782e-15 0.999999999983072 -32.4507335439541
-1.13158127469617e-08 -0.0738416050660865 6.88678027157823e-11 -1.90286823588755e-10 -2.89042170367636e-11 -2.2117514552136e-10 8.75207018467736e-13 2.03932131845397e-11 4.16841165319122e-11 -1.09161555272561e-12 0.999999999655997 3.44018675946781
-1.55424281262958e-11 -9.77168415658932e-05 1.20230177229256e-13 -3.32213271325549e-13 -5.04638605447566e-14 -3.86159376411431e-13 1.52810098492417e-15 3.56072082470619e-14 7.27836562137853e-14 -1.90609254674121e-15 0.999999999980372 -32.3693674141256
1.04680086008968e-08 0.068886540850739 -6.21812110799305e-11 1.71812097073908e-10 2.60980647444856e-11 1.99703413772904e-10 -7.90245500170401e-13 -1.84136113274423e-11 -3.76379522403322e-11 9.85660092353077e-13 1.00000000037277 4.26966272736703
-1.73148274357547e-08 -0.112844613515384 1.06068929576812e-10 -2.93085368312779e-10 -4.45205060930387e-11 -3.40681590947717e-10 1.3481449799423e-12 3.14141221965083e-11 6.42130551365189e-11 -1.6816511524276e-12 1.00000000020952 4.31167152621813
1.55752438732938e-09 0.00870799020904195 -9.59830672912426e-12 2.65176351866288e-11 4.02749448122815e-12 3.08146846523496e-11 -1.21921374874439e-13 -2.84054952057016e-12 -5.80543738272199e-12 1.52013335579802e-13 0.999999999467487 3.27406810034396
-9.47278233443418e-11 -0.000608251422547857 5.59874533082052e-13 -1.54705004912615e-12 -2.35005494545748e-13 -1.79835027925428e-12 7.11655669625878e-15 1.6583108294371e-13 3.38978406169948e-13 -8.87753309071228e-15 0.999999999980289 -32.3254196754946
-2.4419465672809e-10 -0.00194444870683629 1.7502850045415e-12 -4.83583400803673e-12 -7.34503723319417e-13 -5.62003781267298e-12 2.22373909746356e-14 5.18118171252135e-13 1.05897057066981e-12 -2.77302081554217e-14 0.999999999653703 4.06853961113962
8.502219320923e-08 0.532685263862014 -5.30909527680773e-10 1.46695021813481e-09 2.22828243072646e-10 1.70509160110204e-09 -6.74721504950148e-12 -1.57217826213845e-10 -3.21357985773479e-10 8.41570643133837e-12 1.00000000170282 6.33324549558925
-4.42977049641103e-10 -0.00312212315052178 -4.38408390895259e-13 1.21228403649419e-12 1.84284877313182e-13 1.41122872593524e-12 -5.58861583157647e-15 -1.30320063587438e-13 -2.6658036920409e-13 6.9864893178261e-15 0.999999999859831 4.12883520811559
3.25563487611556e-11 0.000209376021825162 -1.84720375174146e-13 5.10430287929594e-13 7.75386209747248e-14 5.93365547609922e-13 -2.34815054135069e-15 -5.47179656191092e-14 -1.11852068760628e-13 2.92935677821308e-15 0.999999999983403 -32.5482275919057
-6.16103332917294e-08 -0.39094508016352 3.73863011325209e-10 -1.03302206078504e-09 -1.56915807497512e-10 -1.20073291318684e-09 4.75144265934586e-12 1.10714618439975e-10 2.26305191853592e-10 -5.92649932040723e-12 1.00000000112275 6.27407860774346
-6.73394941532850e-12 -4.09731673637082e-05 4.33187103970794e-14 -1.19718422839027e-13 -1.81889003045654e-14 -1.3921130421706e-13 5.50987701039245e-16 1.28413206289341e-14 2.62535196163988e-14 -6.87669139498719e-16 0.999999999984299 -32.4439196718662
1.06380005247267e-10 0.000687125921666525 -6.37714342901761e-13 1.76211282342456e-12 2.67670950474059e-13 2.04828973698341e-12 -8.10552023387031e-15 -1.88873399219117e-13 -3.86074193443897e-13 1.0110786031336e-14 0.999999999989423 -32.4364353580919
-7.25701682076992e-10 -0.00428029988554567 3.97241779800024e-12 -1.09756815910127e-11 -1.66712471598443e-12 -1.27563758634599e-11 5.04761112884201e-14 1.17610169525266e-12 2.40388642229446e-12 -6.29502111750137e-14 0.999999999392062 4.09136595500885
-1.49511089677805e-08 -0.0951678491588743 9.04340113444854e-11 -2.49869443418566e-10 -3.79537336895045e-11 -2.90414623283472e-10 1.14916347105643e-12 2.6775990228434e-11 5.47292306261871e-11 -1.43320170237508e-12 0.999999998963283 5.09609884730902
1.15802273568406e-11 7.64581747500162e-05 -7.05583022070918e-14 1.94957570690228e-13 2.96136601167943e-14 2.26603538400604e-13 -8.96686521927453e-16 -2.0893682543016e-14 -4.27070342816164e-14 1.11840217784881e-15 0.99999999998057 -32.423669089474
-2.73663190550123e-08 -0.172114658687161 1.62608906555588e-10 -4.4930159930938e-10 -6.82482629903197e-11 -5.22237266336106e-10 2.06653837392683e-12 4.8152571675688e-11 9.84250338862695e-11 -2.57754247488163e-12 1.00000000147671 5.44006228892587
1.13718961867711e-11 8.61694378917075e-05 -7.40142610752757e-14 2.0451552997806e-13 3.10668470889736e-14 2.37733665914186e-13 -9.40770202615481e-16 -2.19218306026212e-14 -4.48105378544143e-14 1.17353938021574e-15 0.99999999998076 -32.44896372206
-4.34448466242647e-09 -0.0282910053440333 2.67274814358261e-11 -7.38450221805161e-11 -1.12161656350102e-11 -8.58203376929124e-11 3.39574741745234e-13 7.91190262593747e-12 1.61709881849845e-11 -4.23454111745592e-13 0.999999999819717 3.56807046967086
-4.31476665987708e-08 -0.280972587946045 2.62872832014854e-10 -7.26335727976191e-10 -1.10328855678361e-10 -8.44235167354256e-10 3.340697271383e-12 7.78415012332888e-11 1.59109224214373e-10 -4.16671392942909e-12 0.999999999686837 6.09023498741861
