-0.000510191018694999 -0.00964552803831422 8.61758166278819e-05 -0.000238431327564885 -3.62871591664127e-05 -0.00027800232286555 1.10232614647159e-06 2.5727260397127e-05 5.26724200307549e-05 -1.38165275236058e-06 0.99999999987091 2.01293350241459
-7.47244751207154e-05 -0.00146934909768107 1.38965962840895e-05 -3.84540459203973e-05 -5.85349607504309e-06 -4.48501908697124e-05 1.77878408889597e-07 4.15195040247946e-06 8.50135234513143e-06 -2.23023663068171e-07 0.99999999997193 -13.7290181804203
-4.0162857412707e-05 -0.000750652055704644 7.33759345880269e-06 -2.03035750568331e-05 -3.09072912442568e-06 -2.36803262160412e-05 9.39221619000576e-08 2.19227888027272e-06 4.48879794613412e-06 -1.17758637966197e-07 0.999999999959789 -14.0178703562438
-0.000280125168002665 -0.00520494213081795 5.14763048026904e-05 -0.000142418050925779 -2.16765713411557e-05 -0.00016605661897756 6.58525782645144e-07 1.53688088325009e-05 3.14640132628229e-05 -8.2530867636826e-07 0.999999999641538 2.6778681080089
-0.0256000712847397 -0.510374668239428 0.00470620651207562 -0.0130225202519905 -0.00198219534966439 -0.0151875835752485 6.02313591136312e-05 0.00140584634412942 0.00287845927746768 -7.55107575678857e-05 1.00000000016085 5.56031591785887
-3.51324534406537e-05 -0.000699368483228224 6.67046625428071e-06 -1.84588600242524e-05 -2.80997194876935e-06 -2.15310784281063e-05 8.53991381301732e-08 1.99338975443853e-06 4.08167275548282e-06 -1.07080789068631e-07 0.999999999968851 -13.7562705155711
0.0137591411571204 0.281102640497545 -0.0025314565474498 0.00700490916374832 0.00106622376638309 0.00816961976260911 -3.23986738450445e-05 -0.000756214098974515 -0.00154835130918017 4.06181480901668e-05 0.999999999526206 5.11852145111206
0.00110801141922909 0.0217873677228802 -0.000216148699118522 0.00059809042816469 9.1043308696538e-05 0.000697547690602257 -2.76663262682089e-06 -6.45741298200076e-05 -0.000132212603970906 3.46828999839195e-06 1.0000000001505 3.88043763023947
-0.000327439379318586 -0.00706621104588537 5.72506846111592e-05 -0.000158421406540934 -2.41099085509663e-05 -0.000184741223493919 7.32498666067072e-07 1.70965706890561e-05 3.50040798261097e-05 -9.18229498228164e-07 0.999999999769496 1.47479494689935
1.36757181617639e-05 0.000329741158293453 -2.83183691447726e-06 7.83787523570186e-06 1.19313580757181e-06 9.14452249011787e-06 -3.62686475211838e-08 -8.46627690967296e-07 -1.73365560893248e-06 4.54837683460641e-08 0.999999999966988 -13.8970325897538
8.86849004982795e-05 0.00241825417529269 -2.33790085687096e-05 6.47063815932615e-05 9.85078544262648e-06 7.54971703151305e-05 -2.99471058888166e-07 -6.99015930226518e-06 -1.43129678674277e-05 3.75489034369387e-07 0.999999999684949 1.81856415510053
0.000429791461510126 0.00665682921542975 -8.91119422464313e-05 0.000246521255448005 3.75312571618154e-05 0.000287467148060372 -1.14041079317112e-06 -2.66149505042627e-05 -5.44873777002061e-05 1.429227716052e-06 1.0000000001066 2.14209349278936
0.00280413564229292 0.0570290941196025 -0.000535747724001968 0.0014824317210372 0.000225646623713627 0.00172886364842303 -6.85652500712618e-06 -0.000160030714685204 -0.000327649885938359 8.59495697964625e-06 0.999999999894506 4.15667370540911
-5.59333041770272e-05 -0.00108644410286844 1.02528484268212e-05 -2.83708724594051e-05 -4.31855684564504e-06 -3.30888658437276e-05 1.3122962167318e-07 3.06307805561287e-06 6.27178348217278e-06 -1.64532255834503e-07 0.999999999964747 -13.8225737926744
7.26896953195619e-06 0.000182670166106496 -1.73934542358892e-06 4.81434438025316e-06 7.33008056851866e-07 5.61813715788958e-06 -2.22876742686929e-08 -5.20289571751814e-07 -1.06545525169635e-06 2.79544609252657e-08 0.999999999966905 -13.7281212060672
-2.09436757922099e-05 -0.000420560006878508 3.85598834243649e-06 -1.06700170287096e-05 -1.62411539527197e-06 -1.2444179163731e-05 4.93515083887965e-08 1.15190338930293e-06 2.3585164248404e-06 -6.18711246138136e-08 0.999999999966091 -13.8378312878306
-0.0122502366794109 -0.250584522631931 0.00233044970389153 -0.00644876188425757 -0.000981604433112716 -0.00752131591050836 2.98289740734931e-05 0.000696236468898984 0.001425550627434 -3.73968312422711e-05 1.00000000059968 2.41284014150087
0.0152217307053698 0.302960190000427 -0.00271971540434445 0.0075257626052835 0.00114549529224 0.00877687915111434 -3.48065451680958e-05 -0.000812419088411898 -0.00166343654422105 4.36373490997401e-05 0.999999999987777 3.35846314088404
-1.25411313647609e-05 -0.000241208588832443 2.40650759485625e-06 -6.65889904386242e-06 -1.01368779837139e-06 -7.76652234011913e-06 3.0805601700045e-08 7.19025663892772e-07 1.47219774966666e-06 -3.86204257253949e-08 0.999999999966023 -13.8753242656802
0.012517119600546 0.245093967441511 -0.00224364908581119 0.00620838960800462 0.000944997544703112 0.00724054847600485 -2.87146620907795e-05 -0.000670232247102383 -0.00137231461033053 3.6000506691048e-05 1.00000000045171 3.29694922694749
0.00108071793328077 0.021481054018899 -0.000224211231587567 0.00062040005858914 9.44467678414805e-05 0.000723616498190957 -2.87033934919347e-06 -6.69943528308023e-05 -0.000137167336325329 3.59826322886225e-06 0.999999999791375 2.02963359037351
-0.000574550993207712 -0.0101082900449607 9.95589667708172e-05 -0.000275440473052838 -4.19234419505682e-05 -0.000321148189173486 1.27357183679891e-06 2.97236622533395e-05 6.08536738484309e-05 -1.59624818612927e-06 1.00000000005963 2.4228570121326
6.70097177612376e-05 0.00125976649885157 -1.23874291082925e-05 3.4277449875252e-05 5.21788989099237e-06 3.99790318357362e-05 -1.58565132538188e-07 -3.7011894598182e-06 -7.5784697526876e-06 1.98815257905499e-07 0.999999999964224 -13.9482455768867
-4.85757362383685e-05 -0.000946955137002477 8.96841754994116e-06 -2.48171977835793e-05 -3.77772999914095e-06 -2.89456199883562e-05 1.14801373679764e-07 2.67966068380886e-06 5.48680404392851e-06 -1.43941570084866e-07 0.999999999971407 -13.9998122757844
-8.71137955288328e-05 -0.00170431472365089 1.5742768745203e-05 -4.35634214544518e-05 -6.63114078377013e-06 -5.08097108321506e-05 2.0150854981038e-07 4.70359099165982e-06 9.63102411133464e-06 -2.52663107235336e-07 0.999999999964216 -13.9450112719783
0.000640942354778596 0.0150265387973783 -0.00015280979249096 0.000422906772056117 6.43865064846434e-05 0.000493412943393907 -1.9573469887443e-06 -4.56889582793235e-05 -9.3554297482662e-05 2.45439110809467e-06 1.00000000003001 2.74830583756384
0.00221272169747879 0.0426063792392598 -0.000435788130278637 0.00120578221329673 0.000183545529104132 0.00140619385901337 -5.57724147094361e-06 -0.000130170567825915 -0.000266509788047437 6.99105071533971e-06 0.999999999880621 3.47708261195702
0.00044907001273202 0.0105067966096311 -0.000108628285461103 0.000300605024296759 4.57625086345234e-05 0.000350659260352482 -1.39093865115224e-06 -3.2464530513436e-05 -6.64690471062372e-05 1.74364255413102e-06 0.999999999908743 3.45623958028985
0.00590269626896378 0.11918908762158 -0.00110849858155373 0.00306735254765996 0.000466895747672072 0.00357739925854857 -1.41875576134615e-05 -0.000331148974577978 -0.000678026092663303 1.77867210402768e-05 1.00000000010687 3.68731967753441
0.000100553755473746 0.00195691296091088 -1.85938226813944e-05 5.14529953989596e-05 7.8323648784317e-06 6.0013602743704e-05 -2.38021982310507e-07 -5.55592752984462e-06 -1.1376349381539e-05 2.98453294848958e-07 0.999999999967049 -13.7897988802969
0.0249659412451353 0.47779676180296 -0.00441543839478135 0.0122176241507064 0.00185966355367535 0.014248250014049 -5.65053936522024e-05 -0.00131888610671899 -0.00270041917339245 7.08405588935016e-05 1.00000000184228 5.13135205827762
0.000190643242686617 0.00230298181392912 -3.89401064980954e-05 0.000107706420695049 1.6397648947358e-05 0.000125568735936095 -4.98159319626207e-07 -1.16252748515647e-05 -2.37981183860385e-05 6.24195813401291e-07 0.999999999694969 2.35801156907104
-0.00181083349915981 -0.0275452273616853 0.000264071936729313 -0.000730561196115291 -0.000111195182561456 -0.000851745127439041 3.37766858764258e-06 7.88368544007575e-05 0.00016141548484011 -4.23439237751812e-06 0.999999999155524 3.77442741896777
0.00137380224102004 0.0247561561295779 -0.000219698544348791 0.000607797873371382 9.24779827231033e-05 0.000708427546114827 -2.8081419509051e-06 -6.55342222561532e-05 -0.000134159859430603 3.51884519531701e-06 1.0000000007826 2.92031148886651
0.000990051637139138 0.0187369829837117 -0.000193418998344191 0.000535172735184989 8.14654180938942e-05 0.000624130460017274 -2.47545345605142e-06 -5.77764011988652e-05 -0.000118291407241214 3.10302284262174e-06 0.999999999906321 2.58535673247521
7.61220459936579e-05 0.00149161874076993 -1.44553414728944e-05 4.00008670257193e-05 6.08922245134877e-06 4.66569663358883e-05 -1.85054195172365e-07 -4.31951536188076e-06 -8.84459883362641e-06 2.32032508523732e-07 0.999999999969605 -13.9583463538181
0.0086024222366422 0.171020492052421 -0.00157554245500433 0.00435965279154357 0.000663590235248309 0.00508440133120485 -2.01636726109373e-05 -0.000470634670522047 -0.000963618593984978 2.52785926459555e-05 1.00000000000702 1.56963898487137
4.74888088921359e-05 0.000891660050001188 -8.7412512030137e-06 2.41877731798823e-05 3.68192437299456e-06 2.82102867086392e-05 -1.11885683962362e-07 -2.61158047576509e-06 -5.34735306379729e-06 1.40282077396029e-07 0.999999999956227 -13.8958184486994
-8.00666663877242e-05 -0.00156537496883306 1.50241266008801e-05 -4.15740465747492e-05 -6.32859385606945e-06 -4.84901581448583e-05 1.92321729185804e-07 4.48908158687492e-06 9.19165313242007e-06 -2.4113339606957e-07 0.999999999963012 -13.8112129454311
-0.0226594667823824 -0.432070581021462 0.00417958264132447 -0.0115649732847527 -0.00176040427111968 -0.0134876126136023 5.34923271316901e-05 0.0012485541967415 0.00255640678587724 -6.70625966278968e-05 1.00000000094065 4.05237375740699
-0.0212891155594397 -0.418925838875861 0.00393817980311388 -0.0108972570875412 -0.00165874398755656 -0.0127091411327896 5.04039105908537e-05 0.00117647164977971 0.00240882711959696 -6.31912440253673e-05 1.00000000032739 5.06615619890493
0.000119939211664392 0.00214644506324677 -2.44515965371611e-05 6.76517136730501e-05 1.02988044457731e-05 7.88959479399311e-05 -3.12951557910395e-07 -7.30404044696435e-06 -1.49539511616305e-05 3.92265548887099e-07 0.999999999772412 1.04165804792649
0.000921565959392005 0.0199629368381933 -0.000183860282925932 0.000508768942593716 7.74400448420848e-05 0.000593367588227057 -2.35317382162969e-06 -5.49229398448326e-05 -0.000112450539613738 2.94981657091299e-06 0.999999999575782 3.82738733989207
1.89188129448773e-05 0.000400529283089593 -3.67079931040789e-06 1.01583060031137e-05 1.54627700146466e-06 1.18487721997897e-05 -4.69915771338221e-08 -1.09686627479494e-06 -2.24592392435553e-06 5.89198766160272e-08 0.999999999962842 -13.7961401556784
-0.0164626616633805 -0.342603260203718 0.00304781687104295 -0.00843395819020311 -0.00128373527271505 -0.00983655629600911 3.90089984966514e-05 0.000910510619745515 0.0018642866734919 -4.89063963080623e-05 0.999999999714647 4.65183328137807
-0.0214771465351559 -0.431600713933458 0.00405492995664076 -0.0112204597057366 -0.00170795744177375 -0.0130864283613584 5.19009250592671e-05 0.00121141059935269 0.00248036077055087 -6.50676833260563e-05 1.00000000005727 5.58468809537712
-0.000135718459298592 -0.00262365334560063 2.44239769109325e-05 -6.75849416336929e-05 -1.02876793806276e-05 -7.88254241471048e-05 3.12619354662106e-07 7.29708066591459e-06 1.49413258351455e-05 -3.919728344852e-07 0.999999999966111 -13.8131841012068
0.0129547112257008 0.245419817064507 -0.00227623944642642 0.00629835532436955 0.000958695124244251 0.00734516568400339 -2.91298172025045e-05 -0.000679916531736437 -0.00139213009360571 3.65200521762489e-05 0.999999999458998 5.36734903766278
-0.000512914154684376 -0.00954505053940921 7.90977796537403e-05 -0.000218851029498142 -3.33061573499319e-05 -0.000255168453548144 1.01172766758237e-06 2.36137720576311e-05 4.834735729625e-05 -1.2682509969902e-06 0.99999999997772 2.82135566628524
-0.000583916986000165 -0.0104358169451482 9.78113002239144e-05 -0.000270611281795763 -4.11864183362579e-05 -0.000315513721026838 1.25114123807871e-06 2.92003405791249e-05 5.97826559811433e-05 -1.56815954320102e-06 0.999999999664152 1.67225448499588
0.00273622643649928 0.0464149909246308 -0.000511226781887842 0.00141439778883226 0.000215303775763312 0.00164931584203015 -6.54163398178151e-06 -0.000152678926149457 -0.000312591879458803 8.19987444902041e-06 0.999999999061946 4.34849554589747
0.021489944127051 0.408147536193189 -0.00380119321567231 0.0105179328559788 0.00160095981118421 0.0122660345770032 -4.86448118480825e-05 -0.00113540848805617 -0.00232473924724766 6.09850640305019e-05 1.00000000025559 4.49123277694473
-4.37979716292236e-05 -0.000858197168337937 7.41127560458016e-06 -2.05081341934873e-05 -3.12139976029886e-06 -2.39169184987076e-05 9.48408319209535e-08 2.21373637011128e-06 4.53276248145529e-06 -1.18911794259309e-07 0.999999999963526 -13.845268610284
4.57895666544243e-05 0.00088075922066 -8.50615006131278e-06 2.35375030013276e-05 3.58294506686795e-06 2.74523672265496e-05 -1.0887999962044e-07 -2.5414170972144e-06 -5.20367996576378e-06 1.36512641106809e-07 0.999999999969638 -13.9003319176749
-0.00214429623139614 -0.0397889778654833 0.000375865116644703 -0.0010399495286852 -0.000158284049408732 -0.00121263036905101 4.80878244292742e-06 0.000112234786097281 0.000229787322242974 -6.02770558519879e-06 0.999999999822617 2.75830434975037
-0.000948497145904452 -0.0176601740746575 0.000166544581301325 -0.000460785934368739 -7.01315699855431e-05 -0.000537270899349415 2.13054190015239e-06 4.97244662999305e-05 0.000101802031976782 -2.67036229314695e-06 0.999999999919571 1.66493928432699
0.021571647420147 0.442905677356215 -0.00398519827643105 0.0110276428781073 0.00167850361528366 0.0128611030256494 -5.100301067422e-05 -0.00119044973468426 -0.0024374381187926 6.39413331829484e-05 1.00000000027662 5.76873562784396
3.93352984015128e-05 0.000780514155784178 -7.61931350294077e-06 2.10845004570963e-05 3.20975558810226e-06 2.45941535352795e-05 -9.7551660168271e-08 -2.27706524735891e-06 -4.66254948014861e-06 1.22320551616202e-07 0.999999999973738 -13.8950527103547
0.00107180683183431 0.0308730959859107 -0.000189569019401299 0.000524689885324235 7.98218462158161e-05 0.000611868802268535 -2.42483479285036e-06 -5.65936843661715e-05 -0.000115868329749467 3.03928978309711e-06 0.999999999700236 3.386187029139
-0.00010220849778532 -0.00197246040151355 1.86728045977758e-05 -5.1670224022482e-05 -7.86526512769181e-06 -6.0264049899835e-05 2.39010296779429e-07 5.57887445527956e-06 1.14230834497837e-05 -2.99672792214919e-07 0.999999999964076 -13.8943890541922
-0.00149636490612976 -0.0211244290541553 0.00014759171089784 -0.000408225559256155 -6.20937334561195e-05 -0.000475536438741485 1.88412245468849e-06 4.39765168120966e-05 9.00390107275783e-05 -2.36190834599548e-06 0.999999998839496 4.72048637892223
0.000524339121891237 0.0136664227387702 -0.000114360049072115 0.000316511844799132 4.81782872422849e-05 0.000369244431426838 -1.464380617388e-06 -3.41809503959885e-05 -6.9988095537431e-05 1.83605922435093e-06 0.99999999940085 3.30172269621284
7.32931588873842e-06 0.000262683405359337 -6.64964116243277e-06 1.84056699968086e-05 2.80481376251122e-06 2.14945749407928e-05 -8.53721005236973e-08 -1.99299890573623e-06 -4.08140782682781e-06 1.07091584692129e-07 0.999999999689777 1.61692995816145
4.1009819274298e-05 0.0008156814972274 -7.54280949913804e-06 2.08729658266249e-05 3.17733446317296e-06 2.43462368281385e-05 -9.65590501668258e-08 -2.25390793726532e-06 -4.6151557102759e-06 1.21077395682892e-07 0.999999999968143 -13.9974725444531
0.00731310371161292 0.150065579484177 -0.00146799161149499 0.00406215700618613 0.000618377082685084 0.0047380631507919 -1.87930005620346e-05 -0.000438643701204498 -0.0008981219777525 2.35606240350237e-05 0.999999999803361 5.01219826538063
-1.12218501675516e-06 -2.82138365466886e-05 -3.93815694910496e-08 1.0993791871908e-07 1.70471776998498e-08 1.31515588480246e-07 -5.32748838201863e-10 -1.25513280436975e-08 -2.59379075157115e-08 6.86986168849391e-10 0.999999999966873 -13.8387182704698
-0.00115139060001517 -0.021686011092385 0.000203521452292002 -0.000563113010073387 -8.57071836183939e-05 -0.000656622806370479 2.60386232310114e-06 6.07729962364072e-05 0.000124425577786048 -3.26389121326037e-06 0.999999999981421 1.84311279727075
-0.000415965459497971 -0.00641945950259948 5.76828505935072e-05 -0.000159552632536199 -2.42762139310634e-05 -0.000185925333375202 7.36995985911052e-07 1.71989813096078e-05 3.52081616978083e-05 -9.23444230989314e-07 0.999999999652735 2.19665883880367
0.00548951588057611 0.104329182523313 -0.00104091185452213 0.00288022084720039 0.000438434558285476 0.00335912387260771 -1.33228746893654e-05 -0.00031096617245632 -0.000636700395409252 1.67026511757036e-05 0.999999999935268 2.51427545223865
-0.00037391167093875 -0.00687480744522167 5.99409326790492e-05 -0.000165834492372349 -2.52370186037862e-05 -0.000193332240541983 7.66540842739764e-07 1.78897669074557e-05 3.66251828636836e-05 -9.60684761483586e-07 0.999999999641796 1.80041502778026
0.00632036088263957 0.1298991264954 -0.00119391735285044 0.00330373145865424 0.000502867706804588 0.0038530592642565 -1.52804849461501e-05 -0.000356656042149726 -0.000730246394729041 1.91564627172367e-05 1.00000000000219 2.58028954984259
-0.000595802065991514 -0.0125729304204922 0.000115823574284432 -0.000320497158567177 -4.87852799663169e-05 -0.000373796745350536 1.48248726254479e-06 3.46015554313433e-05 7.08448006644344e-05 -1.85843426844182e-06 0.99999999976041 2.18280934086482
-2.58814545126229e-05 -0.000542679056201566 5.10631711311618e-06 -1.41299867982744e-05 -2.15086369733048e-06 -1.64803690524073e-05 6.53626548623056e-08 1.52559236570785e-06 3.12359812332835e-06 -8.19405045709517e-08 0.999999999968253 -13.9149767504281
5.60500561660674e-05 0.00109505330396405 -1.06137822753753e-05 2.93700206507993e-05 4.47085188871988e-06 3.42560436649159e-05 -1.35866493253993e-07 -3.17135382958715e-06 -6.49357593634599e-06 1.70353386969105e-07 0.999999999967034 -14.0674712884797
3.96984073825909e-05 0.000744643986791397 -7.39631735482624e-06 2.04664355345181e-05 3.11555464569851e-06 2.38710218537853e-05 -9.46795096745052e-08 -2.20998147467944e-06 -4.52509721284826e-06 1.18712240468042e-07 0.999999999961959 -13.8995448589433
0.00165492770390422 0.031525622947339 -0.000322541352753777 0.000892417482569778 0.000135842212505092 0.00104069657869999 -4.12752554912018e-06 -9.63332233481149e-05 -0.000197228320310599 5.17358415297657e-06 0.999999999669937 2.79351774968288
-0.0124279741597365 -0.234653847109415 0.00230824626420608 -0.00638699732236752 -0.000972251412222419 -0.00744906237419066 2.95443826827711e-05 0.000689600233040701 0.00141197317685767 -3.70410976044633e-05 1.00000000051587 2.93840776298081
-0.00147182637598254 -0.0283538168577666 0.00026277721286517 -0.000727074617687723 -0.000110662739529964 -0.000847828958296436 3.36210598297226e-06 7.8469955639087e-05 0.000160657888623385 -4.21431922949642e-06 1.00000000001186 2.37639832709471
-0.0020000115954912 -0.0393427682309427 0.000346010341488604 -0.000957382980073789 -0.000145709250322791 -0.00111636054258158 4.42668654558202e-06 0.000103316797055118 0.000211528938487239 -5.54873759415462e-06 0.999999999776884 2.50846018535757
-0.000119600941852102 -0.00227612496670364 2.13850884644688e-05 -5.91751485686883e-05 -9.00758963234597e-06 -6.90160819789192e-05 2.73717658563863e-07 6.3890286257753e-06 1.30819783702182e-05 -3.43193610905803e-07 0.999999999960791 -14.0012637210145
-0.00930447532990537 -0.19600708912847 0.00174019006514356 -0.00481545257282049 -0.000732960764900213 -0.00561624811272156 2.22724921272623e-05 0.000519858466105826 0.00106441008656964 -2.79227504806179e-05 1.00000000015193 2.04393078995559
-3.39618616062583e-06 -6.23110334299935e-05 6.67357312807268e-07 -1.8461329486451e-06 -2.80997872722351e-07 -2.15232016030876e-06 8.5362211385415e-09 1.99191472440547e-07 4.0773982141951e-07 -1.06936702259291e-08 0.999999999965358 -13.8571966896174
0.00383371169893529 0.0784435387462067 -0.000713468979433275 0.00197431838581788 0.000300516249084728 0.00230267509649841 -9.13191095038234e-06 -0.000213151103625422 -0.000436436178610061 1.14493160674718e-05 1.00000000043267 2.46222110498885
-0.00555389767192191 -0.109675255367281 0.00104144639113725 -0.00288178403556482 -0.000438658720031656 -0.00336098564326052 1.33296381075139e-05 0.000311126712230021 0.000637034901130092 -1.67115320781534e-05 0.999999999946476 2.11935311858984
-0.00229615558108373 -0.0454879515344036 0.000442105121359546 -0.00122335354642375 -0.000186226261775046 -0.00142685528467196 5.65931689594567e-06 0.000132093743217111 0.000270462915909071 -7.09514464156279e-06 1.00000000020628 2.56511564618558
-1.74649153087e-05 -0.000359775229096995 3.49050014735357e-06 -9.65902905395084e-06 -1.47037449382239e-06 -1.12665546708769e-05 4.46868712316617e-08 1.0430496794844e-06 2.13568770310838e-06 -5.6027064038873e-08 0.999999999970032 -13.8986605863399
-0.000936551276278648 -0.0166910508054449 0.000164385675897892 -0.000454808197076459 -6.92245883661682e-05 -0.000530310296549057 2.10304734880435e-06 4.90834823595236e-05 0.000100491106393525 -2.63601785642482e-06 0.99999999957516 2.71641203177657
0.00265210776555284 0.0596336467140411 -0.00058317557905984 0.00161382654023082 0.000245667974921361 0.0018824765480819 -7.46649041894548e-06 -0.000174274887273519 -0.00035683014665368 9.36084132736225e-06 0.999999999346716 3.77474743723939
-0.000143206038558787 -0.00290181498813796 2.44149880638821e-05 -6.7543682872644e-05 -1.02761342089544e-05 -7.87216700860104e-05 3.12020498605486e-07 7.28110520963307e-06 1.49045199922624e-05 -3.90895141220224e-07 0.999999999609285 2.76562833422644
-4.69534195496252e-05 -0.000891867543522055 8.08918805066053e-06 -2.23834574113419e-05 -3.40699466180932e-06 -2.61041473955171e-05 1.03521219080009e-07 2.4163384274087e-06 4.94757612787007e-06 -1.29793687827435e-07 0.999999999966742 -14.0537971782164
-0.0126006031846624 -0.258740585709853 0.00233602471542185 -0.00646418807081786 -0.00098393084078093 -0.00753916238361786 2.98988299326372e-05 0.000697868542793056 0.00142889517189112 -3.74846091263103e-05 0.999999999672394 3.92750953112612
-0.000109199134706171 -0.0021133847336593 2.01344743331723e-05 -5.57153605274498e-05 -8.48116314915154e-06 -6.49835882988727e-05 2.57733447579148e-07 6.01595393906191e-06 1.23181371364393e-05 -3.23156523584144e-07 0.999999999966562 -13.8266842438076
-1.69761510048063e-05 -0.000350754662065057 2.7377932035947e-06 -7.57606826808274e-06 -1.1529532750194e-06 -8.8347137992299e-06 3.5027640785772e-08 8.17577789551394e-07 1.67399574820932e-06 -4.39138505588638e-08 0.999999999963965 -14.0109520130996
0.000940250906885939 0.0188589045578601 -0.000179474979008956 0.000496609671348858 7.55910475273914e-05 0.000579159255482329 -2.29690511919245e-06 -5.36094930690598e-05 -0.000109760900235624 2.87925962106184e-06 0.999999999838877 2.48388521860514
0.00110930377155482 0.0120250598573609 -0.00019559835643267 0.000541018084151561 8.23727216730906e-05 0.00063077064156245 -2.50256612065098e-06 -5.84073378616535e-05 -0.000119578173361535 3.13672781292199e-06 0.999999999876548 3.50949419950244
-0.000104472672763728 -0.00207063512252517 1.9046380772659e-05 -5.27052710659723e-05 -8.02266428759298e-06 -6.1472212605647e-05 2.43794587779741e-07 5.69059611773316e-06 1.16519452334193e-05 -3.05678873274618e-07 0.999999999965335 -13.8858318255555
-0.0119111925404703 -0.230485254634951 0.00220375080025717 -0.00609793155643374 -0.000928219011463386 -0.00711186666316992 2.82058064727147e-05 0.000658352858988331 0.00134798702053406 -3.5362271270879e-05 1.00000000063138 4.07065154219286
-6.23331509231409e-06 -0.000121041975743594 7.58305326748029e-07 -2.09826057381732e-06 -3.19206484622672e-07 -2.44589548900088e-06 9.692676300805e-09 2.26237572962468e-07 4.63223525329815e-07 -1.21515861941459e-08 0.99999999996585 -13.8950089243156
-0.0062514910963933 -0.122246012894186 0.001171465246548 -0.00324154827746525 -0.000493423609689392 -0.0037805674617973 1.49937656451028e-05 0.000349971163841981 0.00071657332492433 -1.87982016751257e-05 1.00000000077576 2.92451728975727
-0.0166804010444509 -0.334204142116566 0.00313410123625759 -0.00867240641555445 -0.00132008825361771 -0.010114549890364 4.01140352720511e-05 0.000936295045492456 0.00191706245578349 -5.02905871157304e-05 1.00000000077633 4.28329350034377
