7.39808325231187e-38 -0.0156266558788746 3.55938421292881e-45 -9.75950247194884e-45 -1.47109365509439e-45 -1.11705721434026e-44 4.38641485326831e-47 1.01424813837251e-45 2.05725744220034e-45 -5.34622298432216e-47 1.00000000062706 6.00371703530114
4.15992666243585e-40 0.000441010628009725 1.83772029453573e-47 -5.03972011350663e-47 -7.59789471456882e-48 -5.77035572164825e-47 2.26626714954335e-49 5.24106880825884e-48 1.06325770224301e-47 -2.76357482756666e-49 0.999999999993795 -75.823074552391
6.62772781773778e-41 0.000282919293793946 1.87384301146015e-48 -5.14130970725461e-48 -7.75486248411644e-49 -5.89246245385482e-48 2.31536078861753e-50 5.35723492148886e-49 1.08735799544864e-48 -2.82760248136548e-50 0.999999999991819 -76.1448813122813
8.53566414242157e-38 0.0216820552785557 3.90145550051509e-45 -1.06973874064101e-44 -1.61245879961927e-45 -1.2243962239501e-44 4.80789005346004e-47 1.11169922957338e-45 2.25491403442265e-45 -5.85985243004861e-47 0.999999999263642 5.69671902281992
-1.18001203050397e-36 -1.06984240634232 -5.29797041788471e-44 1.45281824906264e-43 2.1901451079422e-44 1.66324779186911e-43 -6.53191045135175e-46 -1.51051043377929e-44 -3.064200326693e-44 7.9638779205404e-46 1.00000000040345 8.84398513910394
-1.94301389948894e-40 -5.15582892656712e-05 -9.9047594978295e-48 2.71609143611779e-47 4.09453586099145e-48 3.10947757780553e-47 -1.2211510191431e-49 -2.82391460157611e-48 -5.72853610790232e-48 1.48884593840619e-49 0.99999999999329 -76.0518519831082
-3.18373074526754e-37 0.758359068585061 -1.77769720822777e-44 4.87429113055989e-44 7.34725245194574e-45 5.57905828614529e-44 -2.19076610234298e-46 -5.06560525392215e-45 -1.02748755204547e-44 2.67015077736021e-46 1.00000000301002 8.66461688912017
2.38979053957913e-37 0.0196774138581455 1.13418472077222e-44 -3.11007184007215e-44 -4.6883161437405e-45 -3.56029360178914e-44 1.39815053427862e-46 3.23312344310435e-45 6.55844003076897e-45 -1.70448359307372e-46 0.999999999873478 7.10396780994015
-5.90912649871616e-38 -0.0136717533674053 -2.8947986384439e-45 7.93714458736166e-45 1.19638251621266e-45 9.08444235747362e-45 -3.56718537147915e-47 -8.24808849023116e-46 -1.67298039068295e-45 4.34752803983246e-47 0.999999999233123 5.18332833052171
1.91475380822994e-40 0.000236125094049525 7.77137426291476e-48 -2.13125718983314e-47 -3.21317031106928e-48 -2.44036109679581e-47 9.58459227528455e-50 2.21663116387181e-48 4.49700267234695e-48 -1.16887177652486e-49 0.999999999992696 -75.8526787042852
2.49942642723337e-37 0.0767878738036791 1.13291574822774e-44 -3.10658155814097e-44 -4.68303873191946e-45 -3.55627387693424e-44 1.39656723385503e-46 3.22945127053814e-45 6.55096891752265e-45 -1.70253619744568e-46 1.00000000175649 5.78325440251128
1.31194204527347e-37 -0.0047779259783112 6.11798603301933e-45 -1.67757150782352e-44 -2.52879393607528e-45 -1.92029653072963e-44 7.54088552493422e-47 1.74371953541179e-45 3.53704699191706e-45 -9.1921908897426e-47 0.999999999825257 5.62447282158671
3.90038399238646e-38 0.017987267211045 1.81893600799379e-45 -4.9875469792546e-45 -7.51824397935325e-46 -5.70910832687626e-45 2.24191603676771e-47 5.18406734610738e-46 1.05155461657679e-45 -2.732794902823e-47 0.999999998261949 6.57751314159361
-4.09440593003098e-40 1.50794222656431e-05 -2.02626565087324e-47 5.55643370106931e-47 8.37636764367099e-48 6.36118139009727e-47 -2.49815294226943e-49 -5.77697516910324e-48 -1.17190360289248e-47 3.04577127040857e-49 0.999999999993284 -75.9015701762885
4.24935578621623e-40 2.00721399034091e-05 1.97354304727573e-47 -5.41196283093514e-47 -8.15873537422623e-48 -6.19602762787804e-47 2.43334136828826e-49 5.62720799972567e-48 1.14154440402468e-47 -2.96692562347312e-49 0.999999999992895 -75.6697615064453
2.8047271611066e-40 -0.000131660026024626 1.30706940715345e-47 -3.58420680583444e-47 -5.40315352350455e-48 -4.10321249204062e-47 1.61138716830247e-49 3.72628463239596e-48 7.5589602003177e-48 -1.96454552564973e-49 0.999999999991963 -75.6729893047675
-1.50531453783318e-37 -0.186618616609988 -6.69527594789427e-45 1.83597451016259e-44 2.76773598588034e-45 2.10186653977673e-44 -8.25438677514663e-47 -1.90881893521003e-45 -3.87217140038097e-45 1.00637172616621e-46 0.999999999372439 5.60311589474295
-1.6954608262257e-37 0.248676236437308 -8.76185194772212e-45 2.40252670776498e-44 3.6215990711679e-45 2.75014102174248e-44 -1.07996267344922e-46 -2.49725420553738e-45 -5.06555068113521e-45 1.31645063101851e-46 0.999999999693531 5.62651535403838
6.05282918588238e-41 -0.000369753801848865 3.28176037712038e-48 -8.99798033701442e-48 -1.35626016623692e-48 -1.02982488864875e-47 4.04373707316648e-50 9.34980653252107e-49 1.89640986156099e-48 -4.92805729027985e-50 0.999999999991761 -75.9743761784985
-5.48167005938695e-37 0.591433537733295 -2.75391617122503e-44 7.5512993867173e-44 1.13828888347748e-44 8.64382067950189e-44 -3.39436226152869e-46 -7.84893728850725e-45 -1.59211132764923e-44 4.13761432132896e-46 1.00000000077072 6.66538709249505
5.07721435352932e-37 0.0718846835946242 2.47182033588369e-44 -6.77806431373394e-44 -1.02177273688651e-44 -7.75935090597533e-44 3.04716288971892e-46 7.04638200530901e-45 1.42937640776826e-44 -3.71484796741173e-46 0.999999999644875 5.21718947571722
-2.06826396389027e-38 -0.0141884811776845 -9.97045836999228e-46 2.73370338755207e-45 4.1204769330741e-46 3.12871518107762e-45 -1.22852431505694e-47 -2.84054522379197e-46 -5.76142033344497e-46 1.497171020568e-47 0.999999999872518 5.31939265993432
3.4168229811306e-40 -0.000131019742841283 1.64605572623755e-47 -4.51374469416894e-47 -6.80439138071554e-48 -5.16730426175174e-47 2.02926131369037e-49 4.69258501970595e-48 9.51910754151386e-48 -2.47396939557168e-49 0.99999999999236 -76.1147160503527
3.14015844075092e-40 1.34353634265813e-05 1.49174110840669e-47 -4.09062427881175e-47 -6.16659695752305e-48 -4.68299821086614e-47 1.83908419987084e-49 4.25284415289016e-48 8.62714770292557e-48 -2.24217241999537e-49 0.999999999992467 -75.9300872042502
9.26078695194268e-41 0.000174571178830558 3.92346474138779e-48 -1.07615094439595e-47 -1.62269336856736e-48 -1.23260004927928e-47 4.84180270072556e-50 1.11993346921066e-48 2.27241299419788e-48 -5.90739901005107e-50 0.999999999993793 -75.969945243617
4.13830200081057e-38 0.0137649390385263 1.92698523535648e-45 -5.28397989987357e-45 -7.96532992380383e-46 -6.0487946279439e-45 2.37538006252898e-47 5.49284838170258e-46 1.11422277121531e-45 -2.89574595846782e-47 0.999999999733858 4.25291433905594
1.31333236536206e-37 0.0227674634402179 6.23012566994712e-45 -1.70841766882449e-44 -2.57543825087259e-45 -1.95582811546678e-44 7.68085246436199e-47 1.77618580932182e-45 3.60310800456385e-45 -9.36440467916645e-47 0.999999999627363 6.91184666743836
1.78535623387513e-37 0.222206556909861 7.61627087129695e-45 -2.08844706066354e-44 -3.14821516651905e-45 -2.39071499108009e-44 9.38837447347606e-47 2.17096710928128e-45 4.40378392204681e-45 -1.14449203290056e-46 0.999999999870458 7.10972478211152
9.86953468435197e-38 0.089930597154403 4.32709659734716e-45 -1.18658137207433e-44 -1.78878567282569e-45 -1.35844341002174e-44 5.3348719004851e-47 1.23369180717345e-45 2.50264519473046e-45 -6.50437991238054e-47 0.999999999869026 6.50204116117791
-2.03321669645046e-40 8.33837567009238e-05 -1.04742247700625e-47 2.87205049741256e-47 4.32934390702202e-48 3.28756651586594e-47 -1.29099986880302e-49 -2.98523190487975e-48 -6.05535842504578e-48 1.57367713762177e-49 0.999999999990853 -75.8044707362912
-3.8573846201044e-37 0.303097049073517 -1.84576270012972e-44 5.06134930096022e-44 7.62986041687178e-45 5.79414459041093e-44 -2.27541835266979e-46 -5.26178885195246e-45 -1.0673712120157e-44 2.77403259517275e-46 1.00000000082582 7.84274599269885
3.1454901033222e-38 0.00560102157920247 1.42301969166761e-45 -3.90156458081007e-45 -5.88066609449287e-46 -4.46515653165535e-45 1.75325885617064e-47 4.05373747330534e-46 8.22195509104624e-46 -2.13652795667336e-47 0.999999999637908 4.68232447062914
-4.39613507689651e-39 0.0617638200882727 -4.16377388991706e-46 1.1410577296302e-45 1.71904692067867e-46 1.3046382091551e-45 -5.1202532815088e-48 -1.18329443737802e-46 -2.3988544908094e-46 6.23058447334793e-48 0.999999999202766 6.81393738224149
-1.43899245879668e-37 0.0507039477569534 -7.21672555584198e-45 1.97891371885094e-44 2.98313815097734e-45 2.26538659808026e-44 -8.89632172215976e-47 -2.0572111312202e-45 -4.17308432221018e-45 1.08454970589011e-46 0.99999999946141 5.88524876677254
7.88600394679791e-38 -0.0219998168884038 3.81507834617221e-45 -1.04605119350829e-44 -1.57674786647207e-45 -1.19727527819525e-44 4.70137580082056e-47 1.08706659174245e-45 2.20494233738198e-45 -5.72996971706467e-47 0.999999999115665 5.1773324005724
-1.22730163621565e-40 -0.000485194647668026 -4.81590640505957e-48 1.32091642148899e-47 1.99173931166198e-48 1.5129066155264e-47 -5.94279785899225e-50 -1.37458007307555e-48 -2.78906769661093e-48 7.25040206292932e-50 0.999999999993194 -75.8440897302373
-3.14801594101489e-37 0.38713986981763 -1.60919176342836e-44 4.41247057856075e-44 6.65143997786469e-45 5.05093731063875e-44 -1.98347836337719e-46 -4.58651885412208e-45 -9.30355228570797e-45 2.41784481354063e-46 1.00000000047083 5.33231922761056
-4.977463554243e-40 -0.000111993077512425 -2.43151746664154e-47 6.66777339821217e-47 1.00518063177938e-47 7.63360790556861e-47 -2.99788371122536e-49 -6.93266080291681e-48 -1.40635523527631e-47 3.65514092814294e-49 0.999999999994564 -75.8619740569958
-2.65547578601876e-40 -6.86264668034873e-05 -1.27695025554915e-47 3.50159255882585e-47 5.27857969896245e-48 4.0085842225428e-47 -1.57421533436842e-49 -3.64030271844303e-48 -7.38449454930076e-48 1.91919037996082e-49 0.999999999992213 -76.1340035769443
-7.9807516650734e-40 -0.547304295691252 9.510515637547e-46 -2.60392776377914e-45 -3.91933511766012e-46 -2.97178287509126e-45 1.16525157214138e-47 2.69042753806667e-46 5.44918502687686e-46 -1.41401675316382e-47 1.000000000358 7.31352315936984
-7.51848038623115e-38 -0.304504668348272 -3.18097849198093e-45 8.72401676275295e-45 1.31532207022516e-45 9.99010830609743e-45 -3.92380573879797e-47 -9.07496693460639e-46 -1.84116424982384e-45 4.78579444624154e-47 0.999999998017486 7.97250846004456
1.57823953346735e-37 0.0879714561689187 7.16429476499468e-45 -1.96447413868956e-44 -2.96127695688185e-45 -2.24871385555232e-44 8.83056640590469e-47 2.04194086964332e-45 4.14197692954751e-45 -1.07643100680989e-46 1.00000000079607 5.04436899367166
1.4724972476319e-38 0.00107375603143147 6.36329048852652e-46 -1.74489600831735e-45 -2.63037211554733e-46 -1.9975023272723e-45 7.84434334129931e-48 1.81395342589994e-46 3.67964214986846e-46 -9.56310775688134e-48 0.999999999306527 6.05768040534459
-1.55525753774824e-40 -0.000231091198400419 -6.99640968585746e-48 1.91859667309794e-47 2.89235762991847e-48 2.19655842867315e-47 -8.62646239147181e-50 -1.99490835994652e-48 -4.04690573273292e-48 1.0518098743891e-49 0.999999999993905 -75.901465135939
-1.75136787952608e-37 -0.390120445277312 -7.68470490825487e-45 2.10749504655461e-44 3.17735528863118e-45 2.41316747638992e-44 -9.47781772300403e-47 -2.19194415623181e-45 -4.44693253474238e-45 1.15586101082166e-46 0.999999998086165 7.60476599688304
-1.11023848541401e-36 -0.856577454897172 -4.98718075151706e-44 1.36759968049569e-43 2.06168692607837e-44 1.56570126880232e-43 -6.14885553259673e-46 -1.42193555663868e-44 -2.88453262318919e-44 7.49695680494649e-46 1.00000000195805 8.79271918501374
-1.88219834714423e-41 0.00054633602041089 -2.53556113844781e-48 6.94972844429931e-48 1.04717979306751e-48 7.94871557125784e-48 -3.1201227841796e-50 -7.21184653443783e-49 -1.46228157790047e-48 3.79865085299563e-50 0.999999999994142 -75.9538385692102
-4.33766448031233e-37 0.15208940527778 -2.11110349402104e-44 5.78892387482548e-44 8.72661853043117e-45 6.62699435454898e-44 -2.6024740252626e-46 -6.01805899067555e-45 -1.22077714056206e-44 3.17270975538589e-46 0.999999998050014 7.96393842403348
1.4211027269562e-38 -0.0227641956958407 7.02439130463543e-46 -1.92605641128438e-45 -2.9032814690998e-46 -2.20460978461352e-45 8.65712138854847e-48 2.00177615400005e-46 4.06038692422421e-46 -1.05519647350533e-47 0.999999999362938 4.87736718054608
1.28597408574919e-38 -0.0314685349877231 6.92622140883752e-46 -1.89904112720693e-45 -2.86241235638119e-46 -2.17346409185409e-45 8.53437897099986e-48 1.97329311535056e-46 4.00240633193765e-46 -1.04007522012565e-47 0.999999999407616 5.22666770802848
-1.55052401172412e-38 -0.0139325396636378 -1.33975784438653e-45 3.67449185439316e-45 5.54023381233327e-46 4.20805432762326e-45 -1.65285121652428e-47 -3.82284248728883e-46 -7.75619898364764e-46 2.01616222223527e-47 0.999999998230242 7.67917483922787
-8.20658535136291e-37 0.466109094363047 -4.09255240225071e-44 1.1222150906678e-43 1.69167836942916e-44 1.28464147841796e-43 -5.04481536054273e-46 -1.16656473057753e-44 -2.36636817677922e-44 6.14992465530861e-46 1.00000000126992 7.97276238177703
-1.02163079318595e-40 0.000255820888926463 -5.97540523077152e-48 1.63830277332141e-47 2.46933937774323e-48 1.87495058267952e-47 -7.3620376880244e-50 -1.70218380289572e-48 -3.4524289895199e-48 8.97133421410522e-50 0.99999999999322 -76.0540453162054
2.63080918666467e-40 0.00011633162179524 1.21384234559838e-47 -3.32875009484697e-47 -5.01833838386145e-48 -3.81119483491542e-47 1.49679236024526e-49 3.46148298859371e-48 7.02219296975047e-48 -1.82514481403284e-49 0.999999999993302 -76.10870808928
1.96059810670727e-38 0.0248494649470526 7.54212480898069e-46 -2.06867506016714e-45 -3.11925349511234e-46 -2.36936247596271e-45 9.30703881117062e-48 2.15274092141508e-46 4.36799273676833e-46 -1.13549714109005e-47 0.999999999531953 5.42171385996525
1.10531128255298e-37 -0.00933725405371669 5.39251367791842e-45 -1.47857055493275e-44 -2.22870550838298e-45 -1.69233279773158e-44 6.64535286092201e-47 1.53656363839116e-45 3.11668538265369e-45 -8.09933533593423e-47 1.0000000008618 6.21442216749633
-5.42818893763059e-37 0.526372661770521 -2.84178146326231e-44 7.79210423073769e-44 1.1745693423754e-44 8.91918180675675e-44 -3.50243882710518e-46 -8.09871893530829e-45 -1.64275197811081e-44 4.26915251824788e-46 0.999999999545295 8.69801396354812
1.56338338891207e-40 0.000193891979610722 5.74777243213281e-48 -1.57634446206119e-47 -2.37663523778451e-48 -1.80507977866693e-47 7.08972633221333e-50 1.6396939069583e-48 3.32664158595087e-48 -8.64695614723617e-50 0.999999999991641 -75.915999148549
-1.71079277297212e-37 -0.0880277810607295 -8.32823714288589e-45 2.2837507285954e-44 3.44273945929194e-45 2.61446043593543e-44 -1.02673694247634e-46 -2.37430517875866e-45 -4.81641394657818e-45 1.25177156397912e-46 0.999999999617496 6.24313497074659
1.30941300270764e-40 -0.000241099306440702 6.28883695460332e-48 -1.7244178124173e-47 -2.59940823082956e-48 -1.97391714760809e-47 7.75144249209211e-50 1.79240587191681e-48 3.6358008162116e-48 -9.44882488912865e-50 0.999999999992239 -75.7589665353325
1.48677346203498e-36 0.162870117940687 7.20529210996878e-44 -1.97582679728199e-43 -2.97855751864557e-44 -2.26196337058776e-43 8.88309568827417e-46 2.05420294849412e-44 4.16708413062853e-44 -1.08301681175716e-45 0.999999999585737 7.65822349935346
1.56437058493667e-38 0.0824434244077946 4.6055526388872e-46 -1.26333622029423e-45 -1.90509216309705e-46 -1.44722312959662e-45 5.68531064704883e-48 1.31514350535654e-46 2.66871383302804e-46 -6.93816913803734e-48 0.999999999309222 6.78874867020621
5.11037849646381e-38 0.00450046041462444 2.38837437675299e-45 -6.54850941294992e-45 -9.87057244166791e-46 -7.49487978988026e-45 2.94297240029666e-47 6.80468354142484e-46 1.38019223310403e-45 -3.58661883774697e-47 0.999999999745382 5.47262643963118
-2.28709308940202e-40 -7.16538310432935e-06 -1.16788361745509e-47 3.20251493397651e-47 4.82772585846649e-48 3.66620287732767e-47 -1.43975827049863e-49 -3.32937645956527e-48 -6.75376801041645e-48 1.75526778099577e-49 0.99999999999155 -76.0450952792131
9.0540639676066e-37 0.151648533496786 4.38320041815369e-44 -1.2019584873184e-43 -1.8119551707155e-44 -1.37602994632763e-43 5.40390266439336e-46 1.2496470993069e-44 2.53499533974841e-44 -6.58841510304598e-46 0.999999998317625 7.8267417399368
4.89505927721178e-40 0.000314211413526291 2.1964906163171e-47 -6.02350127942446e-47 -9.08089189707538e-48 -6.8965273765212e-47 2.70851735325257e-49 6.26372985482251e-48 1.2707038077427e-47 -3.30270402782876e-49 0.999999999991911 -75.7849322957923
4.48697282431507e-38 -0.00959524337920118 2.14499824013361e-45 -5.88142518356849e-45 -8.86539414745169e-46 -6.73187389429068e-45 2.64346208260951e-47 6.11238116281179e-46 1.23981726241211e-45 -3.22195101097289e-47 0.99999999960695 4.98261169982229
1.37567148595893e-36 0.299957902083658 6.60286526886304e-44 -1.81063888422474e-43 -2.72955023606998e-44 -2.07287349468051e-43 8.14054913021134e-46 1.88249937808679e-44 3.81879103619071e-44 -9.92501010622589e-46 1.00000000074935 5.42112287033629
-9.09883171791896e-38 0.351822568305339 -5.26414011806927e-45 1.44321460969139e-44 2.17517492973875e-45 1.65150492848978e-44 -6.48432405181111e-47 -1.49916604697132e-45 -3.04049737742912e-45 7.90048027664819e-47 1.00000000030737 5.49269219577753
5.67926691859334e-38 0.104037310975821 2.301848889233e-45 -6.31217371854209e-45 -9.51570408500894e-46 -7.22645632320086e-45 2.83797812607552e-47 6.56285716983556e-46 1.3313332719142e-45 -3.46014771932616e-47 1.00000000053303 5.29145583649002
-8.40468306286189e-38 0.440318111184079 -5.20695660016856e-45 1.42745418352825e-44 2.15129601942245e-45 1.63327968960026e-44 -6.41239224478963e-47 -1.48244902686923e-45 -3.00641760501596e-45 7.81147031255479e-47 1.00000000042865 5.99359647657969
-1.47643414156288e-37 -0.152043668019144 -6.86482550524491e-45 1.88250366109033e-44 2.83793210733216e-45 2.15521516648657e-44 -8.46405482219444e-47 -1.95734121230767e-45 -3.97067672191642e-45 1.03199248007914e-46 0.999999999705408 5.25209281572018
-8.59742087185742e-40 -0.000528433012763857 -4.06857403949411e-47 1.11572677138449e-46 1.68202841496917e-47 1.27741279675022e-46 -5.01681857485744e-49 -1.16018105015575e-47 -2.35360216670557e-47 6.11722359691972e-49 0.999999999990647 -75.9454916386954
-3.22831788120678e-40 -0.000158764788884248 -1.49407880078032e-47 4.09690282365167e-47 6.17586313361886e-48 4.68988420141111e-47 -1.84172919340404e-49 -4.25882367986926e-48 -8.63899973347536e-48 2.24518054457671e-49 0.999999999992484 -76.124545106144
3.0925003343564e-40 0.000188331633378731 1.39795960050926e-47 -3.83377606442802e-47 -5.77987843804583e-48 -4.38968266318218e-47 1.72403764214096e-49 3.98713186300028e-48 8.08880503920148e-48 -2.10243291700681e-49 0.99999999999318 -75.8439147714048
1.62360384814485e-38 0.0211904242562074 6.41351825962512e-46 -1.75876621150235e-45 -2.65142742662191e-46 -2.01360297346382e-45 7.90800892968404e-48 1.82877680821772e-46 3.709916922728e-46 -9.64232319912958e-48 0.999999999907543 5.21657509451628
9.84901702622487e-38 -0.0814815745432019 4.73493360252026e-45 -1.29821759738601e-44 -1.95677511302348e-45 -1.48578778241159e-44 5.83407261716456e-47 1.3489228109815e-45 2.73597588378329e-45 -7.10970245306604e-47 0.999999999544211 5.42310970605349
2.22979097256452e-38 0.0131923968890343 9.88839239741464e-46 -2.71153748417319e-45 -4.08757163392478e-46 -3.10411355737786e-45 1.2190149259553e-47 2.81890658583743e-46 5.71823844006809e-46 -1.48613358616451e-47 1.00000000021195 5.38144259429927
1.12609807275066e-37 0.0805267256028238 4.98650768007596e-45 -1.36733208734662e-44 -2.06115836427461e-45 -1.56520481339649e-44 6.14653254804525e-47 1.42131203490158e-45 2.88309262403752e-45 -7.49275905541282e-47 1.00000000002469 5.8260076524568
6.35954287875272e-40 0.000488365210342376 2.86579190688357e-47 -7.85884709476241e-47 -1.18476678751333e-47 -8.99765556716487e-47 3.53366241500294e-49 8.1718613571584e-48 1.6577797831614e-47 -4.30870441399463e-49 0.999999999992186 -75.7972898541268
-2.69270731434399e-37 -0.389192443873068 -1.1664145904267e-44 3.19861232387072e-44 4.82203233048173e-45 3.66202322729691e-44 -1.43817347734618e-46 -3.32584265941705e-45 -6.74686537594297e-45 1.7535429468402e-46 1.00000000022007 4.76205302093934
-2.80334785571847e-40 -6.55459991582341e-05 -1.30496714555061e-47 3.57845007143837e-47 5.39448745089397e-48 4.09664064031749e-47 -1.60880996181475e-49 -3.72033338874717e-48 -7.54690504067306e-48 1.96141693311124e-49 0.999999999993284 -76.0430823332823
-5.36916713645448e-38 0.0473725073717244 -2.81757150284497e-45 7.72588706326228e-45 1.16461289942809e-45 8.84376684553586e-45 -3.47289904877245e-47 -8.03058642431969e-46 -1.62896691801752e-45 4.23341913636974e-47 0.999999999788379 4.87519596247276
-1.27471428285523e-38 -0.0324722586816501 -5.97084621246525e-46 1.63725470674217e-45 2.46806421986688e-46 1.87421378004286e-45 -7.36005396376652e-48 -1.7019355556551e-46 -3.452352574991e-46 8.97224630811926e-48 0.999999999337524 4.77852209640039
-1.75471083616216e-38 -0.0115679720961682 -8.64361785204876e-46 2.37029197074917e-45 3.57328767057682e-46 2.71366716826016e-45 -1.06572310792846e-47 -2.46452045738909e-46 -4.99954396616227e-46 1.29939853470579e-47 0.999999999630059 4.60904843178807
-3.55439144529685e-40 -0.000145320060943103 -1.63928464565079e-47 4.49512705684458e-47 6.77624989431292e-48 5.14587594672947e-47 -2.02082360948112e-49 -4.67302105285118e-48 -9.47931555807711e-48 2.46360021537226e-49 0.999999999993595 -75.9054322348912
4.12368178369321e-37 0.137805908475362 1.88912954962751e-44 -5.18006350387852e-44 -7.80851172054944e-45 -5.92957962151563e-44 2.32851338412685e-46 5.38435649579692e-45 1.09219148482718e-44 -2.83842729377674e-46 1.00000000163277 6.45807286102526
7.4538451971808e-37 0.359812238081203 3.51449749162705e-44 -9.63760552800136e-44 -1.45289723913926e-44 -1.10337492456011e-43 4.33321781105614e-46 1.00207024634853e-44 2.03280504443487e-44 -5.28332472251113e-46 0.999999999904843 7.18425540931625
6.05908482425731e-38 0.00348714506644191 2.98433710348811e-45 -8.18331233581857e-45 -1.23358822822921e-45 -9.36771698423803e-45 3.67871803520984e-47 8.5066678584712e-46 1.7255691292964e-45 -4.48455399480378e-47 0.999999999058445 5.50006858214416
-1.98468259426142e-40 -0.000289147810549184 -8.83855794235565e-48 2.42380374460197e-47 3.65404035973534e-48 2.77505562536191e-47 -1.08985632729955e-49 -2.52038595368674e-48 -5.1129879836102e-48 1.32891288096568e-49 0.999999999991909 -76.3039668566498
1.89286767459007e-38 -0.323249300641785 1.33169421716518e-45 -3.64968571579478e-45 -5.49877607127119e-46 -4.1734847258931e-45 1.63806295690559e-47 3.78584087648377e-46 7.67544926704804e-46 -1.9936964417128e-47 1.00000000028043 7.7983657504937
1.07024995910903e-40 0.000242888418049574 3.90965784715417e-48 -1.07225653271078e-47 -1.61665928878603e-48 -1.22789369993462e-47 4.82283326043649e-50 1.11543423633636e-48 2.26305764753374e-48 -5.88249117363313e-50 0.999999999993754 -75.9978482022955
-4.5171087453531e-40 0.000149570418544584 -2.29298227406025e-47 6.28774529507752e-47 9.47870533015886e-48 7.19822732153337e-47 -2.82684037651583e-49 -6.53698135877086e-48 -1.32605982228061e-47 3.44637866626242e-49 0.999999999993052 -76.0652668368719
2.50187596522461e-37 0.0402266036814661 1.17880186153628e-44 -3.23238906985924e-44 -4.8726619945238e-45 -3.70025283118469e-44 1.45310068682433e-46 3.36016227329104e-45 6.81608043416036e-45 -1.77142663646548e-46 1.00000000060951 5.82608305425515
-9.90288655548823e-38 -0.0700810438931468 -4.48894222952367e-45 1.23096722370226e-44 1.85570445620483e-45 1.40926801806674e-44 -5.53448971676426e-47 -1.27985808522837e-45 -2.59630654253889e-45 6.74783004608464e-47 0.999999999891297 6.70946614453979
-4.81198649454323e-40 9.43589930148738e-06 -2.36920886822512e-47 6.49681908897625e-47 9.79395348666709e-48 7.43768457573311e-47 -2.92089987677007e-49 -6.75454063304118e-48 -1.37020288670256e-47 3.561130965337e-49 0.999999999992708 -76.005774691405
2.27293719040404e-38 -0.00241474021361138 8.13920342530773e-46 -2.23195242810124e-45 -3.36471122938899e-46 -2.55524831402285e-45 1.00350054163642e-47 2.3206109633925e-46 4.70757201893883e-46 -1.22350460230281e-47 0.999999999580651 6.78219737466758
4.30819171704604e-40 0.000227385691630142 1.98140068173169e-47 -5.43359606891581e-47 -8.19147734600975e-48 -6.22099106550567e-47 2.44318367726715e-49 5.65005786946826e-48 1.14619784613065e-47 -2.97906713889011e-49 0.999999999991205 -75.9331992120348
9.6746960151757e-38 -0.041614586923488 4.4383773289446e-45 -1.21700394694637e-44 -1.83450789042757e-45 -1.39305938048893e-44 5.47039719327265e-47 1.26493531756373e-45 2.56582882372106e-45 -6.66808367018284e-47 1.00000000049762 5.8452289243136
-5.50772695189309e-37 -0.63396051434143 -2.41621938525018e-44 6.62590134764533e-44 9.98880221219993e-45 7.58585130176906e-44 -2.97916419122666e-46 -6.88945384393207e-45 -1.3976070076193e-44 3.63244761425599e-46 1.00000000105841 7.52460519062735
