-3.53858361955378e-13 -0.0433657734403682 1.59998731065885e-16 -4.41632695583576e-16 -6.70140578816107e-17 -5.12263307123785e-16 2.02497634640894e-18 4.71353865556238e-17 9.62463528322508e-17 -2.51788375572996e-18 0.999999999566425 4.28618750354284
-3.75950214901535e-15 -0.000446031639032537 1.37655290999111e-18 -3.80010055645177e-18 -5.76709755131387e-19 -4.40902083526059e-18 1.74311639725248e-20 4.05799071117179e-19 8.28716162812059e-19 -2.16827701779283e-20 0.999999999986216 -40.2317272167647
-6.82316230978979e-16 -0.000156681936191318 9.04354451855046e-19 -2.49701294079269e-18 -3.79020680372385e-19 -2.8981952355029e-18 1.14601875701521e-20 2.66843242646956e-19 5.45042999806689e-19 -1.4263282783074e-20 0.999999999984407 -40.443024333132
-3.76392268080724e-13 -0.0456771946687752 1.59351992651403e-16 -4.39867001517572e-16 -6.67490808807578e-17 -5.1026036586101e-16 2.01714798214012e-18 4.69552439906102e-17 9.5882762373276e-17 -2.50848301400465e-18 1.00000000046662 5.2999151125024
-1.93595398581827e-12 -0.279861127594755 1.13230505098996e-15 -3.1258379863478e-15 -4.74383423573399e-16 -3.6267296424579e-15 1.43383848935939e-17 3.3379951509217e-16 6.81681111833903e-16 -1.78357348928973e-17 1.00000000069407 7.53435413165278
5.22974351346305e-16 5.17174152578634e-05 -1.95298944036118e-19 5.38957563701784e-19 8.17653345834801e-20 6.24894140207265e-19 -2.46969323400853e-21 -5.74751266595939e-20 -1.17334818095927e-19 3.06893726478293e-21 0.999999999985497 -40.2251138906815
4.47223210803011e-12 0.593977899102049 -2.09157214816577e-15 5.77382391588818e-15 8.76222184896065e-16 6.69865475650297e-15 -2.6482581961767e-17 -6.16500558112838e-16 -1.25897387826659e-15 3.29392841936166e-17 0.999999999721194 7.27562754789531
-1.25625335273272e-14 0.0072747252014994 -9.13218255740789e-17 2.5210245716245e-16 3.82595253361104e-17 2.9249921026666e-16 -1.15640291567567e-18 -2.69211778872575e-17 -5.4978009763526e-17 1.43846117226998e-18 0.999999999232629 5.87800351138716
-1.70986715565207e-13 -0.0129956661454999 3.56295360403489e-17 -9.83398040478163e-17 -1.49213648184005e-17 -1.14053971772549e-16 4.50828820751613e-19 1.049333078719e-17 2.14252138487085e-17 -5.60468454922105e-19 0.999999999974167 4.12913821333572
-3.13802430820339e-15 -0.000423199400788503 1.63438576481327e-18 -4.51207988445561e-18 -6.84792525010214e-19 -5.23556890969411e-18 2.06998942111236e-20 4.81917601040128e-19 9.8420948053159e-19 -2.57523276963077e-20 0.999999999983481 -40.2105109839795
-2.2712890196323e-13 -0.0192699515153511 6.19881593877482e-17 -1.71100387810049e-16 -2.59629042321682e-17 -1.98462377403112e-16 7.84517231642439e-19 1.82611113179603e-17 3.72873927131655e-17 -9.75463497500128e-19 1.0000000002959 4.30869384576802
2.59460052893869e-13 0.0335262921141524 -1.50438176383678e-16 4.15273241511784e-16 6.30187603793144e-17 4.81757407182878e-16 -1.90452343495851e-18 -4.43347900494021e-17 -9.05342865305181e-17 2.36862167613913e-18 1.0000000009342 4.18997386507844
-1.19314326656562e-13 -0.0123401985287117 3.04694820088338e-17 -8.41116005127646e-17 -1.27645868565801e-17 -9.75843749258229e-17 3.85791985418719e-19 8.98103837813062e-18 1.83404511581504e-17 -4.79852415452551e-19 0.999999999206954 5.68975344320951
-1.3236099792691e-15 -0.000177430915186591 6.84949303221381e-19 -1.89101259758756e-18 -2.87005643073345e-19 -2.19436610141865e-18 8.67615116856079e-21 2.01997292997242e-19 4.1254761430857e-19 -1.07948546419244e-20 0.999999999986559 -40.2596049867297
-2.90680102586633e-15 -0.000435446496663368 1.77693530475133e-18 -4.90579657264019e-18 -7.44573328321932e-19 -5.69282785054041e-18 2.25085750618751e-20 5.24044742381682e-19 1.07028348948379e-18 -2.80055091133104e-20 0.999999999986376 -40.0707225070238
3.5541671286552e-15 0.000433221612764181 -1.48547427351986e-18 4.10057103760306e-18 6.22276739424599e-19 4.7571345302276e-18 -1.88064436212963e-20 -4.37792519194561e-19 -8.9400529284495e-19 2.33897744671041e-20 0.999999999990429 -40.0652075629082
-1.46560513616775e-12 -0.220055651939981 8.18747360062483e-16 -2.26022881218171e-15 -3.4301642966592e-16 -2.62240687603485e-15 1.03677520891809e-17 2.41362362794433e-16 4.92906546503363e-16 -1.28965579298878e-17 1.00000000012627 4.61423811350744
2.73944473465054e-12 0.358637730116252 -1.20231433810503e-15 3.318988222631e-15 5.03678510870146e-16 3.85055893889411e-15 -1.52227638129182e-17 -3.54375479166345e-16 -7.23675575579348e-16 1.89338251017396e-17 1.00000000046371 4.61784479816031
-4.69596151878532e-15 -0.000648855914951825 2.63149967873826e-18 -7.26481572751942e-18 -1.10256932567693e-18 -8.42965588875291e-18 3.33283001124728e-20 7.75919910416801e-19 1.5846403929365e-18 -4.14628105649899e-20 0.999999999982429 -40.2461134417858
3.09763214319476e-12 0.39982508217688 -1.42211439223847e-15 3.92580288156851e-15 5.95775271317699e-16 4.55469288506944e-15 -1.80067404534912e-17 -4.19190595977023e-16 -8.5604787789482e-16 2.23974601602785e-17 1.00000000113218 6.01749817893786
-2.11572644986153e-13 0.0206642282813177 -4.40017081741253e-16 1.2149000208648e-15 1.84404509273068e-16 1.41001958175249e-15 -5.57542656786653e-18 -1.29816963067298e-16 -2.65151968360727e-16 6.9386092082811e-18 1.00000000092003 4.6175946422234
4.26682041920864e-14 0.00604752528093342 -2.36588567819427e-17 6.52993530041456e-17 9.90795475401318e-18 7.5732410540051e-17 -2.99349760267934e-19 -6.96749164741338e-18 -1.42260419087437e-17 3.72139605011261e-19 0.99999999982019 4.55357282680458
-2.12878470464949e-15 -0.000334121993820441 1.57710330932822e-18 -4.35408128323774e-18 -6.60834852047087e-19 -5.0525658241347e-18 1.99770057028595e-20 4.65103084023206e-19 9.49900539165359e-19 -2.48554273761775e-20 0.999999999988434 -40.4017355880731
1.90266079911885e-15 0.000285306212873647 -1.2765846297206e-18 3.52418876255019e-18 5.34845975364092e-19 4.08903603166736e-18 -1.61663700972334e-20 -3.76360910045461e-19 -7.68610996818213e-19 2.01104998384849e-20 0.999999999985002 -40.2523658510654
-7.04314656130707e-16 -8.07681782564478e-05 5.10334827702035e-19 -1.40902792453739e-18 -2.13867112446786e-19 -1.63527591576437e-18 6.46602595085084e-21 1.50551211139905e-19 3.07497188013705e-19 -8.04659651634888e-21 0.999999999985426 -40.2507061448198
-2.58184555391127e-13 -0.0270589665823279 9.0658910017253e-17 -2.50238067185341e-16 -3.79713712512331e-17 -2.9025641132427e-16 1.14737857780275e-18 2.67074280836985e-17 5.45340171032362e-17 -1.42664888371941e-18 0.999999999912792 4.21311253514971
-6.2048646879284e-13 -0.0685630078570919 2.26014626675334e-16 -6.2386203314158e-16 -9.46674306129338e-17 -7.23661158308189e-16 2.86068022644925e-18 6.65891977753055e-17 1.35971643296528e-16 -3.5571903141171e-18 0.999999999347863 5.83163808719528
1.06539199368599e-12 0.141845682489293 -4.94112638011903e-16 1.36401757124018e-15 2.07001738545107e-16 1.58252530128286e-15 -6.25643175269922e-18 -1.45647548945139e-16 -2.9743340713657e-16 7.78198707138649e-18 0.999999999640607 5.38074800580577
3.6012499806945e-13 0.0633923867123296 -2.08526573059697e-16 5.75672691425258e-16 8.73674926445137e-17 6.67954306561672e-16 -2.64084561807565e-18 -6.14808253589776e-17 -1.25558598216745e-16 3.28524239012076e-18 0.999999999357643 5.46436509632932
3.07131727700441e-15 0.000328487537833304 -7.66574104426849e-19 2.11581096788902e-18 3.21040338458372e-19 2.45394588754689e-18 -9.69995533661933e-21 -2.25774506946628e-19 -4.60988575625004e-19 1.20592309268017e-20 0.999999999989599 -40.2080463193281
1.1594655399284e-12 0.166588168849652 -5.17249081890856e-16 1.42785639169883e-15 2.16685253591781e-16 1.65652053678895e-15 -6.54882932867803e-18 -1.5245123248032e-16 -3.1132091903819e-16 8.14516452783103e-18 0.999999998283556 6.23863472844367
-6.40502124936994e-14 -0.00742540090680239 1.58637770612106e-17 -4.37882628702586e-17 -6.64460049789956e-18 -5.0792862341335e-17 2.00787140364484e-19 4.67379366126333e-18 9.54362325349608e-18 -2.49672807879519e-19 0.99999999934947 4.58102311863701
-7.93351936926334e-14 -0.00587699642760655 7.96568151196672e-18 -2.19826947223743e-17 -3.33502396175909e-18 -2.5488228016345e-17 1.00734845068736e-19 2.34433804619379e-18 4.78597978083049e-18 -1.25180214330568e-19 0.999999999749813 5.57804970747766
7.49923293469835e-13 0.0906205304785735 -3.17859911329939e-16 8.77444011454319e-16 1.33156722316154e-16 1.01795696957107e-15 -4.024344255356e-18 -9.36830991293259e-17 -1.91309911595132e-16 5.00527434557411e-18 1.00000000008596 4.79372310306881
-1.32223026566609e-13 -0.0148520405800033 5.57989925112624e-17 -1.540121104457e-16 -2.33691761778437e-17 -1.78630068724528e-16 7.06098190983844e-19 1.64352397155987e-17 3.35580776305102e-17 -8.77874208893235e-19 0.999999999511878 3.61228352650936
3.65676875367151e-16 -1.59966550392656e-05 3.43459471423341e-19 -9.4845698817841e-19 -1.43985826675257e-19 -1.10114477803251e-18 4.35480204153768e-21 1.01412798344588e-19 2.07170134023513e-19 -5.42220153546993e-21 0.999999999988031 -40.2169051753592
-1.74963143214593e-14 -0.00231841242852255 1.25934284178856e-17 -3.47602606596036e-17 -5.27450945630029e-18 -4.03184424429713e-17 1.59376680320073e-19 3.70976334321056e-18 7.57491406534988e-18 -1.98163373687332e-19 0.999999999640705 2.87805554456217
1.20806880936304e-15 0.000144842783569248 -5.95571709893042e-19 1.64401475971678e-18 2.49480946890341e-19 1.90718003017845e-18 -7.53954906671e-21 -1.75509030447602e-19 -3.58396412028155e-19 9.37652739730739e-21 0.999999999986137 -40.1797741539953
1.00551181804518e-15 0.000111096272239331 -2.15487612641679e-19 5.94648302647088e-19 9.02106957071652e-20 6.89411417015586e-19 -2.72457169105094e-21 -6.34042511387929e-20 -1.29434056154154e-19 3.38526668588096e-21 0.999999999986841 -40.3542000609293
-1.75781752425274e-12 -0.238702737112753 8.42723641990685e-16 -2.32637726473545e-15 -3.53049123291387e-16 -2.69906144329549e-15 1.06706232250237e-17 2.48408938786634e-16 5.07288188514352e-16 -1.32726143311203e-17 1.00000000007846 6.0573233379467
-2.05272531786445e-12 -0.298202484870883 1.13228611760093e-15 -3.1257778512368e-15 -4.74373105384297e-16 -3.62664166131987e-15 1.43380011537166e-17 3.33789747171056e-16 6.81659462837511e-16 -1.783512403072e-17 0.999999999680174 6.66546218747875
1.59969433411398e-13 0.0209347698638964 -8.15161792308348e-17 2.25010497433253e-16 3.41445792965228e-17 2.61013752479103e-16 -1.03182106900735e-18 -2.40184960134794e-17 -4.90452915567108e-17 1.28310743658435e-18 0.999999999936827 4.46389625780131
-5.8733538096027e-14 -0.00315834765459312 -1.29410428637817e-17 3.57317690352745e-17 5.4237505162299e-18 4.14731909032739e-17 -1.6399646849781e-19 -3.81857987896019e-18 -7.79972479270845e-18 2.04113058753283e-19 0.999999999541889 5.78900302744627
3.24220118962e-15 0.000426792189518615 -1.56730341281769e-18 4.32656318609289e-18 6.56588154619594e-19 5.01956027584103e-18 -1.98443866489667e-20 -4.6196609512343e-19 -9.43392932025711e-19 2.46825100857776e-20 0.999999999984115 -40.2040182223909
3.3649110469458e-14 -0.0121454097608377 6.8108765274082e-17 -1.88065811469691e-16 -2.85480649722221e-17 -2.18306213019104e-16 8.63286301251957e-19 2.01022179252355e-17 4.10622889600069e-17 -1.07462386322953e-18 1.00000000002683 6.48533508888106
-2.82641418050557e-12 -0.41273194343995 1.75595330439464e-15 -4.8474987754199e-15 -7.35669029630659e-16 -5.62431808936971e-15 2.22359992558028e-17 5.17659086227628e-16 1.05716097636645e-15 -2.76600266023591e-17 0.999999998332992 6.95963588071407
-3.39735185351079e-15 -0.000412649823649893 1.51865440719531e-18 -4.19242648261187e-18 -6.36256132638404e-19 -4.86430891826611e-18 1.92313465626212e-20 4.47711922634917e-19 9.14318951853340e-19 -2.39227431167998e-20 0.999999999987117 -40.1779687760194
4.04253918213588e-12 0.493638158137309 -1.81511833438714e-15 5.01061052217877e-15 7.60389959262249e-16 5.8130591464049e-15 -2.29811887607369e-17 -5.34983832262904e-16 -1.09249364986165e-15 2.8583234890119e-17 0.999999999347528 6.78268265569257
4.44445527943337e-14 0.00599140669830519 -2.71924310594768e-17 7.50552346176675e-17 1.13886948301352e-17 8.7054165946707e-17 -3.44115737865467e-19 -8.00976776054461e-18 -1.63548062183564e-17 4.27843627367874e-19 1.00000000027854 4.92763831472062
-2.37537632887593e-14 -0.00122592987841769 -1.76537591318795e-17 4.87284868510086e-17 7.394156480823e-18 5.65219254093531e-17 -2.23431600051098e-19 -5.20082955331421e-18 -1.06196621477172e-17 2.77819631403323e-19 0.999999999729178 4.74032970634335
-9.13641603501103e-13 -0.104388194060812 3.60299063366885e-16 -9.9460016816713e-16 -1.50936387405018e-16 -1.15388364442531e-15 4.56172884234292e-18 1.06193353918541e-16 2.16857929761225e-16 -5.67371443268503e-18 0.99999999900219 6.69141054534704
6.09527152304428e-12 0.72399553576817 -2.65835172777942e-15 7.3383389000434e-15 1.11363561703559e-15 8.51355805114846e-15 -3.36572378093592e-17 -7.83513097785139e-16 -1.6000153433097e-15 4.1861638925007e-17 1.00000000123223 6.82578396554076
-2.72027007358184e-15 -0.000385847069473319 1.58399326802134e-18 -4.37300838209828e-18 -6.6369310988406e-19 -5.0743094112889e-18 2.00625419243218e-20 4.67084423742191e-19 9.53926480302556e-19 -2.49602317673685e-20 0.999999999987129 -40.3149399591133
-1.19081404942134e-15 -0.000149250571314591 5.09007551392142e-19 -1.40524665807499e-18 -2.13275476710919e-19 -1.63061683582407e-18 6.44706875834835e-21 1.50097376322647e-19 3.06544829846411e-19 -8.02101046927539e-21 0.999999999988525 -40.3196747862437
1.64049219534205e-14 0.00094153460773371 -1.47455546247661e-17 4.07018028968554e-17 6.17626895748264e-18 4.72129772140021e-17 -1.86636228026294e-19 -4.34441118115728e-18 -8.8710696063436e-18 2.32078675797457e-19 0.999999999770233 4.63711854039784
5.87522622481788e-14 0.0107835703227223 -3.91501416318213e-17 1.08067152029927e-16 1.63988764636141e-17 1.25359461300365e-16 -4.9556373109793e-19 -1.1535656739737e-17 -2.35556571979651e-17 6.16257636008135e-19 1.00000000007882 5.03292500965496
3.40834397072352e-12 0.461360268125257 -1.60976952472348e-15 4.44375182351264e-15 6.74366387032542e-16 5.15542738659992e-15 -2.03813436706099e-17 -4.74461927083527e-16 -9.68902374593848e-16 2.53497023454104e-17 0.99999999794216 7.58577928293337
-4.01726114180568e-15 -0.000493731850420738 1.72557212638241e-18 -4.7636032568091e-18 -7.22933043417168e-19 -5.52692039477051e-18 2.18508191987046e-20 5.08689364541132e-19 1.03883766849808e-18 -2.71804669657608e-20 0.999999999983711 -40.0444427729253
-1.28357135353118e-12 -0.194469098783334 8.8593437877887e-16 -2.44572069292502e-15 -3.71169413410314e-16 -2.8376585617868e-15 1.12188274916605e-17 2.61177172309513e-16 5.33375486301029e-16 -1.39554895364992e-17 1.00000000126871 5.76428938292661
2.01633247241066e-15 0.000246597568194876 -8.59768336404975e-19 2.37327748906066e-18 3.60143527521183e-19 2.75312129317436e-18 -1.0883647130337e-20 -2.5335178910035e-19 -5.17348972623566e-19 1.35349730607368e-20 0.999999999981666 -40.1156223531135
-2.96001632144836e-14 0.0389256000674881 -5.10686051732763e-16 1.40997256282197e-15 2.14006679299974e-16 1.63631387090841e-15 -6.47001446445415e-18 -1.50641380475216e-16 -3.07675839921043e-16 8.05112690277111e-18 1.00000000017157 7.03312626485435
2.48158035895339e-13 0.050894018553042 -1.69214527260157e-16 4.67200719958112e-16 7.09135744833376e-17 5.42222933269753e-16 -2.14400481965027e-18 -4.9919938578236e-17 -1.01960607439501e-16 2.66811761120466e-18 1.00000000022172 6.10047679619367
-1.68033811503806e-14 0.00132791337408088 -2.57023932832735e-17 7.0947159960636e-17 1.07660516297072e-17 8.23001278028621e-17 -3.25344828908435e-19 -7.5733441743826e-18 -1.54647015672987e-17 4.04584791694383e-19 1.00000000018479 5.11752259607267
8.20733475659961e-16 6.52336637946177e-05 -7.85037886923292e-20 2.16444070947407e-19 3.28065174687024e-20 2.50493547233917e-19 -9.89080561536097e-22 -2.29967540533445e-20 -4.69041035097307e-20 1.22565617872568e-21 0.999999999986901 -40.3932407407927
-2.47802850923894e-13 0.0193878992963564 -4.98968257827944e-16 1.37767928494508e-15 2.09114105947072e-16 1.59897302811234e-15 -6.32263764631294e-18 -1.47216278062128e-16 -3.00693082628543e-16 7.86874009382302e-18 0.99999999966016 6.80821674846687
5.09141767669402e-15 0.000659219153209099 -2.51509279577824e-18 6.94307779720138e-18 1.05368324336184e-18 8.05546760020972e-18 -3.18471677468394e-20 -7.41397801335833e-19 -1.51405575130295e-18 3.96138116713624e-20 0.999999999986778 -40.2059952540751
-2.27190595494343e-13 -0.0290789279196655 1.00016766491218e-16 -2.76086018202209e-16 -4.1896335496459e-17 -3.20280355555005e-16 1.26614645130786e-18 2.94739266694144e-17 6.01869240635066e-17 -1.57463713307608e-18 0.99999999991841 4.71914274251689
-1.21040222827629e-13 0.00885368759874044 -2.26038800204278e-16 6.24105233778905e-16 9.47311148851399e-17 7.24352696466087e-16 -2.86422322138715e-18 -6.66905085096176e-17 -1.36216984109527e-16 3.5646151886882e-18 1.00000000023924 4.48284348594228
5.39533341213631e-13 0.0843781253530391 -3.01873449813606e-16 8.33343270246513e-16 1.26468675161469e-16 9.66862337578592e-16 -3.82248415973687e-18 -8.89871221055265e-17 -1.8172669247131e-16 4.75471480918463e-18 0.999999999558885 4.63025248336604
-7.61963523989074e-14 -0.00463427272225729 1.22778872290408e-17 -3.38644839909538e-17 -5.13481734954626e-18 -3.92218313602439e-17 1.54927960983765e-19 3.60356076947571e-18 7.35264638956513e-18 -1.9220708413651e-19 0.999999999522414 4.41746367304758
2.45596559757481e-13 0.0375291341681684 -1.30341376107167e-16 3.59815924248365e-16 5.46057631816144e-17 4.17464184584751e-16 -1.65043848190661e-18 -3.84219920771492e-17 -7.8464011884247e-17 2.05293563508002e-18 0.999999999456631 4.03623390318293
-3.7310764925489e-13 -0.0535399575887813 2.22069674730919e-16 -6.13031863908283e-16 -9.30329649814642e-17 -7.11235315947574e-16 2.81183051797044e-18 6.54583996122161e-17 1.33675469692891e-16 -3.49745587406824e-18 0.999999999701021 3.87547884307641
-2.85878062439551e-15 -0.000375762883951362 1.35428201004437e-18 -3.73883116094543e-18 -5.67443494460877e-19 -4.33842434627129e-18 1.71530286999488e-20 3.9934662454423e-19 8.15585163134395e-19 -2.13404123590037e-20 0.999999999987031 -40.3480610235285
-3.0524541479342e-16 -5.51757990691752e-05 1.89614322513228e-19 -5.23527969965423e-19 -7.94636756419378e-20 -6.07603177321998e-19 2.40254088848156e-21 5.59399331972636e-20 1.14257095745539e-19 -2.98991330762769e-21 0.99999999998755 -40.4127667841995
-1.99246493860605e-15 -0.000273028288806949 1.04479844213135e-18 -2.8844415159694e-18 -4.37775024612875e-19 -3.34705510418493e-18 1.32334816815122e-20 3.08095812115078e-19 6.2922730892863e-19 -1.64643094873885e-20 0.999999999986639 -40.2760637871235
-7.79581851976538e-14 -0.0107450841856028 3.5199697477328e-17 -9.71590706376531e-17 -1.47430651845171e-17 -1.1269764690572e-16 4.45493404056937e-19 1.0369745923753e-17 2.11741037669425e-17 -5.53931598081061e-19 0.999999999806505 3.8338916761645
5.16874034479892e-15 1.38166668363995e-05 3.55674245205671e-19 -9.86940260936528e-19 -1.50548871773703e-19 -1.1568447375093e-18 4.59685109183972e-21 1.0755602529967e-19 2.20753600799699e-19 -5.80475377188376e-21 0.999999999447839 3.80428458517775
-7.61151941630204e-13 -0.0909167578250929 3.31756725050813e-16 -9.15750196376418e-16 -1.38961446978485e-16 -1.06226842553108e-15 4.19926802322562e-18 9.77492273688791e-17 1.99601207946367e-16 -5.2218836048264e-18 0.999999999711177 5.26457724414944
1.34322027830992e-13 0.013212772125514 -7.11291782158126e-17 1.96360628051461e-16 2.98003289191461e-17 2.27829702165926e-16 -9.00739080287098e-19 -2.09695005924407e-17 -4.2824003347336e-17 1.12047103204802e-18 0.999999999809903 4.21389865071418
-2.00302853002063e-16 -3.85468192124541e-05 5.04489130613879e-19 -1.39293288540185e-18 -2.11430953519302e-19 -1.61670045248092e-18 6.39278214919306e-21 1.48850618407408e-19 3.04033508951246e-19 -7.95621347693853e-21 0.999999999989323 -40.2555530106074
-4.2799472285548e-14 -0.0109997946640676 4.0092360003966e-17 -1.1068512546103e-16 -1.67987477846416e-17 -1.28436121225118e-16 5.07804816359708e-19 1.18224327477e-17 2.41449865558039e-17 -6.31773287929684e-19 0.999999999451743 4.13862023649961
3.54585813130968e-15 0.000433256467367459 -1.65701314787663e-18 4.57422615514364e-18 6.9417558439005e-19 5.30693386612858e-18 -2.09805754034856e-20 -4.88417854732723e-19 -9.97414697481987e-19 2.60960146024377e-20 0.999999999983011 -40.141043422386
6.38053558948378e-13 0.079602115648649 -3.04858456029916e-16 8.41562963924984e-16 1.27712970792638e-16 9.76351145898833e-16 -3.85990354533272e-18 -8.98560415981027e-17 -1.83496679164508e-16 4.80090737871206e-18 0.999999999997361 4.12186701802458
-9.89041339992323e-13 -0.140323276866873 5.32638052918915e-16 -1.47040118669057e-15 -2.23151351392869e-16 -1.70602674940884e-15 6.74483808729324e-18 1.57020963505511e-16 3.20666684180191e-16 -8.39004392783764e-18 1.00000000027012 4.45144344584099
-1.93285319553624e-13 -0.0332225665431111 1.47283994385167e-16 -4.06610089304949e-16 -6.17107412910548e-17 -4.71808768390889e-16 1.86539420394482e-18 4.34285819177634e-17 8.86932892470724e-17 -2.32070564173691e-18 0.999999999981873 4.14226783778364
1.51649765818555e-15 0.000151252936296606 -4.1439361775807e-19 1.14368054939058e-18 1.73522747917499e-19 1.32626625093651e-18 -5.24208887199961e-21 -1.22005227595368e-19 -2.49093603384648e-19 6.51569705043988e-21 0.999999999984855 -40.1830374752024
4.01868427172319e-14 0.00634237541335137 -3.04143800992615e-17 8.39526003619731e-17 1.27394111077207e-17 9.73839050684387e-17 -3.84967786682189e-19 -8.96111407344229e-18 -1.82982564431138e-17 4.78709006636252e-19 0.999999999285078 4.353676571111
1.35116728987835e-12 0.214573323781333 -1.07054190069243e-15 2.95546772982769e-15 4.4854786144522e-16 3.42936721899874e-15 -1.35587160533456e-17 -3.15662906516952e-16 -6.44671728140166e-16 1.68681666790529e-17 1.00000000092712 6.01508029300906
-1.22798034588145e-13 -0.00749582957316415 -3.80465305390406e-17 1.05066158584735e-16 1.59503634133299e-17 1.21983435727009e-16 -4.82425693052392e-19 -1.12346701600101e-17 -2.29509268867487e-17 6.00695301798586e-19 0.999999999755417 4.36258260959488
-6.00458242223622e-15 -0.000830581345828474 3.24383903048799e-18 -8.95527861080911e-18 -1.35912352752646e-18 -1.03910969517818e-17 4.10831031528528e-20 9.56457108516548e-19 1.95334003707503e-18 -5.11098250319941e-20 0.999999999988905 -40.4367962663472
-1.84436241319876e-12 -0.252450579052643 1.04880246644379e-15 -2.89532182156046e-15 -4.3939995532165e-16 -3.35927695451078e-15 1.3281006490055e-17 3.09183694984575e-16 6.31411183671462e-16 -1.65204603995391e-17 1.00000000016417 5.87788133524561
1.00592264420838e-15 0.000104231299019032 -2.35552234378912e-19 6.49953755083665e-19 9.85910796028183e-20 7.53382172812457e-19 -2.97709262667979e-21 -6.92739074680611e-20 -1.41402481296728e-19 3.69792824196483e-21 0.99999999998393 -40.1741185674566
-3.85113751830606e-15 -0.000516135936844099 1.71116126430221e-18 -4.72390469055833e-18 -7.16921060198837e-19 -5.48105539642464e-18 2.16698759347061e-20 5.0448595307036e-19 1.0302718374268e-18 -2.69568270555509e-20 0.999999999986756 -40.2806347049442
5.27355539970209e-15 0.00171952239047568 -1.69206399450314e-17 4.67078167026511e-17 7.08797815017537e-18 5.4184841686467e-17 -2.14206488694991e-19 -4.98640845158682e-18 -1.01824706991274e-17 2.66399052639897e-19 0.999999999842908 4.23585774520701
-9.29094515578392e-13 -0.113510208289462 4.42995353118775e-16 -1.2228732522191e-15 -1.85576826853962e-16 -1.41869383902793e-15 5.6085810375028e-18 1.30562282504081e-16 2.66619901356427e-16 -6.97560025046873e-18 1.00000000038754 5.89077183438259
-4.26096667073849e-16 -7.06679868140036e-05 1.76925203793534e-19 -4.88484361945807e-19 -7.41432546847812e-20 -5.66911497219193e-19 2.24160072747373e-21 5.21917270834585e-20 1.06599500652384e-19 -2.78947749088776e-21 0.999999999983819 -40.2841007653259
-1.08702593179784e-13 -0.022569015672954 6.09884964998647e-17 -1.68412057994956e-16 -2.55657433862863e-17 -1.95508782190178e-16 7.73167263222904e-19 1.80044983393811e-17 3.6778892816757e-17 -9.62565811260747e-19 0.999999999153173 5.32725208693862
-1.23717482110317e-15 -0.000161450053050045 5.38312751001697e-19 -1.48610584193478e-18 -2.2554065774232e-19 -1.72433874508175e-18 6.81741469672429e-21 1.58714739142902e-19 3.24134236186701e-19 -8.48099379865148e-21 0.999999999991029 -40.2694455631326
-1.78227967394782e-12 -0.226115160203136 9.17694084091747e-16 -2.53335668877443e-15 -3.84463197592933e-16 -2.93924538365635e-15 1.16202719935277e-17 2.70518617829494e-16 5.52443820895859e-16 -1.44541737805642e-17 1.00000000147351 5.03729910446029
-4.19955577316059e-12 -0.610927330741566 2.46982526916862e-15 -6.81820936176903e-15 -1.03474766891084e-15 -7.91081480649372e-15 3.12757227544023e-17 7.28104821640718e-16 1.48693009637401e-15 -3.89046386560672e-17 1.00000000067817 6.85010105975349
