9.82275810545189e-22 0.000710900618131111 3.95707956252389e-27 -1.09053799069061e-26 -1.65221571453194e-27 -1.26100046075251e-26 4.97694714595246e-29 1.15667443874496e-27 2.35813818610278e-27 -6.15944332597182e-29 -51.6479959157245 0.999999999985402
-3.59403819436388e-20 -0.0256181071959685 -1.62266881399491e-25 4.47150600409466e-25 6.77388304468288e-26 5.16944754480399e-25 -2.04009256722518e-27 -4.74084717563147e-26 -9.66433679668061e-26 2.52407509832538e-27 5.88462866715195 1.00000000057152
-1.35610084541006e-20 -0.00442615867897964 -6.38925395014871e-26 1.7606854159741e-25 2.66730916254638e-26 2.03557700322252e-25 -8.03343053651308e-28 -1.86687361293571e-26 -3.80573755880582e-26 9.93978284733795e-28 6.59241357834876 0.999999999847499
9.59264889929483e-21 0.010124878599886 3.96265894884254e-26 -1.0919258820169e-25 -1.65409153405427e-26 -1.26225891774599e-25 4.98123034837497e-28 1.15751095946922e-26 2.35951956817734e-26 -6.16220493212722e-28 5.96259362973199 0.99999999965211
-3.80440803435123e-22 -0.00024169276519017 -1.37825696664115e-27 3.79822798608498e-27 5.75429048955117e-28 4.39162320175499e-27 -1.73323573316349e-29 -4.02800973395656e-28 -8.21170576722632e-28 2.14481745791588e-29 -51.5591642566405 0.999999999987872
2.95687363767374e-19 0.241451676554954 1.29497594129259e-24 -3.56879017065274e-24 -5.4067995982722e-25 -4.126502306816e-24 1.62863292748244e-26 3.78498941137362e-25 7.71642505885974e-25 -2.01549501887679e-26 7.30807894288408 1.00000000046931
-1.37148082819272e-22 -9.53992514508018e-05 1.32678629657744e-28 -3.65536898487122e-28 -5.53633016077584e-29 -4.22411633877279e-28 1.66667004620135e-30 3.87225812864143e-29 7.89204509679435e-29 -2.0607698986409e-30 -51.4581492124704 0.999999999986358
6.98183702287386e-22 0.0005433254417177 2.67977967952378e-27 -7.38540331486547e-27 -1.11894637054257e-27 -8.54017697126067e-27 3.37072832873601e-29 7.83395285371178e-28 1.59715900677131e-27 -4.1718573664415e-29 -51.5978450607905 0.999999999986994
-1.5199761195382e-19 -0.117160136682724 -5.76276480868136e-25 1.58809233908412e-24 2.40591639274548e-25 1.83614871418874e-24 -7.24660274994907e-27 -1.68407479354792e-25 -3.4331935916144e-25 8.96704406469035e-27 6.78796105596981 1.00000000000946
-7.88906376318633e-22 -0.000529695151668794 -2.9781535687087e-27 8.20758311975859e-27 1.24349320859517e-27 9.49060915689811e-27 -3.74579530716474e-29 -8.70551193094126e-28 -1.77482111600674e-27 4.63584550321503e-29 -51.5201497064601 0.999999999988172
1.64520365323015e-19 0.194161278092511 1.22901316469377e-24 -3.38687576214633e-24 -5.13099951460294e-25 -3.91586105338317e-24 1.54543912986535e-26 3.59150855928278e-25 7.32170042116836e-25 -1.91232256082312e-26 7.2088952087216 1.00000000068153
-3.42576492305145e-19 -0.272072925200297 -1.34003778969418e-24 3.69306616481057e-24 5.59521859959843e-25 4.27040998753576e-24 -1.68547132370008e-26 -3.91717961202128e-25 -7.98611577220252e-25 2.08598803675109e-26 6.10353445986867 1.00000000021832
3.67427434565772e-19 0.321346469122008 1.91171718658068e-24 -5.26834713313566e-24 -7.98151021980575e-25 -6.09141703590934e-24 2.40409098769632e-26 5.58706615951609e-25 1.13900794041163e-24 -2.97497835163687e-26 5.99989870296855 1.00000000069138
-4.07590080685983e-22 -0.000331848870755477 -1.64412785198184e-27 4.53098134697242e-27 6.86449980431984e-28 5.23899604364768e-27 -2.0676952670058e-29 -4.80535332837743e-28 -9.79657177233139e-28 2.55880402956623e-29 -51.5619879435978 0.999999999986034
3.32838030831714e-19 0.293775603375129 1.18256416845164e-24 -3.25894562558274e-24 -4.93729897559762e-25 -3.76811603375012e-24 1.48716233364411e-26 3.45615168182993e-25 7.04591169635559e-25 -1.84032988636912e-26 8.87793177855871 0.999999999961113
-5.8217666233249e-19 -0.491968331755588 -1.99768830657512e-24 5.50543176597603e-24 8.34093920942804e-25 6.36591826469025e-24 -2.51250207947537e-26 -5.83918332680829e-25 -1.19044072926603e-24 3.10940667473631e-26 7.63175536564642 0.999999999751454
-3.34970018778015e-22 -0.000226574200863785 -1.35977858084365e-27 3.74739840446232e-27 5.67742599680031e-28 4.33306950470995e-27 -1.71016938063279e-29 -3.97450396618973e-28 -8.10283055695523e-28 2.1164338090934e-29 -51.4716499690249 0.999999999987099
-2.82596129826338e-22 -0.000183563117139547 -8.55926342130036e-28 2.35871710696899e-27 3.57334727644137e-28 2.7270751981616e-27 -1.07626262966603e-29 -2.50114981669494e-28 -5.09883698362468e-28 1.33173133932234e-29 -51.5964155867122 0.99999999998951
-4.81925792069565e-22 -0.00030549144621981 -1.46393190027542e-27 4.03453310300424e-27 6.11259476454464e-28 4.66530945568712e-27 -1.84134249319472e-29 -4.27946030688805e-28 -8.72475848962611e-28 2.27893483452009e-29 -51.7075739932771 0.999999999987256
1.39089970037434e-22 0.000139646106185764 1.17914662223417e-27 -3.24950299333451e-27 -4.92295721541956e-28 -3.75714353971701e-27 1.48282144441508e-29 3.4460399921323e-28 7.02525074557444e-28 -1.83492156258278e-29 -51.4555163614397 0.999999999988214
1.31787058551956e-19 0.0951450328783383 3.87504383379415e-25 -1.06786896993044e-24 -1.61777903699588e-25 -1.2346473972187e-24 4.87265800358745e-27 1.13237220207646e-25 2.30846039951298e-25 -6.02933917026218e-27 6.9567856177365 0.999999999803719
-2.04349870060024e-22 -0.000107913620926695 -3.34111831071468e-28 9.20839417044061e-28 1.39519771946741e-28 1.06490297382244e-27 -4.20323320630811e-30 -9.76915807763111e-29 -1.99177679680934e-28 5.20281253597003e-30 -51.417481169592 0.999999999986002
4.04621028036184e-19 0.348837752994559 1.61754646695563e-24 -4.45770014555312e-24 -6.75343719935668e-25 -5.15420186332378e-24 2.03421692884597e-26 4.72752056831979e-25 9.63783726731652e-25 -2.51732823446848e-26 8.46719161480727 0.999999999426626
2.9850487080662e-22 0.000315374985227649 2.29972577861045e-27 -6.33751466685206e-27 -9.60111972599619e-28 -7.32735770400555e-27 2.89182654525845e-29 6.72043623959776e-28 1.3700384178172e-27 -3.57834473708214e-29 -51.5038946109578 0.999999999986462
4.18000909541306e-20 0.0410046757781878 2.09974971847958e-25 -5.78658636384853e-25 -8.76672323202606e-26 -6.6907486898739e-25 2.64065365500363e-27 6.13689245381226e-26 1.25111030762154e-25 -3.26781008598504e-27 5.44733901105113 0.99999999978121
8.15609746685612e-21 0.00662679928601987 3.36152196560668e-26 -9.2628002870474e-26 -1.40316439656788e-26 -1.07077281728647e-25 4.22557079828564e-28 9.81914630221951e-27 2.00157588322636e-26 -5.22738473407472e-28 6.33755948562071 0.999999999690527
-1.5991850812057e-23 9.72308748378635e-06 1.7361828556685e-29 -4.79688438016757e-29 -7.28584955079071e-30 -5.5746927716521e-29 2.20575981130576e-31 5.13917134123523e-30 1.05035295478609e-29 -2.75035543124558e-31 -51.5721618199885 0.999999999985983
-9.0031520344571e-22 -0.000557600835262821 -3.30925074327571e-27 9.11990832687698e-27 1.38169185908669e-27 1.05451914474846e-26 -4.16195156421547e-29 -9.67252580702618e-28 -1.97193580207193e-27 5.15062276496793e-29 -51.5351282514934 0.999999999985694
-3.17617131070403e-20 -0.0326178622630215 -2.04578366101082e-25 5.63745597908745e-25 8.54017145419812e-26 6.51737334413099e-25 -2.57204127286708e-27 -5.97700513841737e-26 -1.21842658028005e-25 3.1822129325193e-27 7.12547222354361 0.999999999241203
8.42060677497928e-24 -4.42834004747326e-05 -7.36917646943004e-28 2.03060050150895e-27 3.07602639892637e-28 2.34735232830426e-27 -9.26330351746335e-30 -2.15255342622907e-28 -4.38785323782119e-28 1.14594678902997e-29 -51.6824651749142 0.999999999989119
-1.70101124516104e-21 -0.00122914838405738 -6.50685332048644e-27 1.79322881967511e-26 2.71681664990262e-27 2.07351648884458e-26 -8.18377985458767e-29 -1.90195704614178e-27 -3.87755055942876e-27 1.01281081214527e-28 -51.3560308429521 0.999999999986787
-1.12288537977198e-19 -0.103598531268888 -6.75410691427719e-25 1.86117974432919e-24 2.81947770716333e-25 2.15164981343042e-24 -8.49129309106862e-27 -1.97322417989492e-25 -4.02243521951704e-25 1.05054780083932e-26 7.79703193114518 0.999999998796052
3.70606215142945e-19 0.269744552984692 1.11442138465008e-24 -3.07129689919892e-24 -4.65322498427269e-25 -3.5514753364779e-24 1.40172492348685e-26 3.2577448580117e-25 6.64173123879792e-25 -1.73484061519605e-26 8.85764479874367 1.00000000092245
1.90594245160169e-19 0.110044335381118 -1.2177206298325e-26 3.33258743343604e-26 5.0137344126129e-27 3.79970125896732e-26 -1.48909542002612e-28 -3.43622379490304e-27 -6.95561790840675e-27 1.80380380483869e-28 6.25858758043629 1.00000000055858
3.17661425235449e-22 0.000274943159506022 1.92019553216122e-27 -5.29189206490904e-27 -8.01745384285065e-28 -6.11905762409734e-27 2.41508233075455e-29 5.61280172004351e-28 1.14429368106498e-27 -2.98888657950595e-29 -51.2690481525183 0.999999999990426
-2.88014202641138e-20 -0.0209745938931843 -1.6096562786641e-25 4.43546009214606e-25 6.71899256456936e-26 5.12734118332077e-25 -2.02338993377018e-27 -4.70183412483121e-26 -9.58440263691011e-26 2.50309262487563e-27 6.73709695470918 0.999999999908951
-3.50276518954805e-19 -0.288797754466106 -2.11975198173659e-24 5.84135703702201e-24 8.84916752216537e-25 6.7532629457012e-24 -2.66516572905272e-26 -6.19348567264088e-25 -1.26257180968304e-24 3.29754833283332e-26 8.52917619487257 0.99999999991298
6.64836117622219e-22 0.000433378797710392 2.00897810749802e-27 -5.53668019284946e-27 -8.38848578038758e-28 -6.40236193673553e-27 2.52694695435126e-29 5.8728961640303e-28 1.19734275323187e-27 -3.12751012926272e-29 -51.6213691804732 0.999999999986574
-5.27040579855425e-20 -0.0649381027990666 -4.32445198150199e-25 1.19171003814269e-24 1.80538611442653e-25 1.37781908477612e-24 -5.43767980662358e-27 -1.26367514075142e-25 -2.57612721970374e-25 6.72842352749479e-27 6.82517092391922 0.999999999465115
-1.26805004215793e-22 -5.44147065783128e-05 -8.56344611088799e-29 2.36041670302952e-28 3.57674819570089e-29 2.73029923737686e-28 -1.07778233519137e-30 -2.50525447603928e-29 -5.10836924241887e-29 1.33452422490709e-30 -51.4666712868796 0.999999999989087
-2.77252206120109e-22 -0.000152454247611714 -7.06974285988231e-28 1.94825742515582e-27 2.9515417555315e-28 2.25254776200553e-27 -8.88992934222963e-30 -2.06596459029841e-28 -4.21169951412633e-28 1.10003352436385e-29 -51.6398469169038 0.999999999986818
1.2264195218328e-22 0.000136962845759925 7.76806046445554e-28 -2.14091042408501e-27 -3.24372747199322e-28 -2.47578427397513e-27 9.77193475525024e-30 2.27116493520486e-28 4.63048865417833e-28 -1.20953685263117e-29 -51.6870952090893 0.999999999988121
-6.59367638207906e-22 -0.000450360239374606 -2.11152761719774e-27 5.81919267958362e-27 8.8163457929324e-28 6.72879065475651e-27 -2.655734648197e-29 -6.17209559317298e-28 -1.25831851277641e-27 3.28671921117931e-29 -51.4943409570582 0.99999999998668
-1.57081440919672e-20 -0.0143171027223504 -1.14285985353714e-25 3.14905613974986e-25 4.77010345156798e-26 3.63996977527863e-25 -1.43637249637592e-27 -3.33761890796443e-26 -6.80325036597033e-26 1.77668443307574e-27 5.79245277363513 0.999999999399559
1.13096274702065e-19 0.0838192742193057 5.3011716142221e-25 -1.46102183133544e-24 -2.21361189188852e-25 -1.68954125654742e-24 6.66861139383984e-27 1.54989524389617e-25 3.15994326035867e-25 -8.25411135591965e-27 7.48145674913555 0.999999999983177
-1.08333183096258e-18 -0.771381009038659 -3.10301700703332e-24 8.5517777627104e-24 1.29565253053886e-24 9.88879094923711e-24 -3.90298686797059e-26 -9.07091859549576e-25 -1.8493342427941e-24 4.83051696726087e-26 9.63169845387415 1.0000000004577
3.39804951560362e-20 0.0123070631036452 -6.20639364212543e-26 1.71020303176326e-25 2.59069503034654e-26 1.97700511800182e-25 -7.80187370558785e-28 -1.81297033689635e-26 -3.69566688607914e-26 9.65182353811713e-28 7.64464725507383 1.00000000014996
-1.0807582758155e-18 -0.866192466127795 -3.93052530039692e-24 1.08320249056747e-23 1.64107573978844e-24 1.25247809266439e-23 -4.9432312493263e-26 -1.14882011995269e-24 -2.34208758140804e-24 6.11742028909531e-26 8.77160113628506 1.00000000030596
2.0128674236976e-19 0.143688698173688 7.15544515316625e-27 -2.0010936316673e-26 -3.07576368353766e-27 -2.38099843017645e-26 9.52940119991051e-29 2.24531049941808e-27 4.63985001829905e-27 -1.22816004438114e-28 8.57395402497131 0.999999998779328
-1.4750219194008e-20 -0.00985425004570296 -6.38527261239105e-26 1.75938913236873e-25 2.66504349683236e-26 2.03361740185559e-25 -8.02478651337325e-28 -1.86465313287737e-26 -3.80077910203613e-26 9.9257037125653e-28 5.4729785525051 0.999999999447687
-2.09366867408541e-23 1.06024682373794e-05 -1.44533469696665e-28 3.98206256884121e-28 6.03125440571575e-29 4.60182129318929e-28 -1.81572938731729e-30 -4.2186433150966e-29 -8.59813937792262e-29 2.2451752154475e-30 -51.7240432102418 0.999999999987832
-1.25565992956009e-19 -0.113527851570164 -4.87995791697772e-25 1.34488960562207e-24 2.03759151771745e-25 1.55514236953068e-24 -6.13793754614331e-27 -1.42651091044983e-25 -2.90829012229417e-25 7.59651594263966e-27 6.06792397182998 1.00000000017197
-9.79707946920765e-21 -0.0094956214558308 -5.93937573363229e-26 1.63647056644014e-25 2.47876606516797e-26 1.89140897959386e-25 -7.46336447851758e-28 -1.73414015818547e-26 -3.5346283495479e-26 9.23033430420325e-28 6.59533657704562 1.00000000033732
-4.45675060038117e-22 -0.000358587750827655 -2.01712709396225e-27 5.55895669025042e-27 8.42196175042779e-28 6.42770299971189e-27 -2.53686665207462e-29 -5.89576030339124e-28 -1.20196553700144e-27 3.13948438447551e-29 -51.6343744406337 0.999999999989652
5.54320066491224e-22 0.000415296681754146 2.75854286671645e-27 -7.60217722017021e-27 -1.1517446175855e-27 -8.79016360702359e-27 3.4692614452948e-29 8.06264326538055e-28 1.6437201548523e-27 -4.29331183269667e-29 -51.533824900372 0.999999999987947
-1.11310940029106e-21 -0.000806431944747831 -4.23202797040571e-27 1.16631441408565e-26 1.76702496729769e-27 1.34862831704071e-26 -5.32281223926315e-29 -1.23705880018629e-27 -2.52202588768999e-27 6.58753346560203e-29 -51.7400821185067 0.99999999998973
2.7568408121703e-22 0.000244573707060297 1.7814729719032e-27 -4.90941061357396e-27 -7.43771353803374e-28 -5.67638867530903e-27 2.24028942109987e-29 5.20638759661098e-28 1.0613995704176e-27 -2.77226956677537e-29 -51.5901570049548 0.999999999988929
-4.69605638713013e-20 -0.038758625709395 -2.17215818611542e-25 5.98603827219256e-25 9.06875092442646e-26 6.92114614491977e-25 -2.73154189078461e-27 -6.34801654400208e-26 -1.29413103080725e-25 3.3801234709157e-27 5.97849707735917 0.999999999801822
7.73387461662795e-20 0.0569835348064933 3.1919852001618e-25 -8.79673484033357e-25 -1.33272969674182e-25 -1.01715047544837e-24 4.0144646149984e-27 9.32975840945017e-26 1.90205545483396e-25 -4.96809693569051e-27 5.7494362744559 0.999999999683896
-3.48832945909574e-22 -0.000226182565059312 -1.3746211254613e-27 3.78824473061278e-27 5.73922131627851e-28 4.38016492901964e-27 -1.72873028479344e-29 -4.01757822921978e-28 -8.19051944546649e-28 2.13930471384599e-29 -51.2768041318208 0.999999999988053
5.15956312877985e-23 4.0819211833405e-05 2.99469495984454e-28 -8.2528572375823e-28 -1.25030513841102e-28 -9.54223830107741e-28 3.76603019442357e-30 8.75220888551195e-29 1.78427407276628e-28 -4.66036107237548e-30 -51.5846795790973 0.999999999986234
9.18953434513705e-20 0.0583822838104559 2.78129690024254e-25 -7.66440042044191e-25 -1.16109818223408e-25 -8.86098997206229e-25 3.49699349652711e-27 8.12657828570818e-26 1.65664944119241e-25 -4.32680782109174e-27 8.30634835525242 1.00000000055813
-1.69302230025793e-19 -0.151960442557587 -6.61247430188018e-25 1.82236604460957e-24 2.76100475665118e-25 2.10727508976794e-24 -8.31715105576472e-27 -1.93298401176647e-25 -3.94086836342929e-25 1.02936568233668e-26 7.87448145682916 0.99999999902712
2.45409461148932e-20 0.0198505539944604 1.0887418494342e-25 -3.00015550133442e-25 -4.54488128884096e-26 -3.46835760534639e-25 1.36875109378444e-27 3.18071981207727e-26 6.48390063076055e-26 -1.69340713411574e-27 6.73334943180453 0.999999999516301
2.41939804341869e-20 0.0141508336592229 2.04461642990408e-26 -5.63857521490688e-26 -8.54842701139286e-27 -6.52867354515819e-26 2.57847160481227e-28 5.99652224124736e-27 1.22333645590577e-26 -3.19746543552881e-28 6.47930788130422 0.999999999680455
-8.38628867119449e-19 -0.712816081484963 -3.84677209592399e-24 1.06011014226605e-23 1.60607367784644e-24 1.22575168191557e-23 -4.83769883637655e-26 -1.12428261737146e-24 -2.29203992021179e-24 5.98663760323561e-26 9.18499391618737 1.00000000019467
-1.02847071643268e-18 -0.794411186749924 -3.66526486146983e-24 1.0101082112892e-23 1.53034855937898e-24 1.16797985361757e-23 -4.60977383456105e-26 -1.07133230006238e-24 -2.18413143659199e-24 5.70489200984249e-26 8.76275789647318 1.00000000043586
-2.61624891358131e-22 -0.000211837319843642 -1.37626711689375e-27 3.79282450283406e-27 5.74622631416537e-28 4.3855623036518e-27 -1.73088080866565e-29 -4.02262361238519e-28 -8.20090290058688e-28 2.14204244985822e-29 -51.7651061007333 0.99999999998863
-3.52370522767686e-22 -0.000220555085677031 -1.21496250596717e-27 3.34826266536813e-27 5.07266379858479e-28 3.87146350100913e-27 -1.52796542937404e-29 -3.55101246123891e-28 -7.23937127523687e-28 1.89087833825412e-29 -51.46466843601 0.999999999989048
-3.1238036010634e-20 -0.0258155862331308 9.16888517952603e-26 -2.52655501467601e-25 -3.82737650656379e-26 -2.92076376919268e-25 1.15263349634133e-27 2.67846907992206e-26 5.45999585170046e-26 -1.42597647091143e-27 7.76673379615287 0.999999999952402
-2.49667415060375e-23 8.92879136591907e-06 3.4863483223092e-28 -9.60589021050219e-28 -1.45500509140013e-28 -1.11023285392947e-27 4.38089700398301e-30 1.01791721006087e-28 2.07477972072034e-28 -5.41808422316675e-30 -51.565902610178 0.999999999986437
1.47331049640162e-20 0.00128914469310583 -4.83655782483298e-26 1.3325847231149e-25 2.0184286172967e-26 1.54012047666306e-25 -6.07708721871909e-28 -1.41200670104885e-26 -2.87798308654784e-26 7.51543295544555e-28 5.98512236480244 1.00000000010676
-4.56769086088744e-22 -0.000244455256225777 -1.17198318877608e-27 3.23004054541498e-27 4.89389254575782e-28 3.73528173793775e-27 -1.47431918913194e-29 -3.42657253682219e-28 -6.98615595556847e-28 1.82486463376392e-29 -51.4738875336221 0.999999999987243
5.79283728540519e-22 0.000477422518887957 2.7829781383049e-27 -7.66963762105295e-27 -1.16198317720193e-27 -8.86844339312905e-27 3.50021125363793e-29 8.13469839612784e-28 1.65843582869822e-27 -4.33181600539057e-29 -51.6177057492918 0.999999999988397
-9.68069324624014e-20 -0.0730627791592939 -3.83415830446151e-25 1.05659526011029e-24 1.60068990304886e-25 1.22159795793548e-24 -4.82112814060115e-27 -1.12039038987865e-25 -2.28402091201628e-25 5.96547285689745e-27 5.97055346985876 0.999999999970569
-2.51381962620044e-22 -0.000187446618367009 -4.60771787714779e-28 1.26997887897779e-27 1.92427398689249e-28 1.46879007098004e-27 -5.79764600403873e-30 -1.34754677073607e-28 -2.74755164601873e-28 7.17731227277848e-30 -51.530159188564 0.999999999986757
1.23064981421265e-19 0.137382280556091 6.18119674391827e-25 -1.70344618477216e-24 -2.58073978809241e-25 -1.96962061878009e-24 7.77356528234433e-27 1.80658442387772e-25 3.68303879158623e-25 -9.61985312948056e-27 7.3573099658523 0.999999999320599
-1.0207150987428e-21 -0.000712150267736231 -4.06078718337225e-27 1.11909389596653e-26 1.69544129765002e-27 1.29396204451428e-26 -5.1069264782375e-29 -1.18685592291314e-27 -2.41961574569893e-27 6.31988104518639e-29 -51.7449243266948 0.99999999998901
2.28199602580365e-19 0.192390554883575 8.79078792144082e-25 -2.42260941933711e-24 -3.67027769886978e-25 -2.80115402028526e-24 1.10553967419697e-26 2.56928330733941e-25 5.23792956381271e-25 -1.36811122260142e-26 7.99125036181083 1.00000000024296
-7.9593728785602e-21 -0.00615972509186871 -4.21608702073385e-26 1.16164211293041e-25 1.75952349036964e-26 1.34258053240426e-25 -5.29767017146222e-28 -1.23091997701254e-26 -2.50890799106442e-26 6.55169628492885e-28 5.61121400307958 0.999999999498813
-3.60148994171723e-22 -0.000228886254233649 -1.51505131922331e-27 4.17518674968596e-27 6.32534782256306e-28 4.82742436962309e-27 -1.90522312653518e-29 -4.42768330095079e-28 -9.02645601879967e-28 2.35761075387892e-29 -51.3560687726328 0.999999999988238
-7.88410411850757e-21 -0.0083612946272185 -9.2303695173294e-26 2.54345052659451e-25 3.85289797992778e-26 2.9401829088894e-25 -1.16027397424006e-27 -2.69616927626058e-26 -5.49596349834943e-26 1.43533970988191e-27 7.09907596460429 0.999999999702408
5.98041300508787e-19 0.520487227793373 2.7083295596456e-24 -7.46364617999032e-24 -1.13073417154411e-24 -8.62963738959342e-24 3.40583710867898e-26 7.91508409831902e-25 1.61360490755516e-24 -4.2145672390941e-26 8.299455296484 0.999999999304531
-4.49253003630337e-22 -0.00032285016725776 -1.68733341447931e-27 4.650012116984e-27 7.04477594805566e-28 5.37653930832271e-27 -2.1219626886412e-29 -4.93143120230752e-28 -1.00535214464755e-27 2.62589604954721e-29 -51.6571184000617 0.999999999986453
2.31715819853359e-22 0.000205507332281878 1.19494849702174e-27 -3.29316894351439e-27 -4.98929054993194e-28 -3.80790545607357e-27 1.5029095150399e-29 3.49284944383443e-28 7.12093350717832e-28 -1.85997935444954e-29 -51.537093933281 0.999999999989392
2.35093136044186e-19 0.228566793820408 1.60045391135685e-24 -4.41038130901041e-24 -6.68142469615341e-25 -5.09899522515365e-24 2.01233119509843e-26 4.67643261457663e-25 9.53322724452019e-25 -2.48988535354962e-26 8.59260082460008 1.00000000002971
2.23677775482825e-19 0.163040251343806 7.90209672817303e-25 -2.17762209827244e-24 -3.29900216286718e-25 -2.517707149096e-24 9.93635484055912e-27 2.30913475310319e-25 4.70740371522429e-25 -1.22949762314648e-26 8.01659907507882 0.999999999381713
1.58576154331666e-18 1.29927393916332 6.86876036186877e-24 -1.89291031675851e-23 -2.86775243621176e-24 -2.18864759003741e-23 8.63792283134552e-26 2.00744262559057e-24 4.09248390949127e-24 -1.06891933618227e-25 9.55373996940383 1.00000000083731
1.00350181844938e-19 0.0744394986071883 3.8909008665925e-25 -1.07225249658218e-24 -1.62444082540992e-25 -1.23974758341465e-24 4.89285030962729e-27 1.13707971456393e-25 2.31808787300617e-25 -6.05456540949458e-27 5.78732812651968 0.99999999963465
-6.054592541991e-20 -0.061720180852319 -2.89316312370428e-25 7.97293671014808e-25 1.20787963206707e-25 9.21831535325621e-25 -3.63813461551651e-27 -8.4548578042129e-26 -1.72362930134314e-25 4.50189687586091e-27 5.51522808436063 0.999999999654125
4.49628314515174e-22 0.000349068317273268 1.78004759332112e-27 -4.90572813908332e-27 -7.4325059755746e-28 -5.67269716639301e-27 2.23894391027367e-29 5.20351905398306e-28 1.06086734804464e-27 -2.77101649419294e-29 -51.5692405925312 0.999999999985662
7.18496144793238e-21 0.00218571242487717 9.85415347839079e-27 -2.71494076038777e-26 -4.11207610263965e-27 -3.13750405132974e-26 1.23795982650238e-28 2.8762653635677e-27 5.86220730167979e-27 -1.53076072049382e-28 7.20276921099772 0.999999999855696
2.51312765137931e-20 0.0180514191413068 -3.45801410158216e-27 9.49109897288748e-27 1.43206502115633e-27 1.08849908718819e-26 -4.27847723995974e-29 -9.90255437861938e-28 -2.0105355863106e-27 5.22982186923612e-29 6.01437419617027 0.999999999697118
-5.75743559077239e-19 -0.47378140632417 -2.45620379811751e-24 6.76892306406749e-24 1.02549770776293e-24 7.82658601702767e-24 -3.08893893522623e-26 -7.17871338488692e-25 -1.46350399912696e-24 3.82256885957182e-26 8.06246263189817 0.999999999714651
1.9361772447139e-19 0.159690388699567 8.43908079572482e-25 -2.32568007543403e-24 -3.5234226284127e-25 -2.68906971562465e-24 1.06130125702692e-26 2.46646881893523e-25 5.02831633090418e-25 -1.3133596234329e-26 5.68229812612817 0.999999999802772
-9.91468893064004e-23 -2.78188226760278e-05 -1.77593442715432e-28 4.89461966598479e-28 7.41601773893139e-29 5.66037194351796e-28 -2.23418081783218e-30 -5.19268342935504e-29 -1.05870564968139e-28 2.76549302256436e-30 -51.5346450969513 0.999999999986161
-2.06159041747829e-21 -0.00270029726659425 -6.14419438479978e-26 1.69295240953287e-25 2.56439293109609e-26 1.95680264478597e-25 -7.72162765469923e-28 -1.79420101304343e-26 -3.65715552359478e-26 9.55058442624098e-28 5.972418851906 0.999999999608456
1.67231330625917e-19 0.1072518983483 2.35670386444495e-25 -6.49555473400502e-25 -9.84208703683129e-26 -7.51243096120851e-25 2.96532885195037e-27 6.89231866463849e-26 1.40529540920223e-25 -3.67099502644563e-27 6.90819717132729 1.00000000040066
7.55999970623653e-20 0.0423125879598491 -2.20184864474103e-25 6.06625027617683e-25 9.18783840785199e-26 7.01017970816748e-25 -2.76595093714424e-27 -6.42629045553076e-26 -1.30974414185556e-25 3.42000633412017e-27 6.69207508145913 1.00000000001156
3.01463623562312e-19 0.236823739827927 1.431373083342e-24 -3.94447469037897e-24 -5.97565410565025e-25 -4.56041424302997e-24 1.79979251026586e-26 4.18254797203979e-25 8.52647341542216e-25 -2.22695822996802e-26 8.51433801438277 1.00000000144982
