-5.98423130035301e-29 -5.73655403380037e-05 7.47952958329602e-34 -2.05986495000713e-33 -3.11862404473085e-34 -2.37853598213748e-33 9.38113952123428e-36 2.17872125661089e-34 4.43871876753745e-34 -1.15858411137729e-35 -58.4717297132407 0.999999999990756
2.23267761616273e-25 -0.00783932362831456 2.93924307873721e-31 -8.09362393570451e-31 -1.22520944581701e-31 -9.34329508807679e-31 3.68458811788059e-33 8.55614275214463e-32 1.74291804425064e-31 -4.54872704538614e-33 6.87403774823329 0.99999999978372
4.35814848185196e-25 0.0172710082177286 2.38557306363449e-31 -6.56802581444495e-31 -9.9411556903435e-32 -7.57986396549822e-31 2.98871978199405e-33 6.93919792435977e-32 1.41332915785811e-31 -3.68800436596786e-33 5.77977142364405 1.00000000002447
6.87733682513363e-25 0.039246241057918 3.25060005382106e-31 -8.94925519014327e-31 -1.35447240481843e-31 -1.03270424351559e-30 4.07174931216862e-33 9.45336466571942e-32 1.92531492387476e-31 -5.02378709873437e-33 6.01368311106635 0.999999999481386
-9.95900854062472e-27 -0.000473518736278677 -4.71921701581597e-33 1.29937125769162e-32 1.96678312217682e-33 1.49969248675807e-32 -5.9135357087013e-35 -1.37306954986992e-33 -2.79671254166369e-33 7.29822422358425e-35 -58.2989480707527 0.999999999988374
1.53720764310294e-24 0.0907388021631324 2.79648553262801e-31 -7.69921349618614e-31 -1.16530629993104e-31 -8.88497864048644e-31 3.5032568727292e-33 8.13369564859519e-32 1.65658555503451e-31 -4.32268845916771e-33 7.16011282268243 1.00000000033128
-1.2496538011912e-27 9.12278518080262e-05 3.7474413348369e-34 -1.03190365055988e-33 -1.56208100687372e-34 -1.191216410277e-33 4.69761298894938e-36 1.09084813242321e-34 2.22208934812551e-34 -5.79926569297051e-36 -58.331299054438 0.999999999986576
7.41722581892313e-27 0.0003876767783201 2.42509168572343e-33 -6.6765699589122e-33 -1.01050536838064e-33 -7.70453516617445e-33 3.03776093553091e-35 7.05279268573259e-34 1.43641090722949e-33 -3.74809351428137e-35 -58.3695177842042 0.99999999998886
-4.88001964302794e-25 -0.00490416986287356 -3.52640770144434e-31 9.71035069743743e-31 1.4699316266517e-31 1.12093852260563e-30 -4.42044137507505e-33 -1.02647811832135e-31 -2.09095002727143e-31 5.45697048623762e-33 7.18650746107047 0.999999999737828
4.81564783132586e-27 0.000220369147334051 1.552471262188e-33 -4.27412895260962e-33 -6.46891806057387e-34 -4.93217268020769e-33 1.94466245348185e-35 4.51492517576593e-34 9.19532184764706e-34 -2.39937128967014e-35 -58.3767150549031 0.999999999989889
1.53085322153953e-24 0.152374336269433 -6.79441856479264e-31 1.8718724254712e-30 2.83504254294612e-31 2.16304181740111e-30 -8.53432136620882e-33 -1.98277233988043e-31 -4.04097507322203e-31 1.05514719671563e-32 7.71056812246055 1.00000000054177
-3.2761515986644e-24 -0.19628184117609 -1.05790815216532e-30 2.91258368052662e-30 4.40827662326992e-31 3.36110330983122e-30 -1.32523903031964e-32 -3.07685441876232e-31 -6.26656759691507e-31 1.635184103585e-32 6.28761155503545 1.00000000012491
2.13505743627734e-24 0.185601756475384 1.99273590737962e-31 -5.4796551849184e-31 -8.28355482433313e-32 -6.30816324804491e-31 2.48421104905491e-33 5.76068975874617e-32 1.17184614418332e-31 -3.05408353493316e-33 6.15564140326435 1.00000000042189
2.71443299354392e-27 0.000164589430341333 1.71802209677722e-33 -4.73048862452057e-33 -7.16049719607914e-34 -5.46012884310215e-33 2.15308847856808e-35 4.99943788413004e-34 1.01833452338788e-33 -2.65750350071303e-35 -58.2789766494676 0.999999999988123
5.89868830199478e-24 0.333581848116258 3.71713031677036e-30 -1.02346901175332e-29 -1.54917869276958e-30 -1.18127457077621e-29 4.65799970185075e-32 1.08155437590536e-30 2.20296318365462e-30 -5.74883963750709e-32 9.15136200329899 1.0000000005974
-9.95130837311676e-24 -0.580268936060059 -4.45200849525507e-30 1.22580673779764e-29 1.85544433981107e-30 1.41480432954303e-29 -5.57884237744953e-32 -1.29536483576811e-30 -2.63845744479032e-30 6.88528876852739e-32 7.57174167839633 0.999999999847392
1.40786473567937e-27 0.000104911297441304 1.68552423944864e-33 -4.64194903950535e-33 -7.02789844936954e-34 -5.36010066475254e-33 2.11407072842671e-35 4.90982732113291e-34 1.00028265679811e-33 -2.61091763695901e-35 -58.2816618395544 0.999999999988963
6.10779207433279e-27 0.00046264098038256 2.08405790380527e-33 -5.73778739494587e-33 -8.68438596820956e-34 -6.62150012919918e-33 2.6107964625785e-35 6.06163843060046e-34 1.23457393890721e-33 -3.22150154744493e-35 -58.354611327099 0.999999999987166
-9.90078255729762e-28 -4.2264242108313e-05 1.74962607999103e-33 -4.81822608721463e-33 -7.29438906051966e-34 -5.56305183128266e-33 2.19399918512359e-35 5.09518585341615e-34 1.03799076072804e-33 -2.70919915759569e-35 -58.4433094711602 0.999999999986512
1.53532559256547e-26 0.000772624503782173 6.03571332960394e-33 -1.66187374493615e-32 -2.51551770025812e-33 -1.91813545526438e-32 7.56363306826765e-35 1.75623227389369e-33 3.57720192453906e-33 -9.33510171241972e-35 -58.2844752116136 0.99999999998894
4.12157687904795e-24 0.17465712218069 2.85283583915929e-30 -7.85525022068738e-30 -1.18905824556654e-30 -9.06710643292011e-30 3.57547311512491e-32 8.30230297456913e-31 1.69111668397049e-30 -4.41329138124411e-32 7.88822783976493 1.00000000033142
-8.1184134684747e-27 -0.000354745566360302 -4.46489181840593e-33 1.22935802637588e-32 1.86082582471746e-33 1.41891241064277e-32 -5.59505948348329e-35 -1.29913453078569e-33 -2.64614427467565e-33 6.90537047534637e-35 -58.202057792985 0.999999999989512
7.2883609668648e-24 0.488219784664032 3.53936684348576e-30 -9.74483602980005e-30 -1.47497081334045e-30 -1.12464347044648e-29 4.43450953821732e-32 1.02961923625898e-30 2.09709307717949e-30 -5.47233739955519e-32 8.73327562358955 0.999999999229468
3.3588397452606e-27 0.000130093242027158 1.71808351583544e-33 -4.73110491691107e-33 -7.16210599669258e-34 -5.46187029055531e-33 2.15397784633179e-35 5.00197289318316e-34 1.01894645821641e-33 -2.65934951321969e-35 -58.3288672872722 0.999999999990187
2.75905597336365e-24 0.191605403005859 3.75165713902874e-32 -1.0282892678242e-31 -1.54939197615311e-32 -1.1760443825261e-31 4.61614269170012e-34 1.06691258184529e-32 2.16312779655026e-32 -5.61879645481757e-34 6.63422641127096 1.00000000029893
2.78545091612109e-25 0.0119114501758185 1.45908509449192e-31 -4.01751721852043e-31 -6.08127644882257e-32 -4.63718300953472e-31 1.82857574228263e-33 4.2459213058281e-32 8.64850164805014e-32 -2.25695991788181e-33 6.33795071078528 1.00000000028954
8.1665440957975e-28 7.85574950551753e-05 -6.43558333984152e-34 1.7719630752187e-33 2.6821387237744e-34 2.04517389612172e-33 -8.06451808519584e-36 -1.8725215040264e-34 -3.81403873117003e-34 9.95307719024832e-36 -58.3294693050911 0.999999999988981
-1.23741142325202e-26 -0.000499388005245145 -5.16617513335224e-33 1.42244027720062e-32 2.15307360246298e-33 1.64174705697763e-32 -6.4737047766929e-35 -1.50314143717243e-33 -3.06165883092373e-33 7.98965135806118e-35 -58.300718108172 0.999999999989127
3.78595261348913e-24 0.188604330114046 2.0543927682913e-30 -5.65636106412646e-30 -8.56151585713568e-31 -6.52809878124002e-30 2.57407987441984e-32 5.97664705701813e-31 1.21731554226423e-30 -3.17660186765123e-32 7.74318593081759 0.999999999631543
1.20045982584536e-26 0.000620431343269579 4.78333294625902e-33 -1.31704407482145e-32 -1.99356287409087e-33 -1.52013483851796e-32 5.99423234644972e-35 1.3918273253187e-33 2.83496137617492e-33 -7.39814830216831e-35 -58.4783965720701 0.999999999987675
-2.60550326495167e-27 -7.78307091483119e-05 -2.10537092068531e-34 5.79241916603017e-34 8.76095206080308e-35 6.67521414161948e-34 -2.63013727696284e-36 -6.10227796025346e-35 -1.24198281841682e-34 3.23857022730273e-36 -58.191191746088 0.999999999988262
3.94976880095908e-24 0.187055177588958 2.06633967747451e-30 -5.68934794924818e-30 -8.61158657179609e-31 -6.56638527901643e-30 2.58921909851304e-32 6.01189702886224e-31 1.22451534844929e-30 -3.19544242837711e-32 8.40779370768904 0.999999999157209
1.20850423108252e-24 0.0558307517118915 1.12412822079591e-30 -3.09533486494252e-30 -4.68553615321793e-31 -3.57300338674338e-30 1.40898633895902e-32 3.27175214885942e-31 6.66444436490691e-31 -1.7392480714103e-32 8.27015298126395 0.999999999450406
7.95096567294758e-25 0.0480680111022084 5.4493562320271e-31 -1.50044839390062e-30 -2.27120749068626e-31 -1.73186909319632e-30 6.82924277660361e-33 1.58573394008998e-31 3.22996672314567e-31 -8.42907324481639e-33 6.12243644348108 0.999999999550975
-8.77883649631573e-27 -0.000515980677126917 -4.52143642855062e-34 1.24315238030438e-33 1.87902339958644e-34 1.43074591070885e-33 -5.63367876826157e-36 -1.30623684132932e-34 -2.65681758218478e-34 6.92333906885773e-36 -58.0222109434515 0.999999999988972
4.68428140454463e-25 0.0228036352744515 2.4647491216198e-31 -6.78589810081573e-31 -1.02707420858398e-31 -7.83102851915436e-31 3.08769943883006e-33 7.16888317215832e-32 1.46008431276895e-31 -3.80994241265407e-33 5.62414157912246 0.999999999490568
3.44930750713641e-24 0.120614593012703 1.83264734742598e-30 -5.04603292553564e-30 -7.63802612612262e-31 -5.82417877519641e-30 2.29661127266779e-32 5.33261909789301e-31 1.08618446959475e-30 -2.83452743255774e-32 8.44573461229741 1.00000000084978
1.89846064957871e-27 0.000147758701746957 5.04117611627307e-34 -1.38768597382332e-33 -2.09995776344177e-34 -1.60085711123214e-33 6.31093876985684e-36 1.46499381266288e-34 2.98323673495767e-34 -7.78312214879709e-36 -58.3692976864657 0.999999999989131
6.69014303486353e-25 0.0153597269712496 4.43238834067042e-31 -1.2204354577036e-30 -1.84736058428042e-31 -1.40867558909119e-30 5.554813759595e-33 1.2898174678391e-31 2.62722289875829e-31 -6.8561387632729e-33 7.43905651896336 0.999999999271117
6.26919317690317e-28 4.81762224404277e-05 1.37874493569226e-33 -3.79690846447222e-33 -5.74825652275723e-34 -4.38393984921456e-33 1.72898889531037e-35 4.01531880073941e-34 8.18008372416313e-34 -2.13505688270848e-35 -58.2697543978578 0.999999999989088
9.50294111698841e-27 0.000428857511642007 5.15012486807589e-33 -1.41808690421076e-32 -2.14658370059303e-33 -1.63687425364721e-32 6.45478909263987e-35 1.49881863142651e-33 3.0529948702081e-33 -7.96740928958306e-35 -58.4055379909446 0.999999999988251
-4.74313568325789e-27 -0.000163299409551283 -4.37982130181586e-33 1.20602944418406e-32 1.82565733416731e-33 1.39220462901191e-32 -5.49017353057309e-35 -1.27487997736889e-33 -2.59694311529262e-33 6.77750079886962e-35 -58.4964659615053 0.999999999986554
-8.53797433563994e-27 -0.000409987919274702 -3.3113000872998e-33 9.11695598197123e-33 1.37994283505166e-33 1.05219169662374e-32 -4.1488517823604e-35 -9.63299388408795e-34 -1.96202547096668e-33 5.11990716264813e-35 -58.3278729870516 0.999999999987789
1.00807846099303e-24 0.0362327697615371 5.13085300395105e-31 -1.41270978294091e-30 -2.13833721966455e-31 -1.63050418008952e-30 6.42934684357181e-33 1.49283583307818e-31 3.04065523912387e-31 -7.93480652455166e-33 7.11668294227798 1.0000000000207
1.87727708434559e-24 0.108580416453521 8.76690733277692e-31 -2.41373383054309e-30 -3.65335826413601e-31 -2.78559316936945e-30 1.09835414554566e-32 2.55015992570193e-31 5.19400586325685e-31 -1.35535026950565e-32 7.44327366745883 0.999999999055493
-1.13420400882813e-23 -0.493658334693163 -6.3596419861119e-30 1.7511357286747e-29 2.65073804752202e-30 2.02132567285764e-29 -7.97085646452973e-32 -1.85086158340028e-30 -3.77009962847319e-30 9.83888178434612e-32 9.52962459278383 1.00000000045784
2.61307292497688e-24 0.100939256494665 1.33605853266797e-30 -3.67870179104897e-30 -5.5683119409128e-31 -4.2459514114187e-30 1.67427083596263e-32 3.88755613729074e-31 7.91840262074877e-31 -2.06639113219032e-32 7.39567224783597 1.00000000018856
-1.48893129233176e-23 -0.896423167856585 -6.60491418096539e-30 1.81855707611046e-29 2.75262217464908e-30 2.09888575112991e-29 -8.27618633737941e-32 -1.92163998400587e-30 -3.91402662420307e-30 1.02138530095501e-31 9.11292836564102 1.0000000004339
1.13978391257401e-23 0.562968031086847 7.12104478929251e-30 -1.96072549532274e-29 -2.96790348030116e-30 -2.26310792017474e-29 8.9240091981038e-32 2.07212068835598e-30 4.22065694591614e-30 -1.1014356475313e-31 9.06905105207976 0.999999999171897
1.42753382081821e-24 0.0715781169336977 8.4439415763511e-31 -2.32489577174873e-30 -3.51901920238295e-31 -2.6832570730114e-30 1.05804019039507e-32 2.45664454697213e-31 5.00371347727506e-31 -1.30573965230037e-32 6.67348655096298 1.00000000001018
-8.54665265941583e-27 -0.000404214256361629 -3.54847715250036e-33 9.76996819420246e-33 1.47878220120164e-33 1.12755522999184e-32 -4.44601287236295e-35 -1.03229525338466e-33 -2.10255393242137e-33 5.48661460402116e-35 -58.4634012295518 0.999999999989768
-4.74664707258227e-24 -0.292221156148083 -1.9504078312834e-30 5.37003386983502e-30 8.1280909525496e-31 6.19758707704144e-30 -2.44374570732421e-32 -5.67400504556188e-31 -1.15566891475927e-30 3.01572162894214e-32 6.85379359073213 1.00000000011919
7.15211905895712e-25 0.0315334332631321 3.25774645297641e-31 -8.96913220865599e-31 -1.35751138249186e-31 -1.03504458736941e-30 4.08106865777544e-33 9.47521442792514e-32 1.92980831409075e-31 -5.03562494364177e-33 6.18469592782425 0.999999999830678
1.27540797539783e-27 9.65783309237781e-05 9.95653299304074e-34 -2.74158854616935e-33 -4.15007889470781e-34 -3.1647031604681e-33 1.24798366084927e-35 2.89791170049036e-34 5.90298126133524e-34 -1.54053569162501e-35 -58.414902919002 0.999999999989178
1.25931345369345e-27 6.23063167946195e-05 4.23122054434865e-34 -1.16492202614716e-33 -1.76314536993667e-34 -1.34431817679235e-33 5.30048299085962e-36 1.23063505951587e-34 2.50641662600152e-34 -6.54020677695823e-36 -58.3020047678629 0.999999999987729
-5.37455217346615e-27 -0.000255432343913183 -7.77563419966085e-34 2.14005342932284e-33 3.23797495292441e-34 2.46799936470035e-33 -9.72783131057493e-36 -2.25781049134229e-34 -4.59694267560214e-34 1.19912630930548e-35 -58.5457285414337 0.99999999998802
-5.469609756251e-27 -0.00025144459555862 -1.34263013874987e-33 3.69619344495445e-33 5.59387830057635e-34 4.26475386430128e-33 -1.68141262640689e-35 -3.90350780667907e-34 -7.94961126044957e-34 2.07420138626148e-35 -58.4109800479521 0.99999999998824
-8.15885569355181e-25 -0.00731813062728663 -4.36756789103051e-31 1.20278687126876e-30 1.82094778575897e-31 1.38876487072554e-30 -5.47720639181775e-33 -1.27200753654652e-31 -2.59137422068766e-31 6.76370335245123e-33 5.90965907317243 1.00000000029509
4.52882186554481e-25 0.0303406446841265 1.56169619858023e-31 -4.29965499648075e-31 -6.50774581835216e-32 -4.96192375554397e-31 1.95645049301806e-33 4.54242692761663e-32 9.25160377031717e-32 -2.41412739097557e-33 5.61792414048999 0.999999999565197
-1.68709023190094e-27 -4.31657832291137e-05 -5.95642080862124e-34 1.63997936712797e-33 2.4822830364045e-34 1.89272158021991e-33 -7.46313721395242e-36 -1.73283182979617e-34 -3.52940406733716e-34 9.2100167140564e-36 -58.0978619897684 0.999999999990691
-1.71996095373189e-26 -0.000837468526976539 -4.324236579007e-33 1.19048517653029e-32 1.8017665683659e-33 1.37371189518603e-32 -5.41616809480818e-35 -1.25744497837534e-33 -2.56091936890224e-33 6.68216158069534e-35 -58.3659710909593 0.999999999990427
5.60005091558285e-25 -0.00658827885815768 1.67290702979908e-31 -4.6080511126056e-31 -6.97786163267916e-32 -5.32291608734496e-31 2.09978982288097e-33 4.87755318275823e-32 9.93888941217683e-32 -2.59470183105529e-33 8.34825398238407 1.0000000002428
-6.36047525408094e-24 -0.388706934514409 -1.9384821465382e-30 5.33701081531754e-30 8.07782361449401e-31 6.15904348096428e-30 -2.42846324414783e-32 -5.63832621227645e-31 -1.14836233553279e-30 2.99655224577946e-32 8.18952032924307 1.00000000036778
1.02873992158804e-24 0.0547257878067914 4.84390769558796e-31 -1.33361276844907e-30 -2.0184757493162e-31 -1.5390043521274e-30 6.06813759238327e-33 1.4088711975652e-31 2.86943993327718e-31 -7.48750384192353e-33 6.79234659261597 0.999999999271754
2.37604882247864e-25 0.00990866672349181 1.86418954514901e-31 -5.13314166358267e-31 -7.77027355279785e-32 -5.92532067703152e-31 2.33661220772346e-33 5.42577392806655e-32 1.10521480851439e-31 -2.88433527143979e-33 5.87907237311996 0.999999999738076
-9.0118918956107e-24 -0.614027604367484 -1.71164579158692e-30 4.71094053597511e-30 7.12789819942004e-31 5.43298005878377e-30 -2.14148101646955e-32 -4.97039474839324e-31 -1.01199355508506e-30 2.63984799466914e-32 9.11782917562105 0.999999999486613
-2.07314089023753e-23 -1.20132074308572 -8.48623612032302e-30 2.33649770547129e-29 3.53651521972171e-30 2.69654855697813e-29 -1.06326186712284e-31 -2.46872407088173e-30 -5.02822682960186e-30 1.31211307607595e-31 9.15696255762233 1.00000000000783
-6.98651355577698e-27 -0.000411807429216295 -1.57071481379005e-33 4.32404823715778e-33 6.54400625022209e-34 4.98906867079787e-33 -1.96695578576357e-35 -4.56635943131785e-34 -9.29941533302002e-34 2.42636062325907e-35 -58.5541055862115 0.999999999986595
-2.22623891485346e-27 -0.000116275437451527 -1.13607612769404e-34 3.12467622772118e-34 4.72457124078408e-35 3.59867134848074e-34 -1.4174936263154e-36 -3.28776090928785e-35 -6.68943135346428e-35 1.74378177033877e-36 -58.3033582205743 0.999999999988316
-2.41931003151687e-24 -0.146828261493663 -1.18529250175921e-30 3.26352063953471e-30 4.93977435155893e-31 3.76660774045649e-30 -1.48522740340837e-32 -3.44854444581319e-31 -7.0240677786782e-31 1.83297122899972e-32 7.88124620202455 0.999999999037738
-7.49467874666968e-27 -0.000336902980240963 -2.88068245360896e-33 7.93121294484974e-33 1.20044914425512e-33 9.15314771603505e-33 -3.60907962477182e-35 -8.37959026473206e-34 -1.70670754187656e-33 4.45358281621667e-35 -58.3305239244665 0.999999999989219
-2.40666863970171e-25 -0.0298542523619102 5.35913465899371e-32 -1.47682562028611e-31 -2.23729180966288e-32 -1.70740886874465e-31 6.73830493017754e-34 1.56589651440983e-32 3.19215818301139e-32 -8.33717274066293e-34 6.37392626371479 1.00000000038653
-2.03571468861648e-27 5.105260591496e-06 -2.06651723356583e-33 5.69041646379161e-33 8.61407987208038e-34 6.56895329152959e-33 -2.59049423216281e-35 -6.01546634606472e-34 -1.22536611411781e-33 3.19798498981216e-35 -58.2393030323969 0.99999999998782
8.53716186844202e-27 0.000481986149710054 4.34133844708754e-33 -1.19534774833138e-32 -1.80935933278404e-33 -1.37967861104881e-32 5.44039367034168e-35 1.26323179972724e-33 2.57303549806638e-33 -6.71463805585227e-35 -58.4292648207906 0.999999999989021
-2.18892502692669e-24 -0.0370073382170658 -1.05166212467557e-30 2.89594094512736e-30 4.3839239740331e-31 3.34317251103583e-30 -1.31841993124802e-32 -3.06160368278918e-31 -6.23668916664467e-31 1.62769579082351e-32 6.52170282966591 1.00000000078736
8.56029354910365e-29 4.14264640386502e-05 -1.68488639209065e-34 4.63969237852342e-34 7.02372260018857e-35 5.35633500080905e-34 -2.11235577856106e-36 -4.90530932071691e-35 -9.99252866437697e-35 2.60794349140572e-36 -58.2712144027816 0.999999999988497
1.27935000846881e-24 0.0909318598720426 4.92687279418143e-31 -1.35636987186964e-30 -2.05279168660213e-31 -1.56507157036922e-30 6.17053528746311e-33 1.43255674220262e-31 2.91749995248516e-31 -7.61244224838527e-33 6.83584792599431 0.999999999290973
-3.36474677193528e-27 -7.10541846343497e-05 -2.82334465214455e-33 7.77436652450679e-33 1.17686318622958e-33 8.97448241573718e-33 -3.5390936113785e-35 -8.21816648508421e-34 -1.67404736880237e-33 4.36892480124242e-35 -58.5777116260375 0.999999999988614
8.09952159817357e-24 0.420077747407532 2.67670319908047e-30 -7.36969698328152e-30 -1.11547285114469e-30 -8.5053257874954e-30 3.35368460014691e-32 7.78670700892763e-31 1.58597187651821e-30 -4.13857907418652e-32 8.44701069448574 0.999999999214653
5.49490337235148e-25 0.0248835684664146 3.07127170792051e-31 -8.45637960882495e-31 -1.28000173339506e-31 -9.76020899967241e-31 3.84863644764546e-33 8.9362417711424e-32 1.82017380423916e-31 -4.74990401833534e-33 6.11674309701099 1.00000000025056
1.28254670314411e-26 0.000614919052464009 4.81434860654907e-33 -1.32558486024983e-32 -2.00649213303579e-33 -1.52999470685011e-32 6.03311599391432e-35 1.4008567965538e-33 2.85335497707797e-33 -7.44615307463302e-35 -58.1692483121632 0.999999999986551
-2.03441308533853e-24 -0.136612840090446 -2.0036912642926e-31 5.51287262953696e-31 8.33845266408793e-32 6.35354263712758e-31 -2.50349161502217e-33 -5.80867509600395e-32 -1.18227487018766e-31 3.08300591836967e-33 7.49445427723602 0.999999999803119
3.55114984004977e-24 0.244846846014152 1.37804481214932e-30 -3.79390930609198e-30 -5.74209668445487e-31 -4.37800874151651e-30 1.72616399788655e-32 4.00763195149317e-31 8.16213228980264e-31 -2.129774132901e-32 7.6804815234289 0.999999999542026
-8.20648290924322e-27 -0.000442189641241896 -3.7925485381044e-33 1.04420586737939e-32 1.5805237650683e-33 1.20514268005281e-32 -4.75198628645889e-35 -1.10334721774991e-33 -2.24729052581222e-33 5.86435598264759e-35 -58.4752961038127 0.999999999989927
-3.30807538219738e-27 1.88529932853715e-06 -6.50966608930887e-35 1.78987134275239e-34 2.70547804941726e-35 2.0600982178518e-34 -8.11204380251886e-37 -1.88092783954401e-35 -3.82580776229069e-35 9.96982213711057e-37 -58.3270347065636 0.999999999991516
1.75635392059286e-24 0.215059119482316 -1.56788793957944e-30 4.31828561714441e-30 6.53833801947679e-31 4.98707215195712e-30 -1.96708420250006e-32 -4.56878063241958e-31 -9.30866487754509e-31 2.429899522448e-32 8.79948670590306 1.00000000102535
3.63751300803411e-24 0.178358961523113 1.76005900320603e-30 -4.84582994685912e-30 -7.33447467898231e-31 -5.59232464755777e-30 2.20503249265806e-32 5.11962213076067e-31 1.04272742239562e-30 -2.7209324001226e-32 7.49960605329801 0.999999999271719
2.0730525739665e-23 1.2605038817314 3.94455505125335e-30 -1.08587989502614e-29 -1.64333304540078e-30 -1.2528296587649e-29 4.93921400930246e-32 1.14663206288216e-30 2.33507275226543e-30 -6.09243555586084e-32 9.43633078418835 0.99999999985435
7.66951145825784e-25 0.0441189673275694 1.98662631365311e-31 -5.46924606166372e-31 -8.27749023765275e-32 -6.31091662975464e-31 2.48820122099407e-33 5.77668763559789e-32 1.17647384563567e-31 -3.06972712939541e-33 6.0805976121538 0.99999999989776
-1.75346243221033e-24 -0.105771544399425 -5.10686107131795e-31 1.40596386647814e-30 2.12791492735313e-31 1.62239636494757e-30 -6.39674456094424e-33 -1.48511960929063e-31 -3.02464154723876e-31 7.89224480638968e-33 5.92042454398646 0.999999999892944
5.01631174034097e-27 0.000253282775806868 1.70058127464617e-33 -4.68186875570503e-33 -7.08599914694035e-34 -5.40263453237373e-33 2.13014642378493e-35 4.94554020474667e-34 1.00722873104445e-33 -2.62818940314602e-35 -58.3985248796901 0.999999999987443
6.49792161159099e-25 0.0225258995693484 5.10424419490724e-31 -1.40549442474707e-30 -2.12758359037194e-31 -1.62243226348859e-30 6.39802145737679e-33 1.48567914239467e-31 3.02631585576525e-31 -7.89800619152809e-33 7.2138396645991 0.999999999657572
2.19294577155019e-24 0.105315741025997 1.52383703620655e-30 -4.19580764014399e-30 -6.35115171542413e-31 -4.84297128569591e-30 1.90972366098022e-32 4.43434451338175e-31 9.03229842892411e-31 -2.35711714386584e-32 5.92679471714239 1.00000000022905
-1.23726919237329e-23 -0.712758261322813 -5.07042523409799e-30 1.39602086528471e-29 2.11299937893861e-30 1.61112552841089e-29 -6.35270483848227e-32 -1.47498737811131e-30 -3.00419373138329e-30 7.83937913994018e-32 8.15286405960403 1.00000000056774
7.75316415517115e-25 0.0633718367012624 3.03341486851796e-31 -8.35145904712814e-31 -1.26401678243972e-31 -9.63753304366148e-31 3.79995290817367e-33 8.82248407369599e-32 1.79685719336815e-31 -4.68867737024338e-33 5.77773907135885 0.999999999531269
-5.32181826676642e-27 -0.00026734580190537 -2.25407813226288e-33 6.20613142749775e-33 9.39361782891292e-34 7.16254458616322e-33 -2.82423649440065e-35 -6.55745159531492e-34 -1.33560831454825e-33 3.48527634617338e-35 -58.3261532323105 0.999999999987287
5.09555364000972e-25 0.0124618063930567 4.00463198306005e-31 -1.10264438397169e-30 -1.66904545003433e-31 -1.2726919806046e-30 5.01854291143399e-33 1.16528513394678e-31 2.3735406651847e-31 -6.19405633478719e-33 6.56814640088341 0.999999999440617
1.55358457218328e-24 0.0804627509852681 1.00544454319507e-30 -2.76839991746571e-30 -4.19043808469654e-31 -3.195306619166e-30 1.25998361971546e-32 2.92561751955348e-31 5.95909299269957e-31 -1.5550946950425e-32 7.15126507940864 0.999999999378544
1.65172468976143e-24 0.0838030941992623 9.81967224130439e-31 -2.70372873333613e-30 -4.09250422068891e-31 -3.1205968577298e-30 1.23051085136339e-32 2.85715314060645e-31 5.81957884394609e-31 -1.51867085170289e-32 5.95857995511879 0.999999999939876
-2.67917335333817e-24 -0.0769481144872007 -1.41434781242439e-30 3.8940092297619e-30 5.89383131716377e-31 4.49387528408446e-30 -1.77191814606066e-32 -4.11402249687859e-31 -8.37914511770226e-31 2.18648701037783e-32 8.70892550820964 1.00000000002031
