-9.11205920410755e-06 -8.30790195481378e-05 2.21342175258012e-06 -6.11672867874182e-06 -9.33745302135562e-07 -7.13862160834841e-06 2.84474039394353e-08 6.63582921496176e-07 1.35911456877976e-06 -3.56797562981933e-08 -7.99795545686117 0.999999999947392
-0.000296720093024935 -0.00270751577929172 7.23295945552764e-05 -0.000199871433493587 -3.05098064560247e-05 -0.000233231944149049 9.29044416684671e-07 2.16780715747251e-05 4.43963755798163e-05 -1.16531259524402e-06 1.17408695942638 0.999999999758997
0.000392709930625294 0.00356946618019432 -9.59691222161003e-05 0.000265203480256512 4.0484991981348e-05 0.000309463626292957 -1.23168354694498e-06 -2.8765914516287e-05 -5.89113467389137e-05 1.54596117817697e-06 1.17177658412645 1.00000000007296
-8.85107147032548e-05 -0.000806902678698244 2.15323802033615e-05 -5.94907668191892e-05 -9.08047687241241e-06 -6.94316651929258e-05 2.77647841687819e-07 6.4529745136753e-06 1.3216926662745e-05 -3.47271381521997e-07 1.69114693753975 0.999999999782444
1.69497006938951e-05 0.000153408992391696 -4.1355108522049e-06 1.14293769986807e-05 1.74502896490878e-06 1.33405244168841e-05 -5.31204486356771e-08 -1.24042501354799e-06 -2.5407128783153e-06 6.66884852898246e-08 -7.9667699545893 0.999999999945582
0.00557549656450756 0.0509827250315184 -0.00135955786307867 0.00375721809889598 0.000573556515970812 0.00438478471198426 -1.74616330803786e-05 -0.000407591100604736 -0.000834780756710345 2.19106540606753e-05 3.59520738936393 1.0000000004851
1.49412849508947e-05 0.000136251705761798 -3.64824778508504e-06 1.00829133244318e-05 1.53936514625738e-06 1.17687458098541e-05 -4.68592801375601e-08 -1.09418223178435e-06 -2.24113379295291e-06 5.88240093846831e-08 -8.06264682952389 0.999999999951179
3.16842213299379e-05 0.000287895894897939 -7.74556572442176e-06 2.14063472009508e-05 3.26815497794461e-06 2.49839036485114e-05 -9.94512122425686e-08 -2.32283316226384e-06 -4.75754198370181e-06 1.24862122807079e-07 -8.1049817955488 0.999999999957569
-0.000217707935445618 -0.00206037589448127 5.3783029128155e-05 -0.000148679049781657 -2.26950684264189e-05 -0.000173524597376664 6.89123712530405e-07 1.6128680836679e-05 3.30315276344796e-05 -8.66383700222387e-07 3.31062154248509 1.00000000013522
-4.12215455961152e-06 -3.92934026031302e-05 1.00701259655191e-06 -2.78390108539932e-06 -4.24956168772226e-07 -3.25069522327484e-06 1.29618882198698e-08 3.02190087546146e-07 6.19059694132793e-07 -1.62576899770982e-08 -8.01766530703341 0.99999999994789
0.00477026563023322 0.0435913210907699 -0.00116374868400521 0.0032160636177088 0.000490953610580791 0.00375335836427287 -1.4951725975912e-05 -0.000348904670116831 -0.000714597515283668 1.87579178455416e-05 3.63881863014358 0.999999999828419
-0.00997733063812301 -0.0909699368927042 0.00243604066500333 -0.00673222368302043 -0.0010277492689797 -0.00785682299057666 3.12810957538633e-05 0.000730384382554663 0.00149589713202943 -3.9261003550432e-05 1.2215627816216 1.0000000008788
0.000711881515928842 0.00653410597423038 -0.000173971647351106 0.000480790233987839 7.33949305677385e-05 0.000561121576048527 -2.23497524301504e-06 -5.21597907682975e-05 -0.000106829138928673 2.80414307313876e-06 1.79457621156804 0.999999999760513
-2.22906037262501e-06 -1.981833173e-05 5.41291369896083e-07 -1.49575667682871e-06 -2.28386748438629e-07 -1.74606326995361e-06 6.96879750920532e-09 1.62373500704038e-07 3.32612654513173e-07 -8.73572655661545e-09 -7.94049061700689 0.999999999952072
0.00472117406341049 0.0432246100366906 -0.00115415507544743 0.00318958324391568 0.000486910639841326 0.00372249478513767 -1.48283760659559e-05 -0.00034603474638085 -0.000708717921208167 1.86033709023673e-05 4.76513252529705 1.00000000029857
-0.00246493094279961 -0.0227218546970924 0.000602324364699733 -0.00166472519355641 -0.000254129136533626 -0.00194285930776088 7.73068828080832e-06 0.00018060267574785 0.000369891009305536 -9.70678987665736e-06 2.97684952884656 1.00000000013408
4.13484582162524e-05 0.000379150284637592 -1.01022637106623e-05 2.79214902464899e-05 4.26267596796671e-06 3.25889181197797e-05 -1.296816421126e-07 -3.02976061705586e-06 -6.20549594920558e-06 1.6285378114749e-07 -7.95455259165993 0.999999999947796
-5.25625171763997e-06 -4.83595889486466e-05 1.29336444833848e-06 -3.57351028493208e-06 -5.45404536518716e-07 -4.16928401506177e-06 1.66227051645831e-08 3.87408072481149e-07 7.93315953691035e-07 -2.08255001389878e-08 -7.91431911360187 0.999999999947997
2.3965571234332e-05 0.00021714344822975 -5.85698689437978e-06 1.61865475578954e-05 2.47128073687887e-06 1.88922160546507e-05 -7.52318986202948e-08 -1.75652447841315e-06 -3.59771140762167e-06 9.44323802392446e-08 -7.911301927581 0.99999999994712
7.81165540109655e-05 0.000711796875486197 -1.9072781147952e-05 5.27100055222661e-05 8.04696107905113e-06 6.15182755222795e-05 -2.44979138038071e-07 -5.71912289700486e-06 -1.17136322579981e-05 3.07455037383853e-07 -7.9833468326159 0.999999999948631
-0.000882654439787531 -0.00809782620268569 0.000215239804146318 -0.000594791598304112 -9.07930321265653e-05 -0.000694173491943439 2.7684032622418e-06 6.45228624127011e-05 0.000132151699630742 -3.46992511854791e-06 3.26566661758093 0.999999999631846
1.69496448342195e-05 0.000156944451589454 -4.13574654573687e-06 1.14311247739435e-05 1.74508366332487e-06 1.33441478267402e-05 -5.31680335502008e-08 -1.24057306798334e-06 -2.54112174602834e-06 6.67133788903189e-08 -8.09423482401171 0.999999999946354
0.0135590544249709 0.12380122770578 -0.00331129823987048 0.00915105256789293 0.00139699447056614 0.0106797205019138 -4.25248433912944e-05 -0.000992787514915397 -0.0020333220937709 5.33677325909266e-05 4.71884545831415 0.999999999815438
2.68396660576673e-05 0.000244459949433377 -6.55600191552167e-06 1.81191084371e-05 2.76627428209669e-06 2.11484098165126e-05 -8.42068297315969e-08 -1.96625422694865e-06 -4.02732085388122e-06 1.05706879451918e-07 -7.98599944501642 0.999999999946917
0.00103708804683622 0.00949446157635183 -0.000253088834155427 0.000699424212940928 0.000106771041910088 0.000816301137537313 -3.25263105803424e-06 -7.58816053613718e-05 -0.000155416722005674 4.07992389036644e-06 1.67758961225509 1.00000000001916
-0.000110162991655825 -0.00101466056479785 2.68057017786328e-05 -7.40702259545988e-05 -1.13056366504478e-05 -8.64448294503838e-05 3.45083379768808e-07 8.03396075234836e-06 1.64546070745806e-05 -4.32154203557139e-07 1.61985466772174 0.999999999704788
5.3327694219441e-05 0.000485894240569507 -1.30181871749643e-05 3.59774057317425e-05 5.49247429045766e-06 4.19892367686742e-05 -1.67200050933225e-07 -3.90356878183116e-06 -7.99507688157193e-06 2.09848163356285e-07 -8.00983077207497 0.999999999945818
-8.96054101154811e-06 -8.19365431905152e-05 2.18940875694484e-06 -6.05068246710492e-06 -9.23710706579813e-07 -7.06238861452183e-06 2.8148133445351e-08 6.5655955410803e-07 1.34478520793386e-06 -3.53057210401114e-08 -7.96161471489423 0.999999999957449
-0.000599656513934647 -0.00549739600348574 0.000146123880035499 -0.000403810997570516 -6.16411966101454e-05 -0.000471259415402806 1.87773128156059e-06 4.38036382161187e-05 8.9713681465582e-05 -2.35507077661081e-06 2.97259004987093 0.999999999818691
-1.20456344990373e-05 -0.000109537245665067 2.94786738768013e-06 -8.14585703855462e-06 -1.2434583059165e-06 -9.50421360517368e-06 3.78163555006217e-08 8.83363147157872e-07 1.80897300542491e-06 -4.74659052331679e-08 -8.04318692892864 0.999999999948645
2.15501349692679e-06 1.98296683236756e-05 -5.14979849810946e-07 1.42313846910124e-06 2.1722837735439e-07 1.66153366717262e-06 -6.64661859533198e-09 -1.54451076429925e-07 -3.16414187636889e-07 8.31572925422302e-09 -7.98560041175165 0.999999999941606
-0.000658067152911744 -0.00605030194900519 0.00016021883984873 -0.000442754987640682 -6.7584635519464e-05 -0.000516761123458122 2.06153218886589e-06 4.80328115845434e-05 9.8380783451527e-05 -2.58346840848456e-06 3.76889748545909 0.999999999393579
0.00324139334490299 0.0295598035559153 -0.000793344387746617 0.00219245593494819 0.00033469912583713 0.00255853758721861 -1.01825455247956e-05 -0.000237837407421988 -0.000487094136000323 1.27825087030749e-05 4.31271747525362 0.999999999449509
0.00058337048239407 0.0051385820457863 -0.000143559773094023 0.000396808347595606 6.05988132845742e-05 0.000462912778385173 -1.82938625178983e-06 -4.30517697655972e-05 -8.81555396208532e-05 2.30911302442758e-06 1.21262189645575 1.00000000032207
5.93297468345931e-05 0.000541658291460115 -1.44840674928432e-05 4.00299684088123e-05 6.1112313409627e-06 4.67209305820898e-05 -1.86023185614939e-07 -4.34358166716005e-06 -8.89645469583327e-06 2.33505224330877e-07 -7.97700250226567 0.999999999943797
0.000285555486981594 0.00260419369262746 -6.97535404242558e-05 0.000192756147628645 2.94243429870257e-05 0.000224924830188386 -8.95518928938229e-07 -2.09064777885859e-05 -4.28154828809629e-05 1.12367016352522e-06 1.52491951859304 0.999999999961676
-0.00195096040917592 -0.0177466283305962 0.000475679011060918 -0.00131448066154977 -0.00020066318446127 -0.0015340215308919 6.11285758706295e-06 0.000142596864360811 0.000292050807259721 -7.66670923363876e-06 3.54590662035291 0.999999999880809
3.0285039136242e-05 0.000274940557048369 -7.40408755118606e-06 2.04621642536636e-05 3.12397856881393e-06 2.38816007879634e-05 -9.50793617548277e-08 -2.22031237935032e-06 -4.54753511961025e-06 1.19354456207424e-07 -8.06030901208401 0.999999999950963
-0.00206272207954729 -0.0187847677541238 0.000503684483143006 -0.00139192635597239 -0.000212492951612744 -0.00162450709570116 6.47295705515496e-06 0.000151017803392275 0.000309306087992331 -8.11970244369585e-06 3.3848799310822 1.0000000000367
1.75762986920775e-06 1.65904714704419e-05 -4.25195280667752e-07 1.17625126079389e-06 1.79696145256244e-07 1.37601449743388e-06 -5.51035428197819e-09 -1.28133488594066e-07 -2.62744739638974e-07 6.91198993129243e-09 -8.02334191206122 0.999999999950087
4.00522629673059e-05 0.000364001716947865 -9.77667796564587e-06 2.70193135646536e-05 4.12500783425483e-06 3.1534183693458e-05 -1.25535508123689e-07 -2.93172766422714e-06 -6.00461036070888e-06 1.57594079018793e-07 -8.0027172739982 0.999999999944928
7.90825414509683e-05 0.000719625681130096 -1.93131222374289e-05 5.33735655984748e-05 8.14829831200371e-06 6.22921550965611e-05 -2.4806978921101e-07 -5.79108580584728e-06 -1.18609762662466e-05 3.1132370309718e-07 -8.03885708593552 0.999999999951702
7.94131531684316e-06 7.25867977323315e-05 -1.93758724924688e-06 5.35516599210843e-06 8.17606894268645e-07 6.25172130126539e-06 -2.49242479891364e-08 -5.81301394063187e-07 -1.19075753159019e-06 3.12669163582997e-08 -8.0386845641279 0.999999999949811
0.000141049474743207 0.00129017269843416 -3.44940569615941e-05 9.53281407376918e-05 1.4552084309631e-05 0.000111231368258535 -4.42201199100915e-07 -1.03389078815677e-05 -2.11728088094824e-05 5.55454207096653e-07 1.78003360270441 0.999999999780366
5.56459799801482e-05 0.000526140515935727 -1.423805168619e-05 3.93980979643935e-05 6.01889158733195e-06 4.59988411524448e-05 -1.80420354433458e-07 -4.28094939739046e-06 -8.76788300312906e-06 2.29297930486792e-07 3.3513317937004 0.99999999971789
-0.00451142317986937 -0.0416279552155433 0.00110347706597293 -0.00305002863524997 -0.000465615271382311 -0.00355952778437377 1.41474344537142e-05 0.000330895684742209 0.000677691979680266 -1.77789897801557e-05 5.48780503856546 1.00000000079963
0.000963240187558968 0.00877494029426834 -0.000235292711134017 0.000650225181929571 9.92608132622061e-05 0.000758769074403908 -3.0203559519155e-06 -7.05311304277965e-05 -0.000144447241218942 3.7908041720558e-06 3.18034315280103 0.999999999403171
-0.018381417259116 -0.16806224502648 0.00448497159901596 -0.0123949293865376 -0.00189219880893895 -0.0144654285187475 5.75798337547273e-05 0.00134470688757785 0.00275408142322854 -7.22794049575591e-05 5.18161043810768 1.00000000109052
0.000223406724342502 0.00156490593661219 -5.94007660387743e-05 0.000164503128715018 2.51852716788778e-05 0.000191406929649432 -7.11135819293078e-07 -1.7856063131884e-05 -3.65070644121731e-05 9.41175869323054e-07 4.84449075280318 0.999999999530476
-0.000194210812428394 -0.00177119194411966 4.73842105187453e-05 -0.000130939992823706 -1.99881078862757e-05 -0.000152801347012913 6.08738956751221e-07 1.42029598620239e-05 2.90880113010708e-05 -7.63534541810618e-07 1.26500919493257 0.999999999779137
2.19330608013908e-05 0.000199263791403498 -5.35766950671514e-06 1.48063386230113e-05 2.26042598586032e-06 1.72795622670278e-05 -6.87848277959573e-08 -1.6064094966252e-06 -3.29007345409241e-06 8.63467782892551e-08 -8.06966659684444 0.99999999995355
-0.0102930735170429 -0.0936986188524283 0.00251377026112159 -0.00694697580350095 -0.00106054852383114 -0.00810758704361578 3.22851701534013e-05 0.000753713995925128 0.00154369336365686 -4.05173754274831e-05 3.10152539544132 1.0000000004174
-2.61269125294061e-06 -2.38033373541624e-05 5.13979128526299e-07 -1.40924225356054e-06 -2.14236916664195e-07 -1.65604266291756e-06 7.75650593921036e-09 1.53251577140098e-07 3.153429757523e-07 -8.66180124323177e-09 1.37010823641508 0.999999999864524
-5.54083185882495e-05 -0.000504171055231189 1.35339416957722e-05 -3.74033185121571e-05 -5.71030155230131e-06 -4.36535195517023e-05 1.73778164065544e-07 4.05843732352466e-06 8.31226969277042e-06 -2.18158626860202e-07 -8.05822967413565 0.99999999995541
7.35425935855632e-05 0.000670797644330191 -1.79641867455963e-05 4.96476084024196e-05 7.57957779156026e-06 5.7946545574252e-05 -2.30747905440498e-07 -5.38726946491459e-06 -1.10341530847621e-05 2.89622500331569e-07 -7.89114854158246 0.999999999946783
2.39337649687667e-05 0.00021727136719316 -5.84549127688632e-06 1.61542028498386e-05 2.46622513905825e-06 1.88539891091797e-05 -7.51121606338166e-08 -1.75283700061396e-06 -3.59011752123492e-06 9.424202057149e-08 -8.15470859942032 0.999999999952869
3.80047099906182e-05 0.000346511969828382 -9.27843752842092e-06 2.56428094049104e-05 3.91482542234975e-06 2.99291041142789e-05 -1.19177330067674e-07 -2.7825016806932e-06 -5.69909577869256e-06 1.49587989814149e-07 -8.06556881629905 0.999999999950315
-0.000782207996455563 -0.0071545394025366 0.000191253698514179 -0.000528552167435143 -8.06868807551734e-05 -0.000616806916594174 2.4544900068975e-06 5.73358889314749e-05 0.000117424725899499 -3.08142470318307e-06 2.05258170528891 1.00000000016747
0.000266380751650849 0.00247404947615735 -6.48809589363172e-05 0.000179317135580536 2.73704323161902e-05 0.00020925337371656 -8.32493410128966e-07 -1.94478116078872e-05 -3.98287989369248e-05 1.04512150409606e-06 1.22973719274382 0.999999999827409
4.51373861936217e-05 0.000411759166985488 -1.10226959797221e-05 3.04631270477999e-05 4.65064727604747e-06 3.55537815705102e-05 -1.41554065195508e-07 -3.30530566007486e-06 -6.76975441381237e-06 1.77680930009533e-07 -8.05631260520456 0.999999999950179
2.24914932555e-05 0.00020522578765378 -5.49600840614423e-06 1.51894777516548e-05 2.3189901254126e-06 1.77298530071371e-05 -7.06328544623925e-08 -1.64841960712735e-06 -3.37640634477771e-06 8.86353141667033e-08 -8.03227817206656 0.999999999948474
-0.00196551722844336 -0.017834845240351 0.000479855642078429 -0.00132604783037093 -0.000202437622459793 -0.0015475271739082 6.16412657764973e-06 0.000143861217754973 0.000294640159072913 -7.73388750009732e-06 3.80975366932801 0.999999999385946
-0.0159048934997685 -0.144751450003044 0.00388399729474104 -0.0107336987073603 -0.00163864434753901 -0.0125269107579603 4.98813220364446e-05 0.00116455390530959 0.00238513818221107 -6.26021226750697e-05 4.27143530195422 1.00000000036705
0.000211799348619735 0.00191677033715635 -5.17294340803521e-05 0.000142943935215412 2.18212092721486e-05 0.000166789497492701 -6.63817697954105e-07 -1.55034404927859e-05 -3.17495296007424e-05 8.33150870590998e-07 1.97407591221854 0.999999999858958
-0.00140625769145945 -0.0128105730560557 0.000342026623570327 -0.000945126642447947 -0.000144273058104207 -0.00110296006972359 4.39666513968974e-06 0.000102520669457667 0.000209970871474401 -5.51247941959936e-06 2.1378365081228 1.00000000058027
-0.00971895868196104 -0.0885178834331394 0.0023741881348637 -0.00656117689177806 -0.00100164545337532 -0.00765735001012597 3.04969631027792e-05 0.000711851111368763 0.00145795474528311 -3.82685580674729e-05 5.06802506958686 0.999999999863835
-0.0129950573399932 -0.118773952137383 0.00317307447666994 -0.00876920376933086 -0.00133870226371522 -0.0102341443955258 4.07448624841823e-05 0.000951370082595339 0.00194849930785715 -5.11397817638108e-05 4.6506527568053 1.00000000043581
-4.37585267284151e-06 -4.04663961806893e-05 1.06773563524862e-06 -2.95153135235944e-06 -4.50645683179749e-07 -3.44654066557417e-06 1.37425196362548e-08 3.2050673042988e-07 6.56611263751071e-07 -1.7243592707097e-08 -8.05007778772571 0.999999999946825
4.51697822513081e-05 0.000411958081335838 -1.10376764334131e-05 3.0505174869163e-05 4.65722525884635e-06 3.56053893668968e-05 -1.41790034848111e-07 -3.31032218958175e-06 -6.78026691604164e-06 1.77971082896245e-07 -7.93633682485695 0.999999999945881
-0.000731843920436101 -0.00682716158369628 0.000178798352752706 -0.000494231201616097 -7.54458795064798e-05 -0.00057686198934709 2.29426804595347e-06 5.3623723652435e-05 0.000109830534007908 -2.88201124444129e-06 3.65553162366253 0.999999999585344
1.86780659036603e-05 0.000171223844762939 -4.56657874362365e-06 1.26214506094715e-05 1.9269022608422e-06 1.47321627245606e-05 -5.86523250142301e-08 -1.36968441613271e-06 -2.80544404897796e-06 7.3634600483333e-08 -8.08066958388968 0.999999999946267
-0.000113437148116767 -0.00100681126462266 2.77947085105164e-05 -7.68101126889836e-05 -1.1728584370221e-05 -8.96381468905659e-05 3.5651698869239e-07 8.33558490997113e-06 1.7071972652448e-05 -4.4794218354875e-07 1.26847655416243 0.999999999825547
1.55874179104256e-05 0.000141736674997468 -3.80583883565382e-06 1.05182378169711e-05 1.60582058408358e-06 1.22758298028566e-05 -4.88544969340165e-08 -1.14129881586862e-06 -2.33754459780352e-06 6.1345222570204e-08 -7.96257447586936 0.999999999943072
4.33052679148943e-05 0.00039458683356832 -1.05830993682209e-05 2.92484953569438e-05 4.46532996925338e-06 3.41369519222796e-05 -1.35908447057085e-07 -3.17371893421386e-06 -6.50031325971867e-06 1.70609156116862e-07 -7.93391366990343 0.999999999940709
-4.26393831965274e-05 -0.000420927972487724 1.06868557726748e-05 -2.95576442364674e-05 -4.5118844391007e-06 -3.45070155251866e-05 1.36579831295687e-07 3.20763930179201e-06 6.56962786173525e-06 -1.72183129446142e-07 1.32389792074948 1.00000000005005
3.17552839980632e-05 0.000288587204174804 -7.75654243788831e-06 2.14358168403882e-05 3.27252382646452e-06 2.50171242795335e-05 -9.96090133779062e-08 -2.32575968280133e-06 -4.76343669673468e-06 1.25022467426379e-07 -7.99509851889025 0.999999999955134
0.00164061805422259 0.0150065306069431 -0.000400625298043517 0.00110715577819939 0.000169014144359008 0.00129209049008263 -5.1453165366771e-06 -0.000120108660756636 -0.000245992264963462 6.45656590627571e-06 2.66963137736374 0.999999999617423
7.82207023498848e-06 7.12640638885692e-05 -1.91317401122309e-06 5.28826549993836e-06 8.07447855184699e-07 6.1728050374631e-06 -2.45396489347517e-08 -5.74006674986435e-07 -1.17572037015676e-06 3.08484393620057e-08 -7.995101540284 0.999999999950505
0.00255331000440576 0.0234325584854628 -0.000624929759250032 0.00172711142517349 0.000263656132880555 0.00201563252559177 -8.02324195164461e-06 -0.000187369196240095 -0.000383746206329842 1.00711460216566e-05 3.70746137499607 0.999999999430873
0.000272409722482418 0.00247643583104356 -6.65286606791277e-05 0.000183848243005577 2.80656176580984e-05 0.000214532399978657 -8.53832713823559e-07 -1.99417572016567e-05 -4.0840046981288e-05 1.0717292245682e-06 1.54104322366346 0.999999999834146
-1.16700212227718e-06 -1.21893703301939e-05 2.92713231455224e-07 -8.09225931833425e-07 -1.23420786909431e-07 -9.44389080334816e-07 3.76303556568626e-09 8.7663366822871e-08 1.79507187199726e-07 -4.71221159822346e-09 -7.90131785285154 0.99999999994678
-0.000374706100919052 -0.00341764406743383 9.16437062643562e-05 -0.000253278201906694 -3.86700602228932e-05 -0.000295688812549555 1.17951868598287e-06 2.74944122862751e-05 5.63210016130107e-05 -1.47907953162916e-06 3.31126544338586 0.999999999503828
0.00584618085784293 0.0534946359838855 -0.00142671944359815 0.00394285550375729 0.000601902301102649 0.00460156067195258 -1.8326965711151e-05 -0.000427750586541841 -0.000876079708699597 2.29956231608826e-05 3.65257022353332 0.999999999649185
3.29482798813992e-05 0.000300390158985184 -8.04412555780098e-06 2.22304339054259e-05 3.39377527281001e-06 2.59463154157681e-05 -1.03392265669054e-07 -2.41211764790193e-06 -4.94048861733288e-06 1.29699332668991e-07 -8.06723492130049 0.999999999946963
1.23936764203104e-05 0.000113307117263718 -3.02854965934762e-06 8.36887268609222e-06 1.27751161872331e-06 9.7670893923344e-06 -3.895238781753e-08 -9.07868605504452e-07 -1.85942412095571e-06 4.88225629001367e-08 -8.05882099995669 0.999999999956628
0.0023493973176332 0.021302170796791 -0.000572715498991683 0.00158253628019891 0.000241585337090351 0.00184696569548158 -7.36876454874698e-06 -0.000171691289742551 -0.000351652615416402 9.23424453154598e-06 4.48120176744467 1.00000000031473
0.00078528019801145 0.00714991517854658 -0.000191902773425535 0.000530324585952613 8.09580625958351e-05 0.000618850341605668 -2.46279769546092e-06 -5.75258696021847e-05 -0.000117812098509139 3.09160167683251e-06 2.82097426945772 0.999999999801166
0.016631175322259 0.152079674271746 -0.00405636856167471 0.0112100704190134 0.0017112849995355 0.0130827365793546 -5.21033712363318e-05 -0.00121613707649272 -0.00249077388827963 6.53775971006465e-05 5.22130448486001 1.00000000032947
0.00162725698291338 0.0149676170627735 -0.000396200965500166 0.00109497201288128 0.000167146309303337 0.00127787172225243 -5.08754889374811e-06 -0.000118780144173207 -0.000243271956787217 6.38481289085415e-06 2.59719753540504 1.00000000031232
-0.00495308187144595 -0.0452639436908609 0.00120904946328256 -0.00334133426918878 -0.000510083827193232 -0.00389950500925431 1.55265490392074e-05 0.000362496375599837 0.00074242769748221 -1.94860468922178e-05 1.86736233151884 1.00000000021141
4.52554963118249e-05 0.000411951121045352 -1.10595030497092e-05 3.05653218818224e-05 4.66639092541664e-06 3.56727418521173e-05 -1.41968180023927e-07 -3.31650441690898e-06 -6.79265178867628e-06 1.78262775768657e-07 -8.04585857571046 0.999999999946012
0.000504633833108515 0.00457327505101616 -0.000123343480739741 0.000340863306086127 5.20374644293658e-05 0.000397748817861 -1.58190135054219e-06 -3.69750836320389e-05 -7.57231836027366e-05 1.98677626140992e-06 3.25660115497237 0.99999999953552
-0.00010782808195671 -0.00103672818154054 2.5944819632135e-05 -7.16617846747778e-05 -1.09330302520608e-05 -8.37316957417206e-05 3.40141191478747e-07 7.77867659338032e-06 1.59417856117579e-05 -4.20688363850083e-07 1.76408513295636 1.00000000007369
-0.00384229570104994 -0.0350854288006718 0.000938570280415642 -0.0025938258509939 -0.000395974653863811 -0.00302718190629216 1.2055101207056e-05 0.000281411076219874 0.000576362147444025 -1.51280665230973e-05 3.55913746016574 0.999999999835852
0.00746247762283326 0.0682505187298558 -0.00182136846723621 0.00503347925422855 0.00076839156162655 0.00587432161777472 -2.33948795639616e-05 -0.000546060935061689 -0.00111838555564127 2.93551394127564e-05 2.22757820711362 1.00000000023656
8.84507560774501e-06 8.35800788156626e-05 -2.16492019058036e-06 5.98405244308879e-06 9.13374631767631e-07 6.98491441681932e-06 -2.78201031025222e-08 -6.49193199141535e-07 -1.3296793030534e-06 3.4903993742375e-08 -8.04118467526106 0.999999999948314
0.000234047766815132 0.002135795121615 -5.72003904940118e-05 0.000158070367974652 2.41296347166077e-05 0.000184445852417287 -7.33989796531781e-07 -1.71440118960948e-05 -3.51095699970436e-05 9.21310579660312e-07 1.61414560913892 0.999999999928426
-0.000446372667500054 -0.00414380709411821 0.000108203403820073 -0.000298947021129556 -4.56241783873016e-05 -0.000348994074817271 1.40003543874516e-06 3.24313154317905e-05 6.64346048321941e-05 -1.74710867944854e-06 3.48869641246175 0.999999999850002
0.000373842868459608 0.00334514157476463 -9.17677905073539e-05 0.000253636745541772 3.87276964135738e-05 0.000295907510686198 -1.17191693759057e-06 -2.75134221712556e-05 -5.63398875422623e-05 1.47656735019197e-06 1.35923439922592 0.999999999946888
0.0060918832046174 0.0556459111184238 -0.00148549170556101 0.00410522953884005 0.000626688296618052 0.00479094394401119 -1.9079666933498e-05 -0.000445352416548023 -0.000912121811487323 2.39409018388897e-05 4.31251884234035 0.999999999837444
