3.98837059521937e-13 0.000482301146649998 -4.96495564782347e-16 1.37130911042038e-15 2.08216606977766e-16 1.59264139937535e-15 -6.29970201037445e-18 -1.46731184455507e-16 -2.99802277001258e-16 7.84804734925885e-18 -36.8495362618005 0.999999999983486
-4.71744607035575e-11 -0.054490846201061 5.90658501732348e-14 -1.63121477603992e-13 -2.47654284254959e-14 -1.8941011654645e-13 7.49134612504467e-16 1.74468473480818e-14 3.5643811791041e-14 -9.32965322778341e-16 5.63914550532371 1.00000000019872
-4.78586332285457e-11 -0.0513268086040447 5.55969382156837e-14 -1.53544473983951e-13 -2.33118919231534e-14 -1.78296772323812e-13 7.05194328304416e-16 1.64238340766358e-14 3.35544691778661e-14 -8.78294936719079e-16 5.88458912791827 1.00000000041805
-3.22122648449307e-11 -0.0354744123487022 4.24416194361535e-14 -1.17205161924929e-13 -1.77935063742938e-14 -1.36081459938209e-13 5.38190147655211e-16 1.25335162205542e-14 2.56047293663659e-14 -6.70164821604968e-16 5.88682437303315 1.00000000001274
-2.08907175121035e-13 -0.000342065925031377 3.44708241544223e-16 -9.52087148230776e-16 -1.44564529222382e-16 -1.10578173764672e-15 4.3739764699724e-18 1.01878812365827e-16 2.08161967362722e-16 -5.44920403616979e-18 -36.7529845687632 0.999999999982071
6.60092866393083e-11 0.0845980888880915 -7.58391506675806e-14 2.09463487735765e-13 3.18041076837638e-14 2.43265617077417e-13 -9.62227169068322e-16 -2.24117056137688e-14 -4.57912278871823e-14 1.19868163640153e-15 5.93890491912174 0.999999999732788
-9.02482860705119e-13 -0.000995685518043989 1.18487239352552e-15 -3.27248750018044e-15 -4.96871886185535e-16 -3.80043650355535e-15 1.50321778301766e-17 3.5011501456987e-16 7.15335289759756e-16 -1.87250396644849e-17 -36.661598808717 0.999999999982883
-9.5942392041664e-15 2.33426215529103e-05 2.82929059963476e-17 -7.81700170255963e-17 -1.18730637403995e-17 -9.08464478825194e-17 3.59461515045402e-19 8.37523858011184e-18 1.71179592754056e-17 -4.48250622707622e-19 -36.7058388391846 0.999999999985439
-9.05141091792392e-11 -0.140344873162439 1.73189209649225e-13 -4.78353264963988e-13 -7.26334485592722e-14 -5.55580778674964e-13 2.19764289996165e-15 5.11879150647594e-14 1.04589440122702e-13 -2.73793046080621e-15 6.88184789448436 1.00000000119103
-3.94525490248836e-13 -0.000443407153782222 3.52794895963311e-16 -9.74347328332114e-16 -1.47933085748418e-16 -1.1314606702053e-15 4.47520542732282e-18 1.04228597971533e-16 2.12946692987163e-16 -5.57402721181529e-18 -36.6409741448002 0.999999999983817
2.66009438033143e-10 0.268578540441411 -3.50019846357831e-13 9.66683517056522e-13 1.46769552916177e-13 1.12256179963719e-12 -4.44000967256475e-15 -1.03408915098553e-13 -2.11272092162511e-13 5.53019527114121e-15 6.89725376048958 1.00000000122948
-2.83750858310127e-10 -0.373091822718832 4.7950010355312e-13 -1.32434012400908e-12 -2.01080696615013e-13 -1.53802662239502e-12 6.08354453337394e-15 1.416935028002e-13 2.89503131039324e-13 -7.57828220223808e-15 5.7783350243427 1.00000000048724
3.06099006190636e-10 0.35384478246939 -4.33782005009329e-13 1.19804366404488e-12 1.819004506929e-13 1.39128958171181e-12 -5.50301452831991e-15 -1.2816935349955e-13 -2.61865215292795e-13 6.85465520014317e-15 5.1555991241997 1.00000000050376
-7.01670864697693e-14 -0.00012681328712064 2.12675939829169e-16 -5.87448632279832e-16 -8.9203405012441e-17 -6.82363176941854e-16 2.6992871458445e-18 6.28757218468862e-17 1.28477462931554e-16 -3.3634508591377e-18 -36.8376524238786 0.999999999981764
2.41509165669704e-10 0.323358537895484 -3.96614998100111e-13 1.09540319120752e-12 1.66317858409856e-13 1.27211506624589e-12 -5.03168305064749e-15 -1.17192701460914e-13 -2.39440681186204e-13 6.26771867507736e-15 8.15856496589606 0.999999999974805
-4.8257728639065e-11 -0.0836754070004363 8.56325537143045e-14 -2.3650746162751e-13 -3.59096199624848e-14 -2.74662518270155e-13 1.08639398360103e-15 2.53032153222331e-14 5.16980488713358e-14 -1.35327722562661e-15 6.35785022550613 0.999999999337313
-3.98486364418911e-13 -0.000527890485943207 5.74604017573141e-16 -1.58705374861904e-15 -2.40976461125011e-16 -1.84323299194357e-15 7.29096835205191e-18 1.69820687763377e-16 3.46981291527167e-16 -9.08313358004047e-18 -36.7279289974379 0.999999999982296
-2.87481953471538e-13 -0.000387045953225793 5.62041246241586e-16 -1.55234621662068e-15 -2.35705108719452e-16 -1.8029016171897e-15 7.13139388751877e-18 1.66102903364758e-16 3.39383014610456e-16 -8.88417611342385e-18 -36.8095266897892 0.999999999982682
2.65739563736253e-13 0.000316417782269802 -4.54035098435291e-16 1.25404531781116e-15 1.90413199430665e-16 1.45647656322747e-15 -5.76115182752798e-18 -1.34188577795941e-16 -2.74177533883851e-16 7.17732090875599e-18 -36.760953389851 0.999999999980586
-1.21858075943947e-13 -0.000148121868048925 1.80386815425031e-16 -4.98178151680439e-16 -7.56353055986802e-17 -5.78478302873613e-16 2.28796270626316e-18 5.32857650956064e-17 1.08863814002834e-16 -2.84950915663872e-18 -36.6751024852602 0.999999999984901
1.03023104372608e-11 0.0694037992191945 -1.74322218074162e-13 4.8150293273559e-13 7.31147719894953e-14 5.59285988270394e-13 -2.21239212042502e-15 -5.15336212498989e-14 -1.05300222980847e-13 2.75665291545827e-15 6.63026763120078 1.00000000000696
7.21679448409379e-14 0.000131544835415488 -9.95446344349097e-17 2.74958420681047e-16 4.17518969218893e-17 3.19380232811092e-16 -1.26339521567346e-18 -2.94286835947384e-17 -6.01329532294921e-17 1.57423084474508e-18 -36.74976820484 0.999999999985959
3.69879672024997e-10 0.488351569861807 -5.56063897163554e-13 1.53577251243875e-12 2.33178817008366e-13 1.78350334565713e-12 -7.05436830542268e-15 -1.64301958337937e-13 -3.35689250411341e-13 8.78711499896335e-15 7.8910914678202 0.999999999414311
3.82332395349525e-14 6.38441342708276e-05 1.1921479350971e-18 -3.29557863002754e-18 -5.00832030158897e-19 -3.83419347132719e-18 1.51793859026221e-20 3.53861793467134e-19 7.23639258422627e-19 -1.89593584801908e-20 -36.8697392649074 0.999999999983466
3.94559342890454e-12 0.0181977049620395 -5.84379479690558e-15 1.6148998438183e-14 2.45333073076681e-15 1.8775395438273e-14 -7.43055602242731e-17 -1.73162480877464e-15 -3.53994267349025e-15 9.27155756263907e-17 5.27716568182542 0.999999999394698
-1.68760515380214e-11 -0.0162210335324893 2.05225174513442e-14 -5.66740646698049e-14 -8.60395440904706e-15 -6.58012989388018e-14 2.60237692423513e-16 6.06047044396443e-15 1.2380909772077e-14 -3.24050696373061e-16 5.49479660785712 0.999999999799311
2.71198445542025e-13 0.000326853662663746 -4.101511887916e-16 1.1328332702873e-15 1.72007756738239e-16 1.31568735423872e-15 -5.20423308999271e-18 -1.21216346293043e-16 -2.47671324306398e-16 6.48342434376221e-18 -36.7231129839029 0.999999999982243
-2.92052905851414e-14 5.98332789326508e-05 -1.58405322405859e-16 4.37573879248049e-16 6.64496974875381e-17 5.083434626781e-16 -2.01104057084332e-18 -4.68473269465483e-17 -9.5732383123969e-17 2.50638101717707e-18 -36.7640078154142 0.999999999983872
-4.90231910610447e-11 -0.0361787759934194 4.80918324058587e-14 -1.32807242975658e-13 -2.01619349600675e-14 -1.54193222961902e-13 6.09814476862939e-16 1.42013810669399e-14 2.90117225662403e-14 -7.59330126532885e-16 6.91389668945209 1.0000000000711
5.11028772653567e-13 0.000577424185168442 -6.95244251448714e-16 1.92019738559832e-15 2.91550880160425e-16 2.23000312169736e-15 -8.82055587473475e-18 -2.05440871927818e-16 -4.19747222141633e-16 1.09876039106078e-17 -36.8123820176679 0.999999999984642
2.09375875929257e-13 0.000304315262874951 -2.18824726804223e-16 6.0437271916023e-16 9.17642098104755e-17 7.01882543487925e-16 -2.77622670420259e-18 -6.46615077594711e-17 -1.32113384251324e-16 3.45829467240096e-18 -36.5549766762099 0.999999999984893
3.69419410873866e-11 0.0541495378257499 -7.15218421664747e-14 1.97531077832416e-13 2.99910854516556e-14 2.29388457049409e-13 -9.07298724208175e-16 -2.1131457071242e-14 -4.31736402327366e-14 1.13011351816542e-15 7.23309566620886 0.999999999377435
-2.16457230325413e-10 -0.197082611188503 2.27990891578481e-13 -6.29618153957847e-13 -9.55865967285708e-14 -7.31037045680771e-13 2.8912200015295e-15 6.73322769430354e-14 1.37554735681161e-13 -3.60032721495643e-15 7.69375666332713 0.999999999382703
-7.65885014055262e-12 -0.000810978287207156 -5.71810464507431e-15 1.58024106043361e-14 2.40079125679425e-15 1.83741768086765e-14 -7.27211188828665e-17 -1.69478036626099e-15 -3.46478414941496e-15 9.07513153864642e-17 5.11110163508166 0.999999999517923
-1.39851238791266e-15 3.0310658077849e-06 5.78508739306018e-18 -1.59756085572396e-17 -2.42529529504235e-18 -1.85478758659391e-17 7.33538340922745e-20 1.70825058356298e-18 3.48971640302669e-18 -9.1336125832789e-20 -36.526510037471 0.999999999983529
3.87310790569988e-12 0.00783882571977549 -1.04585788831991e-14 2.88844875411201e-14 4.38547518586621e-15 3.35421785069545e-14 -1.32667708943688e-16 -3.08986559014612e-15 -6.31282890234798e-15 1.65242827770467e-16 5.12865306314296 0.999999999560897
-7.91300262601344e-11 -0.0771658595402515 8.83201829131434e-14 -2.43914930464432e-13 -3.70319709433295e-14 -2.83229119129544e-13 1.12020716945288e-15 2.60891064775091e-14 5.33003610422286e-14 -1.39513193908927e-15 7.0601842075019 0.999999998873545
-4.98229443471748e-14 1.7399573024271e-05 -1.11581814344177e-16 3.08317666648368e-16 4.68342240212609e-17 3.58385797026466e-16 -1.41820016916213e-18 -3.3046433602735e-17 -6.75494254584456e-17 1.76902030236455e-18 -36.7271552220699 0.999999999982637
-2.51498962949572e-10 -0.307826806727343 4.1279168907081e-13 -1.14008418962702e-12 -1.73102330107196e-13 -1.32401081747068e-12 5.23696317960667e-15 1.21974182095126e-13 2.4921053235705e-13 -6.52347574563129e-15 6.98445498049073 0.999999999731526
-4.36714021630235e-13 -0.000544394938474612 6.97271465173912e-16 -1.92584287153589e-15 -2.92415114960676e-16 -2.23666741251748e-15 8.84712915413096e-18 2.06064760354033e-16 4.21032063274883e-16 -1.1021502157203e-17 -36.8033979137707 0.999999999982383
1.03211315906419e-13 0.000152904660640309 -2.2644392098659e-16 6.25447145239319e-16 9.49687186452417e-17 7.26429000289359e-16 -2.87345988980213e-18 -6.69294898635137e-17 -1.36753980861917e-16 3.5799472175915e-18 -36.7168087624052 0.999999999986533
7.00543269288874e-14 9.8302404379667e-05 -1.5600946420024e-16 4.30920503095793e-16 6.54339874376355e-17 5.00532458134529e-16 -1.97997850168619e-18 -4.61199803586463e-17 -9.42383859464264e-17 2.46706588598378e-18 -36.8902150604547 0.999999999984581
1.95195132431932e-13 0.000289504557909014 -5.28448264262869e-16 1.4596445256934e-15 2.21641835933148e-16 1.69542662876283e-15 -6.70664973110575e-18 -1.56218568354423e-16 -3.19205056540816e-16 8.35643517547277e-18 -36.646320641188 0.999999999984384
-7.05559944958596e-12 -0.0055043595241708 3.91801433671254e-15 -1.08187094494147e-14 -1.64227134808524e-15 -1.25584781026821e-14 4.96624895011237e-17 1.15643273407755e-15 2.3622309752909e-15 -6.18213570156647e-17 5.26562193764295 0.999999999610114
-4.94245047046862e-11 -0.0467760251004045 6.03650396296295e-14 -1.6670122801199e-13 -2.53076674057238e-14 -1.93547721806325e-13 7.65461538988138e-16 1.7826212914863e-14 3.64170603838948e-14 -9.53157921260605e-16 6.85461317043845 0.999999999630451
8.99514308495484e-12 -0.114771864702223 9.04671856182469e-14 -2.4991480713945e-13 -3.79535912220716e-14 -2.9035971281297e-13 1.14873320419035e-15 2.67610016271002e-14 5.46884487744566e-14 -1.43186803018148e-15 8.58473645784785 1.00000000101373
-1.13762834142584e-10 -0.130615924196019 1.54288885192962e-13 -4.2610487985897e-13 -6.4693163320298e-14 -4.94792258296627e-13 1.95698173339758e-15 4.55775583002009e-14 9.31162382549356e-14 -2.43732796469005e-15 6.56335033796795 0.999999999887765
-3.33543883182999e-10 -0.481368821014775 5.92266437925185e-13 -1.63580763079499e-12 -2.48374695384279e-13 -1.89978779030802e-12 7.51453657809979e-15 1.75024851901819e-13 3.57608075444205e-13 -9.36114764622959e-15 7.79319055981234 0.999999999916896
-1.66586476106967e-11 0.121239330460642 -3.55489546651755e-13 9.81929792023136e-13 1.49105627932347e-13 1.14059180829019e-12 -4.5119659352593e-15 -1.0509977045327e-13 -2.14757228830533e-13 5.62222187028825e-15 8.0717174053748 0.999999998975501
-1.63410377130081e-12 0.004321639713584 -1.52260824987867e-14 4.20579561884026e-14 6.38657677192095e-15 4.88551907327151e-14 -1.93264741942403e-16 -4.50189053600755e-15 -9.19914128957286e-15 2.40831784076583e-16 5.92429913710562 0.999999999685117
3.47215865861949e-13 0.000310040620909167 -2.56706314933405e-16 7.08947041797617e-16 1.07634392093939e-16 8.23210632826427e-16 -3.25589402249316e-18 -7.58280642408028e-17 -1.54917248591577e-16 4.0549338551674e-18 -36.8182298251744 0.999999999982617
-6.26852228641061e-11 -0.0887845551957436 1.00559320481201e-13 -2.77742148088117e-13 -4.21717151667111e-14 -3.22569550864221e-13 1.27592410933112e-15 2.97184891652701e-14 6.07209693398583e-14 -1.58951579395398e-15 5.53027440956683 0.999999999707877
-1.09529053037211e-11 -0.00970189352176543 1.28337947370111e-14 -3.54404092776442e-14 -5.3802489667249e-15 -4.1146096218575e-14 1.6272499288047e-16 3.7894857997714e-15 7.74134428812466e-15 -2.02612695317229e-16 5.39541182140366 0.999999999370363
-2.83010033310391e-14 -3.06589580966656e-05 1.0363186827516e-16 -2.86240937404125e-16 -4.34640472024712e-17 -3.32469031460403e-16 1.31513879176392e-18 3.0633200446601e-17 6.25926342116559e-17 -1.63858228103962e-18 -36.7819715791082 0.999999999983258
4.16176956987299e-13 0.000487655986050451 -5.66904898816164e-16 1.56573622794737e-15 2.37731651075292e-16 1.81835235994069e-15 -7.19231091335872e-18 -1.67517148497964e-16 -3.42263177306202e-16 8.95932451557507e-18 -36.6716984040912 0.999999999987277
1.11375797418104e-13 0.000203523938963489 -2.48845749783172e-16 6.8733219524423e-16 1.04366990406856e-16 7.98329655532595e-16 -3.15791715657018e-18 -7.35562552063164e-17 -1.50296398524011e-16 3.93451964771229e-18 -36.8980350992898 0.999999999984945
6.33670889047984e-14 4.11045937622538e-05 -1.8009484192124e-16 4.9744171813491e-16 7.5534116216098e-17 5.77785624957429e-16 -2.2855445183807e-18 -5.32369356082353e-17 -1.08779360520754e-16 2.84769936941799e-18 -36.8850791112145 0.999999999981504
-2.68569239823009e-11 -0.0474654467653732 5.05394490194346e-14 -1.39596937646712e-13 -2.11973361995575e-14 -1.62147146093221e-13 6.41411428354988e-16 1.49404776145372e-14 3.05282808588056e-14 -7.99198007554607e-16 5.69410600330669 0.999999999705637
1.84994164686338e-11 0.0271849697369822 -2.70077765196101e-14 7.45926000487543e-14 1.13256378343313e-14 8.66267897548811e-14 -3.42642425881736e-16 -7.98050651664023e-15 -1.63053399810849e-14 4.26818700422428e-16 5.03139364738481 0.999999999599537
-1.26385640661314e-13 -0.000196161113884379 2.73685751584692e-16 -7.55951594348291e-16 -1.14787815211627e-16 -8.78051950249201e-16 3.47331356137319e-18 8.09036601663788e-17 1.65311254950592e-16 -4.3276372183197e-18 -36.6523048531112 0.999999999982387
-2.04199343322435e-13 -0.00019604173621347 2.19268566033878e-16 -6.05554118567409e-16 -9.1936836066615e-17 -7.03151272372848e-16 2.78104067435362e-18 6.47688691778776e-17 1.32323008267711e-16 -3.46352710396336e-18 -36.7833163957686 0.999999999983411
1.29181034987116e-10 0.136445768042268 -1.15611286502193e-13 3.19300467497865e-13 4.847958479351e-14 3.70800970053788e-13 -1.46663553504977e-15 -3.41589062363818e-14 -6.97904176583899e-14 1.82684551550526e-15 6.93719506440902 1.00000000035391
-5.67087665923846e-10 -0.727524899269313 9.31534064502864e-13 -2.57284068471424e-12 -3.9064930959986e-13 -2.98802244990261e-12 1.181898056908e-14 2.75281222468298e-13 5.62449120366856e-13 -1.47232632173489e-14 7.76028128895458 1.00000000030496
-9.37756216432173e-13 9.37289692491249e-05 -8.18693524042014e-16 2.26190194920814e-15 3.43546993192308e-16 2.6285794124251e-15 -1.04005274484708e-17 -2.42320400823789e-16 -4.95261560490258e-16 1.29686088102499e-17 5.35158616674092 0.999999999819127
-4.00637091381004e-11 -0.0483060180083445 4.98160577972611e-14 -1.37571306622553e-13 -2.08855721816854e-14 -1.59730377954847e-13 6.31724944264095e-16 1.47119058425868e-14 3.00552212374415e-14 -7.86656435265912e-16 5.3921590430465 0.999999999662631
-4.90588622994783e-10 -0.666819707368536 8.82354660131967e-13 -2.43700903703192e-12 -3.70025033483113e-13 -2.83026890866506e-12 1.11949887214209e-14 2.60747423454924e-13 5.32753698662733e-13 -1.39459177808275e-14 8.4564081068696 0.999999999955656
-3.77428541939656e-10 -0.554103513666193 6.84458380695538e-13 -1.89040596420945e-12 -2.87027245390995e-13 -2.19540067926865e-12 8.68368040358528e-15 2.02252674624418e-13 4.13232811657508e-13 -1.08170665584948e-14 7.79163744912677 1.00000000038026
-1.90045082893828e-13 -0.000119188009440146 1.69282404259664e-16 -4.6749741918596e-16 -7.0975199648864e-17 -5.42821011481906e-16 2.14687143670888e-18 4.99983677210933e-17 1.02144665878937e-16 -2.67355875121694e-18 -36.8920217246759 0.999999999982798
-2.00827848138877e-13 -0.000214663127435915 2.18183856941543e-16 -6.02611861036762e-16 -9.14982415185384e-17 -6.99858830677247e-16 2.76826404602892e-18 6.44770238915916e-17 1.31738446265062e-16 -3.44853207847838e-18 -36.6790597991019 0.999999999985167
-9.90572358331945e-12 -0.0976959277229185 1.44679672847363e-13 -3.99618195596345e-13 -6.06796397619216e-14 -4.64155340837669e-13 1.83604392972535e-15 4.27664480285321e-14 8.73842914426137e-14 -2.28758756879155e-15 7.34601858735988 1.00000000117752
-4.56419017461313e-13 -0.000528915985412724 5.27106914504981e-16 -1.45578005500622e-15 -2.2103081682638e-16 -1.6905675172175e-15 6.68669598803386e-18 1.55736726895492e-16 3.18185651130342e-16 -8.32883615599963e-18 -36.6719141316669 0.999999999985818
1.22475868569421e-11 0.0165330965806847 -2.23254155918799e-14 6.16553848646526e-14 9.36057382460147e-15 7.15906898563996e-14 -2.83145703253618e-16 -6.59422553968459e-15 -1.34718639659945e-14 3.52619030888772e-16 5.59286687377642 1.00000000054348
3.42974263037467e-13 0.000332969503958763 -3.33824649786341e-16 9.21964282168451e-16 1.39981232121583e-16 1.07065158571558e-15 -4.23473163533053e-18 -9.86288655237005e-17 -2.01507991721525e-16 5.27466279963823e-18 -36.6396104039825 0.999999999981891
-4.66266707153971e-13 -0.000539158053054382 6.95934927561917e-16 -1.92211736768496e-15 -2.91844278177912e-16 -2.23226160751332e-15 8.82954577362074e-18 2.05651574986888e-16 4.20180409173597e-16 -1.09990135788487e-17 -36.8676723161086 0.999999999984642
-3.40269756978026e-11 -0.0449410327227982 5.43479775683291e-14 -1.50097883071646e-13 -2.27890257971833e-14 -1.74300880935046e-13 6.89402370227541e-16 1.60563331253971e-14 3.28042454298445e-14 -8.58673215618625e-16 5.27401940697731 0.99999999957246
1.73901944467269e-13 0.000251403396579878 -1.2954856824981e-16 3.57821813618424e-16 5.43326690082911e-17 4.15602273438354e-16 -1.64397109155607e-18 -3.82922481516089e-17 -7.82415880096255e-17 2.04822964804304e-18 -36.6959740509999 0.99999999998052
2.78640044399324e-11 0.0601033193204572 -5.99383461490715e-14 1.65549006160994e-13 2.51367085588315e-14 1.92270593698924e-13 -7.60530594070114e-16 -1.77141743599227e-14 -3.61938866543474e-14 9.47466157958572e-16 6.54042896292959 0.999999998970689
-8.08457474429833e-13 -0.000981661637056541 1.28659543825273e-15 -3.55346491832416e-15 -5.39538038319382e-16 -4.12681245205718e-15 1.63232548900372e-17 3.80188694268568e-16 7.76786584855963e-16 -2.03337937833261e-17 -36.824060689498 0.999999999980802
3.86743740896402e-11 0.0815082465867689 -1.00707438049777e-13 2.78185270036426e-13 4.22441632519273e-14 3.23163207366255e-13 -1.27842855293688e-15 -2.97804604141693e-14 -6.08550221494935e-14 1.59321948651869e-15 7.40142333697256 0.999999999629988
-2.33035647867307e-11 -0.0289271608496661 3.37082087403299e-14 -9.30897832986814e-14 -1.41328051969039e-14 -1.08087967663337e-13 4.27489737139808e-16 9.95576044605798e-15 2.03391717471208e-14 -5.32361041394064e-16 6.02860062727568 0.99999999971106
1.55998048786266e-13 0.000159397940919893 -2.92874547485636e-16 8.08890389754031e-16 1.2281678849922e-16 9.39395402469533e-16 -3.7156816250985e-18 -8.65424069521382e-17 -1.76819245249932e-16 4.62854275093408e-18 -36.5163499579578 0.999999999982691
-4.30314345847901e-11 -0.0543731000459307 5.81113276243055e-14 -1.60495526191858e-13 -2.43682914728018e-14 -1.86384529919337e-13 7.37214749947958e-16 1.71703275383048e-14 3.50811023304392e-14 -9.18294678440871e-16 6.47485227743971 0.99999999944928
5.07768152122318e-10 0.632067576696976 -7.5143643141942e-13 2.07536941918911e-12 3.15107392756049e-13 2.41015182059171e-12 -9.53299964254351e-15 -2.22031790107286e-13 -4.53639463938799e-13 1.18746461734985e-14 7.04202982522525 1.00000000061692
-6.66248026206109e-13 -0.000873601336043778 1.06912879757292e-15 -2.95290673271429e-15 -4.48362666274993e-16 -3.42950770491761e-15 1.35654276135952e-17 3.15962541740448e-16 6.45576616781956e-16 -1.68995119721328e-17 -36.8603069691504 0.999999999986205
-1.30848373367748e-13 -0.000172180173083083 2.7024948551355e-16 -7.46419114715689e-16 -1.13334108216834e-16 -8.66884283338726e-16 3.42894867130772e-18 7.98658716505625e-17 1.63181740709997e-16 -4.27165389997827e-18 -36.7174296683807 0.999999999983919
1.62129180966962e-10 0.173967434188361 -2.10386761243259e-13 5.81045179504386e-13 8.82188538731928e-14 6.74738591131319e-13 -2.66875716167015e-15 -6.21559880094228e-14 -1.26989255274624e-13 3.32403172904097e-15 7.59852623065289 1.00000000003588
-1.27021067793026e-11 -0.0066561201185972 8.48118937577394e-15 -2.34169840511781e-14 -3.55439068834467e-15 -2.71782809421016e-14 1.07467751512977e-16 2.50227328105351e-15 5.11094713707643e-15 -1.33746433666116e-16 5.99630280415953 0.999999999626658
7.38265466683037e-10 0.962202067383699 -9.59911750762081e-13 2.65112206065089e-12 4.02520638180307e-13 3.07871303902483e-12 -1.21772616533823e-14 -2.83615833459468e-13 -5.79457238443347e-13 1.51679362153777e-14 8.78071675804277 0.99999999951246
1.33182716490249e-11 0.0244299553734801 -1.62918470345955e-14 4.5005741132008e-14 6.83479517409531e-15 5.22884416328434e-14 -2.06864153444535e-16 -4.8190914588144e-15 -9.84816147146285e-15 2.57845355651795e-16 5.07454390238475 0.999999999618188
-1.02718759214574e-10 -0.158018082406448 1.76701526941857e-13 -4.88031906195565e-13 -7.40996473453987e-14 -5.66769790678107e-13 2.24179870152744e-15 5.22139968657969e-14 1.06681066173963e-13 -2.79255628867148e-15 5.26143887476775 0.999999999854948
-6.47776682889202e-13 -0.000746597363221523 9.62450626461278e-16 -2.65824204241532e-15 -4.03618065751692e-16 -3.08723222305427e-15 1.22114536825571e-17 2.84423738404232e-16 5.81131473631771e-16 -1.52123788785974e-17 -36.7290516958669 0.999999999982484
-3.95238791712494e-11 -0.022184368847446 2.44172052165907e-14 -6.74204726998252e-14 -1.02340523483849e-14 -7.82575220399519e-14 3.09459561841736e-16 7.2057985403978e-15 1.4718732017885e-14 -3.85188089505601e-16 6.93553982335158 1.00000000026693
-3.3476314961067e-11 0.0128823009370146 -1.03406260702923e-13 2.85655397237346e-13 4.33808457345686e-14 3.31876262954828e-13 -1.31296667345109e-15 -3.05866271335487e-14 -6.25056861044351e-14 1.63652111363321e-15 5.95795281621637 1.00000000000541
-1.87546420036386e-10 -0.291410682558843 3.74946844644998e-13 -1.03558332406427e-12 -1.57239047174169e-13 -1.20270297235884e-12 4.75724731631225e-15 1.10803500175962e-13 2.26392122213554e-13 -5.92629573013858e-15 7.05393017654482 1.00000000042046
2.36503199597353e-10 0.306417441215316 -3.59536962664031e-13 9.93002874195345e-13 1.50770883166127e-13 1.15320649830157e-12 -4.56137786718467e-15 -1.06239355721759e-13 -2.17062544686894e-13 5.68196472103037e-15 5.36492544293281 1.00000000038523
-4.44872119126884e-15 -1.71325556761528e-05 4.17208479957518e-17 -1.15224285401726e-16 -1.74942322547748e-17 -1.33803765879426e-16 5.29225922496156e-19 1.2325775212795e-17 2.51824173602021e-17 -6.59165893468782e-19 -36.6521197184047 0.999999999987007
-2.47600471659248e-11 -0.0310885708800588 4.06500536381432e-14 -1.12261481165676e-13 -1.70435641974583e-14 -1.30350498833139e-13 5.1554233820686e-16 1.20064987136445e-14 2.45289241219891e-14 -6.42029224067054e-16 5.25373477116998 0.999999999726656
-7.77894258557897e-11 -0.0438824854511645 -2.69068168202682e-14 7.4374777722139e-14 1.13018282470102e-14 8.65155166265623e-14 -3.42482454721052e-16 -7.98330477723981e-15 -1.63243850092429e-14 4.27666057662315e-16 6.62761921477573 0.99999999964392
3.93599032859331e-11 0.0862840106156823 -1.97284156039208e-13 5.44909129396364e-13 8.27400851058706e-14 6.32893246959834e-13 -2.50348110769534e-15 -5.83120853400482e-14 -1.1914694247611e-13 3.11904329185663e-15 4.9373484422734 1.00000000072414
2.12400666701938e-10 0.263577906156734 -1.9219313204313e-13 5.30776673542835e-13 8.05834406949759e-14 6.16314542146156e-13 -2.43757727718692e-15 -5.67694620808908e-14 -1.15979505063842e-13 3.03572135308398e-15 7.74799258937167 1.00000000072272
