0.366836068488319 0.274632795709073 0.366911090015616 0.366910498717301 0.366909907411965 0.366909316099607 0.366908724780228 0.366908133453827 0.366907542120404 0.366906950779959 9.99999872298784e-11 0.180791870065005
0.806719122988675 0.792905387761316 0.806721396993847 0.806721507746788 0.806721618498766 0.806721729249786 0.806721839999844 0.806721950748943 0.806722061497079 0.806722172244255 9.99999940313979e-11 1.81188361193932
0.809701499313142 0.786132175800704 0.809703321109479 0.809703457480459 0.809703593851047 0.809703730221241 0.809703866591041 0.809704002960448 0.809704139329461 0.809704275698079 9.99999943770955e-11 1.78427404692769
0.34802405174692 0.285810658004525 0.348092731399622 0.348091861556657 0.348090991696612 0.348090121819487 0.348089251925282 0.348088382013994 0.348087512085623 0.348086642140168 9.99999864268231e-11 0.16256326599097
0.285031281800201 0.226379052647814 0.284998636454111 0.284995493422117 0.284992350210225 0.284989206818409 0.284986063246639 0.28498291949489 0.284979775563131 0.284976631451335 9.99999819091804e-11 0.120121481837898
0.80630187442979 0.793478373506286 0.806302731240267 0.806302839124162 0.806302947006989 0.80630305488875 0.806303162769442 0.806303270649066 0.806303378527622 0.80630348640511 9.99999939944006e-11 1.81693126130037
0.26280898001905 0.204646912623985 0.262803304646351 0.262801497672515 0.262799690633902 0.262797883530503 0.262796076362311 0.262794269129317 0.262792461831514 0.262790654468892 9.99999846560928e-11 0.105668647342433
0.327743377324178 0.272320691829829 0.327814032069554 0.327813278692939 0.327812525303972 0.327811771902653 0.327811018488981 0.327810265062955 0.327809511624574 0.327808758173838 9.99999870101815e-11 0.14818489708993
0.374480599712113 0.298547892189144 0.374535875948305 0.37453524060081 0.37453460524252 0.374533969873436 0.374533334493556 0.374532699102882 0.374532063701412 0.374531428289145 9.99999869885539e-11 0.184934600482516
0.809601036945839 0.791887688130586 0.809601075314239 0.809601209722764 0.809601344130857 0.80960147853852 0.809601612945754 0.809601747352556 0.809601881758927 0.809602016164867 9.99999944431652e-11 1.77189975269416
0.371447800341495 0.316208186255576 0.371488768861239 0.371488332110249 0.371487895354808 0.371487458594915 0.371487021830569 0.37148658506177 0.371486148288519 0.371485711510815 9.99999873360316e-11 0.18188548140924
0.365674479609516 0.260764556590178 0.365751533438274 0.365751055475525 0.365750577510086 0.365750099541956 0.365749621571136 0.365749143597625 0.365748665621423 0.365748187642532 9.99999870478628e-11 0.172214644427454
0.305320139618656 0.226927219554951 0.30550474661997 0.30550287559228 0.305501004488656 0.305499133309088 0.305497262053568 0.305495390722086 0.305493519314633 0.305491647831199 9.99999849710915e-11 0.132738189246397
0.807676634743819 0.786608511593536 0.807680781658716 0.80768090508602 0.807681028512929 0.807681151939442 0.807681275365558 0.80768139879128 0.807681522216604 0.807681645641532 9.99999940910662e-11 1.8046897377684
0.805612911469347 0.794890957928135 0.80561328154191 0.805613396749908 0.805613511957332 0.805613627164178 0.805613742370449 0.805613857576143 0.805613972781261 0.805614087985803 9.99999938514048e-11 1.81891063501733
0.805760551864869 0.789912234499941 0.805762975670099 0.805763083068394 0.805763190465904 0.805763297862631 0.805763405258577 0.805763512653737 0.805763620048114 0.805763727441706 9.99999937350402e-11 1.83090106447036
0.363065076119705 0.317873544416297 0.363083428742408 0.363082863769258 0.363082298788031 0.363081733798727 0.363081168801345 0.363080603795885 0.363080038782345 0.363079473760727 9.99999873155869e-11 0.177800104533696
0.371728771530982 0.327435627778933 0.3716462489862 0.371645486331505 0.371644723654095 0.371643960953964 0.37164319823111 0.371642435485528 0.371641672717215 0.371640909926167 9.9999986198386e-11 0.191491747256335
0.807594382791562 0.784213168967806 0.807595023821006 0.807595140829705 0.807595257837592 0.807595374844663 0.807595491850919 0.80759560885636 0.807595725860987 0.807595842864798 9.99999941693735e-11 1.79680414769159
0.337423660087089 0.279799214647671 0.337379319322038 0.337377787271871 0.337376255164942 0.337374723001245 0.337373190780774 0.337371658503522 0.337370126169483 0.337368593778652 9.99999845490373e-11 0.158258952211496
0.3777343010784 0.303206432732276 0.377786743387322 0.37778589252062 0.37778504163829 0.37778419074033 0.377783339826739 0.377782488897518 0.377781637952665 0.377780786992179 9.99999856638617e-11 0.1903460550861
0.367495640580003 0.25896142262798 0.36758127543332 0.367580784404107 0.367580293368358 0.367579802326075 0.367579311277256 0.367578820221902 0.367578329160012 0.367577838091585 9.99999877197875e-11 0.17640014367473
0.809931826800094 0.790279279052706 0.809933168170076 0.809933301944757 0.809933435718756 0.809933569492071 0.809933703264703 0.809933837036652 0.809933970807918 0.809934104578499 9.99999946417467e-11 1.76264954967453
0.806162388310501 0.793602220437293 0.80616335640919 0.806163475352156 0.806163594294573 0.806163713236442 0.806163832177762 0.806163951118531 0.806164070058752 0.806164188998423 9.99999938234965e-11 1.82658609821046
0.807479650771002 0.777208436635205 0.807483215993875 0.807483347821042 0.807483479648388 0.807483611475913 0.807483743303616 0.807483875131498 0.80748400695956 0.8074841387878 9.99999937243972e-11 1.82845957778045
0.362885671898711 0.305057869488453 0.362929583961386 0.362928823529616 0.362928063085976 0.362927302630463 0.36292654216308 0.362925781683823 0.362925021192693 0.362924260689688 9.99999867063127e-11 0.178276237229297
0.368079455946126 0.305883116038428 0.368158234385936 0.368157360223906 0.36815648604261 0.368155611842046 0.368154737622212 0.368153863383108 0.36815298912473 0.368152114847078 9.99999858707745e-11 0.184808171172357
0.318560628259242 0.263017255607867 0.318645868820489 0.318644631718138 0.318643394580041 0.318642157406195 0.318640920196597 0.318639682951242 0.318638445670128 0.31863720835325 9.99999854198183e-11 0.147035682067681
0.306310569198802 0.244454217129405 0.306172273848677 0.306171017160294 0.306169760435924 0.306168503675567 0.306167246879216 0.306165990046872 0.306164733178527 0.306163476274181 9.99999866219555e-11 0.132310643583837
0.810239176780904 0.777976763069802 0.810242875326717 0.810243033178544 0.810243191030839 0.810243348883604 0.810243506736839 0.810243664590543 0.810243822444716 0.81024398029936 9.99999944167740e-11 1.76874089750978
0.284715546872341 0.213044261608977 0.28472045291313 0.284718651784761 0.284716850582351 0.284715049305888 0.284713247955362 0.284711446530764 0.284709645032081 0.284707843459306 9.99999850706047e-11 0.120464715950307
0.366054595864171 0.296946945828738 0.366109828141493 0.366109067717141 0.366108307280499 0.366107546831567 0.366106786370345 0.366106025896832 0.366105265411028 0.366104504912931 9.99999864519152e-11 0.178447102668117
0.327183063180763 0.266395148021839 0.327284776614795 0.327283458532329 0.327282140414628 0.327280822261688 0.327279504073507 0.327278185850082 0.32727686759141 0.327275549297486 9.99999848731596e-11 0.149307325544839
0.356882967080639 0.26957430054125 0.356950234617513 0.356949709702855 0.356949184780407 0.35694865985017 0.356948134912142 0.356947609966324 0.356947085012715 0.356946560051314 9.99999878895717e-11 0.171191519949057
0.384314122952357 0.334596882687779 0.38434138757162 0.384340745516743 0.384340103449378 0.384339461369527 0.384338819277187 0.384338177172357 0.384337535055037 0.384336892925227 9.99999867716641e-11 0.19997561582934
0.807498305275069 0.787466683011743 0.807499148513066 0.807499279486395 0.807499410459764 0.807499541433175 0.807499672406622 0.807499803380109 0.807499934353638 0.807500065327204 9.99999939099711e-11 1.81699493294525
0.37225824174277 0.280770087811369 0.371449983827156 0.371449065384076 0.371448146899945 0.371447228374755 0.371446309808501 0.371445391201175 0.371444472552771 0.371443553863281 9.99999857227417e-11 0.180886941873631
0.810079136334753 0.77697304143829 0.81008309411419 0.810083240014647 0.810083385915108 0.810083531815572 0.81008367771604 0.810083823616511 0.810083969516987 0.810084115417465 9.99999944963924e-11 1.77079076697395
0.807495874716307 0.78792105825821 0.807497536972352 0.807497657028445 0.807497777083871 0.807497897138631 0.807498017192724 0.807498137246151 0.807498257298912 0.807498377351005 9.99999942199469e-11 1.79730428733587
0.320357983214283 0.284859342590554 0.320389764356794 0.320388625424761 0.32038748645792 0.320386347456266 0.320385208419796 0.320384069348506 0.320382930242389 0.320381791101442 9.99999861304095e-11 0.145238045575696
0.273554998163335 0.175825087471781 0.273627574835636 0.273625354152813 0.273623133385338 0.2736209125332 0.273618691596389 0.273616470574897 0.273614249468713 0.273612028277827 9.9999983480781e-11 0.111463044198351
0.362581908840282 0.307411805281055 0.362631568623808 0.362630934355761 0.362630300081164 0.362629665800016 0.362629031512319 0.36262839721807 0.36262776291727 0.36262712860992 9.9999986854988e-11 0.177231586782556
0.329989810148589 0.267632786864539 0.330085477817658 0.330084276400666 0.330083074951531 0.330081873470249 0.330080671956818 0.330079470411236 0.330078268833499 0.330077067223605 9.9999985651128e-11 0.149198611671852
0.810430374699986 0.783450823837227 0.810434231609573 0.81043437677476 0.810434521939979 0.810434667105236 0.810434812270526 0.81043495743585 0.810435102601209 0.810435247766602 9.99999943511706e-11 1.77721246256228
0.282184870333753 0.209741239617674 0.282124700783389 0.282123003167601 0.282121305494526 0.282119607764153 0.282117909976479 0.282116212131496 0.282114514229197 0.282112816269576 9.99999844821207e-11 0.116877841425919
0.255752906136206 0.210260879681293 0.255809361732914 0.255806873132775 0.25580438444458 0.255801895668319 0.255799406803985 0.255796917851568 0.25579442881106 0.25579193968245 9.99999832733452e-11 0.103559279441026
0.808364455688182 0.781123891958774 0.808366620640703 0.808366759910691 0.808366899181023 0.808367038451699 0.808367177722721 0.808367316994086 0.808367456265796 0.808367595537849 9.99999938544168e-11 1.8198162608965
0.266036733419556 0.221157058938836 0.266051092603137 0.26604924227159 0.266047391878696 0.266045541424445 0.266043690908831 0.266041840331847 0.266039989693485 0.266038138993738 9.99999843731065e-11 0.107040859514535
0.3700669584068 0.312097711097318 0.370110324128818 0.370109904899341 0.370109485668019 0.370109066434852 0.37010864719984 0.370108227962984 0.370107808724283 0.370107389483739 9.99999867111974e-11 0.181162308217885
0.361057982795941 0.282468135460576 0.361143619741158 0.361143038393258 0.361142457037108 0.361141875672708 0.361141294300057 0.361140712919156 0.361140131530003 0.3611395501326 9.99999866048899e-11 0.175437807126106
0.294463679513227 0.236660615197273 0.294556111077259 0.294553860853759 0.294551610537754 0.294549360129232 0.294547109628185 0.2945448590346 0.294542608348467 0.294540357569776 9.99999834932361e-11 0.126473335236747
0.268924475627137 0.19898735439701 0.268922674556251 0.268920698809975 0.26891872299435 0.268916747109366 0.268914771155016 0.268912795131292 0.268910819038185 0.268908842875687 9.99999845115076e-11 0.109651772024761
0.807124327506881 0.783654845558894 0.807126952582132 0.807127082552586 0.807127212523199 0.807127342493969 0.807127472464898 0.807127602435986 0.807127732407231 0.807127862378635 9.99999936233321e-11 1.84362709004452
0.806963108599958 0.782179730954166 0.806965967127784 0.806966076994188 0.806966186859622 0.806966296724085 0.806966406587579 0.806966516450099 0.806966626311648 0.806966736172226 9.99999939495507e-11 1.81998820553385
0.387850643142947 0.321353563167912 0.387894949572854 0.387894394014483 0.387893838449847 0.387893282878949 0.387892727301786 0.38789217171836 0.387891616128671 0.387891060532717 9.99999867184586e-11 0.196623792784973
0.393409128434486 0.338232294428573 0.393440779069933 0.393440446690505 0.393440114310907 0.393439781931139 0.393439449551203 0.393439117171099 0.393438784790826 0.393438452410385 9.99999873677077e-11 0.204665470112365
0.252525047662274 0.193019688825664 0.252517455567215 0.25251555062214 0.252513645617193 0.252511740552372 0.252509835427667 0.252507930243073 0.252506024998583 0.252504119694192 9.99999844815526e-11 0.101094911178066
0.807572475709959 0.789053217531744 0.807574962255702 0.807575083332037 0.807575204407764 0.807575325482886 0.807575446557401 0.807575567631308 0.807575688704607 0.807575809777299 9.99999941702311e-11 1.79649499160003
0.336143053515127 0.242810914052003 0.336242905631671 0.336241799957228 0.336240694251617 0.336239588514834 0.336238482746877 0.336237376947744 0.33623627111743 0.336235165255935 9.99999861640881e-11 0.155137498919125
0.806441315637842 0.788583075214885 0.806443603175592 0.806443715532309 0.806443827888232 0.806443940243362 0.806444052597699 0.806444164951243 0.806444277303993 0.806444389655949 9.99999941307007e-11 1.8013592342806
0.291489476711436 0.226541412584482 0.291644996806429 0.29164351966269 0.291642042468431 0.291640565223645 0.291639087928329 0.291637610582475 0.291636133186078 0.291634655739131 9.99999858367527e-11 0.126042416421087
0.319984969557694 0.277602183408947 0.319955039605998 0.319954076377409 0.319953113128228 0.319952149858452 0.31995118656808 0.31995022325711 0.319949259925542 0.319948296573372 9.99999861794626e-11 0.14496470080681
0.382742566816591 0.314028431276883 0.382798066007379 0.382797411817969 0.38279675761651 0.382796103403001 0.382795449177442 0.382794794939833 0.382794140690174 0.382793486428462 9.99999867113745e-11 0.195269602282993
0.809105136861326 0.787278559895238 0.809108348886759 0.809108490706813 0.809108632527128 0.809108774347705 0.809108916168543 0.809109057989642 0.809109199811002 0.809109341632624 9.99999942760582e-11 1.78997463209126
0.295478957411151 0.226197821124899 0.295645314873072 0.295643525216037 0.295641735496638 0.295639945714868 0.295638155870718 0.295636365964183 0.295634575995254 0.295632785963924 9.99999844255247e-11 0.12585492385342
0.807752464665263 0.790820286606413 0.807755217057296 0.807755340681419 0.80775546430508 0.807755587928279 0.807755711551015 0.807755835173286 0.807755958795096 0.807756082416443 9.99999943021779e-11 1.78488571540334
0.391639032001488 0.312174435271671 0.391717358361767 0.391716778740066 0.391716199108784 0.39171561946792 0.391715039817475 0.391714460157449 0.391713880487839 0.391713300808647 9.99999853548656e-11 0.204183595719807
0.336152162119552 0.278710201155328 0.336218467226946 0.33621759433861 0.336216721434119 0.33621584851347 0.336214975576663 0.336214102623695 0.336213229654567 0.336212356669277 9.99999867876177e-11 0.157129345974828
0.376404385727508 0.328541755789691 0.376393800539023 0.376393103640102 0.376392406733477 0.376391709819149 0.376391012897118 0.376390315967382 0.376389619029945 0.376388922084802 9.9999986372809e-11 0.187744859054174
0.354263302088567 0.28120699660771 0.354347290826411 0.354346389358379 0.35434548787661 0.354344586381101 0.354343684871856 0.354342783348871 0.354341881812147 0.354340980261684 9.99999852995394e-11 0.167117666618503
0.341260347787727 0.243615534210709 0.341334922085132 0.341333829533638 0.341332736955582 0.341331644350963 0.341330551719777 0.341329459062023 0.341328366377697 0.341327273666797 9.99999856376128e-11 0.155487247181276
0.359188307493749 0.279939852260353 0.359201415258414 0.359200870090473 0.359200324918104 0.359199779741307 0.359199234560082 0.359198689374429 0.359198144184347 0.359197598989839 9.99999874760232e-11 0.169350454073752
0.806596082127107 0.785828545667941 0.806597033475428 0.806597151139089 0.806597268802503 0.806597386465671 0.806597504128592 0.806597621791266 0.806597739453693 0.806597857115874 9.99999938086874e-11 1.82819690915225
0.804782798939976 0.787816066554289 0.804783521410216 0.80478360969604 0.804783697980131 0.804783786262491 0.804783874543119 0.804783962822013 0.804784051099175 0.804784139374603 9.99999937086294e-11 1.85024700387171
0.807130712477173 0.795494903191635 0.807131034782193 0.807131149707709 0.807131264632379 0.8071313795562 0.807131494479171 0.807131609401294 0.807131724322568 0.807131839242993 9.99999941645123e-11 1.80119093907062
0.345492948566126 0.299631607827129 0.345540772751946 0.34553995848434 0.345539144200759 0.345538329901201 0.345537515585664 0.345536701254149 0.345535886906655 0.345535072543179 9.99999873814619e-11 0.163662216535163
0.369252959728973 0.294096685125568 0.369309335747013 0.369308553865657 0.369307771970336 0.369306990061048 0.369306208137794 0.369305426200572 0.369304644249381 0.369303862284222 9.99999865431213e-11 0.182562798467131
0.365448441392429 0.290868244381168 0.365509261184329 0.365508531769771 0.36550780234404 0.365507072907134 0.365506343459054 0.365505613999799 0.365504884529369 0.365504155047763 9.99999859057968e-11 0.178120746309842
0.374452214751824 0.312009538338244 0.374506841572669 0.374506219461262 0.374505597339338 0.374504975206896 0.374504353063939 0.374503730910464 0.374503108746472 0.374502486571962 9.99999860550051e-11 0.184718155140245
0.809913117043655 0.783100132240214 0.8099145851065 0.80991473437574 0.809914883645431 0.809915032915577 0.809915182186176 0.809915331457228 0.809915480728735 0.809915630000695 9.99999946622192e-11 1.75671355870358
0.368537493446869 0.277686532901094 0.368403573706674 0.368402857018447 0.368402140317437 0.368401423603642 0.368400706877062 0.368399990137697 0.368399273385544 0.368398556620605 9.99999866497972e-11 0.178131477873629
0.807806018784559 0.785944252588441 0.807808616074583 0.807808757822089 0.807808899570342 0.807809041319341 0.80780918306909 0.807809324819586 0.80780946657083 0.80780960832282 9.99999936440604e-11 1.83819724342028
0.367924552159739 0.293747860779984 0.36795499813202 0.367954566559512 0.367954134986085 0.367953703411742 0.367953271836481 0.367952840260303 0.367952408683208 0.367951977105197 9.99999882074769e-11 0.177761517079316
0.372506098186773 0.284206984242957 0.372250352015164 0.372249740961341 0.372249129898416 0.372248518826389 0.372247907745258 0.372247296655025 0.372246685555688 0.372246074447248 9.99999864438613e-11 0.177084099697251
0.343012985730376 0.285841511621457 0.343063572343538 0.343062773038597 0.343061973721155 0.343061174391212 0.343060375048767 0.34305957569382 0.34305877632637 0.343057976946416 9.99999866606757e-11 0.159245277568949
0.807048117286157 0.79207651226502 0.807047412078782 0.807047518171783 0.80704762426383 0.807047730354922 0.807047836445059 0.807047942534241 0.807048048622468 0.807048154709739 9.99999939147208e-11 1.81687281804839
0.338469880299844 0.282189744582488 0.338534398565232 0.338533747901407 0.338533097228648 0.338532446546954 0.338531795856324 0.33853114515676 0.338530494448259 0.338529843730822 9.9999986966352e-11 0.157889647624799
0.309985787877012 0.279624250432532 0.309918574233782 0.309917036017814 0.30991549775267 0.309913959438348 0.309912421074841 0.309910882662145 0.309909344200257 0.309907805689172 9.99999852385166e-11 0.138277240545115
0.365419077525993 0.269635333542276 0.365520310611221 0.365519687503704 0.365519064390173 0.365518441270628 0.365517818145069 0.365517195013497 0.365516571875911 0.365515948732312 9.99999856016621e-11 0.177763839961523
0.811491371479428 0.793431249095566 0.811491748067876 0.811491902553543 0.811492057039629 0.811492211526136 0.811492366013064 0.811492520500411 0.811492674988178 0.811492829476365 9.99999943867424e-11 1.78098163388745
0.296501439171781 0.227266025302814 0.296481475108485 0.296479224478727 0.296476973746904 0.296474722913001 0.296472471977004 0.296470220938899 0.296467969798673 0.296465718556308 9.99999845456293e-11 0.128815609780126
0.806715870367194 0.779878476375102 0.806716967559345 0.806717079042117 0.806717190523804 0.806717302004406 0.806717413483921 0.806717524962349 0.806717636439691 0.806717747915946 9.99999939446656e-11 1.81727766677988
0.808666773617755 0.796637582157407 0.808665654044014 0.808665776214037 0.80866589838342 0.808666020552167 0.808666142720275 0.808666264887746 0.808666387054578 0.808666509220772 9.99999942439079e-11 1.79291764441667
0.364979206271597 0.282272195155527 0.365056243992401 0.365055654634834 0.365055065268833 0.365054475894397 0.365053886511526 0.365053297120218 0.365052707720475 0.365052118312295 9.99999869239652e-11 0.176154690323879
0.299053541553111 0.232064037940337 0.299192202256449 0.29919064981128 0.299189097308903 0.299187544749312 0.2991859921325 0.299184439458459 0.299182886727185 0.299181333938668 9.99999855860245e-11 0.127270002641248
0.808273724209515 0.789160649170474 0.808277348362841 0.808277486619501 0.808277624876417 0.80827776313359 0.808277901391017 0.8082780396487 0.808278177906639 0.808278316164833 9.99999943088073e-11 1.78749907936387
0.309585363756392 0.252917231781885 0.309495256424123 0.309493920960423 0.309492585454628 0.309491249906733 0.309489914316732 0.309488578684624 0.309487243010402 0.309485907294064 9.99999852650382e-11 0.134211457425457
0.807540161076818 0.778981908375373 0.80754330341916 0.807543422675627 0.807543541931622 0.807543661187144 0.807543780442192 0.807543899696768 0.80754401895087 0.807544138204499 9.99999942612815e-11 1.79115282794125
0.374503553563016 0.320625806989194 0.37453916992995 0.374538606233077 0.374538042529214 0.37453747881836 0.374536915100515 0.374536351375678 0.37453578764385 0.37453522390503 9.99999871171962e-11 0.186770161440427
0.293117053041826 0.247057155722195 0.293167708081228 0.293166299786084 0.293164891452103 0.293163483079279 0.293162074667609 0.293160666217088 0.293159257727712 0.293157849199479 9.99999855015547e-11 0.125476933723466
