0.393761287612315 0.334668827291712 0.393796930299607 0.393796318335573 0.393795706362344 0.393795094379916 0.393794482388292 0.393793870387469 0.393793258377448 0.393792646358227 9.99999834465969e-11 0.20860415433141
0.829134956512075 0.814867829045615 0.829137935406191 0.829138058100187 0.829138180794018 0.829138303487682 0.82913842618118 0.829138548874511 0.829138671567674 0.829138794260671 9.99999928646652e-11 2.12041167760134
0.827590036077022 0.811979738567298 0.827593629520017 0.827593733180381 0.827593836839993 0.827593940498854 0.827594044156963 0.827594147814319 0.827594251470922 0.827594355126772 9.99999926499836e-11 2.14954516209831
0.352247797463823 0.280317465748572 0.352319613108986 0.352318923940604 0.352318234764426 0.352317545580456 0.35231685638869 0.35231616718913 0.352315477981775 0.352314788766625 9.99999854097285e-11 0.167448813769172
0.267052943347974 0.224282650891989 0.267017567679558 0.267015491125987 0.267013414514518 0.267011337845149 0.267009261117873 0.267007184332685 0.26700510748958 0.267003030588553 9.99999811716258e-11 0.11207423481867
0.829206504892501 0.806279118434708 0.829210092361321 0.829210218244627 0.829210344127741 0.829210470010664 0.829210595893395 0.829210721775936 0.829210847658284 0.82921097354044 9.99999929297314e-11 2.12012797934645
0.264573644755082 0.210800547026787 0.26455497745908 0.264553030464231 0.264551083409647 0.264549136295322 0.264547189121249 0.26454524188742 0.26454329459383 0.264541347240471 9.99999818532367e-11 0.108272588830292
0.344897817420954 0.277525087793886 0.344984657748013 0.344983351479346 0.344982045173265 0.344980738829767 0.344979432448848 0.344978126030505 0.344976819574737 0.344975513081538 9.99999822810197e-11 0.162967169151574
0.378988112017939 0.312767257197829 0.379043656088565 0.379042745353363 0.379041834599285 0.379040923826329 0.379040013034496 0.379039102223783 0.37903819139419 0.379037280545716 9.99999836582884e-11 0.191884412932757
0.828719268760686 0.812608052016959 0.828720982469679 0.828721095716221 0.828721208962115 0.828721322207357 0.82872143545195 0.828721548695894 0.828721661939186 0.828721775181829 9.99999930045612e-11 2.112635476953
0.378664913523894 0.339191635674425 0.378689393062916 0.378688641262085 0.37868788944444 0.378687137609982 0.378686385758707 0.378685633890616 0.378684882005706 0.378684130103975 9.99999840956638e-11 0.194943737501091
0.394633560753798 0.33841938744216 0.39466843438442 0.394668034612924 0.394667634838647 0.394667235061588 0.394666835281747 0.394666435499126 0.394666035713721 0.394665635925534 9.99999846826896e-11 0.208266506250461
0.300669743652058 0.253783695248637 0.300774467713112 0.300772748255705 0.300771028738315 0.300769309160931 0.300767589523544 0.300765869826144 0.300764150068721 0.300762430251266 9.99999830174614e-11 0.136600647776406
0.830531079364582 0.812410092306218 0.83053508436349 0.830535213473654 0.830535342583416 0.830535471692777 0.830535600801738 0.830535729910297 0.830535859018455 0.830535988126211 9.99999936502797e-11 2.06065527687934
0.824996108741019 0.815228279248987 0.824997806780402 0.824997898533459 0.824997990285693 0.824998082037106 0.824998173787698 0.824998265537467 0.824998357286414 0.824998449034538 9.99999921803924e-11 2.1786189163146
0.829482093394898 0.813640932260632 0.829486246254389 0.829486369506944 0.829486492759059 0.829486616010734 0.82948673926197 0.829486862512764 0.829486985763118 0.829487109013031 9.99999932669856e-11 2.08716350035011
0.369522050808695 0.295866333662083 0.369386791766377 0.369385883571404 0.369384975350096 0.369384067102451 0.369383158828465 0.369382250528136 0.36938134220146 0.369380433848435 9.99999834983690e-11 0.183669337000011
0.369914980313411 0.309619969656978 0.369839652563215 0.369838753783189 0.369837854983634 0.36983695616455 0.369836057325935 0.369835158467788 0.369834259590107 0.369833360692891 9.99999827093733e-11 0.18166970016926
0.829341346583363 0.805244760769639 0.829344710314047 0.829344835838097 0.829344961361907 0.829345086885472 0.829345212408795 0.829345337931878 0.829345463454715 0.82934558897731 9.99999930317287e-11 2.10893247190305
0.313944718597672 0.254138087928661 0.31395993821047 0.313958604981776 0.313957271709852 0.313955938394693 0.313954605036295 0.313953271634653 0.313951938189762 0.313950604701619 9.99999840243294e-11 0.139793817734864
0.384995131074347 0.327522082173997 0.385027778501414 0.385027057330876 0.385026336149251 0.385025614956539 0.385024893752739 0.385024172537852 0.385023451311876 0.385022730074812 9.9999983070312e-11 0.20066825617775
0.361507049936772 0.30132490545821 0.36157775370656 0.361576786351403 0.361575818977527 0.36157485158493 0.361573884173611 0.361572916743569 0.361571949294803 0.361570981827311 9.99999827288346e-11 0.180042333068718
0.829453197372349 0.811545337979851 0.829455622758479 0.829455749464319 0.829455876170445 0.829456002876861 0.829456129583563 0.829456256290555 0.829456382997834 0.829456509705402 9.99999925938758e-11 2.14638221678063
0.830905485504554 0.81788173360571 0.830907157402549 0.830907290333369 0.830907423264101 0.830907556194747 0.830907689125305 0.830907822055775 0.830907954986155 0.830908087916451 9.99999937981942e-11 2.05228512359121
0.830448530431525 0.813458886475023 0.830451454774715 0.830451583650828 0.830451712526566 0.830451841401928 0.830451970276916 0.830452099151529 0.830452228025767 0.830452356899629 9.99999935485927e-11 2.06949710056888
0.360567570255103 0.313450563124005 0.360598791001702 0.360598063489144 0.360597335966875 0.360596608434896 0.360595880893206 0.360595153341806 0.360594425780693 0.360593698209869 9.99999842780840e-11 0.175650981327615
0.333167083276736 0.281672782442957 0.33323044474227 0.333229488700179 0.333228532637021 0.333227576552796 0.333226620447502 0.333225664321137 0.3332247081737 0.33322375200519 9.99999834665939e-11 0.152973470564776
0.328999949965901 0.264653435328733 0.329028798633692 0.329027451416308 0.329026104159062 0.32902475686195 0.329023409524969 0.329022062148113 0.32902071473138 0.329019367274766 9.99999829092481e-11 0.152270593756237
0.320314051598006 0.259739321644866 0.320369125585407 0.320367899428155 0.320366673241505 0.320365447025453 0.320364220779999 0.320362994505137 0.320361768200867 0.320360541867185 9.99999833318673e-11 0.146783934927923
0.829701476568531 0.811907541464399 0.82970450832102 0.829704631873353 0.829704755425284 0.829704878976816 0.829705002527947 0.829705126078677 0.829705249629007 0.829705373178937 9.99999932722397e-11 2.08797561724375
0.30980754403673 0.251770781563395 0.309851426359808 0.309849252090026 0.309847077743482 0.30984490332017 0.309842728820079 0.309840554243202 0.30983837958953 0.309836204859054 9.99999802746738e-11 0.138361833663084
0.4140617357849 0.346675195126266 0.414096034279399 0.414095714285929 0.414095394295291 0.414095074307488 0.41409475432252 0.414094434340386 0.414094114361088 0.414093794384627 9.99999825977071e-11 0.222516513021827
0.344412115934864 0.278444450894503 0.344494568042788 0.344493578070102 0.344492588075128 0.344491598057863 0.344490608018307 0.344489617956457 0.344488627872312 0.344487637765869 9.99999831570936e-11 0.160814440944651
0.370952833757118 0.308564764438706 0.370988684879275 0.370988302239895 0.370987919597646 0.370987536952528 0.370987154304543 0.370986771653688 0.370986388999965 0.370986006343372 9.99999854403201e-11 0.184943778810535
0.361693866039593 0.306207952124896 0.361730937138534 0.36173030238719 0.36172966763004 0.361729032867082 0.361728398098318 0.361727763323747 0.361727128543369 0.361726493757185 9.99999848314521e-11 0.173448257643963
0.828045838313171 0.809686541779611 0.828048245578882 0.828048362566129 0.828048479553337 0.828048596540511 0.828048713527645 0.828048830514744 0.828048947501804 0.828049064488827 9.99999926574817e-11 2.1374584368771
0.37957606633013 0.324410433251861 0.379488769010194 0.379488313903135 0.379487858791793 0.379487403676168 0.379486948556258 0.379486493432064 0.379486038303586 0.379485583170824 9.99999847221844e-11 0.190860052957497
0.827061919563447 0.812256515940311 0.827063173972533 0.82706327664802 0.827063379322834 0.827063481996971 0.827063584670434 0.827063687343221 0.827063790015333 0.82706389268677 9.99999923295423e-11 2.16848261562038
0.827830391289014 0.818608625182751 0.827833510142326 0.827833617039303 0.827833723935477 0.827833830830851 0.827833937725424 0.827834044619196 0.827834151512166 0.827834258404334 9.99999928181937e-11 2.13549393836517
0.323396879191979 0.261932278981377 0.323458805654141 0.323457560251921 0.323456314815147 0.323455069343814 0.32345382383792 0.323452578297463 0.32345133272244 0.323450087112848 9.99999832791246e-11 0.146903646807013
0.278745518076688 0.232288917899588 0.278734233887851 0.278731877911918 0.278729521848822 0.278727165698553 0.278724809461102 0.278722453136459 0.278720096724614 0.278717740225557 9.99999818386271e-11 0.118051304173629
0.431344602748438 0.369850765229639 0.431370445993382 0.431370193653303 0.431369941312745 0.431369688971704 0.431369436630182 0.431369184288179 0.431368931945693 0.431368679602727 9.99999828627768e-11 0.247435060324138
0.319067152456919 0.279354806219019 0.319123155937996 0.319122030551865 0.31912090514434 0.319119779715418 0.3191186542651 0.319117528793382 0.319116403300265 0.319115277785746 9.99999836265215e-11 0.146775557479017
0.832662054473517 0.807437703950722 0.832666729184049 0.832666885077566 0.832667040971856 0.832667196866919 0.832667352762755 0.832667508659364 0.832667664556745 0.8326678204549 9.99999934862939e-11 2.06637903386725
0.26208748919862 0.205844666376631 0.262053423773775 0.262051117320005 0.262048810782417 0.262046504161004 0.262044197455754 0.262041890666656 0.262039583793701 0.262037276836879 9.9999981793317e-11 0.106218642714695
0.272518248963065 0.228445826950581 0.272442164413733 0.272440401331898 0.272438638207111 0.272436875039368 0.272435111828666 0.272433348575001 0.27243158527837 0.272429821938769 9.99999812532307e-11 0.114749346705374
0.828278549564689 0.817271614828628 0.828280740511067 0.828280867194913 0.828280993878917 0.828281120563077 0.828281247247396 0.828281373931872 0.828281500616506 0.828281627301296 9.99999926856151e-11 2.13692544391097
0.294846799750037 0.226459417559785 0.294806304310999 0.29480350282546 0.294800701192531 0.29479789941219 0.294795097484415 0.294792295409186 0.29478949318648 0.294786690816276 9.99999801293715e-11 0.125056501307465
0.352824487026017 0.296572249578668 0.352880445655181 0.352879709615532 0.352878973563716 0.352878237499732 0.352877501423579 0.352876765335257 0.352876029234763 0.352875293122098 9.99999842439102e-11 0.169637903285531
0.357465083872486 0.292832531288334 0.357530240679193 0.357529407250279 0.357528573805504 0.357527740344864 0.35752690686836 0.35752607337599 0.357525239867753 0.357524406343648 9.99999847243368e-11 0.175028774617714
0.2976369424511 0.265391342664964 0.297691919272246 0.297690310744723 0.297688702172129 0.29768709355446 0.297685484891712 0.29768387618388 0.297682267430961 0.297680658632949 9.99999819193154e-11 0.130193260737306
0.306027451553616 0.254590459304932 0.306087938230861 0.306086667197399 0.306085396135702 0.30608412504577 0.306082853927598 0.306081582781186 0.306080311606531 0.306079040403629 9.9999983541947e-11 0.138064340131509
0.826654072897071 0.810681055101643 0.826657375585077 0.82665748031564 0.826657585045707 0.82665768977528 0.826657794504358 0.826657899232941 0.826658003961028 0.826658108688621 9.99999921243346e-11 2.18849781193148
0.830114004075868 0.80756291590802 0.830118143670841 0.830118268868831 0.830118394066683 0.830118519264396 0.830118644461969 0.830118769659405 0.8301188948567 0.830119020053856 9.99999931074778e-11 2.10730325506093
0.347106050996755 0.306355662756597 0.347142293035824 0.347141474781826 0.347140656513684 0.347139838231396 0.347139019934962 0.347138201624381 0.347137383299651 0.347136564960773 9.99999846948214e-11 0.166577359180592
0.359198153023011 0.314555644327615 0.359232138908099 0.359231557551288 0.359230976188737 0.359230394820446 0.359229813446415 0.359229232066644 0.359228650681132 0.35922806928988 9.99999843528435e-11 0.171988384871599
0.254067761176219 0.198948539497577 0.254044662349752 0.254042475152928 0.254040287897808 0.254038100584386 0.254035913212655 0.254033725782613 0.254031538294254 0.254029350747573 9.99999804766271e-11 0.102749099188971
0.830829832316345 0.806043724584262 0.830834591557179 0.830834727210888 0.830834862864801 0.83083499851892 0.830835134173245 0.830835269827773 0.830835405482507 0.830835541137447 9.99999930744491e-11 2.10401653032655
0.334915677556985 0.273164709187939 0.334866273388409 0.334864767619237 0.334863261805695 0.334861755947778 0.334860250045483 0.334858744098806 0.334857238107742 0.334855732072289 9.99999822290352e-11 0.153943565995197
0.830356121091141 0.809917325804818 0.830359238076842 0.830359375979836 0.830359513883 0.830359651786334 0.830359789689837 0.830359927593509 0.830360065497351 0.830360203401361 9.99999931832265e-11 2.09063661559374
0.285418435564718 0.228890998585541 0.28553142174915 0.285529669391894 0.28552791697109 0.285526164486728 0.285524411938801 0.2855226593273 0.285520906652217 0.285519153913542 9.99999823390233e-11 0.1208365178424
0.314233959632988 0.249539969514089 0.31430103349985 0.314299761773936 0.314298490015447 0.314297218224382 0.314295946400737 0.31429467454451 0.314293402655696 0.314292130734296 9.99999822783982e-11 0.142274442077409
0.380374775204057 0.308425177419798 0.380435173335312 0.380434525598236 0.380433877850463 0.380433230091991 0.38043258232282 0.380431934542949 0.380431286752378 0.380430638951107 9.99999836500078e-11 0.193469593202581
0.831933744768473 0.815282480736832 0.831936722922146 0.831936860566235 0.831936998210153 0.8319371358539 0.831937273497478 0.831937411140886 0.831937548784122 0.831937686427188 9.99999940090279e-11 2.03882658845602
0.270013315340693 0.21256540239107 0.270129924102151 0.270127997956535 0.270126071743403 0.27012414546275 0.270122219114569 0.270120292698851 0.27011836621559 0.270116439664778 9.99999826715028e-11 0.111607234727116
0.828095765026325 0.812831548781354 0.82809884791406 0.828098966447515 0.828099084980731 0.828099203513709 0.828099322046447 0.828099440578944 0.828099559111204 0.828099677643223 9.99999925712148e-11 2.14291600357321
0.362974920662129 0.283909723279579 0.363040822854435 0.363040118968838 0.363039415072005 0.363038711163937 0.363038007244635 0.363037303314096 0.363036599372322 0.363035895419309 9.99999843232016e-11 0.174423051522101
0.374961717827666 0.300500281836737 0.374973117646282 0.374972629437006 0.374972141221905 0.374971653000978 0.374971164774225 0.374970676541646 0.374970188303242 0.37496970005901 9.999998547983e-11 0.184627256295729
0.37620858961589 0.313233994059222 0.37619425538898 0.376193340408144 0.376192425407813 0.376191510387985 0.376190595348659 0.376189680289834 0.376188765211509 0.376187850113682 9.99999825294736e-11 0.190232341830036
0.362986832032221 0.317239567421104 0.363022567869816 0.363021687121246 0.363020806359622 0.363019925584945 0.363019044797213 0.363018163996427 0.363017283182585 0.363016402355687 9.99999837943477e-11 0.18222877131638
0.362958241961822 0.296004003930538 0.362886691410084 0.362885997054315 0.362885302688523 0.362884608312708 0.362883913926869 0.362883219531006 0.362882525125118 0.362881830709205 9.99999844885075e-11 0.175782382906548
0.357099190683774 0.285294110648285 0.356913629383172 0.356912930376518 0.356912231358525 0.356911532329191 0.356910833288516 0.356910134236498 0.356909435173138 0.356908736098435 9.99999849041e-11 0.168331665492047
0.827036949984059 0.811828814189108 0.827041001545403 0.827041114660788 0.827041227776036 0.827041340891147 0.827041454006121 0.827041567120957 0.827041680235655 0.827041793350215 9.99999924225358e-11 2.16045755822889
0.828566736020089 0.811603671272635 0.828571090608597 0.828571214004766 0.828571337400797 0.828571460796688 0.828571584192436 0.828571707588044 0.828571830983512 0.828571954378839 9.99999929332906e-11 2.12284977896329
0.829056639638551 0.810660346738025 0.829061996875754 0.829062120145098 0.829062243414355 0.829062366683529 0.829062489952616 0.829062613221618 0.829062736490535 0.829062859759366 9.99999927382612e-11 2.12887418544744
0.372269313969744 0.320256384001751 0.372309503166979 0.372308901353238 0.372308299533452 0.372307697707621 0.372307095875744 0.372306494037821 0.372305892193852 0.372305290343837 9.99999843232195e-11 0.188343339921212
0.381961653205164 0.331631893383795 0.381997970780935 0.381997351899545 0.381996733008561 0.381996114107983 0.38199549519781 0.381994876278042 0.381994257348677 0.381993638409716 9.99999837068681e-11 0.199846147451344
0.35830121870759 0.318530864785087 0.358332171469176 0.358331513757316 0.358330856037283 0.358330198309074 0.35832954057269 0.35832888282813 0.358328225075394 0.358327567314481 9.99999848672669e-11 0.172060227912409
0.372737948793327 0.318811050554818 0.372773449648301 0.372773048883893 0.372772648118148 0.372772247351065 0.372771846582647 0.372771445812891 0.372771045041798 0.372770644269368 9.99999849491815e-11 0.184698526935938
0.83283382088265 0.818138190240701 0.832835136528411 0.832835284161828 0.832835431795461 0.832835579429312 0.832835727063379 0.832835874697663 0.832836022332165 0.832836169966883 9.99999940967379e-11 2.02421582506858
0.373156435513482 0.320877583191309 0.373030991920683 0.373030218441285 0.373029444947889 0.373028671440494 0.373027897919098 0.373027124383702 0.373026350834302 0.373025577270899 9.99999836201663e-11 0.18751834892022
0.831837871150208 0.805296410126251 0.831843746807203 0.831843883577074 0.831844020347077 0.831844157117207 0.831844293887467 0.831844430657857 0.831844567428375 0.831844704199024 9.99999935129143e-11 2.07162269198422
0.371924224181363 0.321048301377672 0.371961097808257 0.371959899124499 0.371958700409733 0.371957501663958 0.37195630288717 0.371955104079367 0.371953905240548 0.37195270637071 9.99999824365178e-11 0.191055791331934
0.407192586771975 0.359055202676306 0.4071872709881 0.407186551332374 0.407185831665251 0.40718511198673 0.407184392296812 0.407183672595495 0.407182952882779 0.407182233158664 9.99999821754524e-11 0.223684991328835
0.344921985893914 0.277948740889784 0.34498516461775 0.344984119123843 0.344983073604158 0.344982028058695 0.34498098248745 0.344979936890423 0.344978891267611 0.344977845619013 9.99999841384855e-11 0.163232823066082
0.828494755981937 0.818267414332852 0.828496918744238 0.828497042847848 0.82849716695126 0.82849729105447 0.828497415157482 0.828497539260295 0.828497663362908 0.828497787465322 9.99999931309451e-11 2.10358119826735
0.37715153398011 0.292826530379137 0.377223152525309 0.377222209089723 0.377221265637529 0.377220322168727 0.377219378683316 0.377218435181296 0.377217491662666 0.377216548127425 9.99999820557506e-11 0.182664717826241
0.322555257043125 0.263334724350651 0.322522687276367 0.322521319730006 0.322519952144567 0.322518584520047 0.322517216856442 0.322515849153748 0.322514481411962 0.32251311363108 9.9999982004373e-11 0.146513343519774
0.386548591063706 0.353846067752319 0.386565833919506 0.386565358698972 0.386564883472 0.386564408238592 0.386563932998745 0.38656345775246 0.386562982499736 0.386562507240573 9.99999849000637e-11 0.203401993337778
0.830358018802257 0.814531935115174 0.83036023523725 0.830360355804302 0.830360476370856 0.83036059693691 0.830360717502467 0.830360838067524 0.830360958632083 0.830361079196144 9.99999934353367e-11 2.08866519053209
0.310674046618709 0.244913657769108 0.310401054563889 0.310399943626882 0.310398832666883 0.310397721683889 0.3103966106779 0.310395499648912 0.310394388596925 0.310393277521934 9.99999837305752e-11 0.136742148946096
0.832484503562727 0.81075705959203 0.832489622338676 0.832489763691644 0.832489905044566 0.832490046397442 0.832490187750269 0.83249032910305 0.832490470455784 0.832490611808471 9.99999938869188e-11 2.04260122388413
0.831677234826246 0.808310167486145 0.831680975952232 0.831681113449029 0.831681250945844 0.831681388442677 0.831681525939525 0.831681663436392 0.831681800933276 0.831681938430177 9.99999935702144e-11 2.06996659100067
0.377713484454049 0.321021687401451 0.377766471185237 0.377765646296539 0.377764821392702 0.377763996473727 0.377763171539612 0.377762346590357 0.37776152162596 0.377760696646421 9.99999833209781e-11 0.192835751762959
0.332397757400521 0.28238976406485 0.332459794590594 0.332458562819739 0.332457331012239 0.332456099168093 0.332454867287296 0.332453635369844 0.332452403415734 0.332451171424962 9.99999830517902e-11 0.154795961336398
0.826722072752091 0.807154880345785 0.826725681971843 0.826725789502912 0.82672589703378 0.826726004564446 0.826726112094912 0.826726219625178 0.82672632715524 0.8267264346851 9.99999920032473e-11 2.19706851762279
0.344213748377487 0.279989861493195 0.344216374931995 0.344215447025 0.344214519103266 0.344213591166793 0.344212663215579 0.344211735249625 0.344210807268928 0.34420987927349 9.99999838408033e-11 0.162066890564655
0.827826039776479 0.807785623945071 0.827830159547406 0.827830264194968 0.827830368841914 0.827830473488241 0.827830578133952 0.827830682779044 0.827830787423517 0.827830892067371 9.99999926008834e-11 2.14591645647519
0.378446758519614 0.280554521218636 0.378526136082093 0.37852545456624 0.378524773044241 0.378524091516096 0.378523409981805 0.378522728441367 0.378522046894784 0.378521365342055 9.99999836403622e-11 0.186035422190897
0.283722945776888 0.237043316297717 0.28366879829845 0.283666886994332 0.283664975621346 0.283663064179483 0.283661152668734 0.283659241089091 0.283657329440546 0.283655417723091 9.99999818994452e-11 0.121268725030981
