0.386345144092345 0.32373888722319 0.386386671820767 0.386386194650066 0.386385717480105 0.386385240310884 0.386384763142402 0.386384285974662 0.386383808807663 0.386383331641407 9.99999842734363e-11 0.194806747611587
0.826263599127121 0.803085740167623 0.826269519022466 0.826269664754435 0.826269810486603 0.826269956218967 0.826270101951532 0.826270247684294 0.826270393417254 0.826270539150411 9.99999938829942e-11 1.98422746418948
0.827528672626848 0.808789835854699 0.827528079621049 0.827528238633755 0.827528397647159 0.827528556661263 0.827528715676063 0.827528874691564 0.827529033707764 0.827529192724662 9.99999937790875e-11 1.99777002264273
0.347482436597075 0.295458355037164 0.34754463888808 0.34754359124144 0.347542543570746 0.347541495875994 0.347540448157183 0.347539400414312 0.347538352647379 0.347537304856382 9.99999839951028e-11 0.164724104293205
0.255284203700553 0.215188842783765 0.255268715310987 0.255266795980308 0.255264876600369 0.255262957171164 0.25526103769269 0.25525911816494 0.25525719858791 0.255255278961595 9.99999814746814e-11 0.103883907347903
0.823597893922248 0.812088084482458 0.823597989861266 0.823598117065897 0.823598244270628 0.823598371475462 0.823598498680396 0.823598625885432 0.82359875309057 0.823598880295809 9.99999928218258e-11 2.07633181522657
0.276302681811626 0.240905213224059 0.276280537563312 0.276277640772432 0.276274743854446 0.276271846809338 0.276268949637093 0.276266052337695 0.276263154911128 0.276260257357376 9.99999809246624e-11 0.116528646664054
0.352018714149676 0.305452923071872 0.352070981924805 0.35206994069737 0.352068899449924 0.352067858182468 0.352066816894998 0.352065775587516 0.352064734260019 0.352063692912508 9.99999835946115e-11 0.171145056511666
0.379351077181621 0.321505554413925 0.379401001870192 0.37940030963493 0.379399617391944 0.379398925141235 0.379398232882802 0.379397540616645 0.379396848342764 0.379396156061159 9.99999843143319e-11 0.189912756510265
0.82466498208741 0.8048828999465 0.82466685320375 0.824667001595949 0.824667149989054 0.824667298383067 0.824667446777987 0.824667595173813 0.824667743570545 0.824667891968184 9.99999929398316e-11 2.06045799288564
0.36354503086905 0.29889561217793 0.363600871128906 0.363600278506953 0.363599685881407 0.36359909325227 0.363598500619541 0.363597907983219 0.363597315343305 0.363596722699799 9.99999845348296e-11 0.173123407682976
0.384175089209704 0.350384272267796 0.384199688412509 0.384198686586169 0.384197684732304 0.384196682850912 0.38419568094199 0.384194679005537 0.384193677041549 0.384192675050025 9.99999841945057e-11 0.201603106115348
0.303728582285547 0.257963402867729 0.3038037547237 0.303802272853462 0.303800790939338 0.303799308981323 0.303797826979412 0.303796344933601 0.303794862843884 0.303793380710256 9.9999983010302e-11 0.132922495410115
0.823638232763093 0.803850822621493 0.823641054217969 0.823641184233815 0.823641314249936 0.823641444266332 0.823641574283005 0.823641704299952 0.823641834317175 0.823641964334673 9.9999992924332e-11 2.06330777843263
0.823776479690213 0.809221670758624 0.823779500808657 0.823779630826434 0.823779760844329 0.823779890862339 0.823780020880467 0.82378015089871 0.823780280917071 0.823780410935549 9.99999929268012e-11 2.05580461545777
0.823067186090312 0.809931552872555 0.823067411985741 0.823067539211881 0.823067666438355 0.823067793665165 0.82306792089231 0.82306804811979 0.823068175347605 0.823068302575754 9.99999929566118e-11 2.05660219914869
0.380695719041587 0.351284041116185 0.38068663444436 0.380686146598284 0.380685658748862 0.380685170896095 0.380684683039982 0.380684195180524 0.38068370731772 0.38068321945157 9.99999856718091e-11 0.192187536358009
0.369053794995964 0.317377291151407 0.36899398418011 0.368993390150167 0.368992796112481 0.368992202067052 0.36899160801388 0.368991013952963 0.368990419884304 0.368989825807899 9.99999850613684e-11 0.182727364524754
0.826902118121391 0.811957423467035 0.826902987398012 0.826903140386665 0.826903293375932 0.826903446365812 0.826903599356304 0.82690375234741 0.826903905339127 0.826904058331457 9.99999933131464e-11 2.02892527554011
0.319889645467904 0.279198067248056 0.319723837974992 0.319722502090592 0.319721166172934 0.319719830222014 0.31971849423783 0.319717158220379 0.319715822169657 0.319714486085662 9.99999829374384e-11 0.1430091643609
0.351971461724564 0.309983327577189 0.352003599195672 0.352002253767679 0.352000908304747 0.351999562806874 0.351998217274057 0.351996871706296 0.351995526103585 0.351994180465925 9.99999826932771e-11 0.166561424833124
0.368854109477512 0.304649060003724 0.368921848788344 0.368921059735468 0.368920270669804 0.368919481591353 0.368918692500115 0.368917903396088 0.368917114279272 0.368916325149668 9.99999835318446e-11 0.181414559571821
0.826821334917059 0.80491625417759 0.826824156023452 0.826824308299813 0.82682446057712 0.826824612855372 0.826824765134568 0.826824917414711 0.826825069695797 0.82682522197783 9.9999993207367e-11 2.04069845180813
0.823639561424083 0.813288086951984 0.823639833742486 0.823639955049353 0.823640076355929 0.823640197662214 0.823640318968207 0.823640440273909 0.823640561579317 0.823640682884435 9.99999931402847e-11 2.04778555759794
0.822517512118302 0.804575097190451 0.822520547099552 0.822520669894306 0.822520792689475 0.822520915485058 0.822521038281055 0.822521161077466 0.822521283874291 0.822521406671531 9.99999922804891e-11 2.11678704197958
0.357792412327939 0.312637054074618 0.357833114450691 0.35783246667239 0.357831818888143 0.357831171097949 0.357830523301809 0.357829875499723 0.35782922769169 0.357828579877711 9.99999842967081e-11 0.173387034499551
0.31208401208147 0.271422229112773 0.312156396657864 0.312155094815676 0.312153792940665 0.312152491032828 0.312151189092163 0.312149887118665 0.312148585112331 0.31214728307316 9.99999837055521e-11 0.138253152789198
0.327903610006274 0.277196379338593 0.327852247382853 0.327850934110008 0.327849620806339 0.327848307471844 0.32784699410652 0.327845680710363 0.327844367283372 0.327843053825544 9.99999837712582e-11 0.146413826773882
0.341535545435999 0.287231342946047 0.341580555999466 0.341579459636087 0.341578363247389 0.341577266833368 0.341576170394022 0.341575073929352 0.341573977439354 0.341572880924028 9.99999835189251e-11 0.159678814145423
0.827553590637394 0.809443831845089 0.827555772359083 0.82755593665879 0.827556100959281 0.827556265260554 0.82755642956261 0.827556593865448 0.827556758169069 0.82755692247347 9.99999938403777e-11 1.98370772983755
0.293179935154486 0.240868508916292 0.293168169725695 0.29316607182557 0.293163973840914 0.293161875771717 0.293159777617967 0.293157679379655 0.29315558105677 0.2931534826493 9.99999813448726e-11 0.125178423276309
0.347303594896195 0.289368739229737 0.347363384121023 0.347362427440915 0.347361470740372 0.347360514019394 0.347359557277978 0.347358600516124 0.34735764373383 0.347356686931095 9.999998395413e-11 0.160020978647203
0.334677494509275 0.295216644169552 0.334739526314958 0.334738337096581 0.334737147848343 0.33473595857024 0.334734769262268 0.334733579924424 0.334732390556705 0.334731201159106 9.99999834967477e-11 0.157756580753144
0.352025619028964 0.2979980952624 0.352060757592052 0.352060262279953 0.352059766966409 0.35205927165142 0.352058776334987 0.35205828101711 0.35205778569779 0.352057290377025 9.99999863339377e-11 0.167534134299587
0.359756720738247 0.321318492514731 0.35977587645021 0.35977544199615 0.359775007539522 0.359774573080328 0.359774138618567 0.35977370415424 0.359773269687345 0.359772835217883 9.9999987340432e-11 0.173150540166534
0.823348459190971 0.808278027638119 0.823349966593353 0.823350089260913 0.823350211928386 0.82335033459577 0.823350457263067 0.823350579930274 0.823350702597395 0.823350825264427 9.9999992715399e-11 2.07960152351782
0.359429788989569 0.307547058902187 0.359129184349882 0.359128120591879 0.359127056804153 0.359125992986703 0.359124929139525 0.359123865262616 0.359122801355973 0.359121737419593 9.999998343954e-11 0.172110425905222
0.825323447638378 0.803912531566458 0.82532722964169 0.825327373848652 0.82532751805647 0.825327662265147 0.82532780647468 0.82532795068507 0.825328094896319 0.825328239108425 9.99999926989945e-11 2.07390938634872
0.824422767530398 0.801710512845193 0.824426748147549 0.824426893026619 0.824427037906556 0.824427182787362 0.824427327669036 0.824427472551579 0.82442761743499 0.82442776231927 9.99999929614809e-11 2.06356830718202
0.305793414837706 0.262089078829766 0.305693933678742 0.305692330509054 0.305690727286244 0.305689124010302 0.305687520681223 0.305685917299 0.305684313863625 0.305682710375092 9.9999983089734e-11 0.131826417827651
0.28631924789773 0.239688498462176 0.286299139966786 0.28629641176313 0.286293683429017 0.28629095496443 0.286288226369352 0.286285497643762 0.286282768787643 0.286280039800977 9.99999804992297e-11 0.122257038130448
0.372108704417417 0.320138655015916 0.372149561322511 0.372148929100878 0.372148296873329 0.372147664639866 0.372147032400487 0.372146400155192 0.372145767903983 0.372145135646858 9.99999848812796e-11 0.181758036796244
0.305572975093499 0.263232967551021 0.305635558737173 0.305634385018356 0.305633211275052 0.305632037507256 0.305630863714968 0.305629689898184 0.305628516056902 0.305627342191118 9.99999844436185e-11 0.13207429714605
0.827487139531674 0.806105062564243 0.827490923172539 0.827491089963383 0.827491256755697 0.827491423549482 0.827491590344737 0.827491757141464 0.827491923939661 0.827492090739329 9.99999936129483e-11 2.00394875099048
0.294521000157738 0.256097927166656 0.294492137519335 0.294490272528116 0.294488407482319 0.294486542381939 0.294484677226972 0.294482812017409 0.294480946753248 0.294479081434481 9.99999825249914e-11 0.126264991186273
0.261587702115462 0.205950411836145 0.261550254944432 0.261548330234958 0.261546405475595 0.261544480666337 0.26154255580718 0.261540630898119 0.26153870593915 0.261536780930267 9.99999823739476e-11 0.105257658920874
0.826623548703868 0.812973029824848 0.826623679641744 0.826623826068993 0.826623972496484 0.82662411892422 0.826624265352198 0.82662441178042 0.826624558208886 0.826624704637594 9.999999366456e-11 2.00368271888869
0.292304158112776 0.261737077038446 0.29232940928004 0.292327293743233 0.292325178129527 0.292323062438914 0.292320946671384 0.292318830826931 0.292316714905543 0.292314598907216 9.99999818413089e-11 0.127586626349273
0.393655995685048 0.365046633650017 0.393667089200242 0.393666569634534 0.393666050063569 0.393665530487348 0.393665010905869 0.393664491319133 0.393663971727139 0.393663452129887 9.99999849348042e-11 0.203673695096878
0.39778738876449 0.33591830539695 0.39782917410766 0.397828598216053 0.397828022321253 0.39782744642326 0.397826870522073 0.397826294617693 0.39782571871012 0.397825142799354 9.99999836959506e-11 0.208682240301482
0.292944092643972 0.256166037583936 0.293025101591047 0.293022775485935 0.293020449300809 0.293018123035661 0.293015796690482 0.293013470265266 0.293011143760004 0.293008817174687 9.99999818320716e-11 0.126530380843427
0.266237759903238 0.220674053499755 0.26623485357942 0.26623275589076 0.266230658129159 0.266228560294607 0.266226462387098 0.266224364406624 0.266222266353176 0.266220168226748 9.99999826182994e-11 0.108545323861569
0.828234127479855 0.810784085400274 0.82823399698219 0.828234157458819 0.828234317936122 0.828234478414097 0.828234638892744 0.828234799372064 0.828234959852055 0.82823512033272 9.99999941108781e-11 1.96983733735825
0.822024061585086 0.812786477501397 0.822022861022051 0.822022971289516 0.82202308155676 0.822023191823782 0.822023302090585 0.822023412357164 0.822023522623524 0.822023632889661 9.99999924422651e-11 2.11159414117014
0.392741384793402 0.33989411089352 0.392788537722658 0.392787725006135 0.392786912273714 0.392786099525396 0.392785286761179 0.392784473981061 0.392783661185043 0.392782848373123 9.99999828244898e-11 0.203540904545262
0.399089582727497 0.351613303766035 0.399113419542553 0.39911292221997 0.399112424893163 0.399111927562133 0.399111430226879 0.399110932887401 0.399110435543698 0.399109938195771 9.99999838728667e-11 0.21131625938979
0.241991304891182 0.197371441407074 0.242019293845597 0.242016578592383 0.24201386326831 0.242011147873371 0.242008432407562 0.242005716870876 0.242003001263308 0.242000285584852 9.99999803508853e-11 0.0960069592360283
0.82729594763692 0.810976018987349 0.827300208843039 0.827300352188674 0.827300495534078 0.827300638879253 0.827300782224198 0.827300925568911 0.827301068913395 0.827301212257647 9.99999943038453e-11 1.95926734904876
0.326112333065954 0.275008037226075 0.326175788303543 0.32617407312995 0.326172357904131 0.326170642626078 0.326168927295788 0.326167211913255 0.326165496478474 0.326163780991439 9.99999831957818e-11 0.149964842415083
0.82116180052383 0.805716984764122 0.821163630112236 0.821163735140559 0.821163840168548 0.821163945196201 0.821164050223519 0.821164155250505 0.821164260277155 0.821164365303468 9.99999922407783e-11 2.12128615650378
0.280711503405278 0.209577400514165 0.28088073481001 0.280878941671456 0.280877148486637 0.28087535525555 0.280873561978192 0.280871768654556 0.280869975284641 0.280868181868441 9.99999817990399e-11 0.115581176305282
0.317689140643996 0.258087841064603 0.317757138448536 0.317756053051608 0.317754967628112 0.317753882178045 0.317752796701403 0.317751711198183 0.317750625668382 0.317749540111998 9.99999841314934e-11 0.140811609604631
0.370154742763975 0.303189192135378 0.370237209572248 0.370236435469659 0.370235661357056 0.370234887234443 0.370234113101816 0.370233338959178 0.370232564806526 0.370231790643862 9.99999828384765e-11 0.18540613679792
0.826573256161338 0.809834387516017 0.82657565990875 0.826575807750949 0.826575955593629 0.826576103436789 0.826576251280431 0.826576399124552 0.826576546969154 0.826576694814236 9.99999936658475e-11 2.00797146706461
0.283499635203489 0.235846153706869 0.283599221675228 0.283597218271958 0.283595214803425 0.283593211269622 0.283591207670542 0.283589204006178 0.283587200276525 0.283585196481575 9.99999819183977e-11 0.119742767479632
0.825701128037792 0.804141819575264 0.825703825986948 0.82570396672189 0.825704107456787 0.825704248191636 0.825704388926439 0.825704529661197 0.825704670395908 0.825704811130571 9.99999938218059e-11 1.99291838321761
0.37632914049283 0.320820548120662 0.37637752805957 0.37637665710455 0.376375786134164 0.376374915148408 0.376374044147286 0.376373173130793 0.376372302098931 0.376371431051699 9.99999833435052e-11 0.184442365995706
0.389696342176682 0.342331932231498 0.389715095792334 0.389714960453384 0.389714825118201 0.389714689786785 0.389714554459136 0.389714419135254 0.38971428381514 0.389714148498794 9.9999987211598e-11 0.197915534296237
0.363467775266159 0.307380517887187 0.363413914950901 0.363413193553306 0.363412472147096 0.36341175073227 0.363411029308827 0.363410307876768 0.363409586436092 0.3634088649868 9.99999850382881e-11 0.177306742050996
0.337286231312418 0.27639236624984 0.337337911634654 0.337337448431947 0.33733698523127 0.337336522032622 0.337336058836005 0.337335595641419 0.337335132448865 0.337334669258344 9.99999858440448e-11 0.152931374535798
0.387412364556616 0.330716031775472 0.387393399329634 0.387392851149837 0.387392302965726 0.387391754777299 0.387391206584557 0.387390658387499 0.387390110186125 0.387389561980437 9.99999845094636e-11 0.199096373190493
0.370844747400255 0.285864082248164 0.370914194467666 0.370913512773092 0.370912831074179 0.370912149370928 0.370911467663338 0.370910785951412 0.370910104235147 0.370909422514548 9.9999984819036e-11 0.180729110786683
0.827817378829537 0.807926414359236 0.827820378095231 0.827820537876191 0.827820697658114 0.827820857440996 0.827821017224841 0.827821177009649 0.827821336795417 0.827821496582147 9.99999937882161e-11 1.99201576742984
0.827640907206571 0.808457597935393 0.827644032394361 0.827644176269997 0.827644320145617 0.827644464021224 0.827644607896815 0.827644751772391 0.827644895647953 0.8276450395235 9.99999940227067e-11 1.98050135046534
0.826071626202725 0.813889451219103 0.826072199149644 0.826072344945443 0.826072490741603 0.826072636538123 0.826072782335 0.82607292813224 0.826073073929838 0.826073219727795 9.99999934489287e-11 2.0163918295364
0.359819773095962 0.303740183114315 0.359865021945891 0.35986426303673 0.359863504116021 0.359862745183761 0.359861986239951 0.35986122728459 0.359860468317678 0.359859709339215 9.99999848229242e-11 0.173012349443203
0.372985279075242 0.317164783354131 0.373010224168572 0.373009670589984 0.373009117009529 0.373008563427208 0.373008009843021 0.373007456256969 0.373006902669051 0.373006349079269 9.99999846103511e-11 0.18224433371768
0.372828778257846 0.314631953059597 0.372868486220929 0.372868176124628 0.372867866031803 0.372867555942454 0.372867245856582 0.372866935774186 0.372866625695268 0.372866315619827 9.99999849741539e-11 0.182781203738797
0.368466143934597 0.312215549805675 0.368508782188684 0.368508341952029 0.368507901714471 0.368507461476008 0.368507021236641 0.36850658099637 0.368506140755196 0.368505700513118 9.9999986614962e-11 0.181932670893548
0.827135777740139 0.814699804837102 0.827136525835987 0.827136678674346 0.827136831513154 0.827136984352412 0.827137137192119 0.827137290032275 0.827137442872881 0.827137595713937 9.99999939883786e-11 1.97575875044357
0.389563877079648 0.342862102500578 0.389435394833969 0.389434464312762 0.389433533770596 0.389432603207469 0.389431672623379 0.389430742018325 0.389429811392304 0.389428880745315 9.9999982883187e-11 0.204456809943694
0.827849818060716 0.809281186825532 0.827852244112871 0.827852409735748 0.827852575359414 0.827852740983869 0.827852906609115 0.827853072235148 0.827853237861971 0.827853403489583 9.99999939914982e-11 1.97834161983434
0.399735054314203 0.341538116983138 0.399759743023501 0.399758970471246 0.399758197904254 0.399757425322522 0.399756652726051 0.399755880114838 0.399755107488885 0.39975433484819 9.99999829519046e-11 0.21185050228183
0.370129883430132 0.326849463539691 0.370087166883798 0.370086518976396 0.370085871061261 0.370085223138394 0.370084575207794 0.370083927269459 0.370083279323391 0.370082631369589 9.99999840677036e-11 0.182176630756269
0.39577426726656 0.352350004579558 0.395797775645876 0.395797326045661 0.395796876443922 0.395796426840661 0.395795977235878 0.395795527629571 0.395795078021742 0.395794628412391 9.99999852498244e-11 0.209096001123882
0.827170411214929 0.812512607927058 0.827172444936863 0.827172607944031 0.827172770952064 0.827172933960962 0.827173096970726 0.827173259981355 0.82717342299285 0.827173586005209 9.99999934774544e-11 2.01049103519749
0.378323567172999 0.320815590512001 0.378371521089448 0.378370957351244 0.378370393608355 0.378369829860782 0.378369266108524 0.378368702351581 0.378368138589954 0.378367574823643 9.99999849983779e-11 0.193895002292141
0.320224816261951 0.272368192804286 0.320197381792857 0.320195624539873 0.320193867237766 0.320192109886533 0.320190352486169 0.320188595036669 0.32018683753803 0.320185079990248 9.99999821170869e-11 0.14225531495306
0.412151103369326 0.375180417987847 0.412171550594576 0.412170885608928 0.412170220613524 0.412169555608367 0.412168890593456 0.412168225568789 0.412167560534366 0.412166895490188 9.9999983028815e-11 0.222816976296521
0.827067374135493 0.81108288950817 0.827067724780462 0.827067873812139 0.827068022844679 0.827068171878079 0.827068320912345 0.827068469947471 0.827068618983461 0.827068768020314 9.99999936009561e-11 2.01758282862231
0.297042520931877 0.261999983178619 0.297046763827137 0.297044391368213 0.297042018828237 0.297039646207199 0.297037273505092 0.297034900721908 0.29703252785764 0.29703015491228 9.99999822848367e-11 0.129168126024473
0.82316934707666 0.809727064268027 0.823170339152564 0.823170459333048 0.823170579513535 0.823170699694025 0.823170819874517 0.823170940055012 0.823171060235509 0.823171180416009 9.99999928189485e-11 2.07530196265482
0.826202010172997 0.805032397244412 0.826204336339891 0.826204492674462 0.826204649010284 0.826204805347358 0.826204961685683 0.82620511802526 0.826205274366087 0.826205430708167 9.99999933304722e-11 2.03113565512462
0.385360171984512 0.351054601593366 0.385374724266245 0.385374001452015 0.385373278626526 0.385372555789778 0.385371832941772 0.385371110082505 0.385370387211977 0.385369664330189 9.99999842838909e-11 0.198806829953359
0.333386349679817 0.283177366432075 0.333445642866357 0.33344438359121 0.333443124283356 0.333441864942792 0.333440605569516 0.333439346163525 0.333438086724814 0.333436827253383 9.99999822007155e-11 0.155182240199095
0.822943961335151 0.812479184304724 0.82294582903747 0.822945939071672 0.822946049105303 0.822946159138365 0.822946269170857 0.822946379202779 0.822946489234129 0.822946599264909 9.99999928988405e-11 2.07257450148288
0.326000032990524 0.280073027174451 0.325975412580722 0.325974288650504 0.325973164699888 0.325972040728875 0.325970916737462 0.325969792725649 0.325968668693436 0.32596754464082 9.99999840982557e-11 0.148622124938384
0.82436321307345 0.813106460140533 0.824362139746464 0.824362266294714 0.824362392842545 0.824362519389957 0.824362645936949 0.824362772483523 0.824362899029678 0.824363025575413 9.99999934560581e-11 2.02336327465386
0.402779459995102 0.351639510233171 0.402819139097568 0.402818323317568 0.402817507525453 0.40281669172122 0.402815875904871 0.402815060076404 0.402814244235819 0.402813428383117 9.99999822317314e-11 0.214626818465537
0.28590955623034 0.24308136548776 0.28579966104585 0.285798253526598 0.285796845973506 0.285795438386571 0.285794030765791 0.285792623111161 0.285791215422681 0.285789807700345 9.99999836028337e-11 0.119721952165547
