0.350976144145563 0.31990110688912 0.351008409265926 0.351007746190597 0.351007083102214 0.351006420000778 0.351005756886288 0.351005093758742 0.35100443061814 0.351003767464481 9.99999913308072e-11 0.177581984488642
0.737013390341169 0.722831977509478 0.737016240151347 0.737016363754364 0.737016487357062 0.737016610959443 0.737016734561504 0.737016858163247 0.737016981764672 0.737017105365777 9.99999964727052e-11 1.17458957954624
0.739688650071852 0.719552966161619 0.739693125744258 0.739693274636346 0.739693423528734 0.739693572421426 0.739693721314417 0.739693870207711 0.739694019101308 0.739694167995204 9.99999967557967e-11 1.15072863927245
0.351642909657846 0.29585777477265 0.351688637169007 0.3516882081363 0.351687779101139 0.351687350063525 0.351686921023458 0.351686491980938 0.351686062935966 0.35168563388854 9.99999919829854e-11 0.17023041471454
0.250250049416801 0.210732226151037 0.250222246106658 0.250220592956804 0.250218939759399 0.250217286514439 0.250215633221919 0.250213979881836 0.250212326494185 0.250210673058961 9.99999898278919e-11 0.101459831013171
0.740182876740071 0.728495970619246 0.740183280205031 0.740183422010153 0.740183563814912 0.740183705619309 0.740183847423344 0.740183989227016 0.740184131030326 0.740184272833273 9.99999970398957e-11 1.12129191856206
0.255034099463264 0.221517572497154 0.25502680132303 0.255025094890043 0.255023388412244 0.255021681889626 0.255019975322187 0.255018268709922 0.255016562052827 0.255014855350898 9.99999901350026e-11 0.105883645287299
0.331954793259914 0.295813717089089 0.332002642166662 0.332001789997428 0.332000937810414 0.332000085605618 0.331999233383039 0.331998381142676 0.331997528884529 0.331996676608595 9.9999991184463e-11 0.161114057943781
0.385551714943395 0.329320440056953 0.385586660585532 0.385586197906758 0.385585735223442 0.385585272535584 0.385584809843185 0.385584347146244 0.385583884444762 0.385583421738737 9.99999919050815e-11 0.209198032381029
0.739521240727334 0.716564799021164 0.739525753119442 0.739525903459902 0.739526053800867 0.73952620414234 0.739526354484321 0.73952650482681 0.739526655169805 0.739526805513307 9.99999966964921e-11 1.15004505798061
0.333581073781481 0.280905813679146 0.333644930851455 0.333643891494994 0.333642852115092 0.333641812711749 0.333640773284962 0.333639733834731 0.333638694361054 0.33363765486393 9.99999911459346e-11 0.157252839907572
0.373279177761418 0.32787099751982 0.373302732386319 0.37330245711235 0.373302181839157 0.373301906566741 0.373301631295101 0.373301356024238 0.373301080754153 0.373300805484844 9.99999924302707e-11 0.19321619172744
0.304102614605079 0.243885670291256 0.304207348230831 0.30420595854506 0.304204568806312 0.304203179014578 0.304201789169852 0.304200399272127 0.304199009321393 0.304197619317644 9.99999902526821e-11 0.138741596814094
0.74210874320796 0.709821747505467 0.742114419454858 0.742114603673064 0.742114787893045 0.742114972114802 0.742115156338335 0.742115340563644 0.742115524790729 0.742115709019591 9.99999967078135e-11 1.14326381142347
0.740354633888713 0.723415970423137 0.740354839075198 0.740354996016677 0.740355152958362 0.740355309900254 0.740355466842354 0.74035562378466 0.740355780727174 0.740355937669893 9.99999969422269e-11 1.12291152328017
0.739975548387648 0.716008613314975 0.739978522173327 0.739978687806607 0.739978853440304 0.739979019074418 0.739979184708948 0.739979350343895 0.739979515979259 0.739979681615039 9.99999969140957e-11 1.12174413967171
0.367964204184954 0.313959216875161 0.367990907688901 0.367990448214044 0.367989988734885 0.367989529251425 0.367989069763664 0.3679886102716 0.367988150775235 0.367987691274567 9.99999919637519e-11 0.191267494447801
0.35853303669299 0.296977372312572 0.358192231461713 0.358191629800833 0.358191028129083 0.358190426446463 0.358189824752972 0.358189223048609 0.358188621333374 0.358188019607265 9.99999914145172e-11 0.179557698999545
0.73491347352219 0.717040983821553 0.734917784355192 0.734917893589662 0.734918002823744 0.73491811205744 0.734918221290748 0.734918330523668 0.734918439756201 0.734918548988345 9.99999961909888e-11 1.20328142114999
0.30942030195234 0.263331877780211 0.309384503722374 0.309383725278031 0.309382946820626 0.309382168350157 0.309381389866623 0.309380611370023 0.309379832860355 0.309379054337619 9.99999917341228e-11 0.139036228567692
0.371096641813088 0.315486811675902 0.371135119489696 0.371134757242902 0.37113439499394 0.37113403274281 0.371133670489511 0.371133308234045 0.37113294597641 0.371132583716608 9.99999921004222e-11 0.190523685921896
0.366318230208339 0.295117285986024 0.366371174203236 0.366370706325845 0.366370238444525 0.366369770559275 0.366369302670097 0.366368834776989 0.366368366879952 0.366367898978986 9.99999922063373e-11 0.182771756543918
0.743832251502554 0.70538805433347 0.743840498239815 0.743840687011297 0.74384087578409 0.743841064558195 0.74384125333361 0.743841442110337 0.743841630888375 0.743841819667724 9.99999969670718e-11 1.12313819917256
0.737529319037773 0.715652971958701 0.737537045609747 0.737537171620428 0.737537297631034 0.737537423641566 0.737537549652025 0.737537675662407 0.737537801672714 0.737537927682948 9.9999996636626e-11 1.16112098963868
0.736930907152292 0.715000377422411 0.73693765138401 0.736937782295622 0.736937913207733 0.736938044120346 0.736938175033459 0.736938305947071 0.736938436861183 0.736938567775797 9.9999996277291e-11 1.19135438427915
0.346723279944012 0.293403969251221 0.346760760805433 0.34676038614404 0.346760011482244 0.346759636820044 0.346759262157441 0.346758887494435 0.346758512831027 0.346758138167215 9.99999923054931e-11 0.166429316290448
0.296800911685623 0.226909129782564 0.296936485532912 0.296935424448777 0.296934363340095 0.296933302206865 0.296932241049085 0.296931179866752 0.296930118659864 0.296929057428419 9.99999907113541e-11 0.128108876096428
0.338115801559288 0.319303446496079 0.338130383946776 0.338129737351933 0.338129090749354 0.338128444139037 0.338127797520984 0.338127150895194 0.338126504261668 0.338125857620403 9.99999914276277e-11 0.16537442030304
0.315986084105985 0.280951309280096 0.315991212345483 0.315990501928264 0.315989791500345 0.315989081061724 0.315988370612401 0.315987660152376 0.315986949681646 0.315986239200213 9.99999915130748e-11 0.142732818950345
0.737653599492402 0.717910080189667 0.737655974551511 0.737656111180941 0.737656247810585 0.737656384440445 0.737656521070517 0.737656657700805 0.737656794331306 0.737656930962023 9.99999964481472e-11 1.17257700337714
0.284230643476995 0.230021744751803 0.284202562156238 0.284201244124685 0.284199926056104 0.284198607950493 0.28419728980785 0.284195971628171 0.284194653411452 0.284193335157688 9.99999909000552e-11 0.12115341069749
0.368540284601201 0.323429419699267 0.368571836422661 0.36857139853722 0.368570960646866 0.368570522751599 0.368570084851418 0.368569646946323 0.368569209036315 0.368568771121393 9.99999920741462e-11 0.188758465701865
0.337245115026565 0.273076970480176 0.337323530381927 0.33732255192713 0.337321573453274 0.337320594960358 0.337319616448383 0.337318637917346 0.337317659367248 0.337316680798085 9.99999907871534e-11 0.164068412959845
0.355444628814819 0.300965701635146 0.355493941653275 0.355493368719592 0.355492795774055 0.355492222816663 0.355491649847414 0.355491076866307 0.355490503873343 0.355489930868519 9.99999917138835e-11 0.175335216807757
0.354492057127497 0.302121531306777 0.354538182396958 0.354537487036245 0.354536791666059 0.3545360962864 0.354535400897267 0.354534705498661 0.354534010090581 0.354533314673027 9.99999914610844e-11 0.174446171876642
0.736634826330813 0.728120207740683 0.736635123841727 0.736635236227757 0.73663534861315 0.736635460997909 0.736635573382033 0.736635685765522 0.736635798148374 0.736635910530592 9.99999965777767e-11 1.16571213044676
0.337555177350727 0.297253096646128 0.337372212203798 0.337371634468554 0.33737105672402 0.337370478970195 0.337369901207079 0.337369323434672 0.337368745652971 0.337368167861977 9.99999920980481e-11 0.158707574475119
0.739635477929062 0.724816952972952 0.739636508858708 0.739636654854513 0.739636800850424 0.739636946846444 0.739637092842572 0.739637238838806 0.739637384835149 0.739637530831598 9.99999968612412e-11 1.13612911929655
0.738175771761158 0.717569858708613 0.738182554226796 0.738182693379018 0.73818283253167 0.738182971684752 0.738183110838265 0.738183249992207 0.73818338914658 0.738183528301384 9.99999964019736e-11 1.17798339096644
0.320182186066988 0.259568587303705 0.320248300990684 0.320247614873047 0.320246928742962 0.320246242600426 0.320245556445439 0.320244870277999 0.320244184098106 0.320243497905758 9.99999909692025e-11 0.14853108321988
0.268815914494025 0.227590506794839 0.268813461481422 0.268812146916857 0.268810832323166 0.268809517700345 0.268808203048392 0.268806888367304 0.268805573657079 0.268804258917714 9.99999902776561e-11 0.114936524656057
0.354903153455357 0.281093293317732 0.354968839421761 0.354968294681702 0.354967749933087 0.354967205175917 0.354966660410192 0.354966115635911 0.354965570853074 0.354965026061681 9.99999920929126e-11 0.174179304224074
0.284671539163719 0.218934887393728 0.284780173742538 0.284779343805588 0.284778513855406 0.284777683891991 0.284776853915342 0.284776023925459 0.28477519392234 0.284774363905985 9.99999916848651e-11 0.118649294758897
0.738132199345422 0.717467227415515 0.738136607373957 0.738136744820217 0.738136882266687 0.738137019713371 0.73813715716027 0.73813729460738 0.738137432054703 0.738137569502238 9.99999965398547e-11 1.1637039643816
0.275634918167617 0.24375508664597 0.275473947788862 0.275472834386857 0.275471720958956 0.275470607505157 0.275469494025458 0.275468380519857 0.275467266988351 0.275466153430938 9.99999909450802e-11 0.116860301708297
0.251996789939206 0.216698700067789 0.252004025703413 0.252002322836925 0.252000619925868 0.251998916970237 0.251997213970031 0.251995510925243 0.25199380783587 0.251992104701909 9.99999902097118e-11 0.102286365619992
0.741590246524825 0.714205843005293 0.741595047401732 0.741595219512534 0.741595391623851 0.741595563735681 0.741595735848023 0.741595907960878 0.741596080074246 0.741596252188127 9.99999971086593e-11 1.10967181279682
0.271329786343115 0.208246910076914 0.271291535820382 0.271290020743487 0.271288505625439 0.271286990466233 0.271285475265867 0.271283960024336 0.271282444741638 0.271280929417767 9.99999900949474e-11 0.111190582806933
0.368413730677816 0.310280832628109 0.36845320809473 0.368452813030795 0.368452417966269 0.368452022901153 0.368451627835447 0.368451232769151 0.368450837702267 0.368450442634794 9.99999917192564e-11 0.187179695782912
0.335042030345337 0.272598623267496 0.33509793029738 0.3350975159465 0.335097101593879 0.33509668723952 0.335096272883421 0.335095858525583 0.335095444166005 0.335095029804688 9.9999992871737e-11 0.154108627742042
0.271053538151568 0.22972906583984 0.27113855871333 0.271136943785946 0.271135328807069 0.271133713776693 0.271132098694811 0.271130483561419 0.271128868376512 0.271127253140083 9.99999905759695e-11 0.114266549596495
0.283798150818472 0.235470300474094 0.283766437609805 0.283764812604249 0.283763187549184 0.283761562444603 0.283759937290504 0.28375831208688 0.283756686833728 0.283755061531041 9.99999902372778e-11 0.122675463117228
0.739541953341703 0.697589916093454 0.739550251464357 0.739550401365112 0.739550551266754 0.739550701169281 0.739550851072695 0.739551000976994 0.73955115088218 0.739551300788251 9.99999964298133e-11 1.17583975384066
0.740127008433134 0.716466010934457 0.740131356722052 0.740131499604777 0.740131642487296 0.740131785369608 0.740131928251712 0.740132071133609 0.740132214015298 0.74013235689678 9.99999968889343e-11 1.13426724226236
0.366461536793246 0.330759698524993 0.366478832137216 0.366478501759951 0.366478171381117 0.366477841000716 0.366477510618745 0.366477180235207 0.366476849850101 0.366476519463425 9.99999927024307e-11 0.187517353365406
0.355635523127923 0.295649100828594 0.355693125140826 0.355692526138037 0.355691927127258 0.355691328108489 0.355690729081728 0.355690130046977 0.355689531004234 0.3556889319535 9.99999916312075e-11 0.179096955200268
0.230615478446927 0.193032703010949 0.230572142645133 0.230569831609614 0.230567520502706 0.230565209324401 0.230562898074693 0.230560586753577 0.230558275361045 0.230555963897092 9.99999894991012e-11 0.091062342938949
0.738838782866814 0.710013121249512 0.738842933203047 0.738843086346739 0.738843239491167 0.73884339263633 0.73884354578223 0.738843698928866 0.738843852076237 0.738844005224345 9.9999996630606e-11 1.1527332967948
0.32316947006691 0.284910007819093 0.323214186146023 0.323213172255788 0.323212158339775 0.323211144397983 0.323210130430409 0.323209116437054 0.323208102417913 0.323207088372986 9.99999912449381e-11 0.151776692992123
0.738347320958068 0.721354166057807 0.738350089496502 0.738350223753162 0.738350358009653 0.738350492265973 0.738350626522124 0.738350760778105 0.738350895033915 0.738351029289555 9.99999967300375e-11 1.14877340884738
0.263600946495914 0.236262657081236 0.263655117415501 0.263653355554119 0.263651593638934 0.263649831669938 0.263648069647127 0.263646307570494 0.263644545440034 0.263642783255739 9.99999901795688e-11 0.111308215890465
0.311889310790099 0.257472495885396 0.311955868973356 0.311954911752216 0.311953954508665 0.311952997242701 0.311952039954322 0.311951082643526 0.311950125310312 0.311949167954678 9.99999913046008e-11 0.139990375380643
0.363262552454733 0.283104956838508 0.363331754155008 0.363331298263146 0.36333084236866 0.363330386471553 0.363329930571823 0.363329474669472 0.363329018764499 0.363328562856905 9.99999918290477e-11 0.180972601603088
0.740452697501938 0.710508129506189 0.740458875872416 0.740459032587368 0.740459189303085 0.740459346019564 0.740459502736809 0.740459659454816 0.740459816173589 0.740459972893124 9.99999966246874e-11 1.15896466611182
0.295500670239748 0.243759729695292 0.295595773823861 0.295594073260352 0.295592372639268 0.295590671960604 0.295588971224355 0.295587270430515 0.295585569579078 0.29558386867004 9.99999902723576e-11 0.130991312616314
0.739876834879142 0.710169762332192 0.739879870915503 0.739880026299457 0.739880181684148 0.739880337069575 0.739880492455738 0.739880647842637 0.739880803230272 0.739880958618643 9.99999966186435e-11 1.15262220280715
0.348074249946074 0.276819609097164 0.348136672985718 0.348136140199515 0.348135607406112 0.34813507460551 0.348134541797707 0.348134008982704 0.3481334761605 0.348132943331095 9.99999919338504e-11 0.169785660708306
0.370629281029129 0.333021900456144 0.370643909994472 0.370643396258645 0.370642882517412 0.370642368770773 0.37064185501873 0.370641341261281 0.370640827498426 0.370640313730166 9.99999919184507e-11 0.193564178976103
0.347295185388854 0.314738128635387 0.347259014497724 0.347258571855687 0.347258129211336 0.34725768656467 0.347257243915689 0.347256801264394 0.347256358610785 0.34725591595486 9.99999922858978e-11 0.16735274204007
0.372541817796783 0.328333436412959 0.372561058413549 0.37256056721386 0.372560076008165 0.372559584796464 0.372559093578757 0.372558602355042 0.372558111125322 0.372557619889594 9.99999918953454e-11 0.192238033071648
0.371203515875352 0.338413868791151 0.371196052861927 0.371195515338366 0.371194977808569 0.371194440272536 0.371193902730267 0.371193365181761 0.371192827627018 0.371192290066038 9.99999912007438e-11 0.195259447526134
0.355396611454128 0.307952253003911 0.355426320356713 0.355425869113261 0.355425417867041 0.355424966618055 0.355424515366302 0.355424064111782 0.355423612854495 0.355423161594442 9.99999917650053e-11 0.175559046521747
0.737565896481169 0.70800329886145 0.737573342863019 0.737573470564539 0.737573598266124 0.737573725967774 0.737573853669489 0.73757398137127 0.737574109073115 0.737574236775026 9.99999965685664e-11 1.16796402804692
0.740365115862182 0.723643426149918 0.740366424862743 0.740366580051187 0.740366735240409 0.740366890430407 0.740367045621183 0.740367200812734 0.740367356005064 0.740367511198169 9.99999965795164e-11 1.16509127865938
0.738608123067107 0.71188030415317 0.738615229324534 0.738615374949044 0.738615520574097 0.738615666199693 0.738615811825829 0.738615957452509 0.738616103079731 0.738616248707495 9.9999996508853e-11 1.16844867119408
0.373220218863436 0.32140003136269 0.373254454103218 0.373253911455143 0.373253368802998 0.373252826146784 0.373252283486499 0.373251740822146 0.373251198153724 0.373250655481233 9.99999917601935e-11 0.194256517602876
0.363200560635535 0.296586963535385 0.363151160941983 0.363150687650944 0.363150214356172 0.363149741057665 0.363149267755424 0.363148794449449 0.36314832113974 0.363147847826298 9.99999917724812e-11 0.180978275952238
0.383104372186197 0.335925972556346 0.383130128613969 0.383129867303157 0.383129605992057 0.383129344680671 0.383129083368998 0.383128822057038 0.383128560744791 0.383128299432257 9.99999923081785e-11 0.201960142978817
0.365597132968903 0.327684155172138 0.365623816269325 0.365623331926065 0.365622847576774 0.36562236322145 0.365621878860095 0.365621394492707 0.365620910119288 0.365620425739836 9.9999992010286e-11 0.187193755109795
0.737512179024039 0.716814406410115 0.73751629652364 0.737516419058167 0.73751654159199 0.737516664125107 0.737516786657518 0.737516909189225 0.737517031720226 0.737517154250521 9.99999967462816e-11 1.14981712965489
0.367103517936996 0.301646021323478 0.367128691969016 0.367128251220181 0.367127810468536 0.367127369714082 0.367126928956818 0.367126488196745 0.367126047433863 0.367125606668171 9.99999918857952e-11 0.183892366270202
0.738860715976785 0.705088036676753 0.738866933268221 0.73886709053464 0.738867247802159 0.738867405070778 0.738867562340495 0.738867719611313 0.738867876883229 0.738868034156246 9.99999964107179e-11 1.16920593287556
0.337315463471156 0.281790141372818 0.337367181636772 0.337366679409975 0.337366177180181 0.337365674947391 0.337365172711605 0.337364670472822 0.337364168231042 0.337363665986266 9.99999919621664e-11 0.15830151983649
0.350056563018353 0.30929787284131 0.34986984469987 0.349869268368286 0.349868692024105 0.349868115667325 0.349867539297944 0.349866962915962 0.349866386521376 0.349865810114186 9.99999921542922e-11 0.172591888584158
0.362559455180114 0.288516691552717 0.362611089395459 0.362610744490351 0.362610399585671 0.36261005468142 0.362609709777598 0.362609364874205 0.362609019971241 0.362608675068707 9.99999918163075e-11 0.180656992134552
0.741508330083393 0.720686940445843 0.741513310960359 0.741513478205936 0.741513645451991 0.741513812698521 0.741513979945531 0.741514147193018 0.741514314440981 0.741514481689423 9.99999971204751e-11 1.1084629579619
0.352609098325397 0.284254593623413 0.352668550443328 0.352668051216252 0.352667551984813 0.352667052749014 0.352666553508852 0.352666054264329 0.352665555015445 0.352665055762199 9.99999919041683e-11 0.172876365743822
0.282249595727082 0.236549897992854 0.282280527856289 0.282279289017566 0.282278050141738 0.282276811228802 0.282275572278753 0.282274333291588 0.282273094267302 0.282271855205891 9.99999910899413e-11 0.12067530316715
0.374132931928961 0.325587960043031 0.374158282513103 0.374158055448087 0.374157828383761 0.374157601320127 0.374157374257185 0.374157147194935 0.374156920133377 0.374156693072511 9.99999925423734e-11 0.190405647272502
0.741898496669267 0.712989948580853 0.741901332692143 0.741901501732851 0.741901670774546 0.741901839817225 0.741902008860889 0.74190217790554 0.741902346951178 0.7419025159978 9.99999967517539e-11 1.14431107264299
0.281651464389193 0.224188323061304 0.281528391759907 0.281526745483227 0.281525099146391 0.281523452749389 0.281521806292216 0.281520159774865 0.281518513197329 0.2815168665596 9.99999902745559e-11 0.119049000619774
0.735150279753776 0.722894221795111 0.735154277675785 0.735154387876313 0.735154498076362 0.735154608275932 0.735154718475022 0.735154828673633 0.735154938871765 0.735155049069417 9.99999963320539e-11 1.19061276372648
0.738609810437764 0.706169664256772 0.738614502341822 0.738614643727168 0.738614785112836 0.738614926498824 0.738615067885134 0.738615209271765 0.738615350658717 0.73861549204599 9.99999965661182e-11 1.16249093574843
0.340638029480609 0.290782714562299 0.340676242188833 0.34067588722531 0.34067553226074 0.340675177295124 0.340674822328462 0.340674467360754 0.340674112392001 0.340673757422201 9.99999929964974e-11 0.159265394707317
0.330818017572115 0.283074087275957 0.330877769858092 0.330876828737325 0.330875887592851 0.330874946424668 0.330874005232775 0.330873064017169 0.330872122777849 0.330871181514814 9.99999911958851e-11 0.156883737111632
0.74007080393736 0.719264864356192 0.740072653405436 0.740072811358053 0.740072969311166 0.740073127264776 0.740073285218884 0.74007344317349 0.740073601128593 0.740073759084194 9.99999967702069e-11 1.14079405032279
0.30713098446068 0.290282388357108 0.307063112471208 0.307062206009586 0.307061299531177 0.307060393035978 0.307059486523988 0.307058579995207 0.307057673449633 0.307056766887266 9.9999991382454e-11 0.140549730227813
0.740916067645286 0.722863461501019 0.740918455340025 0.740918611393641 0.740918767447799 0.740918923502498 0.740919079557739 0.740919235613521 0.740919391669844 0.74091954772671 9.9999996836643e-11 1.13780602698235
0.365798730158197 0.326429001522727 0.365816553166773 0.36581633145771 0.365816109749057 0.365815888040814 0.365815666332983 0.365815444625564 0.365815222918555 0.365815001211958 9.99999932069145e-11 0.185293874442087
0.305582462033687 0.270114695886038 0.305616060801207 0.305614938988376 0.305613817151803 0.305612695291488 0.305611573407428 0.305610451499621 0.305609329568066 0.30560820761276 9.99999910860094e-11 0.143420656711837
