0.362559642594804 0.290894652123269 0.362628929075345 0.362628137472011 0.362627345855223 0.362626554224983 0.362625762581287 0.362624970924136 0.362624179253529 0.362623387569465 9.99999848665309e-11 0.177863592200278
0.823659672507916 0.788616689690417 0.823664316399852 0.82366447906054 0.823664641721478 0.823664804382666 0.823664967044103 0.82366512970579 0.823665292367726 0.823665455029913 9.99999945816269e-11 1.87426480959151
0.825701337701122 0.801761721773181 0.825703150014215 0.825703331822043 0.825703513631341 0.825703695442109 0.825703877254349 0.825704059068058 0.825704240883237 0.825704422699887 9.99999947050994e-11 1.8700831757751
0.384580173926896 0.317797390788623 0.384619905729708 0.384619422712263 0.384618939692688 0.384618456670984 0.384617973647151 0.384617490621189 0.384617007593099 0.38461652456288 9.99999851713184e-11 0.194883091403084
0.259376725370561 0.20551806388697 0.259363757813957 0.25936157172341 0.25935938556612 0.259357199342081 0.259355013051286 0.259352826693729 0.259350640269404 0.259348453778305 9.99999821629210e-11 0.104592948907675
0.820707623831157 0.800318181319199 0.820710127423472 0.820710278331555 0.820710429240394 0.820710580149992 0.820710731060344 0.820710881971456 0.820711032883324 0.82071118379595 9.99999937372544e-11 1.94270378463806
0.258660480262517 0.189461274647296 0.25865484112062 0.258652809633863 0.258650778088724 0.2586487464852 0.258646714823282 0.258644683102966 0.258642651324246 0.258640619487116 9.99999824558788e-11 0.101642948022322
0.338010355234612 0.27341982771665 0.338117359599926 0.338115933544828 0.3381145074457 0.338113081302537 0.338111655115336 0.338110228884092 0.338108802608802 0.338107376289461 9.99999834170665e-11 0.158747009534214
0.343701697453917 0.29109894934796 0.343757412247383 0.343756589352581 0.343755766443521 0.343754943520203 0.343754120582626 0.343753297630789 0.34375247466469 0.343751651684331 9.99999857038098e-11 0.163283468627733
0.822193630541991 0.802269772215911 0.822198478302827 0.822198636456264 0.822198794609772 0.822198952763347 0.82219911091699 0.8221992690707 0.822199427224479 0.822199585378325 9.99999944189603e-11 1.88923451874625
0.362611115671002 0.303198580305302 0.362649175280904 0.362648561784887 0.362647948285213 0.362647334781882 0.362646721274895 0.362646107764252 0.362645494249953 0.362644880731998 9.99999857162182e-11 0.172970692269055
0.376067920500685 0.30222402936126 0.376115231258471 0.37611478890664 0.376114346554274 0.376113904201373 0.376113461847938 0.376113019493969 0.376112577139466 0.376112134784429 9.99999861669662e-11 0.182466735190511
0.317299120357956 0.245964192135417 0.317432854742938 0.317431339319325 0.317429823853671 0.317428308345972 0.317426792796223 0.317425277204419 0.317423761570556 0.317422245894629 9.99999840393882e-11 0.140148315977529
0.820992471247075 0.801807500816448 0.820995138097564 0.820995275787288 0.820995413476821 0.820995551166166 0.820995688855319 0.820995826544282 0.820995964233054 0.820996101921636 9.99999937143494e-11 1.94318291337581
0.818004664329661 0.802482040188431 0.818006329860838 0.818006450449984 0.818006571038819 0.818006691627341 0.818006812215552 0.81800693280345 0.818007053391036 0.818007173978308 9.99999931484977e-11 1.98486057097599
0.822958414927034 0.800518407443217 0.822960804425924 0.822960970269639 0.822961136114101 0.822961301959308 0.822961467805264 0.822961633651964 0.822961799499412 0.822961965347606 9.99999941400119e-11 1.90043047601907
0.352684649482496 0.305297236108283 0.352571874558978 0.352571195570127 0.352570516568327 0.352569837553577 0.352569158525875 0.352568479485221 0.352567800431615 0.352567121365053 9.99999858429121e-11 0.172733103943682
0.37850610737748 0.326600750346638 0.378444925797586 0.378444552467985 0.378444179136404 0.378443805802841 0.378443432467298 0.378443059129774 0.378442685790269 0.378442312448783 9.9999985190292e-11 0.190203738866801
0.821864964267845 0.799457456611687 0.8218691623724 0.821869316974716 0.821869471577252 0.821869626180012 0.821869780782992 0.821869935386194 0.821870089989617 0.821870244593261 9.99999940765866e-11 1.91380058713441
0.320623410773294 0.274868734673276 0.320544701483824 0.320543056971736 0.320541412400327 0.320539767769591 0.32053812307952 0.320536478330108 0.320534833521345 0.320533188653226 9.9999983821108e-11 0.148322254987351
0.40073125577431 0.303400157625974 0.400791767031979 0.400791321736279 0.400790876439592 0.400790431141917 0.400789985843253 0.400789540543604 0.400789095242967 0.400788649941343 9.99999844761944e-11 0.209133999394607
0.336961666830887 0.268547344630207 0.337048652996735 0.337047514002891 0.337046374985023 0.337045235943129 0.337044096877205 0.337042957787252 0.337041818673266 0.337040679535248 9.99999846004639e-11 0.151366233876373
0.820878760134909 0.797520950986968 0.820883497593495 0.820883629420333 0.820883761246979 0.820883893073434 0.820884024899696 0.820884156725767 0.820884288551646 0.820884420377333 9.99999933854802e-11 1.97237985587022
0.822186598945699 0.796495193722486 0.822191441521867 0.822191590726652 0.822191739931183 0.82219188913546 0.822192038339485 0.822192187543256 0.822192336746771 0.822192485950035 9.99999943298016e-11 1.89737053522463
0.822497129216467 0.799627280125806 0.822500983570251 0.822501133113782 0.822501282657592 0.822501432201685 0.822501581746059 0.822501731290713 0.822501880835647 0.822502030380862 9.999999399487e-11 1.91850262019956
0.362713901136013 0.296882479263871 0.362783581126995 0.362782831384171 0.362782081628643 0.362781331860409 0.362780582079471 0.362779832285825 0.362779082479473 0.362778332660414 9.99999848976929e-11 0.174887865279652
0.359498002436326 0.292737467402475 0.359571936425857 0.359571019689542 0.359570102938336 0.35956918617224 0.359568269391252 0.359567352595374 0.359566435784602 0.359565518958937 9.99999850203122e-11 0.173770183818382
0.319945867124858 0.272682872502605 0.319989085926809 0.31998814433675 0.319987202726382 0.319986261095702 0.319985319444706 0.319984377773394 0.319983436081762 0.319982494369808 9.99999856090901e-11 0.143832069246408
0.330665072830817 0.296084278964962 0.330677520468078 0.330676037710079 0.330674554909953 0.330673072067697 0.330671589183304 0.330670106256773 0.330668623288099 0.330667140277279 9.99999836808631e-11 0.153160937788625
0.819875656469336 0.800533436131433 0.819879327972177 0.819879458819791 0.819879589667041 0.819879720513927 0.819879851360449 0.819879982206606 0.819880113052397 0.819880243897825 9.99999933684729e-11 1.96700828493966
0.291522863135214 0.242218194531484 0.291431461883196 0.29142903029843 0.291426598597979 0.291424166781826 0.291421734849955 0.29141930280235 0.291416870638995 0.291414438359873 9.9999982343898e-11 0.123988772231631
0.345238011887261 0.271488815074272 0.345299091423556 0.345298651539964 0.345298211652974 0.345297771762586 0.3452973318688 0.345296891971617 0.345296452071034 0.345296012167054 9.99999868739961e-11 0.159797159483413
0.329850893488357 0.27426470084705 0.329917957079598 0.329917053607033 0.329916150114562 0.329915246602184 0.329914343069897 0.3299134395177 0.329912535945592 0.32991163235357 9.99999857013991e-11 0.148301602334104
0.350570909608061 0.285245307032227 0.350621103084186 0.350620418363562 0.350619733635837 0.350619048901011 0.350618364159084 0.350617679410056 0.350616994653927 0.350616309890696 9.99999852582173e-11 0.160709525107797
0.368588600333962 0.298194551737236 0.368656214927506 0.368655327526804 0.368654440109273 0.368653552674914 0.368652665223724 0.368651777755703 0.36865089027085 0.368650002769164 9.99999845402672e-11 0.180119664184452
0.817164299841697 0.800391982468081 0.817168735779691 0.817168845549007 0.817168955317753 0.817169065085928 0.817169174853531 0.817169284620563 0.817169394387023 0.817169504152911 9.9999992931391e-11 2.01044750063855
0.375797480213476 0.305565679279429 0.37576360616369 0.375762902626627 0.375762199074554 0.375761495507472 0.375760791925377 0.375760088328269 0.375759384716147 0.375758681089008 9.99999844729836e-11 0.187813147304558
0.819137704337834 0.805945919705229 0.81914152839825 0.819141663979464 0.819141799561089 0.819141935143126 0.819142070725575 0.819142206308435 0.819142341891708 0.819142477475389 9.99999934445315e-11 1.96433783929344
0.821613080601748 0.797802323799998 0.821617741269695 0.821617890881508 0.821618040493474 0.821618190105593 0.821618339717862 0.821618489330285 0.821618638942859 0.821618788555585 9.99999939504391e-11 1.92854936294152
0.310825779466304 0.253107480350467 0.310832048367669 0.310830755330366 0.310829462261672 0.310828169161585 0.310826876030104 0.310825582867225 0.310824289672947 0.310822996447266 9.99999853796898e-11 0.135072425153944
0.256712774985431 0.187372955481869 0.256697897797883 0.25669581838545 0.256693738916136 0.256691659389937 0.256689579806847 0.25668750016686 0.256685420469972 0.256683340716178 9.99999829837678e-11 0.101129194525774
0.362524733603139 0.308063934982227 0.362578336283683 0.362577492149289 0.362576647999243 0.362575803833543 0.362574959652188 0.362574115455177 0.36257327124251 0.362572427014185 9.99999856905343e-11 0.177153446659565
0.333133361129015 0.24832361641469 0.333285741633049 0.333284115002941 0.333282488324995 0.333280861599208 0.333279234825575 0.333277608004092 0.333275981134755 0.333274354217561 9.99999829478726e-11 0.150867621415952
0.819581473735174 0.803575351784418 0.819583446629191 0.819583576515193 0.819583706400683 0.819583836285662 0.819583966170131 0.81958409605409 0.819584225937535 0.819584355820469 9.99999937935172e-11 1.93743896783263
0.31349702536656 0.251049610807362 0.313317073303484 0.313315476330974 0.31331387930528 0.313312282226396 0.313310685094317 0.313309087909037 0.31330749067055 0.313305893378851 9.99999830422297e-11 0.13884523801238
0.2569246038578 0.208652270317167 0.256920534275107 0.256918590831252 0.256916647335124 0.256914703786718 0.256912760186029 0.256910816533052 0.256908872827785 0.256906929070221 9.99999827754535e-11 0.102936098083216
0.821524915972231 0.800488490003355 0.821528249074236 0.821528388276881 0.821528527479096 0.82152866668088 0.82152880588223 0.82152894508315 0.821529084283637 0.821529223483692 9.99999940614758e-11 1.91944632654722
0.288504033392067 0.2492974136246 0.288472069724803 0.288469589265373 0.288467108695927 0.288464628016448 0.28846214722692 0.288459666327329 0.288457185317656 0.288454704197887 9.99999831919999e-11 0.123433916711286
0.36304871902883 0.283664027651048 0.363114339159584 0.363113795809661 0.363113252457146 0.363112709102041 0.363112165744343 0.363111622384056 0.363111079021178 0.363110535655709 9.9999985261916e-11 0.173839879101097
0.371093102485176 0.292104978201427 0.371150074963034 0.371149585813131 0.371149096660956 0.371148607506507 0.371148118349786 0.371147629190792 0.371147140029525 0.371146650865985 9.99999858101622e-11 0.181096264421855
0.284782931870172 0.201945792583808 0.284937871853252 0.284936140864746 0.284934409814218 0.284932678701661 0.284930947527066 0.284929216290424 0.284927484991728 0.284925753630969 9.99999829633327e-11 0.116513247787654
0.278213623469807 0.214648079534745 0.278189522129906 0.27818745309353 0.278185383975262 0.27818331477509 0.278181245493004 0.278179176128991 0.278177106683043 0.278175037155148 9.99999835477975e-11 0.117277196440086
0.820989176719926 0.799960886936687 0.820991216728373 0.820991367168244 0.820991517608737 0.820991668049854 0.820991818491592 0.820991968933953 0.820992119376936 0.82099226982054 9.99999937011624e-11 1.94615858751174
0.818085650303129 0.797027001601127 0.818087941705149 0.818088058818083 0.818088175930737 0.818088293043111 0.818088410155204 0.818088527267015 0.818088644378545 0.818088761489793 9.99999927537105e-11 2.0277230227374
0.369135336349247 0.309922699100558 0.369173783178039 0.369173154651593 0.36917252611804 0.36917189757738 0.369171269029612 0.369170640474737 0.369170011912755 0.369169383343665 9.99999861834607e-11 0.180851565561839
0.368041951373312 0.325424510601735 0.368069525733887 0.368068980861198 0.368068435982927 0.368067891099073 0.368067346209636 0.368066801314616 0.368066256414012 0.368065711507825 9.99999860179996e-11 0.18039652835461
0.234884230037243 0.189925764366885 0.234932563004862 0.234929631437773 0.23492669977694 0.234923768022356 0.234920836174009 0.23491790423189 0.234914972195988 0.234912040066294 9.9999981620896e-11 0.0915082614957571
0.821283792602599 0.799163111450684 0.821286744855371 0.821286895001248 0.821287045147384 0.82128719529378 0.821287345440437 0.821287495587351 0.821287645734526 0.821287795881959 9.99999941975095e-11 1.9049610688503
0.302922006617519 0.237009222305118 0.303001383898353 0.303000033489629 0.302998683047809 0.30299733257289 0.302995982064869 0.302994631523744 0.302993280949513 0.302991930342171 9.99999849024003e-11 0.12932243281279
0.818406179428121 0.803542127034827 0.818408471638118 0.818408599420611 0.818408727203089 0.818408854985553 0.818408982767999 0.818409110550431 0.818409238332846 0.818409366115245 9.99999931424618e-11 1.98847688717084
0.291891682030177 0.238862028165698 0.291999545335365 0.2919975250334 0.291995504662635 0.291993484223059 0.291991463714667 0.29198944313745 0.2919874224914 0.291985401776511 9.99999831932631e-11 0.126799852999527
0.320831761501743 0.270169612061337 0.320862093782438 0.320860407963372 0.320858722083055 0.320857036141483 0.320855350138646 0.32085366407454 0.320851977949155 0.320850291762486 9.99999842205081e-11 0.144971576287716
0.385414937664851 0.343630986391222 0.385443564062502 0.385442997370765 0.385442430673347 0.385441863970248 0.385441297261468 0.385440730547006 0.385440163826862 0.385439597101035 9.99999842306981e-11 0.197861425387475
0.816442744819205 0.806843435936808 0.816444988302806 0.816445091958065 0.816445195612331 0.816445299265604 0.816445402917883 0.816445506569167 0.816445610219458 0.816445713868752 9.99999930158890e-11 2.01128368384596
0.295527840442194 0.216081311746714 0.295705716296411 0.295703365482566 0.295701014591654 0.295698663623667 0.295696312578598 0.295693961456439 0.295691610257184 0.295689258980825 9.99999815666968e-11 0.12701764374545
0.81744253603624 0.801972797186911 0.817445452347409 0.817445565630319 0.817445678912678 0.817445792194484 0.817445905475738 0.817446018756437 0.817446132036586 0.81744624531618 9.99999928949754e-11 2.01245946080318
0.333711121120314 0.284987052865789 0.333778442958257 0.333777242170362 0.33377604134633 0.333774840486159 0.333773639589845 0.333772438657384 0.333771237688773 0.333770036684009 9.99999848382662e-11 0.155456505728313
0.359422677184867 0.275664364217407 0.359498829957255 0.35949815909022 0.359497488216477 0.359496817336025 0.359496146448863 0.359495475554994 0.359494804654415 0.359494133747128 9.99999844337231e-11 0.170445641201388
0.355230271985359 0.302295999167328 0.35522729992032 0.355226519858581 0.355225739787303 0.355224959706483 0.355224179616124 0.355223399516224 0.355222619406783 0.355221839287801 9.9999985666357e-11 0.171272514620751
0.388159135997169 0.32530181518024 0.388192665644973 0.388192238039312 0.388191810431351 0.38819138282109 0.388190955208529 0.38819052759367 0.38819009997651 0.388189672357051 9.99999851615685e-11 0.200191930850822
0.355615401406605 0.301416571688045 0.355621296046633 0.355620657625999 0.355620019197884 0.355619380762289 0.355618742319211 0.355618103868651 0.355617465410609 0.355616826945083 9.99999860293117e-11 0.169085454133982
0.363745848553035 0.280784491733043 0.363790827483468 0.36378986071371 0.36378889392488 0.363787927116974 0.363786960289994 0.363785993443937 0.363785026578803 0.363784059694591 9.99999842059663e-11 0.173289986553689
0.82316699305976 0.797050099585725 0.823172167809944 0.823172330491089 0.823172493172849 0.823172655855224 0.823172818538214 0.823172981221817 0.823173143906035 0.823173306590866 9.99999942331737e-11 1.90044165947369
0.820133706354606 0.805711485896366 0.820134228922647 0.820134361423593 0.820134493924082 0.820134626424112 0.820134758923684 0.820134891422797 0.820135023921451 0.820135156419646 9.99999939189492e-11 1.93594713454197
0.821030197395391 0.799267996562489 0.821033127084704 0.821033274954431 0.82103342282439 0.82103357069458 0.821033718565003 0.821033866435656 0.821034014306541 0.821034162177657 9.99999937405054e-11 1.9385184845005
0.369194573070629 0.306524737856194 0.369257827033183 0.369257017824369 0.369256208601054 0.369255399363241 0.369254590110926 0.36925378084411 0.369252971562791 0.36925216226697 9.99999845087421e-11 0.184908402915163
0.367465643991442 0.297564620303154 0.36731067487273 0.367310226647051 0.367309778418642 0.367309330187504 0.367308881953637 0.367308433717041 0.367307985477716 0.367307537235663 9.99999861491171e-11 0.174707517268197
0.379330056035531 0.321397797973305 0.379363554057042 0.37936301753845 0.379362481014855 0.37936194448626 0.379361407952661 0.379360871414061 0.379360334870458 0.379359798321851 9.99999854187515e-11 0.187064800542812
0.350079173240287 0.276579204016942 0.35014887949678 0.350148157555491 0.350147435608036 0.350146713654415 0.350145991694628 0.350145269728674 0.350144547756554 0.350143825778269 9.99999860087052e-11 0.164009079252929
0.823822443905673 0.801153279515263 0.823825308427543 0.823825480613086 0.82382565279927 0.823825824986096 0.823825997173563 0.823826169361671 0.823826341550421 0.823826513739811 9.99999946831526e-11 1.86690485626429
0.384747962593823 0.301438578337656 0.384637808589912 0.384636860087682 0.384635911562506 0.384634963014383 0.384634014443309 0.384633065849283 0.384632117232302 0.384631168592364 9.9999983491677e-11 0.195990832818642
0.82007679238145 0.798908081268254 0.82008089008941 0.820081019568398 0.820081149046971 0.820081278525131 0.820081408002876 0.820081537480209 0.820081666957127 0.820081796433629 9.99999935956934e-11 1.95538254073465
0.353298624687147 0.303247122613442 0.353346806124904 0.353346006435154 0.353345206730739 0.353344407011657 0.353343607277909 0.353342807529492 0.353342007766405 0.353341207988647 9.99999852088186e-11 0.171861809667274
0.354831739435726 0.287774362631269 0.354757299488765 0.35475659174899 0.354755883998236 0.354755176236503 0.354754468463788 0.354753760680092 0.354753052885414 0.354752345079753 9.99999857615191e-11 0.167515718132228
0.37418760372892 0.304532600541111 0.374236442705298 0.374235948702154 0.374235454696783 0.374234960689186 0.374234466679363 0.374233972667313 0.374233478653038 0.374232984636537 9.99999855933582e-11 0.183671817388721
0.819157907132978 0.79315462530328 0.8191609638453 0.819161090031187 0.819161216216876 0.819161342402366 0.819161468587659 0.819161594772753 0.819161720957649 0.819161847142345 9.99999931571199e-11 1.98685140184926
0.370547377306396 0.291333672491887 0.370606640898542 0.370605976024842 0.370605311145574 0.370604646260736 0.370603981370331 0.370603316474357 0.370602651572815 0.370601986665706 9.99999856037234e-11 0.177631446810251
0.312534043660649 0.240024907307919 0.312598645119761 0.312596995131441 0.312595345087342 0.312593694987456 0.312592044831776 0.312590394620299 0.312588744353015 0.312587094029921 9.99999832181523e-11 0.137597327794275
0.350679832072786 0.292457835397469 0.350712334775122 0.350712023459797 0.350711712146118 0.350711400834084 0.350711089523696 0.350710778214954 0.350710466907859 0.350710155602411 9.99999877315872e-11 0.160429580148585
0.820919870341337 0.804497092903548 0.820922268196506 0.820922409216252 0.820922550236024 0.820922691255827 0.820922832275657 0.820922973295516 0.820923114315401 0.820923255335316 9.99999940251082e-11 1.93040965731903
0.283185534535022 0.213369253446258 0.283214905223949 0.28321300103859 0.283211096785734 0.283209192465374 0.283207288077501 0.283205383622107 0.283203479099184 0.283201574508722 9.99999840153092e-11 0.115854746048319
0.816515437377226 0.80469927812578 0.81651756208432 0.816517680893556 0.816517799702967 0.816517918512549 0.816518037322304 0.816518156132232 0.816518274942331 0.816518393752604 9.99999926318915e-11 2.03904166637959
0.823310548818861 0.799946736360808 0.823315375669342 0.82331554512324 0.823315714577794 0.823315884033004 0.823316053488871 0.823316222945393 0.823316392402571 0.823316561860404 9.99999942318929e-11 1.90304377082264
0.348156780859763 0.268598375927661 0.348222784994744 0.348222246526035 0.348221708054977 0.34822116958157 0.348220631105813 0.348220092627707 0.348219554147253 0.348219015664449 9.99999864136966e-11 0.161618564307547
0.307101028310904 0.264056998280197 0.307160942399536 0.307160025527284 0.30715910864209 0.307158191743952 0.30715727483287 0.307156357908844 0.307155440971872 0.307154524021954 9.99999853873466e-11 0.132201984286506
0.819674732152144 0.793913703619913 0.819678418169083 0.81967855730514 0.819678696441694 0.819678835578741 0.819678974716287 0.819679113854324 0.819679252992857 0.819679392131886 9.99999931452439e-11 1.99037086206017
0.315229214908603 0.265425607015662 0.315281510880809 0.315280377108726 0.315279243313424 0.315278109494901 0.315276975653153 0.315275841788181 0.315274707899982 0.315273573988554 9.99999851453264e-11 0.139962654041884
0.821132054776893 0.797377852514301 0.821137008616316 0.821137164642394 0.821137320669406 0.82113747669735 0.821137632726229 0.82113778875604 0.821137944786786 0.821138100818464 9.9999993846365e-11 1.9324196921129
0.353039991138332 0.283078618947696 0.353094482205029 0.353093978538686 0.353093474870998 0.353092971201963 0.353092467531583 0.353091963859858 0.353091460186788 0.353090956512374 9.99999862077681e-11 0.164445072309508
0.310930039048889 0.24487316393757 0.31086023762049 0.310857944819759 0.310855651918598 0.310853358916993 0.310851065814929 0.310848772612391 0.310846479309364 0.310844185905835 9.99999824438988e-11 0.136443073416098
