0.39178032611251 0.350677014514841 0.391800621808393 0.391800212502305 0.391799803191889 0.391799393877145 0.391798984558073 0.391798575234673 0.391798165906945 0.391797756574888 9.99999885939433e-11 0.206462867172539
0.785291220023787 0.758654220506219 0.785293591984171 0.785293718164474 0.785293844343951 0.785293970522602 0.785294096700429 0.785294222877428 0.785294349053604 0.785294475228951 9.99999953391885e-11 1.52980963606059
0.786542822704521 0.772107026405529 0.786544053259614 0.786544188176505 0.786544323093094 0.786544458009383 0.786544592925371 0.786544727841057 0.786544862756443 0.786544997671527 9.99999952728985e-11 1.53825895809038
0.350174352458429 0.28793686465957 0.350230563007126 0.350229909472591 0.350229255928339 0.350228602374369 0.35022794881068 0.350227295237273 0.350226641654147 0.350225988061301 9.99999890243964e-11 0.168422930065763
0.256912230712191 0.189998684442447 0.256786358774027 0.25678461157952 0.256782864345608 0.256781117072287 0.256779369759554 0.256777622407406 0.25677587501584 0.256774127584855 9.99999861136939e-11 0.101154390311946
0.784451341658751 0.768469881286355 0.784455378433303 0.784455509036435 0.784455639639449 0.784455770242341 0.784455900845111 0.784456031447761 0.78445616205029 0.784456292652697 9.99999951962282e-11 1.54210249921153
0.260144784126156 0.199973554932442 0.260184536066152 0.260182782201557 0.260181028293174 0.260179274341001 0.260177520345033 0.260175766305268 0.2601740122217 0.260172258094326 9.99999864400514e-11 0.105154327379206
0.351664455780278 0.251751493450317 0.351823486689787 0.351822227780365 0.351820968833422 0.351819709848953 0.351818450826955 0.351817191767425 0.351815932670361 0.351814673535757 9.99999863346364e-11 0.169209749237882
0.347800361059382 0.275966589847941 0.347870810289711 0.347870035670509 0.347869261040475 0.347868486399611 0.347867711747917 0.347866937085391 0.347866162412033 0.347865387727844 9.999998858905e-11 0.164895162709284
0.784840084909069 0.762898148275621 0.78484189342678 0.784842023714641 0.784842154001963 0.784842284288742 0.784842414574978 0.784842544860672 0.784842675145822 0.78484280543043 9.99999951916213e-11 1.5411245778465
0.343759030942966 0.304262188887143 0.34376472485385 0.343764102465699 0.34376348006758 0.343762857659494 0.343762235241438 0.343761612813414 0.34376099037542 0.343760367927456 9.99999895384956e-11 0.161601574346895
0.352464104337558 0.311697083498872 0.352477601505186 0.352476901691297 0.352476201868117 0.352475502035644 0.352474802193879 0.35247410234282 0.352473402482469 0.352472702612824 9.99999887873825e-11 0.171479779808512
0.306226748910185 0.244917259044835 0.306340492054908 0.306339054035664 0.306337615976981 0.306336177878857 0.306334739741289 0.306333301564274 0.306331863347809 0.306330425091891 9.99999869407908e-11 0.13485705855259
0.786331902773817 0.760881330795284 0.786334525292217 0.786334661267584 0.786334797242499 0.786334933216961 0.786335069190969 0.786335205164522 0.786335341137622 0.786335477110269 9.99999952915003e-11 1.53113094768732
0.787359051506633 0.762186363090399 0.787361265543425 0.787361408709047 0.787361551874007 0.787361695038304 0.787361838201941 0.787361981364914 0.787362124527225 0.787362267688875 9.99999956770132e-11 1.49155956799523
0.782171171279679 0.763911711158505 0.782174330391585 0.782174450210328 0.782174570028881 0.782174689847244 0.782174809665416 0.782174929483398 0.782175049301188 0.782175169118791 9.99999946727263e-11 1.5812815541327
0.367294050346613 0.266441928196982 0.367278470473857 0.367277978952851 0.367277487429097 0.367276995902594 0.367276504373343 0.367276012841345 0.367275521306599 0.367275029769106 9.99999889614105e-11 0.177454590666731
0.340274142070945 0.27739535760045 0.340036139740105 0.340035046718132 0.340033953663443 0.340032860576037 0.340031767455908 0.340030674303053 0.340029581117468 0.340028487899149 9.99999879456584e-11 0.159267146209986
0.785556516894356 0.762345839076404 0.785558474956031 0.785558612520352 0.785558750084492 0.785558887648453 0.785559025212233 0.785559162775832 0.785559300339251 0.785559437902489 9.9999995232194e-11 1.5340162504315
0.333999370307061 0.265816534702044 0.333783609448013 0.333782461985738 0.333781314491469 0.333780166965203 0.333779019406939 0.333777871816672 0.333776724194402 0.333775576540122 9.99999869826652e-11 0.156770529271995
0.35776815230876 0.282070516874115 0.35783900543399 0.357838079444529 0.357837153436419 0.357836227409661 0.357835301364254 0.357834375300195 0.357833449217485 0.35783252311612 9.99999879331062e-11 0.17340404339721
0.361627562610682 0.309196008926964 0.361668101730923 0.361667650244297 0.361667198753947 0.361666747259875 0.36166629576208 0.361665844260561 0.361665392755321 0.361664941246356 9.99999895151316e-11 0.176099571848097
0.785009501424304 0.767390090328677 0.785010332923751 0.785010456964657 0.785010581004904 0.785010705044489 0.785010829083416 0.785010953121682 0.785011077159288 0.785011201196233 9.99999951654523e-11 1.54736107499321
0.788511914699111 0.755152946538161 0.788514718127857 0.788514885337835 0.788515052548537 0.788515219759963 0.788515386972114 0.788515554184989 0.788515721398589 0.788515888612912 9.99999955821896e-11 1.50332177029272
0.780721570982405 0.76317547041319 0.780725345342716 0.780725445719336 0.780725546095167 0.780725646470209 0.780725746844463 0.780725847217929 0.780725947590606 0.780726047962494 9.99999944434761e-11 1.61100717784524
0.380861419971148 0.264932236001012 0.380918223242172 0.38091791115584 0.38091759907132 0.380917286988612 0.380916974907718 0.380916662828637 0.38091635075137 0.380916038675918 9.9999989134653e-11 0.188406004626353
0.334052957812046 0.261894606353674 0.334154075634594 0.334153224407287 0.334152373165453 0.334151521909095 0.334150670638208 0.334149819352793 0.334148968052849 0.334148116738374 9.99999881081070e-11 0.152812448703661
0.301369210106488 0.248933669665326 0.301336642358564 0.301335440381773 0.301334238374424 0.301333036336511 0.301331834268034 0.301330632168989 0.301329430039374 0.301328227879186 9.99999879909567e-11 0.131735838895428
0.326124994145966 0.226367187577895 0.326279077263256 0.326277796316976 0.326276515333473 0.326275234312743 0.326273953254781 0.326272672159584 0.32627139102715 0.326270109857474 9.99999868811851e-11 0.14442572930174
0.788302812887574 0.761052106897316 0.78830803278963 0.788308192523127 0.788308352256762 0.788308511990536 0.78830867172445 0.788308831458501 0.788308991192691 0.788309150927019 9.99999957282454e-11 1.48961613239284
0.323356021749362 0.266489407352278 0.323302954979045 0.323300856919727 0.323298758769138 0.323296660527267 0.323294562194103 0.323292463769637 0.323290365253857 0.323288266646751 9.99999854641051e-11 0.151554292181139
0.382251033745773 0.305366413027877 0.382292892577552 0.382292582311152 0.382292272046113 0.382291961782433 0.382291651520115 0.382291341259157 0.382291030999561 0.382290720741327 9.99999892881979e-11 0.193219323283178
0.292675028389546 0.211028815321992 0.292841800449956 0.292840495492745 0.292839190509047 0.29283788549886 0.292836580462183 0.292835275399013 0.292833970309349 0.292832665193188 9.99999874005594e-11 0.121252438548758
0.363890366782936 0.274500601052646 0.363956468181328 0.363956060816495 0.363955653451744 0.363955246087075 0.363954838722489 0.363954431357985 0.363954023993565 0.363953616629228 9.99999888524154e-11 0.175111976377263
0.383571315990947 0.306258092101993 0.383632609200455 0.383631985672952 0.383631362138236 0.383630738596306 0.383630115047165 0.383629491490809 0.383628867927239 0.383628244356456 9.99999877491208e-11 0.197704389853711
0.78345263633611 0.761159270008618 0.783454237995623 0.783454350784209 0.783454463572029 0.78345457635908 0.783454689145364 0.78345480193088 0.783454914715627 0.783455027499607 9.99999946210373e-11 1.59108926884673
0.359429257597457 0.274889871966981 0.358701326628621 0.358700374057017 0.358699421449063 0.358698468804754 0.358697516124082 0.358696563407041 0.358695610653624 0.358694657863825 9.99999883413044e-11 0.175154393665819
0.78743090129449 0.751007674614794 0.78743584248238 0.787435991184878 0.787436139887272 0.787436288589558 0.787436437291737 0.78743658599381 0.787436734695776 0.787436883397635 9.99999953930891e-11 1.51937124947396
0.785149052283006 0.769683583263684 0.785149880578546 0.785150007211722 0.785150133844206 0.785150260475997 0.785150387107094 0.785150513737498 0.785150640367209 0.785150766996227 9.99999952332945e-11 1.53940776309091
0.329971424774116 0.270350019848313 0.330046063617945 0.330045267258084 0.330044470882379 0.330043674490831 0.330042878083437 0.330042081660197 0.330041285221108 0.33004048876617 9.9999988546723e-11 0.152046673797155
0.286741003501636 0.238842625251134 0.286730263803112 0.286728441583973 0.286726619301945 0.286724796957023 0.2867229745492 0.286721152078468 0.286719329544822 0.286717506948253 9.99999859390878e-11 0.12653526711774
0.352263202551337 0.266930802337105 0.35233116054882 0.352330787711342 0.352330414872919 0.352330042033555 0.352329669193247 0.352329296351997 0.352328923509804 0.35232855066667 9.99999897677434e-11 0.167748799844455
0.309406726337861 0.225406337163827 0.30953011291261 0.309529192248717 0.309528271568266 0.309527350871254 0.309526430157683 0.309525509427552 0.309524588680858 0.309523667917602 9.99999883836444e-11 0.13410605309382
0.785495363283451 0.754818526280441 0.785499318236067 0.785499453545377 0.785499588854298 0.78549972416283 0.785499859470973 0.785499994778726 0.78550013008609 0.785500265393063 9.99999953950703e-11 1.52352523416118
0.28472630375374 0.21926969798368 0.284736438878523 0.284734372080704 0.284732305202352 0.284730238243457 0.284728171204006 0.284726104083991 0.2847240368834 0.284721969602223 9.99999866487374e-11 0.121320160818734
0.248025162380918 0.189628214411469 0.247968112475037 0.247966452034915 0.247964791550961 0.24796313102317 0.247961470451538 0.247959809836062 0.247958149176738 0.24795648847356 9.99999868720234e-11 0.0978325158667186
0.78454777203314 0.763828294458466 0.784550623728352 0.784550750690268 0.78455087765193 0.784551004613339 0.784551131574493 0.784551258535393 0.784551385496039 0.784551512456431 9.99999948655486e-11 1.56829127925645
0.277887031500698 0.190243928677379 0.277946933755614 0.277944781292865 0.277942628745385 0.277940476113163 0.27793832339619 0.277936170594455 0.277934017707949 0.277931864736662 9.99999861361644e-11 0.117200123974614
0.346299360156429 0.268258746339759 0.346395734935247 0.346394819445645 0.346393903938449 0.346392988413659 0.346392072871274 0.346391157311293 0.346390241733717 0.346389326138543 9.99999877643838e-11 0.162697697330264
0.348180453975926 0.27269903285044 0.348246884668125 0.348246284735042 0.348245684796616 0.348245084852847 0.348244484903736 0.348243884949281 0.348243284989484 0.348242685024344 9.9999989037273e-11 0.163264145948951
0.297985999161089 0.254501261049179 0.298049328108654 0.298048086998069 0.298046845860068 0.298045604694648 0.298044363501806 0.298043122281541 0.29804188103385 0.298040639758731 9.99999872908733e-11 0.131857025578001
0.287108390413092 0.23943039402487 0.287090826451361 0.287089278362617 0.287087730225946 0.287086182041343 0.287084633808804 0.287083085528323 0.287081537199897 0.287079988823521 9.99999872998787e-11 0.12218642593044
0.780532364044361 0.765128837460367 0.780535467757631 0.780535555761936 0.780535643764917 0.780535731766578 0.780535819766916 0.780535907765931 0.780535995763624 0.780536083759994 9.99999944078367e-11 1.61816043058907
0.789896736454178 0.76139196029111 0.789898177189185 0.789898348081267 0.789898518974012 0.789898689867423 0.789898860761497 0.789899031656237 0.789899202551641 0.789899373447709 9.99999958298666e-11 1.48335859847659
0.343319477845241 0.308407062800906 0.343350858710883 0.343349821394569 0.343348784046202 0.343347746665782 0.343346709253304 0.343345671808765 0.343344634332163 0.343343596823494 9.99999882649509e-11 0.165055362309864
0.36893617977941 0.324323944110823 0.36896653459743 0.368965999413598 0.368965464226305 0.36896492903555 0.368964393841335 0.368963858643659 0.368963323442522 0.368962788237924 9.9999988721076e-11 0.182653906173378
0.24779026507452 0.186369992976749 0.247823209182695 0.247821075274842 0.247818941308302 0.247816807283072 0.247814673199145 0.247812539056517 0.247810404855182 0.247808270595136 9.99999854234043e-11 0.0995804839305795
0.78568169974205 0.74821374815395 0.785686348037194 0.785686496472771 0.785686644908503 0.78568679334439 0.785686941780431 0.785687090216627 0.785687238652977 0.785687387089482 9.99999953493457e-11 1.51963989405009
0.342620498724524 0.298202274169978 0.342508189868556 0.342506966386406 0.342505742865099 0.342504519304631 0.342503295704997 0.342502072066194 0.342500848388218 0.342499624671065 9.99999874426501e-11 0.163683213468373
0.785903806331359 0.752062255589896 0.785908413349516 0.785908560301974 0.785908707254691 0.785908854207667 0.785909001160902 0.785909148114397 0.785909295068148 0.785909442022161 9.99999950150039e-11 1.5469229785831
0.298957635925235 0.245701925522768 0.299064725366281 0.299062588240709 0.299060451030733 0.299058313736345 0.299056176357533 0.299054038894289 0.299051901346603 0.299049763714466 9.99999862417999e-11 0.129147922229744
0.339582677363409 0.258806083329596 0.339674518729743 0.339673776983423 0.339673035224865 0.339672293454068 0.339671551671032 0.339670809875757 0.339670068068241 0.339669326248485 9.99999886475353e-11 0.157304443166104
0.368544762178308 0.309230873050431 0.368581083522348 0.368580651974535 0.368580220423668 0.368579788869747 0.368579357312773 0.368578925752744 0.368578494189661 0.368578062623525 9.99999890044201e-11 0.18299260011889
0.783693231452456 0.774065798603518 0.783693179707307 0.783693306216792 0.783693432725834 0.783693559234431 0.783693685742587 0.783693812250295 0.783693938757561 0.783694065264382 9.99999952254042e-11 1.54252113996862
0.291159637641273 0.238061662191368 0.291271695106313 0.291269784086458 0.291267872999202 0.291265961844539 0.291264050622461 0.291262139332961 0.291260227976034 0.291258316551671 9.99999857676088e-11 0.125971912378655
0.783454605044143 0.770586041091005 0.783455231030951 0.783455337958571 0.783455444885034 0.783455551810343 0.783455658734496 0.783455765657493 0.783455872579334 0.783455979500019 9.99999949104675e-11 1.56405671444423
0.348095262593839 0.279903602041077 0.348165955408813 0.34816523151224 0.348164507605387 0.348163783688254 0.348163059760841 0.348162335823147 0.348161611875172 0.348160887916915 9.99999878861246e-11 0.163822264130094
0.376135357423833 0.318932056048344 0.376185049124593 0.37618439931952 0.376183749504523 0.376183099679601 0.376182449844753 0.37618179999998 0.376181150145281 0.376180500280654 9.99999882386608e-11 0.1944067381356
0.393649146027517 0.328982338479041 0.393686963505905 0.393686511655492 0.393686059801829 0.393685607944918 0.393685156084758 0.39368470422135 0.393684252354692 0.393683800484786 9.99999881778322e-11 0.208078870242706
0.368158122071139 0.291797893568681 0.368211479417514 0.368211083308033 0.368210687196916 0.368210291084161 0.368209894969772 0.368209498853745 0.368209102736083 0.368208706616784 9.99999890387162e-11 0.181008345305851
0.361259990328755 0.306538354384585 0.361264684917376 0.361263913460863 0.361263141989443 0.361262370503114 0.361261599001876 0.361260827485727 0.361260055954668 0.361259284408697 9.99999881628483e-11 0.179698519500054
0.3511310534567 0.283375698005673 0.351052446580907 0.35105200482876 0.351051563073731 0.35105112131582 0.351050679555028 0.351050237791353 0.351049796024798 0.351049354255361 9.99999891697576e-11 0.167403866473125
0.785088726886087 0.756929405557799 0.785093718397304 0.78509385215949 0.785093985921622 0.785094119683699 0.785094253445721 0.785094387207689 0.785094520969601 0.785094654731458 9.99999951398484e-11 1.54354315016931
0.789763507868103 0.766180278556657 0.789764799750342 0.789764966948898 0.789765134147773 0.789765301346967 0.78976546854648 0.789765635746312 0.789765802946462 0.78976597014693 9.99999956865719e-11 1.49896187434184
0.785445485067415 0.759360197099444 0.785448992555033 0.785449125011959 0.785449257468619 0.785449389925014 0.785449522381144 0.785449654837008 0.785449787292607 0.785449919747939 9.99999951536026e-11 1.54098870081582
0.353065725182523 0.312350319922143 0.353100470697572 0.353099873012603 0.353099275318123 0.353098677614131 0.353098079900626 0.353097482177608 0.353096884445075 0.353096286703027 9.99999886273041e-11 0.176522900142246
0.355880093097939 0.268418734678072 0.355953571744974 0.355952922332699 0.355952272911498 0.355951623481372 0.355950974042319 0.355950324594341 0.355949675137436 0.355949025671604 9.99999886312226e-11 0.170460972554077
0.358723063950824 0.313173537080889 0.358770724001756 0.358770077798382 0.358769431585509 0.358768785363136 0.358768139131263 0.35876749288989 0.358766846639015 0.358766200378638 9.99999887172781e-11 0.175697599539905
0.376629806373968 0.310035577578645 0.376677795277893 0.376677123444759 0.376676451599054 0.376675779740776 0.376675107869925 0.376674435986499 0.376673764090499 0.376673092181924 9.9999988351008e-11 0.19447878413045
0.785282881939976 0.770002121543265 0.785284581781288 0.785284708685923 0.785284835590106 0.785284962493839 0.785285089397118 0.785285216299946 0.785285343202323 0.785285470104249 9.99999951509128e-11 1.54507463493026
0.36388650447771 0.316160383189189 0.363840229497586 0.36383974840841 0.36383926731303 0.363838786211446 0.363838305103659 0.363837823989666 0.363837342869468 0.363836861743065 9.99999892170646e-11 0.177701353455887
0.78352029668834 0.769041626701293 0.783522051975593 0.783522168001891 0.783522284027444 0.78352240005225 0.78352251607631 0.783522632099623 0.783522748122192 0.783522864144012 9.99999950079777e-11 1.55739244484847
0.36612974605412 0.312079278677869 0.366163721741076 0.366163299622756 0.366162877503429 0.366162455383095 0.366162033261754 0.366161611139407 0.366161189016053 0.366160766891692 9.99999887536232e-11 0.180748372608036
0.373305121602996 0.322088508938291 0.373209210307213 0.373208652004117 0.373208093694321 0.373207535377825 0.373206977054628 0.37320641872473 0.37320586038813 0.373205302044828 9.99999887717540e-11 0.188367208085426
0.387189626816767 0.334804236092545 0.387232402647311 0.387231686002886 0.387230969346728 0.387230252678839 0.387229535999216 0.387228819307861 0.387228102604772 0.38722738588995 9.99999878303199e-11 0.208111303997346
0.785068712544383 0.75900074446799 0.785070685762403 0.785070833588363 0.785070981414763 0.785071129241602 0.785071277068879 0.785071424896597 0.785071572724752 0.785071720553348 9.999999522813e-11 1.53286150270195
0.384748082753282 0.345829282247515 0.384772911484354 0.384772429794076 0.384771948098043 0.384771466396256 0.384770984688715 0.384770502975418 0.384770021256366 0.38476953953156 9.99999889985352e-11 0.199945931574508
0.302952718759436 0.208627139065027 0.303088781296261 0.303087422842074 0.303086064350928 0.303084705822819 0.303083347257744 0.303081988655699 0.303080630016682 0.30307927134069 9.99999873045509e-11 0.129566627271967
0.393959207448923 0.342860963988127 0.39398952605479 0.393988936946343 0.3939883478289 0.39398775870246 0.393987169567024 0.393986580422592 0.393985991269161 0.393985402106734 9.99999874732503e-11 0.21380455123826
0.786116519406423 0.768084332691506 0.786116238888856 0.786116374981998 0.786116511075119 0.786116647168221 0.786116783261301 0.786116919354362 0.786117055447401 0.786117191540419 9.99999950118103e-11 1.56077756577623
0.303118798139744 0.248425351514649 0.303096403218732 0.303095019472466 0.303093635678791 0.3030922518377 0.303090867949187 0.303089484013246 0.303088100029872 0.303086715999059 9.99999877663649e-11 0.133740157332264
0.786636693118412 0.764437208515369 0.786640542211504 0.786640688376193 0.786640834540689 0.786640980704993 0.786641126869104 0.786641273033022 0.786641419196746 0.786641565360277 9.99999955387428e-11 1.51088839879687
0.785237274059351 0.746820213277315 0.785240787962725 0.785240916378116 0.785241044792843 0.785241173206906 0.785241301620306 0.785241430033042 0.785241558445115 0.785241686856524 9.99999950217785e-11 1.55480318637144
0.351542038091826 0.291417430230121 0.351596746540181 0.351596103511685 0.351595460475294 0.351594817431009 0.351594174378828 0.351593531318752 0.351592888250781 0.351592245174914 9.99999884192801e-11 0.166315137475203
0.343703804210654 0.27682201392203 0.343815060809291 0.343813624312024 0.343812187766231 0.343810751171908 0.34380931452905 0.343807877837654 0.343806441097715 0.343805004309228 9.9999986892237e-11 0.161003893866498
0.782097742704615 0.770644561114197 0.782098408260449 0.78209850390568 0.782098599549638 0.78209869519232 0.782098790833729 0.782098886473863 0.782098982112722 0.782099077750305 9.99999947157652e-11 1.58954096262254
0.315747251209703 0.261660800405591 0.315693828928439 0.315692795547194 0.315691762142079 0.315690728713095 0.315689695260238 0.315688661783508 0.315687628282902 0.315686594758418 9.99999887306345e-11 0.140177449953406
0.78625680973334 0.755960520764319 0.78625965939131 0.786259811534942 0.786259963679123 0.786260115823853 0.786260267969135 0.786260420114965 0.786260572261346 0.786260724408277 9.99999952776983e-11 1.52844970486421
0.370347732859346 0.282897684173359 0.370429267466196 0.370428503263836 0.370427739049807 0.370426974824108 0.370426210586737 0.370425446337695 0.370424682076982 0.370423917804596 9.99999877860013e-11 0.180725636027826
0.274338872201957 0.222185120543584 0.274283351300069 0.274281812827805 0.274280274314448 0.274278735759994 0.274277197164439 0.27427565852778 0.274274119850011 0.27427258113113 9.99999866964115e-11 0.112774986091469
