0.362182127934177 0.298961167864526 0.362236754868475 0.362235955295844 0.362235155709338 0.362234356108957 0.3622335564947 0.362232756866564 0.362231957224551 0.36223115756866 9.9999983779012e-11 0.17363654603837
0.833304895523067 0.81175446344218 0.833308444453335 0.833308557554088 0.833308670654505 0.83330878375458 0.83330889685432 0.833309009953719 0.83330912305278 0.833309236151502 9.99999919856610e-11 2.23954273320371
0.837290648086774 0.814310976637111 0.837296037986256 0.837296183425088 0.837296328864179 0.837296474303531 0.83729661974314 0.837296765183009 0.837296910623135 0.83729705606352 9.99999930627053e-11 2.16070241541453
0.365389307783422 0.270880996692245 0.365489883279487 0.365489093892952 0.365488304496018 0.365487515088682 0.365486725670946 0.365485936242808 0.365485146804267 0.365484357355324 9.99999825344482e-11 0.172006237655477
0.244267305173165 0.191010366431919 0.244230531090143 0.244228280002407 0.244226028855898 0.24422377765061 0.244221526386537 0.244219275063672 0.244217023682007 0.244214772241538 9.99999808304884e-11 0.0946904063776879
0.834594015843645 0.815971071027476 0.834596503421296 0.834596633130869 0.834596762840646 0.834596892550625 0.834597022260806 0.83459715197119 0.834597281681777 0.834597411392566 9.99999922686846e-11 2.2217925202663
0.273767801964924 0.231354649555843 0.273690195895226 0.273688013742469 0.27368583152493 0.273683649242604 0.273681466895484 0.273679284483564 0.273677102006837 0.273674919465296 9.99999803829769e-11 0.113070685521811
0.299731735002685 0.251909985632345 0.29980372260212 0.299802399857675 0.299801077078072 0.299799754263309 0.299798431413382 0.299797108528286 0.299795785608017 0.299794462652573 9.999998335181e-11 0.127836209823486
0.377996219791078 0.314551966536366 0.378042357122513 0.378041837400546 0.378041317674246 0.378040797943613 0.378040278208648 0.378039758469348 0.378039238725714 0.378038718977746 9.99999838284191e-11 0.185676878563707
0.835165537163798 0.812425233325141 0.835170213513311 0.835170339538283 0.835170465562932 0.835170591587256 0.835170717611258 0.835170843634937 0.835170969658292 0.835171095681323 9.99999925635866e-11 2.19402052119532
0.37728538297989 0.305609619307957 0.377350327476369 0.377349682761233 0.377349038036087 0.377348393300931 0.377347748555764 0.377347103800586 0.377346459035395 0.377345814260193 9.99999831883894e-11 0.187351044980665
0.360801180204023 0.267718495631244 0.360884008513817 0.36088345036559 0.360882892213707 0.360882334058168 0.360881775898973 0.360881217736122 0.360880659569615 0.360880101399453 9.99999838929043e-11 0.17116941508969
0.333618054448998 0.257654405752108 0.333733017421652 0.333731812025707 0.333730606608304 0.333729401169441 0.333728195709117 0.33372699022733 0.333725784724078 0.333724579199361 9.99999808622620e-11 0.150745564666513
0.834050675744233 0.815913830974345 0.834051564828951 0.834051683573736 0.834051802318123 0.834051921062107 0.834052039805692 0.834052158548874 0.834052277291656 0.834052396034038 9.99999921933544e-11 2.22485313333896
0.834943896284414 0.805161464725625 0.834948796251309 0.834948924376175 0.834949052501105 0.834949180626095 0.834949308751147 0.83494943687626 0.834949565001434 0.83494969312667 9.99999923634827e-11 2.20237564375344
0.836818595799765 0.815152765753691 0.836824751061523 0.836824895289029 0.836825039516761 0.836825183744721 0.836825327972905 0.836825472201319 0.836825616429956 0.83682576065882 9.99999929742561e-11 2.15429959229465
0.362461295552001 0.304223901975387 0.362392250289613 0.362391691288665 0.362391132282033 0.362390573269714 0.362390014251707 0.362389455228014 0.362388896198632 0.362388337163563 9.99999838309936e-11 0.171937024637777
0.36151387767149 0.293545130851334 0.361426635292905 0.361425968822011 0.361425302344308 0.361424635859798 0.361423969368481 0.361423302870354 0.361422636365419 0.361421969853675 9.99999836729503e-11 0.171164289553584
0.83638965382902 0.812775641322551 0.836393114996534 0.836393244042603 0.836393373088338 0.836393502133743 0.836393631178814 0.836393760223554 0.836393889267961 0.836394018312037 9.99999930280493e-11 2.16098163223832
0.330990124738033 0.250299352335083 0.330709658206813 0.330708736226986 0.330707814225666 0.330706892202852 0.330705970158542 0.330705048092733 0.330704126005422 0.330703203896607 9.99999826620284e-11 0.147583879706167
0.384967877742667 0.290009339922477 0.385029445194394 0.385028834228475 0.385028223254973 0.385027612273889 0.385027001285221 0.385026390288971 0.385025779285135 0.385025168273716 9.99999830423159e-11 0.191402201281603
0.399388468674343 0.339015180532071 0.399424408313215 0.399423819405605 0.399423230489726 0.39942264156558 0.399422052633163 0.399421463692478 0.399420874743522 0.399420285786296 9.99999818879889e-11 0.209505411723153
0.835938018197667 0.810446787518819 0.835940284446248 0.835940420616607 0.835940556787012 0.83594069295746 0.835940829127952 0.835940965298487 0.835941101469067 0.835941237639689 9.99999926958913e-11 2.18629757365586
0.83531483686429 0.813989255531413 0.835318657303731 0.835318787762356 0.835318918220895 0.835319048679349 0.835319179137717 0.835319309596001 0.835319440054197 0.83531957051231 9.99999926544965e-11 2.18848969117545
0.832620845084805 0.814185130415485 0.832623465088883 0.832623574599359 0.832623684109386 0.832623793618966 0.832623903128096 0.83262401263678 0.832624122145016 0.832624231652801 9.99999919605865e-11 2.24884620510496
0.416621320853633 0.334914644544952 0.416653175534375 0.416652967746709 0.416652759961847 0.41665255217979 0.416652344400538 0.416652136624091 0.41665192885045 0.416651721079614 9.99999836142993e-11 0.220863777116558
0.306041085355713 0.258947950332225 0.306111344523511 0.306110183205952 0.306109021864011 0.306107860497687 0.306106699106979 0.306105537691882 0.306104376252397 0.306103214788521 9.99999838437675e-11 0.132833548684006
0.315981651927611 0.252074472839038 0.316056301314513 0.316055266056176 0.316054230784541 0.316053195499609 0.316052160201379 0.31605112488985 0.316050089565022 0.316049054226895 9.99999817191513e-11 0.138011343452407
0.341533574189094 0.269148636885403 0.341606607049121 0.341605764877521 0.341604922692984 0.34160408049551 0.341603238285097 0.341602396061745 0.341601553825452 0.341600711576219 9.99999820685587e-11 0.155456191817434
0.837514098113321 0.82475240492717 0.837516940585756 0.837517080029365 0.837517219472459 0.837517358915039 0.837517498357102 0.837517637798649 0.83751777723968 0.837517916680195 9.99999935981359e-11 2.11483990016761
0.284175501995051 0.225036431539946 0.284078005041093 0.284076688828626 0.284075372588887 0.284074056321873 0.284072740027581 0.284071423706009 0.284070107357153 0.284068790981011 9.99999825758283e-11 0.118998550662032
0.400253448714162 0.335773387274913 0.400281867216142 0.400281498625447 0.400281130035535 0.400280761446407 0.400280392858063 0.400280024270504 0.400279655683728 0.400279287097736 9.99999835539925e-11 0.204368539534984
0.325164663831142 0.272253311839151 0.325240893087946 0.325239659059832 0.325238425006139 0.325237190926866 0.325235956822011 0.325234722691572 0.325233488535547 0.325232254353934 9.9999981643084e-11 0.145820218527856
0.359851893257439 0.301675003514564 0.359893303041069 0.359892527826457 0.359891752602902 0.3598909773704 0.359890202128953 0.35988942687856 0.359888651619221 0.359887876350934 9.9999982350427e-11 0.170882484324364
0.376564846228785 0.279322123459263 0.37663549417169 0.376635085293262 0.376634676414037 0.376634267534012 0.376633858653188 0.376633449771566 0.376633040889145 0.376632632005925 9.99999834450341e-11 0.182314643917642
0.835883220642678 0.81295418672539 0.835885042271387 0.83588517674787 0.835885311224347 0.835885445700822 0.835885580177292 0.835885714653759 0.835885849130221 0.835885983606679 9.99999922813856e-11 2.21177873993045
0.368455688455782 0.297407436079606 0.368266942928874 0.36826646820737 0.36826599348121 0.368265518750392 0.368265044014918 0.368264569274785 0.368264094529995 0.368263619780546 9.99999851199244e-11 0.177943554382429
0.833599700497312 0.808539691052176 0.83359933950875 0.833599472582252 0.833599605656391 0.833599738731169 0.833599871806585 0.833600004882639 0.833600137959329 0.833600271036659 9.99999915653322e-11 2.27231633337575
0.837120794587009 0.815459731657285 0.837121463836988 0.837121600151419 0.837121736465626 0.837121872779607 0.837122009093365 0.837122145406895 0.837122281720201 0.837122418033281 9.99999928246301e-11 2.17734454276213
0.2912740122155 0.205997041020157 0.291199782433441 0.291198239896155 0.291196697303654 0.29119515465593 0.291193611952975 0.291192069194781 0.29119052638134 0.291188983512645 9.99999829877107e-11 0.119684644024313
0.285014690478064 0.252599151160515 0.285027548924006 0.285025396591794 0.285023244205336 0.285021091764628 0.285018939269665 0.285016786720442 0.285014634116953 0.285012481459196 9.99999796864427e-11 0.120974637175406
0.396339217540392 0.308295150861921 0.396383201807071 0.396382884809428 0.396382567813432 0.396382250819086 0.396381933826387 0.396381616835337 0.396381299845936 0.396380982858186 9.99999834785557e-11 0.199366184550771
0.342780396550708 0.278985239892321 0.34284549924556 0.342844800743444 0.342844102233386 0.342843403715383 0.342842705189437 0.342842006655546 0.342841308113711 0.34284060956393 9.99999834585591e-11 0.156903072598213
0.833239774557992 0.815771217537806 0.833240467844718 0.833240579593995 0.833240691342762 0.833240803091022 0.833240914838773 0.833241026586014 0.833241138332747 0.833241250078971 9.99999918938351e-11 2.24816236901179
0.292602631179904 0.236361671762709 0.292549998005666 0.292548080796859 0.292546163532058 0.292544246211256 0.292542328834447 0.292540411401627 0.29253849391279 0.29253657636793 9.99999801323042e-11 0.12319174230511
0.258866793350771 0.195816756967883 0.258717138063741 0.25871528479454 0.258713431482075 0.258711578126342 0.258709724727336 0.258707871285055 0.258706017799494 0.258704164270649 9.99999795665265e-11 0.100649973948795
0.832825610380401 0.809264559556976 0.832828404443204 0.8328285249022 0.832828645361419 0.832828765820861 0.832828886280527 0.832829006740414 0.832829127200524 0.832829247660859 9.99999917031935e-11 2.26653438015637
0.280447714208276 0.210871594102642 0.280564028448296 0.280561908050258 0.280559787596877 0.280557667088148 0.280555546524067 0.280553425904629 0.280551305229829 0.280549184499664 9.99999797015266e-11 0.11626486425317
0.398072115035022 0.33274946443645 0.398105176745897 0.398104767993345 0.398104359238913 0.398103950482602 0.398103541724412 0.398103132964343 0.398102724202395 0.398102315438567 9.99999829570354e-11 0.206124795496754
0.386947446671893 0.317264263542053 0.386999894188989 0.386999218962023 0.386998543725524 0.386997868479491 0.386997193223924 0.386996517958822 0.386995842684185 0.386995167400012 9.99999828629074e-11 0.195645913366317
0.264894920837249 0.198363778772344 0.265017662135674 0.26501618932919 0.265014716494948 0.265013243632945 0.265011770743178 0.265010297825645 0.265008824880343 0.265007351907271 9.9999982443185e-11 0.105199813497914
0.300017642476868 0.233172326727669 0.300054718774101 0.300052741093798 0.300050763354671 0.300048785556713 0.300046807699919 0.300044829784282 0.300042851809799 0.300040873776463 9.99999794438498e-11 0.128142980183241
0.834483944537432 0.815995368066786 0.834486165057799 0.834486279719569 0.834486394380745 0.834486509041327 0.834486623701316 0.834486738360709 0.834486853019508 0.834486967677712 9.99999923153837e-11 2.22039539597386
0.833342968514238 0.814386157367263 0.833348419192636 0.833348526684031 0.833348634174688 0.83334874166461 0.833348849153794 0.833348956642242 0.833349064129953 0.833349171616925 9.99999922469916e-11 2.22770596265518
0.376901972502501 0.296284300843188 0.37695753331852 0.376956912840103 0.376956292353771 0.376955671859524 0.376955051357362 0.376954430847283 0.376953810329287 0.376953189803374 9.99999832698603e-11 0.185724408918101
0.363020094206246 0.316922317075869 0.363058261084381 0.363057466325343 0.363056671555421 0.363055876774613 0.363055081982919 0.363054287180338 0.363053492366871 0.363052697542515 9.99999827366751e-11 0.175732314731489
0.246629106019708 0.184559494012234 0.246688337359208 0.246686196030374 0.246684054655586 0.246681913234838 0.246679771768129 0.246677630255454 0.24667548869681 0.246673347092194 9.9999979565209e-11 0.0939580836795683
0.836491866983771 0.813376801162698 0.836499177406652 0.836499314415364 0.836499451424024 0.836499588432637 0.836499725441197 0.836499862449706 0.836499999458165 0.836500136466572 9.99999930899988e-11 2.15381989966896
0.372323471701224 0.2865677156913 0.372412050292922 0.372410654521262 0.372409258714052 0.372407862871292 0.372406466992978 0.372405071079107 0.372403675129676 0.372402279144683 9.99999805052674e-11 0.183872912561019
0.83610521919903 0.813498146087544 0.836107651170839 0.83610777573171 0.836107900292066 0.836108024851909 0.836108149411236 0.836108273970045 0.836108398528341 0.83610852308612 9.99999927671552e-11 2.17455523275265
0.297130887397815 0.22396517725762 0.297210432458524 0.297208524042162 0.297206615570226 0.29720470704271 0.297202798459609 0.29720088982092 0.297198981126635 0.297197072376752 9.99999802251387e-11 0.125666053040151
0.325121244701387 0.289659556153723 0.325159440126178 0.325158194303343 0.325156948451011 0.32515570256918 0.325154456657849 0.325153210717014 0.325151964746671 0.32515071874682 9.99999823360358e-11 0.14791069320973
0.404632981419954 0.335932418426447 0.404696981046065 0.404695996832642 0.404695012598341 0.404694028343159 0.404693044067096 0.40469205977015 0.40469107545232 0.404690091113605 9.99999810967101e-11 0.215495321371831
0.836399477587469 0.817586587825187 0.83640317287313 0.836403297206491 0.836403421539204 0.83640354587127 0.836403670202687 0.836403794533456 0.836403918863577 0.836404043193049 9.99999931656608e-11 2.15263091168183
0.284116330942414 0.220779661463255 0.284238200480195 0.284236136188716 0.284234071834129 0.284232007416427 0.284229942935605 0.284227878391653 0.284225813784566 0.284223749114336 9.99999803518436e-11 0.118328105023597
0.835594420822341 0.806766208358811 0.835600143911286 0.835600274947565 0.835600405983498 0.835600537019087 0.835600668054331 0.83560079908923 0.835600930123784 0.835601061157991 9.99999929077018e-11 2.16549597254222
0.395904983403754 0.335305073821526 0.395941379293451 0.395940814775714 0.39594025024931 0.395939685714241 0.395939121170506 0.395938556618102 0.395937992057032 0.395937427487292 9.99999830298086e-11 0.204342059919868
0.369241900652541 0.311437740937266 0.369160769213684 0.369160322403563 0.369159875590009 0.369159428773024 0.369158981952605 0.369158535128755 0.36915808830147 0.369157641470752 9.99999849200802e-11 0.179888631539282
0.378871325322367 0.326141897152247 0.378735365244097 0.378734724897279 0.378734084542648 0.378733444180204 0.378732803809946 0.378732163431875 0.378731523045989 0.378730882652288 9.99999831812530e-11 0.184435684791265
0.384485514598929 0.297074788095762 0.384537056507895 0.384536579978357 0.384536103447047 0.384535626913963 0.384535150379107 0.384534673842478 0.384534197304077 0.384533720763904 9.99999837293102e-11 0.188454426820948
0.354500360183276 0.286612292618203 0.354332503355186 0.354331666943058 0.354330830510472 0.354329994057426 0.354329157583918 0.354328321089945 0.354327484575506 0.354326648040597 9.99999835797365e-11 0.166325231702454
0.376320565729659 0.314728029201677 0.376314558614977 0.376313993845392 0.376313429068651 0.376312864284749 0.37631229949369 0.376311734695471 0.376311169890092 0.376310605077552 9.99999842266976e-11 0.185518456868816
0.837298231134519 0.821764231662391 0.837299935561386 0.8373000576394 0.837300179716187 0.83730030179175 0.837300423866084 0.837300545939193 0.837300668011073 0.837300790081728 9.9999993697722e-11 2.1119347540191
0.835312082043015 0.820703878673453 0.835311841284394 0.835311961202424 0.835312081119808 0.835312201036548 0.83531232095264 0.835312440868087 0.835312560782888 0.835312680697042 9.99999927621071e-11 2.18637222748681
0.833463005007751 0.819211195894787 0.833464806374618 0.833464915749047 0.833465025122655 0.833465134495439 0.8334652438674 0.83346535323854 0.833465462608855 0.833465571978346 9.99999923369519e-11 2.21504155066853
0.375555445291161 0.296928780920962 0.375606943896905 0.375606577880093 0.375606211862496 0.375605845844114 0.375605479824946 0.375605113804994 0.375604747784255 0.375604381762732 9.99999847700231e-11 0.183250117680198
0.377434918158459 0.26934670961722 0.377520366297522 0.377519777255548 0.377519188205963 0.377518599148765 0.377518010083954 0.377517421011529 0.377516831931491 0.377516242843838 9.99999825033233e-11 0.18215201719176
0.363140137471623 0.294667040989156 0.363189016978522 0.363188574861339 0.363188132740619 0.363187690616362 0.363187248488569 0.363186806357239 0.363186364222372 0.363185922083968 9.99999852326139e-11 0.173218668024587
0.379512922696588 0.313232814419787 0.379570059959035 0.379569000922841 0.379567941861473 0.37956688277493 0.379565823663208 0.379564764526307 0.379563705364224 0.379562646176958 9.99999821404214e-11 0.19094759939958
0.836414522568014 0.813140512737022 0.836422445729905 0.83642258132311 0.836422716916281 0.836422852509421 0.836422988102528 0.8364231236956 0.836423259288641 0.836423394881648 9.99999928184922e-11 2.17155760794767
0.391424622803792 0.313602763671494 0.391233206150508 0.391232889272438 0.391232572393657 0.391232255514164 0.391231938633959 0.391231621753043 0.391231304871415 0.391230987989075 9.99999850959807e-11 0.19771921837939
0.8336249191554 0.821818868504156 0.833623837927393 0.833623948207195 0.833624058486225 0.83362416876448 0.833624279041962 0.833624389318672 0.833624499594606 0.833624609869768 9.99999922905218e-11 2.22274830570608
0.398658284944771 0.325372137457565 0.398690785403843 0.398690353332626 0.398689921257484 0.398689489178415 0.39868905709542 0.398688625008499 0.39868819291765 0.398687760822875 9.99999835562766e-11 0.207575847992369
0.391435620466245 0.318201840204098 0.391469618840966 0.391469248448433 0.391468878055345 0.391468507661704 0.391468137267507 0.391467766872755 0.391467396477449 0.391467026081589 9.99999839260992e-11 0.19748912209116
0.399577447352647 0.336199290752526 0.399611980007686 0.39961165738551 0.399611334760995 0.39961101213414 0.399610689504946 0.399610366873411 0.399610044239536 0.39960972160332 9.99999844069302e-11 0.20980362690646
0.833722354840615 0.822771247732147 0.83372116732297 0.833721279042716 0.833721390761827 0.833721502480303 0.833721614198146 0.833721725915354 0.833721837631927 0.833721949347864 9.99999921246751e-11 2.2318751886152
0.356474601632131 0.282732862184704 0.35654546636781 0.35654456429129 0.356543662198917 0.35654276009069 0.356541857966606 0.356540955826667 0.35654005367087 0.356539151499216 9.99999827748078e-11 0.170235321834409
0.307995599076338 0.240656690919937 0.307983918499888 0.307982441867507 0.307980965196054 0.307979488485529 0.307978011735925 0.307976534947239 0.307975058119468 0.307973581252606 9.9999981984918e-11 0.133249592448792
0.357059731031145 0.302900640552823 0.35709942008438 0.357098921043413 0.357098421999397 0.357097922952332 0.357097423902218 0.357096924849056 0.357096425792843 0.357095926733582 9.99999838639259e-11 0.164797637897205
0.836854187438679 0.81969883928738 0.836853081774348 0.836853213339971 0.836853344905316 0.836853476470382 0.836853608035171 0.83685373959968 0.836853871163911 0.836854002727864 9.99999930102263e-11 2.16949019152599
0.278532335056599 0.191755911219875 0.278615316739338 0.278613508084828 0.278611699386591 0.278609890644625 0.278608081858922 0.278606273029479 0.278604464156291 0.278602655239353 9.99999820163197e-11 0.112947597330687
0.833940444108349 0.812153652861766 0.833948598924189 0.833948720736915 0.833948842549655 0.83394896436241 0.833949086175176 0.833949207987958 0.833949329800753 0.833949451613563 9.99999919206135e-11 2.24864778755815
0.834420464679109 0.817577258191287 0.834422374511531 0.834422492787282 0.834422611062528 0.834422729337269 0.834422847611505 0.834422965885236 0.83442308415846 0.83442320243118 9.99999923630452e-11 2.21728273308519
0.365261691964535 0.28520323597771 0.36534744989689 0.36534684605172 0.365346242193944 0.36534563832356 0.365345034440567 0.365344430544962 0.365343826636745 0.365343222715914 9.99999832889318e-11 0.176443969351796
0.334471600813446 0.287828758451751 0.334525578656088 0.334524379779289 0.334523180876312 0.334521981947156 0.334520782991819 0.334519584010298 0.334518385002591 0.334517185968696 9.99999822923415e-11 0.154460482844941
0.834563089786988 0.819055611744117 0.834565170244629 0.834565291721946 0.83456541319891 0.834565534675522 0.834565656151782 0.834565777627688 0.834565899103242 0.834566020578445 9.99999925864674e-11 2.1966098683007
0.324245455512888 0.260137925148107 0.32434822181634 0.324346904157109 0.324345586462609 0.324344268732836 0.324342950967788 0.324341633167461 0.324340315331849 0.324338997460951 9.99999824108434e-11 0.143638300084955
0.837781195482288 0.814343958919389 0.83778491309083 0.837785061940013 0.837785210789466 0.837785359639191 0.837785508489187 0.837785657339454 0.837785806189992 0.8377859550408 9.99999933578634e-11 2.13192038430789
0.385277720694563 0.306034502527843 0.385337491951505 0.385336674199813 0.385335856434723 0.385335038656234 0.385334220864345 0.385333403059056 0.385332585240366 0.385331767408275 9.99999817756114e-11 0.192891312141928
0.302610876897427 0.23554342267235 0.302424746356707 0.302422949777393 0.302421153134663 0.302419356428511 0.302417559658929 0.302415762825906 0.302413965929437 0.302412168969512 9.99999817957122e-11 0.129433056403492
