0.336639422264922 0.335407302147156 0.336654424081056 0.336648239185087 0.336654961985095 0.336645493182221 0.336654911373775 0.336654719301463 0.336654346491964 0.336654581816675 9.99999986906625e-11 0.164221953650912
0.51346666022002 0.512416646732623 0.513479415434208 0.51347428890295 0.513480189281597 0.513472257101423 0.513480459728513 0.513480453903889 0.513480293625882 0.51348065288161 9.99999992906889e-11 0.377815491567934
0.516203397508718 0.514502470396723 0.516223985725045 0.516215741989677 0.516225224323292 0.516212470608658 0.516225653835498 0.516225641640494 0.516225381186225 0.516225955833798 9.99999993891587e-11 0.359948382958144
0.344397316989838 0.342081898618366 0.344425568524941 0.344414156175077 0.344426853644462 0.344409307436448 0.344427039315098 0.344426821097135 0.344426265296739 0.34442684533204 9.99999987374625e-11 0.171257592965043
0.235770792303005 0.234002146175967 0.235789204202074 0.235779691509469 0.235788579396914 0.23577438429334 0.23578711287596 0.235786147986595 0.235784925221952 0.235784569333087 9.9999997850879e-11 0.0955296691790185
0.51385821626445 0.512343180011237 0.513876429370607 0.513869086802321 0.513877536430977 0.513866175820814 0.513877922443346 0.513877913766523 0.513877683898364 0.513878198023951 9.99999992880415e-11 0.370265695291
0.245574207734063 0.243628292554518 0.245593957205957 0.245583611895965 0.245593546007993 0.245578039719952 0.245592205879895 0.245591283511902 0.245590076832601 0.245589825576193 9.99999979795038e-11 0.10160010540848
0.29596158615308 0.294388688429916 0.295980998720788 0.295972870588796 0.295981162911993 0.295968857732777 0.295980579735319 0.295980072875018 0.295979336199921 0.2959793731043 9.99999984048798e-11 0.13393232358488
0.352342708542163 0.350135123337489 0.352369520303095 0.352358690546825 0.352370819878898 0.352354149045152 0.352371072206185 0.352370902821563 0.352370411953343 0.352371002687017 9.99999987870254e-11 0.174364995808545
0.515372306325379 0.513785023610144 0.515391457547349 0.515383766219734 0.51539260264165 0.51538070619001 0.515392993273472 0.515392977125426 0.515392729499927 0.515393260509891 9.99999992643986e-11 0.374228800442671
0.333502607611334 0.331971190806157 0.333521024689772 0.33351330482316 0.333521540189603 0.333509761197873 0.333521328206351 0.333521016120857 0.333520480637452 0.333520696818639 9.99999986452250e-11 0.164014083129853
0.353515430618053 0.352353223899844 0.353529449550894 0.353523655809465 0.353530026445248 0.353521137848852 0.353530048388778 0.353529902952232 0.353529587165573 0.353529844484094 9.99999987274353e-11 0.183224821925381
0.271210235415374 0.269312088192296 0.271234570381014 0.271224597571694 0.271234414990461 0.271219408655276 0.271233360867877 0.271232569558831 0.271231501432427 0.271231365593266 9.99999981963123e-11 0.116984978457687
0.515642671960123 0.51443507690019 0.515657333577552 0.51565150065911 0.515658287527011 0.515649243719149 0.515658665371017 0.515658692919507 0.515658543711443 0.515658989061762 9.99999993420212e-11 0.361503639370654
0.513145359483401 0.511827504882166 0.513161379617046 0.513154968185687 0.513162343470688 0.513152424278108 0.513162678077921 0.513162668764579 0.513162466358658 0.513162913492518 9.99999993043226e-11 0.371421738809293
0.515866015325166 0.514358225991974 0.515884234095588 0.515876934299039 0.515885346875675 0.515874049354582 0.51588574242639 0.515885739163774 0.515885515838437 0.515886032752334 9.99999992830682e-11 0.371734206993328
0.320392934165857 0.318375463771243 0.320414181812001 0.320404123499541 0.320415056231092 0.3203996556708 0.320414968373343 0.320414665290092 0.32041406788622 0.320414459429439 9.99999985783788e-11 0.150192196690663
0.334048371432539 0.332682683981597 0.33406485780035 0.334058068875828 0.334065555577512 0.334055134698041 0.334065602116917 0.334065441779837 0.334065081531943 0.334065393845194 9.99999987159068e-11 0.161505354736103
0.514059974521956 0.512689681268615 0.514076523824446 0.514069867831895 0.514077514682468 0.514067219568272 0.514077852617795 0.514077838629203 0.514077624314292 0.514078083841837 9.9999999293155e-11 0.374044064133008
0.280856111607238 0.279010235561173 0.280877407222859 0.280867845180519 0.280877553317065 0.280863088406394 0.280876819987024 0.280876206129601 0.280875322381384 0.280875346496133 9.99999984236066e-11 0.122498929653757
0.332120813853622 0.330631832442307 0.332138834475609 0.332131378377944 0.332139445762902 0.332128040342352 0.332139349244878 0.33213910046922 0.332138634342661 0.332138899541501 9.99999986185427e-11 0.160725421892518
0.330371310396928 0.329047220599214 0.330387412279052 0.330380753134226 0.330387925351903 0.330377747323158 0.330387807910403 0.330387570213695 0.330387138860508 0.330387359142464 9.99999985952614e-11 0.159771970139268
0.51682418541565 0.515371134938703 0.516841655919601 0.516834643426068 0.516842745826144 0.516831887635171 0.516843145623444 0.516843152476245 0.516842947629408 0.516843454854221 9.99999992514902e-11 0.374999139170274
0.517051002413736 0.515011602573588 0.517075505105287 0.517065633856232 0.517076969596088 0.517061702628508 0.517077465905244 0.517077443026874 0.517077123127896 0.51707780230229 9.99999993195506e-11 0.363612878455485
0.514693656262309 0.513292504478874 0.514710520933373 0.514703742756112 0.514711558928964 0.514701067520415 0.514711930622806 0.514711929991593 0.514711724950834 0.5147122074684 9.99999993461093e-11 0.366300820148719
0.32483328287234 0.322156624309315 0.32486599952753 0.324852715127119 0.324867305706212 0.324846929793931 0.324867341077191 0.324866998299128 0.324866265252866 0.324866845399338 9.99999985888858e-11 0.14915055858628
0.309105455325324 0.307420656342066 0.309126274096893 0.309117763375581 0.309126845648943 0.309113859455847 0.309126615864909 0.309126271763042 0.309125681397632 0.309125919850766 9.99999984821622e-11 0.145303521500228
0.290966652930803 0.289113063444571 0.290989873918368 0.290980373277803 0.290990229679938 0.290975805055306 0.290989704665544 0.29098918778089 0.290988400003918 0.290988524149287 9.99999983445739e-11 0.127658733469519
0.301620931564485 0.300178811279312 0.301638054241201 0.301630665771433 0.301638345988864 0.301627123797378 0.301637950567731 0.30163755840097 0.301636955231265 0.301637061984351 9.99999984263153e-11 0.139009998483581
0.513932745838928 0.512524499739345 0.51394979999359 0.513942973474084 0.513950847122478 0.51394028042287 0.513951223222668 0.513951223174099 0.513951017237218 0.513951503861158 9.99999992865666e-11 0.368939986641554
0.248311035672418 0.24601830242742 0.248336599597049 0.248324588741494 0.2483364988968 0.248318401475687 0.248335305529429 0.248334404141709 0.248333167643017 0.248333058107689 9.99999981399528e-11 0.100781992477538
0.340119548410681 0.338637722934178 0.34013759936027 0.340130188275582 0.340138255834709 0.340126906810542 0.340138206604222 0.340137981920388 0.340137540509528 0.340137828335648 9.99999986376646e-11 0.172789427269535
0.293728162341493 0.29164298838348 0.293754546320938 0.293743969044181 0.29375508631345 0.293738990606746 0.293754639498768 0.293754130282687 0.293753317501175 0.293753526721394 9.99999984842819e-11 0.134449079243782
0.338260381369306 0.336164418635035 0.33828558453951 0.338275253330869 0.338286673651155 0.33827080857532 0.338286770485493 0.33828653916356 0.338286003263474 0.338286492055877 9.99999986884844e-11 0.165413407953973
0.335363607615264 0.333870009840906 0.335381762455725 0.335374295800735 0.335382425224591 0.335370990666314 0.335382376891333 0.335382151240405 0.335381707216484 0.335381997963147 9.99999985468717e-11 0.160515132228828
0.516340879530179 0.515032464125547 0.516356767845464 0.516350429807468 0.51635776343527 0.516347946879221 0.516358134973165 0.516358145746907 0.516357965035828 0.516358428441507 9.99999993356684e-11 0.367373956349065
0.335593443045558 0.333561334725573 0.335613893805236 0.335603827752077 0.335614892133567 0.335599447643018 0.33561492011923 0.335614677141549 0.335614137752709 0.335614593901658 9.99999985845963e-11 0.162658664811214
0.516111826681754 0.514789454199079 0.516127867030603 0.516121495906115 0.51612888376507 0.516119012039871 0.516129272519602 0.516129290706368 0.516129116199245 0.516129589890704 9.99999993171342e-11 0.366984192034381
0.513318628733561 0.51169551533984 0.513338136602712 0.513330232201273 0.513339229889565 0.513327025132322 0.513339551622561 0.513339496241711 0.513339204139135 0.513339708308087 9.99999992016776e-11 0.39422899140047
0.302840730068861 0.301717723119974 0.302852455824551 0.302846549868313 0.302852432975056 0.302843526724959 0.302851870180519 0.30285144199795 0.302850848533868 0.302850810538664 9.99999984045893e-11 0.142217958489503
0.240159736377872 0.23862146425436 0.240174956604166 0.240166479855393 0.240174030106531 0.240161474694544 0.240172369729974 0.240171339404367 0.240170084399736 0.240169584454101 9.99999981000967e-11 0.0975742701821757
0.33411767467131 0.332665453985738 0.334135130290591 0.334127907180219 0.334135789594202 0.334124723389172 0.334135759892058 0.334135550525737 0.334135129644 0.334135420387205 9.99999986641106e-11 0.164235220305294
0.316230693093628 0.313689248388937 0.316262267714868 0.316249597452748 0.316263456683759 0.316244037464364 0.316263437023271 0.316263082198481 0.316262355995387 0.316262879633702 9.99999985328421e-11 0.14885500152871
0.516211998584587 0.514442086121052 0.516233239983679 0.516224685419466 0.516234537238219 0.5162212995515 0.516234994110566 0.516234987475247 0.516234723038908 0.516235325738106 9.99999993638907e-11 0.358367614390745
0.262957403574331 0.260835534579123 0.262979590115603 0.262968538037681 0.262979603351971 0.262962922678716 0.262978603736552 0.262977828230708 0.262976742674005 0.262976699133885 9.99999981755593e-11 0.111217148825166
0.227926132008357 0.226380649535666 0.227941590286819 0.227933114043086 0.227940726727499 0.227928156119232 0.227939126692957 0.227938125282753 0.227936898349426 0.227936429397063 9.99999979934711e-11 0.0896654580521902
0.514735705076968 0.513300975520707 0.514753044401012 0.514746086564586 0.514754103775678 0.514743335852666 0.514754479531044 0.514754475908027 0.514754262543461 0.514754754688488 9.99999993287603e-11 0.366550798426128
0.242859051911982 0.241258408623562 0.242876686992691 0.24286811170207 0.242876228776499 0.24286340627935 0.242875008371567 0.242874184807436 0.242873127418235 0.24287285642666 9.9999998144721e-11 0.0992014391913567
0.333353006656034 0.331407030557063 0.333376833291462 0.333367134467438 0.333377751703761 0.333362884369105 0.333377743997611 0.333377477238014 0.33337692603743 0.333377331955371 9.99999985966933e-11 0.163561207115599
0.333796973592172 0.332315855998265 0.333815082737881 0.333807706608488 0.333815747793825 0.33380444938003 0.333815710119961 0.333815491603076 0.333815057240771 0.333815349199005 9.99999986441619e-11 0.164994885907862
0.251840392530242 0.250299812430082 0.251860024893724 0.25185180031025 0.251859616379432 0.251847312073555 0.251858479700693 0.251857696508349 0.251856688973527 0.251856437074569 9.99999982249006e-11 0.10250764204534
0.248904289257454 0.247271315661377 0.248923113073473 0.248914339634782 0.248922630429007 0.248909515631027 0.248921369958661 0.248920518522434 0.248919428152422 0.248919141709238 9.99999981590773e-11 0.100695444396355
0.514623212704925 0.513727143021236 0.51463404308827 0.514629675616969 0.514634748629856 0.514627979076276 0.514635023003567 0.514635039892416 0.514634924528482 0.514635253972962 9.99999992910262e-11 0.377177761179688
0.51686065234277 0.515340862904508 0.516878846363831 0.516871501441127 0.516879961143195 0.516868595010672 0.516880354212192 0.516880349103887 0.516880122631513 0.516880640713134 9.99999992607415e-11 0.375766432793401
0.337939401283447 0.336799771321167 0.337953123950111 0.337947410074839 0.337953613709838 0.337944867773312 0.337953559872444 0.337953379485321 0.337953032212583 0.337953246410285 9.99999987733382e-11 0.166377806622522
0.338625629784134 0.337380649597282 0.338640858901309 0.338634605749119 0.338641377928307 0.338631811047783 0.338641303248979 0.338641097210883 0.338640708807128 0.338640934062323 9.99999986029089e-11 0.17161169367714
0.219805984779651 0.218758377359442 0.219816733168482 0.219810647172054 0.219815535662901 0.219806657326055 0.219813837088868 0.21981284732286 0.219811703813355 0.219811077341156 9.99999979013283e-11 0.0874608375255896
0.514196638690748 0.512825246624294 0.514213281632675 0.514206612454791 0.514214272412612 0.514203957483729 0.514214609180755 0.514214594025496 0.514214378182174 0.514214837425835 9.99999992867166e-11 0.376092461027357
0.284006967202467 0.282725005386183 0.284021498270815 0.284014706848699 0.28402126999435 0.28401108080933 0.284020432401938 0.284019841910201 0.284019064393624 0.284018916022428 9.99999981900478e-11 0.121912113134494
0.51605478934465 0.514343811755552 0.516075269034023 0.516067003098458 0.516076503330541 0.516063717201489 0.516076926457994 0.516076911150168 0.516076647015484 0.516077219830105 9.99999992833782e-11 0.370601041935813
0.252583000418822 0.250631273051807 0.252608230575394 0.252597905621069 0.252607953441604 0.252592447013305 0.252606751610143 0.25260587752629 0.252604718516136 0.252604519235881 9.99999980921223e-11 0.104080610421445
0.286912450244848 0.285219491617401 0.286933435097697 0.286924748656596 0.286933717336533 0.286920539671251 0.286933195997994 0.286932703880527 0.286931964668312 0.286932057200987 9.99999983554307e-11 0.128373081076531
0.340380974092105 0.338573096890668 0.34040295654519 0.340394023363696 0.34040389462398 0.340390177462553 0.34040397522429 0.340403772863297 0.340403307214565 0.340403727441026 9.99999985732234e-11 0.165754890260219
0.51613883834644 0.515016028470418 0.516152524978438 0.516147068086887 0.516153383691899 0.516144931463948 0.516153705051234 0.516153714995687 0.516153560050436 0.516153959764147 9.99999993418819e-11 0.369734730252112
0.251685242230656 0.249827337855155 0.251709322942455 0.251699516020429 0.251709090598171 0.251694354304994 0.251707978649915 0.251707162618332 0.251706075529425 0.251705901481252 9.99999981126706e-11 0.101649331989435
0.515783150121087 0.513813578288924 0.515806836846113 0.515797287383007 0.515808254318543 0.51579348470613 0.515808735104578 0.515808713333895 0.515808404203295 0.515809061640968 9.99999993111783e-11 0.363937607443069
0.335289234684422 0.333490894558546 0.335311097614083 0.335302139622066 0.335311859878565 0.3352981500452 0.33531177069675 0.335311484393306 0.335310936592081 0.335311268710797 9.99999984590438e-11 0.164032295553542
0.307846373532337 0.306193874214185 0.307866606281396 0.307858228621788 0.307867112559054 0.307854343584473 0.30786683238085 0.30786646791664 0.307865861804529 0.307866068916072 9.99999985356758e-11 0.141564775075417
0.319923511739556 0.318042512367045 0.319942267981195 0.319932784748753 0.319942857064662 0.319928396341779 0.319942548330444 0.319942155695828 0.319941488751832 0.319941743148708 9.99999984829665e-11 0.150626489073228
0.322692096355167 0.320862195180834 0.322714548649153 0.322705474656031 0.322715403233597 0.322701495044144 0.322715391827535 0.322715139687523 0.32271462153088 0.322714998562533 9.99999985827396e-11 0.151983611741477
0.343732507280242 0.341574355920611 0.343755473643665 0.343744838056272 0.343756600443761 0.343740264603046 0.343756700608832 0.343756473882833 0.343755933131136 0.343756447583598 9.99999986880344e-11 0.170711328856838
0.328011255549091 0.325806693744119 0.328038170603316 0.328027208315309 0.328039171176862 0.328022376703022 0.328039126771323 0.328038807802198 0.328038167876314 0.328038607955011 9.99999986171264e-11 0.154523557536041
0.515472330646729 0.514270357902654 0.515486909870685 0.515481097644002 0.515487839244481 0.515478832946334 0.515488195531738 0.515488213107666 0.515488054855024 0.515488488042577 9.99999993301952e-11 0.365963334458779
0.517281131741419 0.515182116335189 0.517306214716665 0.517296052032144 0.517307685878579 0.517291977460486 0.517308161827079 0.517308121509083 0.517307775908719 0.517308457140045 9.99999992893531e-11 0.37130810611595
0.51553944385517 0.514130243300139 0.515556488355042 0.515549659511127 0.515557542668776 0.515546970576172 0.515557925351189 0.515557928556464 0.515557725703311 0.515558215968339 9.99999993352677e-11 0.36452147116269
0.341794526146223 0.339882181839705 0.341817692593141 0.34180822409515 0.341818656484031 0.341804124948775 0.341818712741365 0.341818484361496 0.341817977327372 0.341818407828365 9.99999986600336e-11 0.172363663028643
0.323407043738562 0.321078827661965 0.323429991569021 0.323418293673198 0.32343081258528 0.323412950597886 0.323430521171619 0.323430081794719 0.323429302674782 0.323429664513928 9.99999984810325e-11 0.153626744051006
0.32692149481315 0.324851699319487 0.326946716669994 0.326936496903916 0.326947789946851 0.326932097171843 0.326947882306247 0.326947650662057 0.326947117820546 0.32694759842745 9.99999987034234e-11 0.151283929657252
0.320487575727669 0.318625922514647 0.320510326783594 0.320500976230457 0.320511072251127 0.320496774376551 0.32051093134157 0.320510608974534 0.320510014343195 0.320510335880239 9.99999985928575e-11 0.149756633065366
0.516127340409729 0.514813721018443 0.51614323282578 0.516136880117923 0.516144246171669 0.516134402931613 0.516144633193513 0.516144651378173 0.516144477411515 0.516144949774239 9.99999993079396e-11 0.365787093831297
0.33063569141294 0.329005394736089 0.3306521807486 0.330644068663546 0.330652967146312 0.330640525206786 0.330652972501121 0.330652768053902 0.330652324982659 0.330652683388191 9.99999986543997e-11 0.161178252986935
0.513907131269564 0.51247172017064 0.513924495645381 0.513917518597545 0.513925520021568 0.51391473200941 0.51392586069868 0.513925839291609 0.513925608101843 0.513926082580594 9.99999992475741e-11 0.381468861787409
0.334721491316674 0.332421680003582 0.33474954604366 0.334738176020001 0.334750817716394 0.334733338802781 0.334750994316169 0.334750773058953 0.334750215577587 0.334750789339349 9.99999986049538e-11 0.159188802305746
0.330105825319218 0.328511772057386 0.330120847227045 0.33011286804842 0.330121479333496 0.330109276617545 0.330121348080922 0.33012108414691 0.330120587357695 0.330120872247527 9.99999985415301e-11 0.160878531601459
0.330220090111589 0.329247169360485 0.330231946073051 0.330226989885099 0.330232263715434 0.33022470487677 0.330232115038726 0.330231908227845 0.330231558177152 0.33023169011948 9.99999986290962e-11 0.161472379589282
0.516889247435111 0.515399969517377 0.51690723567731 0.516900043707614 0.516908343425566 0.516897209909607 0.5169087440069 0.51690874608825 0.516908531203605 0.51690904614179 9.99999993008933e-11 0.370084511177609
0.323162302935462 0.321724077957486 0.323179991501827 0.323172759409574 0.323180537635161 0.323169486913482 0.32318039986598 0.323180135932271 0.323179661865336 0.323179894963346 9.99999985232621e-11 0.154422852627224
0.272396473253643 0.269962180180979 0.272423760787357 0.272411263039307 0.272424073679562 0.27240513630586 0.272423230172551 0.272422487039737 0.272421389348172 0.272421483951449 9.99999982663368e-11 0.117231783573078
0.317977990966568 0.31640617088276 0.317997116861868 0.317989243458981 0.317997768296643 0.317985723067776 0.317997672181667 0.317997411991262 0.317996922209617 0.317997204972766 9.99999986548509e-11 0.14786977936062
0.514110336794065 0.512809661730012 0.5141260368741 0.514119699649018 0.514126970656313 0.514117171035163 0.514127283169766 0.514127265486912 0.514127057196202 0.514127490041091 9.99999992775021e-11 0.380089679208175
0.247793484115331 0.246254861122352 0.247805183267273 0.247796671628466 0.247804191013538 0.247791597404733 0.247802459071603 0.24780140595138 0.247800127628691 0.247799604641011 9.99999979270022e-11 0.100543335320286
0.514705884691787 0.513238615337634 0.514723480022804 0.514716374107928 0.514724591977969 0.5147135872029 0.514725004125233 0.514725014869614 0.514724810968 0.51472532900496 9.99999993731533e-11 0.357579707368632
0.516159361834071 0.515121940985123 0.516171915824459 0.516166889982645 0.516172736292526 0.516164944166447 0.516173060326546 0.51617308355613 0.516172954494424 0.516173337668381 9.99999993350873e-11 0.367894170630647
0.333524723820309 0.331137477689588 0.333553836641821 0.333542021069063 0.333555117222488 0.33353696385418 0.333555261744805 0.333555012691099 0.333554414819769 0.333554990577297 9.99999985885752e-11 0.158275559884212
0.299191792595286 0.297536869512959 0.299212221227674 0.299203794489631 0.299212672184998 0.299199843177346 0.299212335036676 0.299211940772922 0.299211304277886 0.299211483044026 9.9999998464196e-11 0.135542580442813
0.516318968591388 0.514175918744797 0.51634458244614 0.516334224493893 0.516346101047076 0.516330086026005 0.516346604442614 0.516346572263321 0.51634622867401 0.516346932531767 9.9999999229493e-11 0.374908666526128
0.279813140685274 0.277776274369157 0.279836481902847 0.279825890924079 0.279836479378852 0.279820499771384 0.279835510372183 0.279834753970693 0.279833700949258 0.279833645698199 9.99999982207334e-11 0.119643060686902
0.515957867707166 0.514872423217812 0.515971186660248 0.515965909683087 0.515972026181601 0.515963850362941 0.515972345747114 0.515972359412105 0.515972213503387 0.515972604398512 9.99999993597024e-11 0.369511335818783
0.327042720728324 0.325019546813199 0.327067383615277 0.327057296134317 0.327068272675704 0.327052826386888 0.327068201515037 0.327067893354264 0.327067290289386 0.327067679551899 9.99999984726938e-11 0.155278168498365
0.24837755779907 0.246473758643193 0.248391931662937 0.248381674320333 0.248391146013619 0.248375865012699 0.24838944941779 0.248388372343131 0.248387018083002 0.248386593350507 9.99999980102189e-11 0.101359475214206
