0.805279353991718 0.803883958433121 0.805274832501468 0.805275097844372 0.80527536319407 0.80527562855056 0.805275893913843 0.80527615928392 0.805276424660792 0.805276690044459 1.85400514495455 9.99999949969973e-11
0.310624965764731 0.295691933987498 0.310638355465006 0.310638160315609 0.310637965183604 0.310637770068993 0.310637574971777 0.31063737989196 0.310637184829544 0.310636989784529 0.154013745172438 9.99999891428698e-11
0.338567569874358 0.314478132321871 0.338592734787985 0.338592409637658 0.33859208449691 0.338591759365744 0.338591434244161 0.338591109132162 0.33859078402975 0.338590458936925 0.181009737132533 9.99999869252054e-11
0.305740129864968 0.277494438119836 0.305766328468858 0.305766066926001 0.305765805395901 0.305765543878559 0.305765282373977 0.305765020882157 0.3057647594031 0.30576449793681 0.152998529066118 9.99999888567455e-11
0.80636122309511 0.804679102173441 0.806355064313372 0.806355358831341 0.806355653357426 0.806355947891626 0.806356242433946 0.806356536984382 0.806356831542937 0.806357126109613 1.82700617565844 9.99999952816801e-11
0.28255046207083 0.265944634587488 0.282547313030997 0.282546879882204 0.282546446742263 0.282546013611174 0.282545580488941 0.282545147375562 0.282544714271041 0.282544281175379 0.136453143606486 9.99999882871496e-11
0.804251006936467 0.802815865345746 0.804242953425185 0.804243221195275 0.804243488972809 0.80424375675779 0.804244024550215 0.804244292350087 0.804244560157406 0.804244827972173 1.91603246273673 9.9999994139953e-11
0.806037203411812 0.802962236267865 0.806031467852648 0.806031743708818 0.806032019572221 0.806032295442859 0.806032571320731 0.806032847205838 0.806033123098181 0.80603339899776 1.83668314892421 9.99999952065198e-11
0.272680522215748 0.263599159973247 0.272701755883675 0.272701110529588 0.272700465167231 0.272699819796601 0.272699174417699 0.272698529030525 0.272697883635076 0.272697238231353 0.130898121159624 9.99999882990270e-11
0.808080262116334 0.803843543193241 0.808071434314748 0.80807174362113 0.808072052935844 0.808072362258887 0.808072671590262 0.808072980929969 0.808073290278009 0.808073599634384 1.81949775243837 9.99999954049295e-11
0.288125345071944 0.280628227084164 0.288090244342663 0.2880894490903 0.288088653835375 0.288087858577889 0.288087063317841 0.288086268055233 0.288085472790064 0.288084677522335 0.141483930378008 9.99999866508795e-11
0.32099720727189 0.310944437607155 0.320972988714005 0.320972811765966 0.320972634833729 0.320972457917295 0.320972281016667 0.320972104131847 0.320971927262836 0.320971750409638 0.165072274841882 9.99999887529225e-11
0.344460263550688 0.323026713434912 0.344422562468657 0.344422375593842 0.344422188735224 0.344422001892805 0.344421815066587 0.344421628256572 0.344421441462762 0.34442125468516 0.185304002413276 9.99999875939004e-11
0.807400615404284 0.80762599186827 0.807392541445329 0.807392844683017 0.807393147928857 0.80739345118285 0.807393754444998 0.807394057715299 0.807394360993756 0.807394664280369 1.80909381357481 9.99999955015216e-11
0.233507210368027 0.214543283822684 0.233478729202331 0.233477401376898 0.23347607352265 0.233474745639582 0.233473417727691 0.233472089786977 0.233470761817434 0.233469433819062 0.103513798104602 9.99999856556389e-11
0.286966820678033 0.270843685236292 0.286736335069091 0.286735655423175 0.286734975770603 0.286734296111373 0.286733616445485 0.286732936772937 0.28673225709373 0.286731577407862 0.141045370114372 9.99999879032529e-11
0.807636619321653 0.799068771319358 0.807629917764007 0.807630235978155 0.807630554201567 0.807630872434247 0.807631190676194 0.807631508927411 0.807631827187893 0.807632145457649 1.81897190950095 9.99999953392806e-11
0.805837549226764 0.803058492032206 0.805830758210384 0.805831054188946 0.805831350175575 0.805831646170275 0.805831942173043 0.805832238183882 0.805832534202792 0.805832830229774 1.82012791679226 9.99999954145239e-11
0.807779620325235 0.803785217653537 0.807773010921658 0.807773326958949 0.807773643004967 0.807773959059712 0.807774275123186 0.807774591195389 0.807774907276321 0.807775223365984 1.82550760025723 9.99999953160631e-11
0.808692416251973 0.809786030760519 0.808683145563434 0.808683472950683 0.808683800346876 0.808684127752013 0.808684455166096 0.808684782589126 0.808685110021102 0.808685437462026 1.7859233653528 9.99999958038884e-11
0.294525830460774 0.270285238621005 0.294548300356197 0.29454766333865 0.294547026316444 0.294546389289579 0.294545752258055 0.294545115221873 0.294544478181031 0.294543841135527 0.146679603517755 9.99999871593169e-11
0.805705977561448 0.800459142837265 0.805703096020474 0.805703393091603 0.805703690171225 0.80570398725934 0.805704284355951 0.805704581461056 0.805704878574657 0.805705175696756 1.85611495256595 9.99999948556951e-11
0.24238946646346 0.223665254986559 0.242352667267594 0.242351736896689 0.242350806518151 0.242349876131979 0.242348945738174 0.242348015336734 0.24234708492766 0.242346154510951 0.109448422025736 9.99999870919633e-11
0.807027998289758 0.800845838405588 0.807024617459012 0.807024931885315 0.8070252463207 0.807025560765167 0.807025875218719 0.807026189681355 0.807026504153079 0.807026818633889 1.8323444500515 9.99999951698973e-11
0.349984776850876 0.328270236931892 0.349988566388645 0.349988597319259 0.349988628268316 0.349988659235815 0.34998869022176 0.349988721226152 0.349988752248993 0.349988783290286 0.188196686384037 9.99999884558101e-11
0.301175926247984 0.277540795138155 0.301206205749811 0.301205976419913 0.30120574710341 0.301205517800303 0.301205288510596 0.301205059234289 0.301204829971385 0.301204600721885 0.150375166271404 9.99999894564877e-11
0.803549227642752 0.804757452659161 0.80354370455949 0.803543952972482 0.803544201392048 0.803544449818186 0.8035446982509 0.803544946690188 0.803545195136051 0.803545443588489 1.87975272636373 9.99999946658093e-11
0.805210390975201 0.80391821893981 0.805204266721474 0.805204541868968 0.805204817023904 0.805205092186282 0.805205367356106 0.805205642533374 0.805205917718087 0.805206192910248 1.86353783143867 9.99999947826412e-11
0.293248527971532 0.278927415541295 0.293272374015162 0.293271996067969 0.293271618128664 0.293271240197248 0.293270862273723 0.29327048435809 0.293270106450349 0.293269728550502 0.14538420904967 9.99999884549084e-11
0.805674675526156 0.806107453916413 0.805667948155898 0.805668232299331 0.80566851645064 0.805668800609828 0.805669084776891 0.805669368951835 0.805669653134657 0.805669937325359 1.90314920989621 9.99999943249083e-11
0.804823127805063 0.801535537609079 0.804817366804885 0.804817639963356 0.804817913129412 0.804818186303055 0.804818459484286 0.804818732673104 0.804819005869512 0.804819279073508 1.91157373426203 9.99999941245214e-11
0.268503047911116 0.244537716213565 0.26856029279157 0.268559662339759 0.268559031887685 0.268558401435347 0.268557770982748 0.268557140529887 0.268556510076766 0.268555879623384 0.126142572073405 9.99999877491832e-11
0.258530422921241 0.252193042145353 0.258563636145116 0.258562533624512 0.258561431087546 0.25856032853422 0.258559225964532 0.258558123378481 0.258557020776066 0.258555918157286 0.122451520375662 9.99999860705799e-11
0.350696694487378 0.346774541844096 0.350667019374007 0.350667043511699 0.350667067665011 0.350667091833945 0.350667116018502 0.350667140218684 0.350667164434493 0.350667188665931 0.193922683968422 9.99999898746452e-11
0.806322181733319 0.797304218408068 0.806315195545153 0.806315499290206 0.806315803044029 0.806316106806628 0.806316410578001 0.806316714358148 0.806317018147071 0.806317321944771 1.85308397778722 9.99999948073449e-11
0.308919912597579 0.30273975125705 0.308926666218382 0.308926363822805 0.308926061434388 0.30892575905313 0.308925456679033 0.308925154312099 0.308924851952326 0.308924549599719 0.158169437569201 9.99999881099162e-11
0.279557527877297 0.25490291557516 0.27960938650884 0.2796086474431 0.279607908368627 0.279607169285423 0.279606430193486 0.279605691092816 0.279604951983413 0.279604212865276 0.133691639089989 9.99999872736281e-11
0.806549114181447 0.804419938418291 0.806541604468241 0.806541900409331 0.806542196358341 0.806542492315269 0.806542788280117 0.806543084252886 0.806543380233578 0.806543676222191 1.828339808698 9.99999952677112e-11
0.293474613016043 0.281999571371992 0.293497084980431 0.293496168686096 0.293495252376251 0.293494336050892 0.29349341971002 0.293492503353631 0.293491586981726 0.293490670594302 0.147775848293313 9.999998642565e-11
0.805081257611373 0.796737934370107 0.805079287707121 0.80507956497504 0.80507984225054 0.805080119533622 0.805080396824287 0.805080674122535 0.805080951428365 0.805081228741782 1.86323397309175 9.99999948255999e-11
0.810103797729013 0.804811751963812 0.810095842558163 0.810096198444164 0.810096554340133 0.810096910246073 0.810097266161982 0.810097622087862 0.810097978023715 0.810098333969542 1.77507182561774 9.99999959601009e-11
0.807256756366705 0.799539868840968 0.807253319670954 0.807253612439852 0.807253905216994 0.807254198002381 0.807254490796012 0.807254783597888 0.807255076408012 0.807255369226383 1.84821895120664 9.99999950352745e-11
0.804518560587991 0.8043963960572 0.80451007203881 0.804510346918391 0.804510621805731 0.804510896700832 0.804511171603694 0.804511446514319 0.804511721432706 0.804511996358855 1.90705931168197 9.99999942389432e-11
0.329947361099313 0.31049703561351 0.329963925371731 0.329963743309894 0.329963561263516 0.3299633792326 0.329963197217146 0.329963015217157 0.329962833232634 0.329962651263581 0.174200303916634 9.99999881655647e-11
0.283851224447809 0.275257637238869 0.283855734182272 0.283855062270835 0.283854390355348 0.28385371843581 0.28385304651222 0.283852374584579 0.283851702652885 0.283851030717139 0.138489563834194 9.99999871389734e-11
0.218583869916888 0.19462012166099 0.218550564034498 0.218549186352717 0.218547808643295 0.21854643090623 0.21854505314152 0.218543675349162 0.218542297529155 0.218540919681496 0.0950411129627714 9.99999855551109e-11
0.259589814658896 0.24434881985623 0.259629453238478 0.259628688894368 0.259627924538695 0.259627160171455 0.259626395792647 0.259625631402273 0.25962486700033 0.259624102586817 0.12036024403213 9.99999882381022e-11
0.234714493305145 0.224934398209741 0.234646121713683 0.234645140022899 0.234644158320326 0.234643176605962 0.234642194879806 0.234641213141858 0.234640231392115 0.234639249630579 0.108193953963678 9.99999865353311e-11
0.238374386004607 0.222163657965097 0.238391998211063 0.238390775886415 0.238389553545779 0.238388331189155 0.238387108816541 0.238385886427935 0.238384664023336 0.238383441602743 0.107096698023789 9.99999859184388e-11
0.311482699839391 0.290403825080345 0.311508721530375 0.311508314451287 0.311507907382988 0.31150750032548 0.311507093278764 0.311506686242843 0.311506279217717 0.311505872203391 0.159807577124155 9.99999878158261e-11
0.805725722813198 0.801536051381133 0.805722004448097 0.80572228807139 0.80572257170238 0.805722855341065 0.805723138987448 0.805723422641529 0.805723706303307 0.805723989972786 1.87400244890865 9.99999947046685e-11
0.370933388618575 0.3586228292272 0.370918693216766 0.370918458508444 0.370918223814389 0.370917989134603 0.370917754469088 0.370917519817845 0.370917285180877 0.370917050558186 0.212752787680214 9.99999863431963e-11
0.339984395734359 0.326867348728766 0.339986906997135 0.339986758924169 0.339986610866952 0.339986462825485 0.339986314799769 0.339986166789808 0.339986018795603 0.339985870817155 0.182143622260985 9.99999883344983e-11
0.808646532167962 0.802809564406777 0.808641367771452 0.808641678469751 0.80864198917613 0.80864229989059 0.808642610613129 0.808642921343753 0.808643232082457 0.808643542829247 1.78183095652449 9.99999959431425e-11
0.808093248313499 0.805941363217206 0.808088453511259 0.808088755457858 0.808089057412275 0.808089359374508 0.808089661344562 0.808089963322436 0.808090265308128 0.808090567301643 1.79278242885234 9.99999957650705e-11
0.806257188362777 0.805394829810934 0.806251655982818 0.806251942652586 0.806252229330194 0.806252516015639 0.806252802708925 0.806253089410051 0.806253376119018 0.806253662835827 1.85552846189584 9.99999949872338e-11
0.807213356507889 0.809991184863308 0.80720162904294 0.807201929410326 0.807202229786017 0.807202530170011 0.807202830562311 0.807203130962917 0.807203431371829 0.807203731789048 1.858783285094 9.99999948836958e-11
0.317899221355815 0.313744969936799 0.317877918324069 0.317877663937895 0.317877409564293 0.317877155203262 0.317876900854806 0.317876646518924 0.317876392195622 0.317876137884899 0.162175330950848 9.99999887554961e-11
0.361633357059232 0.341698643342595 0.361621142392284 0.36162103107795 0.361620919777434 0.361620808490738 0.361620697217865 0.361620585958815 0.361620474713591 0.361620363482194 0.206118893799042 9.99999875642022e-11
0.806658698072326 0.80287260994646 0.806655249023371 0.806655551339044 0.80665585366316 0.806656155995719 0.806656458336725 0.806656760686176 0.806657063044075 0.806657365410421 1.82300783379174 9.9999995271661e-11
0.805843186536358 0.800610457195086 0.805841438237208 0.805841722589543 0.805842006949533 0.805842291317175 0.805842575692473 0.805842860075425 0.805843144466033 0.805843428864296 1.8466814516862 9.99999950548257e-11
0.264333948189958 0.248942198335586 0.264314626326739 0.264313371395561 0.26431211643112 0.264310861433411 0.26430960640243 0.264308351338173 0.264307096240638 0.26430584110982 0.12338389087104 9.99999865131711e-11
0.258597004208226 0.248035718914191 0.258595162467634 0.25859441301841 0.258593663567633 0.258592914115302 0.258592164661418 0.258591415205982 0.258590665748995 0.258589916290457 0.11997928515667 9.99999876466359e-11
0.346083615916406 0.320034699456766 0.346089528068436 0.346089621681776 0.346089715319386 0.346089808981269 0.346089902667428 0.346089996377864 0.346090090112582 0.346090183871583 0.18373815930518 9.99999886639564e-11
0.339589915978116 0.332259970110761 0.339599183970246 0.339599029436134 0.339598874917519 0.339598720414401 0.339598565926783 0.339598411454667 0.339598256998054 0.339598102556948 0.18337613326246 9.99999881720815e-11
0.235222935667444 0.217937002172034 0.235130468255574 0.235129005659429 0.23512754302567 0.23512608035429 0.235124617645288 0.235123154898658 0.235121692114395 0.235120229292497 0.105716287508599 9.99999860535131e-11
0.226349442503912 0.199751905609852 0.226034813272186 0.226033932852152 0.22603305241073 0.226032171947916 0.226031291463706 0.226030410958098 0.226029530431087 0.22602864988267 0.0988522947247308 9.99999874765693e-11
0.808582256991667 0.810520964550617 0.808571491801216 0.808571797842008 0.808572103890408 0.808572409946419 0.808572716010039 0.808573022081272 0.808573328160115 0.808573634246572 1.78033350178162 9.9999995970689e-11
0.806557125746116 0.800977448338665 0.806551489170944 0.806551791740461 0.806552094318396 0.806552396904748 0.806552699499519 0.80655300210271 0.806553304714321 0.806553607334352 1.82925665089127 9.99999952083962e-11
0.276237692129549 0.24770802657505 0.276239840932368 0.27623943718586 0.276239033450378 0.276238629725922 0.276238226012496 0.276237822310099 0.276237418618735 0.276237014938404 0.128138261223919 9.99999886090799e-11
0.802788754465153 0.805309592320743 0.802781204328681 0.802781434975234 0.802781665627774 0.802781896286303 0.802782126950821 0.80278235762133 0.802782588297828 0.802782818980318 1.93119493226199 9.99999940036115e-11
0.309824518768215 0.28637597541425 0.309851924882371 0.309851732017476 0.309851539166753 0.309851346330205 0.309851153507834 0.309850960699641 0.309850767905629 0.3098505751258 0.15717272877045 9.99999888935678e-11
0.807700827224302 0.801209363725657 0.807693433362825 0.807693740689054 0.807694048023745 0.807694355366897 0.807694662718512 0.807694970078592 0.807695277447134 0.807695584824142 1.83360712411277 9.99999951193059e-11
0.805566719502327 0.800056641707539 0.805565994672166 0.805566271756347 0.80556654884809 0.805566825947395 0.805567103054263 0.805567380168695 0.805567657290691 0.805567934420253 1.84825463733823 9.99999950575358e-11
0.301815149733663 0.287593587560911 0.30182745553043 0.301827275210691 0.301827094905369 0.301826914614467 0.301826734337985 0.301826554075927 0.301826373828294 0.301826193595087 0.14841932268927 9.99999894162377e-11
0.806084665021609 0.805635237499442 0.806079188370384 0.806079469158105 0.806079749953215 0.806080030755712 0.806080311565596 0.806080592382869 0.806080873207532 0.806081154039584 1.83843523006031 9.99999951533796e-11
0.271104662825244 0.259663996734902 0.271119702628005 0.271119168399572 0.27111863417015 0.27111809993974 0.271117565708342 0.271117031475956 0.271116497242583 0.271115963008223 0.129316322883149 9.9999989230871e-11
0.805818670263216 0.80933402661754 0.805810701382891 0.805810978974562 0.805811256573564 0.805811534179895 0.805811811793557 0.805812089414551 0.805812367042877 0.805812644678534 1.85187348290164 9.99999950400522e-11
0.258554874364755 0.245586884537355 0.258563506494713 0.258562795047977 0.258562083599841 0.258561372150304 0.258560660699367 0.258559949247032 0.258559237793297 0.258558526338164 0.122429115810791 9.99999882655138e-11
0.308419894643762 0.286159461477501 0.3084407102947 0.308440461216539 0.308440212154225 0.308439963107761 0.308439714077149 0.308439465062392 0.308439216063491 0.308438967080448 0.153524590369723 9.99999896603583e-11
0.805812365295039 0.804366897056962 0.805803591626158 0.805803882097152 0.805804172576163 0.805804463063197 0.805804753558252 0.805805044061328 0.805805334572428 0.805805625091551 1.83707350392315 9.99999951066198e-11
0.294339663942391 0.277714339454877 0.294365324940555 0.294364717014343 0.294364109091995 0.294363501173513 0.294362893258895 0.294362285348146 0.294361677441265 0.294361069538254 0.145874267095156 9.9999987598824e-11
0.268198442538747 0.237618696796196 0.268108379955047 0.268107320496822 0.268106261018464 0.268105201519971 0.26810414200134 0.268103082462571 0.268102022903659 0.268100963324605 0.126745077103229 9.99999861677095e-11
0.805161199058895 0.807640355660369 0.805153264655433 0.805153528077398 0.805153791506228 0.805154054941923 0.805154318384484 0.805154581833913 0.805154845290207 0.80515510875337 1.86341742070411 9.99999949019128e-11
0.807102250002866 0.801136084508695 0.807098255602007 0.807098550795527 0.807098845996809 0.807099141205853 0.80709943642266 0.807099731647232 0.807100026879569 0.807100322119671 1.80462188520828 9.9999995584115e-11
0.254655515873053 0.226457894013398 0.254609950372018 0.254608893916981 0.254607837438615 0.254606780936917 0.254605724411885 0.254604667863516 0.254603611291808 0.254602554696759 0.116146386310065 9.99999871439056e-11
0.256168102221243 0.239249855684098 0.256208798690118 0.256208302509679 0.25620780633751 0.256207310173615 0.256206814017994 0.256206317870648 0.25620582173158 0.256205325600791 0.115295767982555 9.99999893725822e-11
0.213257613534079 0.209212556857829 0.213207001717874 0.213205880956129 0.213204760175488 0.213203639375949 0.213202518557511 0.213201397720172 0.21320027686393 0.213199155988784 0.0927592682353409 9.99999875125046e-11
0.334255010750893 0.309646527443495 0.334221475394435 0.334221410287284 0.334221345199014 0.334221280129626 0.334221215079124 0.334221150047508 0.334221085034781 0.334221020040946 0.175636788871029 9.9999989265577e-11
0.334835211508075 0.318971617792238 0.334806375222198 0.334806268596473 0.334806161986943 0.334806055393611 0.334805948816478 0.334805842255547 0.334805735710819 0.334805629182296 0.177694330894284 9.99999887399729e-11
0.806242061244022 0.807550684886788 0.806233157561265 0.806233445702385 0.806233733851082 0.806234022007356 0.80623431017121 0.806234598342641 0.806234886521651 0.806235174708243 1.82362261986426 9.99999953557959e-11
0.281639697033364 0.264666930668878 0.281676990472299 0.281676575167937 0.281676159873609 0.281675744589319 0.281675329315067 0.281674914050856 0.281674498796686 0.281674083552561 0.135925727314355 9.99999887835747e-11
0.312132583105619 0.287434669830426 0.312148286681021 0.312148250790237 0.312148214917954 0.312148179064173 0.312148143228896 0.312148107412126 0.312148071613863 0.312148035834112 0.157340816881948 9.99999892852325e-11
0.254017172360827 0.232730181038704 0.253955637280964 0.253955108492878 0.253954579708611 0.253954050928165 0.253953522151542 0.253952993378741 0.253952464609764 0.253951935844611 0.115654614033077 9.99999892625577e-11
0.333046189063217 0.30994899082864 0.332950031358103 0.332949970919524 0.332949910499455 0.332949850097898 0.332949789714855 0.332949729350329 0.332949669004322 0.332949608676836 0.174354239931405 9.99999893591851e-11
0.806520538916511 0.797549647962463 0.80651691916947 0.806517218079602 0.806517516998116 0.806517815925011 0.806518114860287 0.806518413803946 0.806518712755991 0.806519011716417 1.83580471846467 9.99999951308032e-11
0.304247824108439 0.28981333558256 0.304258447529965 0.304258228932712 0.304258010350742 0.304257791784055 0.304257573232656 0.304257354696545 0.304257136175726 0.3042569176702 0.148113181281913 9.99999888753277e-11
0.265379717268943 0.244004400360164 0.265396572393812 0.265395722493924 0.265394872587228 0.265394022673722 0.265393172753408 0.265392322826284 0.26539147289235 0.265390622951606 0.121152424607266 9.99999878187773e-11
0.330434586096521 0.326938873443301 0.330366885246124 0.330366629311338 0.330366373388875 0.330366117478735 0.330365861580921 0.330365605695433 0.330365349822275 0.330365093961447 0.17445659792667 9.99999886825413e-11
0.239210581989745 0.221630452241006 0.239154001650444 0.239152484014028 0.239150966337341 0.239149448620379 0.239147930863138 0.239146413065612 0.239144895227798 0.239143377349692 0.104941375376908 9.99999865307086e-11
