0.821610366811176 0.818905474947197 0.821607835951094 0.821608092048181 0.821608348151734 0.821608604261755 0.821608860378245 0.821609116501204 0.82160937263063 0.821609628766528 2.06388456211557 9.99999945261377e-11
0.324382937998053 0.306101876782208 0.324394219527018 0.324393988675515 0.324393757840867 0.324393527023077 0.324393296222149 0.324393065438083 0.324392834670884 0.324392603920553 0.169093098281787 9.99999864223653e-11
0.345472943732419 0.335897569612458 0.345475252223909 0.345474918349208 0.345474584487607 0.345474250639107 0.345473916803709 0.345473582981417 0.345473249172233 0.345472915376159 0.189593394729732 9.99999856803792e-11
0.315411259854497 0.305658137944972 0.315420523560117 0.315420261424027 0.315419999299164 0.315419737185528 0.315419475083121 0.315419212991944 0.315418950912 0.315418688843289 0.1620206077198 9.99999883742515e-11
0.821483681949314 0.817382768644338 0.821479346124972 0.821479597228563 0.821479848338603 0.821480099455091 0.82148035057803 0.821480601707421 0.821480852843262 0.821481103985555 2.06788589123446 9.99999944387392e-11
0.306280230442431 0.29396832884855 0.306297472659992 0.306296659224048 0.306295845773986 0.306295032309807 0.306294218831508 0.30629340533909 0.30629259183255 0.306291778311888 0.15505963928684 9.99999856134177e-11
0.82430368399896 0.823094117602659 0.824296846114626 0.824297141000763 0.824297435894856 0.824297730796906 0.824298025706913 0.824298320624878 0.824298615550802 0.824298910484686 2.00761544464838 9.99999952832630e-11
0.819999385366384 0.820583837552886 0.81999381876119 0.819994043599624 0.819994268443724 0.819994493293487 0.819994718148915 0.81999494301001 0.81999516787677 0.819995392749197 2.12158949493191 9.9999993790821e-11
0.289864657867538 0.273531044932039 0.289896873353602 0.289896491208717 0.289896109072284 0.289895726944306 0.289895344824782 0.289894962713716 0.289894580611108 0.289894198516959 0.144021024252811 9.99999881654141e-11
0.821967215850682 0.814427650659434 0.821961290061212 0.821961555381337 0.821961820708798 0.821962086043596 0.821962351385732 0.821962616735206 0.82196288209202 0.821963147456172 2.12158827693385 9.99999937153133e-11
0.319288827788523 0.306387479755888 0.319274317817112 0.319273823271645 0.319273328730272 0.319272834192994 0.319272339659812 0.319271845130728 0.319271350605743 0.319270856084858 0.167484181058774 9.99999858457456e-11
0.351463277669095 0.337970890723171 0.35138882698935 0.351388734999637 0.351388643026726 0.351388551070618 0.351388459131317 0.351388367208824 0.351388275303143 0.351388183414274 0.194035515504969 9.9999986968703e-11
0.336967374555159 0.327774333045326 0.336907076919284 0.336906814354908 0.336906551804581 0.336906289268307 0.336906026746087 0.336905764237922 0.336905501743816 0.336905239263769 0.181689519520177 9.99999861543329e-11
0.820048320092898 0.820366189235281 0.820043644878285 0.820043885294569 0.82004412571733 0.820044366146567 0.820044606582282 0.820044847024475 0.820045087473146 0.820045327928298 2.12133104400859 9.99999937813132e-11
0.227170879779701 0.216644829512836 0.227112896947636 0.227112024696917 0.227111152430943 0.227110280149712 0.227109407853225 0.227108535541478 0.227107663214471 0.227106790872203 0.102418038808762 9.9999986337931e-11
0.2933100983469 0.274397251974872 0.293194897393971 0.293194022126163 0.29319314684826 0.29319227156026 0.293191396262163 0.29319052095397 0.293189645635679 0.293188770307291 0.144050293072389 9.99999848241795e-11
0.823799787851684 0.818315769067665 0.823794435093627 0.823794722286688 0.82379500948705 0.823795296694712 0.823795583909677 0.823795871131944 0.823796158361515 0.823796445598388 2.01302698092944 9.99999951803645e-11
0.823628347365236 0.82245533015428 0.823624317310715 0.823624601717977 0.823624886132978 0.823625170555719 0.823625454986199 0.823625739424419 0.823626023870382 0.823626308324088 2.01128290061068 9.99999952471778e-11
0.822310303303617 0.8235397985543 0.8223041487522 0.822304416529599 0.822304684314276 0.822304952106235 0.822305219905475 0.822305487711998 0.822305755525804 0.822306023346895 2.05947101380977 9.99999946145008e-11
0.821523311474952 0.824544387168574 0.821516441248444 0.821516706665339 0.821516972089315 0.821517237520376 0.82151750295852 0.821517768403748 0.821518033856061 0.821518299315461 2.07086939116033 9.99999943679931e-11
0.293824516764364 0.281730121771315 0.293838746645282 0.293838330831221 0.293837915029237 0.293837499239331 0.293837083461505 0.29383666769576 0.293836251942101 0.293835836200528 0.144702658277335 9.99999880691994e-11
0.82479718919731 0.821000073064309 0.824791095299686 0.824791410806354 0.82479172632193 0.824792041846414 0.824792357379809 0.824792672922113 0.82479298847333 0.824793304033459 2.01486607474144 9.99999950771247e-11
0.235842257718865 0.216022147436114 0.235809362070365 0.23580819924707 0.235807036400461 0.235805873530538 0.235804710637298 0.23580354772074 0.235802384780862 0.235801221817661 0.105414119898436 9.99999856227694e-11
0.824772532834857 0.823684937592169 0.824766723779004 0.824767031147372 0.824767338524077 0.82476764590912 0.8247679533025 0.824768260704219 0.824768568114277 0.824768875532675 1.99149549638601 9.99999954725364e-11
0.360323627411748 0.328672871508235 0.36033979796791 0.360339761180786 0.36033972441443 0.360339687668843 0.360339650944028 0.360339614239989 0.360339577556726 0.360339540894244 0.200216381120044 9.9999986914425e-11
0.320893717617768 0.311715496523821 0.32090078535954 0.320900491000594 0.320900196653754 0.320899902319023 0.320899607996401 0.320899313685892 0.320899019387497 0.320898725101218 0.167884104525651 9.99999877610821e-11
0.82255213706821 0.821320896324711 0.822546436140977 0.82254671004782 0.822546983962129 0.822547257883904 0.822547531813144 0.822547805749851 0.822548079694025 0.822548353645667 2.06655515870562 9.99999944544469e-11
0.822097252092713 0.822222536048464 0.822091319553324 0.822091589323676 0.822091859101206 0.822092128885917 0.822092398677806 0.822092668476876 0.822092938283126 0.82209320809656 2.05037682159086 9.99999946469245e-11
0.314604078437666 0.280561220492248 0.31464914953822 0.314648636812028 0.314648124092422 0.314647611379401 0.314647098672968 0.314646585973124 0.31464607327987 0.314645560593207 0.160701948295894 9.99999856438344e-11
0.824526537178578 0.817835325428884 0.82452300903722 0.824523302103089 0.824523595176895 0.824523888258638 0.824524181348318 0.824524474445935 0.824524767551494 0.824525060664992 2.03116795395646 9.99999949627045e-11
0.820288997225425 0.818317138899693 0.820283248115027 0.820283504357952 0.820283760608172 0.820284016865688 0.820284273130499 0.82028452940261 0.820284785682017 0.820285041968726 2.12172481922835 9.99999936811809e-11
0.264983287762947 0.234981428788516 0.265071625334789 0.265070156755754 0.26506868813454 0.265067219471141 0.265065750765553 0.265064282017774 0.265062813227798 0.265061344395622 0.123726189242419 9.99999844458702e-11
0.245025956078322 0.224266913397288 0.24509794681513 0.245096738621446 0.24509553040085 0.245094322153339 0.245093113878913 0.245091905577567 0.245090697249301 0.245089488894111 0.11104600674502 9.99999852130796e-11
0.309222757065601 0.301704048678847 0.309225370344586 0.309225042033912 0.309224713737262 0.309224385454637 0.309224057186041 0.309223728931474 0.309223400690941 0.309223072464443 0.155666117123609 9.99999880193356e-11
0.822547366213279 0.815473400711052 0.822542904267728 0.822543174807001 0.822543445353481 0.822543715907168 0.822543986468063 0.822544257036168 0.822544527611482 0.822544798194006 2.07924932438051 9.99999941874175e-11
0.341381603282284 0.327375758786683 0.341391848470339 0.34139167914309 0.341391509830742 0.341391340533296 0.341391171250755 0.341391001983121 0.341390832730397 0.341390663492583 0.184525643160767 9.99999859916242e-11
0.261898180700096 0.233698159673694 0.261973925230421 0.26197319240737 0.261972459574863 0.261971726732899 0.261970993881475 0.261970261020592 0.261969528150248 0.261968795270441 0.12099910789723 9.99999865801226e-11
0.822980719672395 0.820629412767918 0.822973616307791 0.822973906566395 0.822974196832863 0.822974487107196 0.822974777389396 0.822975067679464 0.8229753579774 0.822975648283205 2.05228375473596 9.99999946307517e-11
0.28930127799132 0.272110505697251 0.289330111055808 0.289329497531335 0.289328884010726 0.28932827049398 0.289327656981102 0.289327043472089 0.289326429966945 0.289325816465671 0.140790905492577 9.9999986722304e-11
0.820013752179219 0.818179224293205 0.820006690278109 0.820006921899618 0.820007153527201 0.820007385160861 0.820007616800599 0.820007848446413 0.820008080098307 0.820008311756277 2.16799969206677 9.99999931415422e-11
0.819200540596253 0.820466775821497 0.819196549032401 0.819196768804886 0.819196988582974 0.81919720836666 0.819197428155949 0.819197647950838 0.81919786775133 0.819198087557424 2.12516353144537 9.99999937683192e-11
0.821705466382184 0.817630962002855 0.821701773408804 0.821702022959508 0.821702272516704 0.821702522080391 0.821702771650571 0.821703021227243 0.821703270810411 0.821703520400073 2.11161656459312 9.99999939019469e-11
0.82388542999563 0.821489364198187 0.823880568112282 0.823880859429617 0.823881150754868 0.82388144208804 0.82388173342913 0.823882024778142 0.823882316135076 0.823882607499932 2.00018965320394 9.99999953867125e-11
0.307353911884303 0.299163004758014 0.307368978239496 0.307368583481197 0.307368188728119 0.307367793980265 0.307367399237637 0.307367004500235 0.30736660976806 0.307366215041113 0.157742172466621 9.99999880497984e-11
0.305217189207434 0.285549682089591 0.305251540784982 0.305250947774383 0.30525035476714 0.305249761763252 0.305249168762723 0.305248575765552 0.305247982771742 0.305247389781292 0.153553579201549 9.9999984809307e-11
0.211084135672908 0.193448259644307 0.210984407312137 0.210983282658094 0.210982157988164 0.210981033302346 0.210979908600637 0.210978783883037 0.210977659149546 0.210976534400161 0.0917848797106507 9.99999858464579e-11
0.288067822234327 0.278008218017711 0.288103629040958 0.28810289804982 0.288102167055562 0.288101436058184 0.288100705057689 0.288099974054075 0.288099243047343 0.288098512037494 0.143745749485863 9.99999856691864e-11
0.231231278453054 0.213192713357493 0.231105366136641 0.231103923325889 0.231102480482479 0.231101037606407 0.23109959469767 0.231098151756264 0.231096708782185 0.23109526577543 0.104864845274243 9.99999847678086e-11
0.231954080542863 0.218662600894934 0.231990383739219 0.231988950209843 0.231987516630213 0.231986083000321 0.23198464932016 0.231983215589723 0.231981781809004 0.231980347977994 0.102749051547256 9.99999863685697e-11
0.324850563216218 0.293298157345324 0.324873794158072 0.324873504969167 0.324873215797208 0.3248729266422 0.324872637504144 0.324872348383044 0.324872059278901 0.324871770191719 0.165420906727893 9.99999870313646e-11
0.823667446527594 0.817296103819764 0.823663960263277 0.823664246759911 0.823664533264408 0.82366481977677 0.823665106296996 0.823665392825088 0.823665679361045 0.823665965904869 2.03826462974783 9.99999948413704e-11
0.352896006175858 0.339888620708451 0.352886487239805 0.352886628648613 0.35288677008144 0.352886911538287 0.352887053019159 0.352887194524058 0.352887336052985 0.352887477605945 0.190873892706873 9.99999879813813e-11
0.322721871656965 0.309575412053894 0.322739217107155 0.322738940677251 0.322738664260704 0.322738387857516 0.32273811146769 0.322737835091228 0.322737558728131 0.322737282378402 0.166864372897981 9.99999870629638e-11
0.820557654090652 0.82272614582952 0.820550750419337 0.820550992870518 0.820551235328234 0.820551477792487 0.820551720263275 0.8205519627406 0.820552205224463 0.820552447714865 2.10558050006339 9.99999939894732e-11
0.824581555307773 0.823966216475113 0.824573554526517 0.824573855202925 0.82457415588727 0.824574456579557 0.824574757279783 0.824575057987949 0.824575358704059 0.824575659428109 1.99210986881234 9.99999954795263e-11
0.821249638032613 0.822109692823477 0.821243504212842 0.821243766527145 0.821244028848758 0.821244291177679 0.821244553513913 0.821244815857457 0.821245078208314 0.821245340566484 2.08931300832202 9.99999942463433e-11
0.820696918960341 0.818738555579013 0.820693762391063 0.820694003420833 0.820694244457098 0.820694485499858 0.820694726549113 0.820694967604864 0.820695208667113 0.820695449735857 2.12844721983193 9.99999937036716e-11
0.332659681944123 0.314542826011094 0.332674184340653 0.332673820319076 0.332673456309058 0.332673092310601 0.332672728323707 0.332672364348377 0.332672000384615 0.332671636432422 0.177378880566538 9.99999863656695e-11
0.341575319012997 0.323580209760755 0.341544189735878 0.341544026185501 0.341543862649776 0.341543699128703 0.341543535622286 0.341543372130527 0.341543208653426 0.341543045190988 0.185501238276106 9.99999867605782e-11
0.820854418416505 0.820667072712492 0.820849319136639 0.820849576756038 0.820849834382384 0.820850092015678 0.82085034965592 0.820850607303114 0.820850864957256 0.820851122618348 2.06860178498492 9.99999943970972e-11
0.820154236897157 0.816259855972641 0.820151914171525 0.82015215862817 0.820152403091158 0.820152647560489 0.820152892036164 0.820153136518183 0.820153381006546 0.820153625501257 2.08480412860596 9.99999942573641e-11
0.292062290719679 0.277127588809942 0.292016443714301 0.292015683338842 0.29201492295904 0.292014162574896 0.29201340218641 0.292012641793583 0.292011881396416 0.292011120994908 0.14519017437294 9.99999861661247e-11
0.276894019170071 0.256443053770186 0.276886916600895 0.276886433208356 0.276885949821111 0.27688546643916 0.276884983062506 0.276884499691149 0.276884016325092 0.276883532964336 0.132798097256877 9.99999865473327e-11
0.315108284299935 0.312705046495959 0.315109167257383 0.315108721810005 0.31510827636925 0.315107830935119 0.315107385507615 0.315106940086738 0.315106494672489 0.315106049264871 0.164665003321435 9.99999876211157e-11
0.35914372715783 0.340316720463788 0.359154430272495 0.359154313084034 0.359154195912281 0.359154078757239 0.359153961618912 0.359153844497299 0.359153727392405 0.359153610304232 0.201207828417747 9.99999858245056e-11
0.246431791469581 0.217446448238858 0.246396162232222 0.246395063527783 0.246393964800989 0.246392866051835 0.246391767280321 0.246390668486445 0.246389569670203 0.246388470831593 0.114157373471847 9.99999835853393e-11
0.240887873086276 0.237519813835227 0.240792522652064 0.24079121309169 0.240789903494861 0.240788593861573 0.240787284191821 0.240785974485603 0.240784664742912 0.240783354963745 0.112002152492141 9.99999851677965e-11
0.821974709886246 0.819867194845069 0.821969886130245 0.821970159983969 0.821970433845191 0.821970707713911 0.821970981590131 0.82197125547385 0.821971529365071 0.821971803263793 2.07697125111979 9.99999942923875e-11
0.823437154292743 0.821292568200072 0.823429909340893 0.823430200202671 0.823430491072194 0.823430781949464 0.823431072834485 0.823431363727252 0.823431654627769 0.823431945536038 2.04714097892972 9.99999946307811e-11
0.265735197367827 0.244016579159285 0.265711762797933 0.265710612160188 0.265709461501322 0.265708310821333 0.26570716012022 0.265706009397982 0.265704858654617 0.265703707890125 0.12656989397978 9.99999848627878e-11
0.822050514693695 0.820048685974485 0.822044329728909 0.822044599853971 0.822044869986255 0.822045140125762 0.822045410272494 0.82204568042645 0.822045950587634 0.822046220756042 2.07830255360586 9.99999942689104e-11
0.315912709854617 0.305747495485277 0.315921931974367 0.315921748505806 0.315921565052465 0.315921381614347 0.315921198191454 0.315921014783787 0.315920831391349 0.315920648014142 0.163630072347875 9.99999881811378e-11
0.821543336866308 0.819689647653709 0.821536805733078 0.821537069656167 0.821537333586407 0.821537597523797 0.821537861468337 0.821538125420029 0.821538389378872 0.821538653344867 2.07846982727239 9.99999942172976e-11
0.82206721955694 0.817611366725799 0.822064394398581 0.822064661459649 0.822064928527873 0.822065195603253 0.822065462685789 0.822065729775482 0.822065996872334 0.822066263976343 2.05732204500437 9.99999946157182e-11
0.342912082648186 0.328981581361382 0.342917488429795 0.342917327526234 0.342917166635472 0.342917005757513 0.342916844892357 0.342916684040007 0.342916523200464 0.34291636237373 0.187624535404301 9.99999871072719e-11
0.821754494341297 0.819469302580096 0.821750607404743 0.821750875544045 0.821751143690547 0.821751411844245 0.821751680005143 0.821751948173243 0.821752216348541 0.82175248453104 2.0621903192034 9.99999945021064e-11
0.297193442231936 0.284237489610718 0.2972002322043 0.297199500938725 0.297198769672883 0.297198038406775 0.297197307140403 0.297196575873768 0.297195844606871 0.297195113339713 0.149355008716415 9.99999854898476e-11
0.819895563499086 0.823096586037018 0.819888239307915 0.819888476070753 0.819888712840207 0.819888949616278 0.819889186398966 0.819889423188272 0.819889659984196 0.819889896786741 2.16283473314502 9.99999932871813e-11
0.251679184224476 0.232094916616079 0.2516868823384 0.25168605251144 0.251685222673098 0.251684392823372 0.251683562962262 0.251682733089766 0.251681903205883 0.251681073310612 0.115419582317586 9.99999860456098e-11
0.342451631207206 0.315728015603367 0.342473248860059 0.342473001788666 0.342472754732137 0.342472507690476 0.342472260663685 0.342472013651765 0.342471766654719 0.342471519672549 0.185958034107257 9.99999869067855e-11
0.820156488950705 0.815702984321265 0.820155348083367 0.82015558941584 0.820155830754684 0.820156072099902 0.820156313451493 0.820156554809459 0.820156796173799 0.820157037544514 2.10074213352099 9.99999939830243e-11
0.284144453449715 0.262001434269248 0.284171794036642 0.284170885594997 0.284169977145918 0.284169068689404 0.284168160225456 0.284167251754073 0.284166343275257 0.284165434789006 0.137805607041394 9.99999864063926e-11
0.273474848422611 0.251859502013142 0.273417513300767 0.273416352906043 0.273415192488206 0.273414032047254 0.273412871583186 0.273411711095999 0.273410550585693 0.273409390052264 0.130944250031263 9.99999848444049e-11
0.820143935172296 0.818127367267438 0.820140799741408 0.820141039172341 0.820141278609813 0.820141518053825 0.820141757504379 0.820141996961475 0.820142236425114 0.820142475895296 2.13506532289409 9.99999936286759e-11
0.821217651828224 0.817250860707422 0.821214313191416 0.821214577778582 0.821214842372929 0.82121510697446 0.821215371583175 0.821215636199075 0.82121590082216 0.821216165452432 2.07256644381499 9.99999943682393e-11
0.254135418768301 0.250954143247441 0.254142817042326 0.254141954459108 0.25414109186451 0.254140229258532 0.254139366641173 0.254138504012433 0.25413764137231 0.254136778720805 0.121101522663808 9.99999861006059e-11
0.263571150550199 0.251226928849065 0.263608701441187 0.263608006464638 0.263607311483192 0.263606616496848 0.263605921505607 0.263605226509467 0.263604531508431 0.263603836502496 0.123767891713344 9.99999877680448e-11
0.220164012311944 0.205716738771935 0.220128553119853 0.220126899718358 0.220125246273733 0.220123592785971 0.220121939255069 0.220120285681021 0.220118632063822 0.220116978403468 0.0976205306045128 9.99999847579339e-11
0.329405573620134 0.315236913023357 0.329376595194848 0.329376270970776 0.329375946757834 0.329375622556026 0.329375298365351 0.329374974185814 0.329374650017414 0.329374325860154 0.175519793939069 9.99999867419636e-11
0.345985591114515 0.324178113841106 0.345885584745507 0.345885476074816 0.345885367421575 0.345885258785787 0.345885150167452 0.345885041566573 0.345884932983154 0.345884824417195 0.186852616041358 9.99999868204423e-11
0.822768353247938 0.82068134033227 0.822763127502862 0.822763413456673 0.822763699418172 0.822763985387361 0.822764271364239 0.82276455734881 0.822764843341071 0.822765129341025 2.03831467949023 9.99999948067899e-11
0.318606695677277 0.313683096054748 0.3186160176213 0.318615401398008 0.31861478517552 0.318614168953836 0.318613552732956 0.318612936512882 0.318612320293615 0.318611704075156 0.165970373068709 9.99999850627696e-11
0.323328488079471 0.309292749928667 0.323335463145973 0.323335199518975 0.323334935907762 0.323334672312338 0.323334408732706 0.323334145168866 0.323333881620822 0.323333618088576 0.168165194083017 9.9999988062139e-11
0.260206011185945 0.234655007688316 0.260093031371094 0.260092279020917 0.260091526654799 0.260090774272735 0.260090021874724 0.260089269460765 0.260088517030854 0.260087764584989 0.121039963057771 9.99999858845404e-11
0.299321508770221 0.268638957643036 0.299248383985486 0.299248110773546 0.299247837575302 0.299247564390756 0.299247291219909 0.299247018062765 0.299246744919324 0.299246471789589 0.147862290789356 9.99999883431778e-11
0.821386673035616 0.818843383568624 0.821381231387357 0.821381479610835 0.821381727841004 0.821381976077863 0.821382224321414 0.821382472571656 0.821382720828593 0.821382969092222 2.11000645617964 9.99999938724562e-11
0.34291959538142 0.325424568402578 0.342937675328991 0.342937295906891 0.342936916491737 0.342936537083532 0.342936157682274 0.342935778287967 0.342935398900611 0.342935019520207 0.188400498313278 9.99999863885121e-11
0.300133123656429 0.287389384584559 0.300162395815827 0.300161207239585 0.300160018631056 0.300158829990239 0.300157641317131 0.300156452611727 0.300155263874026 0.300154075104024 0.152140151952445 9.99999837403284e-11
0.34273028491906 0.300183087191422 0.342748811026065 0.342748939317173 0.342749067633443 0.34274919597488 0.342749324341486 0.342749452733264 0.342749581150217 0.342749709592348 0.179390901216507 9.99999879471245e-11
0.257321379005366 0.243818689530627 0.25717225720647 0.257170968108739 0.257169678983402 0.257168389830457 0.257167100649902 0.257165811441735 0.257164522205954 0.257163232942557 0.120935776901263 9.99999851793785e-11
