0.810516707224133 0.810328084359368 0.810509970838024 0.810510237725686 0.810510504621309 0.810510771524893 0.810511038436437 0.810511305355947 0.810511572283419 0.810511839218857 1.96710345692336 9.99999942836301e-11
0.318500513092271 0.312114729635811 0.318509169572309 0.318508953685096 0.318508737813064 0.318508521956217 0.318508306114556 0.318508090288084 0.318507874476803 0.318507658680715 0.164236816044822 9.99999889332747e-11
0.323776895431974 0.288620644759783 0.323811109493611 0.323810804156793 0.323810498834323 0.323810193526205 0.323809888232442 0.323809582953035 0.323809277687989 0.323808972437305 0.168574414383848 9.99999876906686e-11
0.350398990372194 0.338874976254073 0.350405210667487 0.350405081171391 0.350404951691067 0.350404822226516 0.350404692777741 0.350404563344744 0.350404433927527 0.350404304526093 0.19532765602231 9.999998713881e-11
0.813742514594439 0.808903685957492 0.813736256021316 0.813736578390014 0.813736900768914 0.813737223158017 0.813737545557322 0.813737867966833 0.813738190386549 0.813738512816473 1.89901747513365 9.99999950937082e-11
0.294361140005636 0.275628452187632 0.294312691341534 0.294312286505495 0.294311881679823 0.294311476864518 0.294311072059584 0.294310667265021 0.294310262480834 0.294309857707024 0.144469754633335 9.99999877789379e-11
0.813477183060837 0.809729277966304 0.813467228849087 0.813467546970815 0.813467865102019 0.813468183242702 0.813468501392863 0.813468819552505 0.813469137721628 0.813469455900234 1.85415224879199 9.99999957861847e-11
0.814154140476823 0.808495423000599 0.814146536050209 0.814146866397631 0.814147196754952 0.814147527122175 0.814147857499301 0.81414818788633 0.814148518283263 0.814148848690102 1.85740530535988 9.99999956834142e-11
0.286462578706749 0.276418240057403 0.286488523712379 0.286487819351226 0.286487114985726 0.28648641061588 0.286485706241686 0.286485001863148 0.286484297480264 0.286483593093037 0.142241264860195 9.99999872097938e-11
0.811691044861537 0.808104724493126 0.811686404574247 0.81168670714903 0.811687009733133 0.811687312326554 0.8116876149293 0.811687917541368 0.811688220162761 0.811688522793478 1.947384884936 9.99999944958953e-11
0.288785705220133 0.260656526336315 0.288790878617491 0.288789726373809 0.288788574099377 0.288787421794192 0.288786269458251 0.288785117091551 0.28878396469409 0.288782812265863 0.138404715034783 9.999998524195e-11
0.326116810760886 0.292573535914468 0.325884974903008 0.325884416931459 0.325883858959521 0.325883300987193 0.325882743014474 0.325882185041367 0.325881627067871 0.325881069093985 0.168759190723471 9.9999987192571e-11
0.30932477795154 0.289079763590233 0.309318598023092 0.309318481562965 0.309318365123373 0.309318248704319 0.309318132305805 0.309318015927835 0.30931789957041 0.309317783233533 0.155111830506856 9.9999989268749e-11
0.811817912860935 0.814810603280107 0.811808123583213 0.811808428564304 0.811808733554695 0.811809038554387 0.81180934356338 0.811809648581677 0.811809953609279 0.811810258646183 1.89929699319458 9.99999951534954e-11
0.229521050770388 0.233240259470682 0.229502871744887 0.229501814538561 0.229500757314933 0.229499700074005 0.229498642815774 0.229497585540239 0.2294965282474 0.229495470937256 0.104675122656592 9.99999869536419e-11
0.312313694891175 0.291055479583467 0.312340270481026 0.312339985137562 0.31233969980865 0.312339414494293 0.312339129194493 0.312338843909255 0.312338558638579 0.312338273382469 0.160211921391757 9.99999879978471e-11
0.812125804873609 0.814271053257538 0.812115855850366 0.812116163620519 0.812116471400097 0.812116779189103 0.812117086987537 0.8121173947954 0.812117702612695 0.81211801043942 1.9077587798849 9.99999950067018e-11
0.811587669908599 0.808651713548407 0.81158356499209 0.811583867416974 0.811584169851435 0.811584472295471 0.811584774749086 0.811585077212279 0.811585379685054 0.811585682167409 1.93761604051792 9.99999945966926e-11
0.809741371675321 0.810406253598983 0.809733551860917 0.809733811832123 0.80973407181101 0.80973433179758 0.809734591791833 0.809734851793772 0.809735111803395 0.809735371820704 1.97653107263466 9.99999941728535e-11
0.81235722792228 0.812284180327023 0.812347803030739 0.812348106125437 0.812348409228985 0.81234871234139 0.812349015462649 0.812349318592764 0.812349621731737 0.812349924879566 1.90492625950706 9.99999950262728e-11
0.307470109123955 0.296473037565323 0.307493262444302 0.307492546954383 0.307491831461753 0.307491115966412 0.307490400468361 0.307489684967602 0.307488969464136 0.307488253957962 0.16063866192871 9.99999868161408e-11
0.81105742515631 0.810901659182177 0.811052692914456 0.811052982179693 0.811053271453718 0.811053560736534 0.811053850028143 0.811054139328545 0.811054428637739 0.811054717955729 1.90105836736313 9.9999995083426e-11
0.22548447087449 0.212566949542866 0.225454256946889 0.225453095457722 0.225451933958926 0.225450772450501 0.225449610932447 0.225448449404762 0.225447287867447 0.2254461263205 0.099692164342381 9.99999866096663e-11
0.81269030971196 0.804844216965736 0.812686408628752 0.812686723572845 0.812687038526822 0.812687353490682 0.812687668464428 0.812687983448061 0.812688298441581 0.81268861344499 1.92538055580564 9.99999947187968e-11
0.35174733740042 0.342855053013742 0.351740760267506 0.351740633835062 0.351740507421838 0.351740381027836 0.351740254653058 0.351740128297509 0.35174000196119 0.351739875644104 0.194621397184343 9.99999875659821e-11
0.319058860262078 0.308440677006863 0.319062170970024 0.319062173792078 0.319062176636161 0.319062179502275 0.319062182390425 0.31906218530061 0.319062188232837 0.319062191187106 0.164078884143175 9.99999896711752e-11
0.812630684066088 0.812701050983052 0.812623931413855 0.812624239559635 0.812624547714632 0.812624855878845 0.812625164052278 0.81262547223493 0.812625780426802 0.812626088627895 1.86123034507155 9.99999957021126e-11
0.810281022385299 0.803585905768767 0.810278022984382 0.810278304970226 0.810278586964817 0.810278868968156 0.810279150980243 0.810279433001082 0.810279715030671 0.810279997069011 1.93344177751078 9.99999946716329e-11
0.30916850022884 0.275486188185379 0.309217219112383 0.309216829091276 0.309216439088689 0.309216049104628 0.309215659139094 0.309215269192094 0.309214879263631 0.309214489353707 0.155253355418769 9.9999987220582e-11
0.81205999772408 0.807840636766667 0.812052432517585 0.812052732851764 0.812053033195285 0.812053333548145 0.812053633910349 0.812053934281896 0.812054234662788 0.812054535053025 1.9289381015344 9.99999947568649e-11
0.810123178176176 0.806591241578613 0.810119426910844 0.810119709228316 0.810119991554578 0.81012027388963 0.810120556233476 0.810120838586113 0.810121120947544 0.81012140331777 1.97412605613522 9.99999940757146e-11
0.251882507857542 0.244437198502457 0.251924149482939 0.251922952766103 0.251921756031377 0.25192055927876 0.25191936250825 0.251918165719848 0.251916968913551 0.251915772089361 0.116065750165822 9.99999866165536e-11
0.241806163835879 0.218401634365566 0.241888951494846 0.241887613493122 0.241886275449052 0.241884937362629 0.241883599233847 0.241882261062698 0.241880922849175 0.241879584593271 0.108037637646035 9.99999866785638e-11
0.322194924651443 0.291463728460407 0.322206566064707 0.322206482794937 0.322206399548143 0.322206316324327 0.322206233123495 0.322206149945647 0.322206066790788 0.322205983658922 0.166201270970673 9.99999885867011e-11
0.810920212869165 0.809800139805453 0.810914645151455 0.810914941300199 0.810915237458064 0.810915533625053 0.810915829801165 0.810916125986404 0.810916422180766 0.810916718384256 1.9247529581241 9.99999947087196e-11
0.316216291304934 0.319061134750046 0.316212934827434 0.316212672628017 0.316212410441765 0.316212148268682 0.31621188610877 0.31621162396203 0.316211361828462 0.316211099708072 0.16467773167288 9.99999885791396e-11
0.281792069011906 0.274329494204611 0.281828976311751 0.281827941298328 0.281826906265359 0.281825871212843 0.28182483614078 0.281823801049167 0.281822765938004 0.281821730807288 0.137930875630977 9.99999863787566e-11
0.811944992134426 0.812902413324595 0.811938087042867 0.811938379381738 0.811938671729362 0.811938964085742 0.811939256450875 0.811939548824767 0.811939841207414 0.811940133598822 1.89783078942797 9.99999951787664e-11
0.289636825353439 0.283131611666172 0.289655620708258 0.289654937872811 0.289654255038573 0.289653572205545 0.289652889373729 0.289652206543126 0.289651523713738 0.289650840885565 0.143226320851473 9.99999873071317e-11
0.810352157252968 0.815355295414484 0.810344929564012 0.810345202545764 0.81034547553539 0.810345748532891 0.810346021538267 0.810346294551523 0.810346567572653 0.810346840601664 1.92325784086274 9.99999948278434e-11
0.810605296867515 0.81077567423062 0.810598592207051 0.810598878411791 0.810599164625751 0.810599450848932 0.810599737081338 0.810600023322965 0.810600309573817 0.810600595833895 1.96189319019632 9.99999943389304e-11
0.810346120916137 0.809083839830631 0.810339678174839 0.81033994766421 0.810340217161198 0.810340486665803 0.810340756178026 0.810341025697868 0.810341295225328 0.81034156476041 1.95807650713376 9.99999943957358e-11
0.811130669985165 0.809140999405895 0.811124033464033 0.811124314247117 0.811124595038684 0.811124875838738 0.811125156647278 0.811125437464307 0.811125718289825 0.811125999123831 1.95160000875677 9.99999944016005e-11
0.30721084700878 0.282802440897071 0.307244402049677 0.307244003346577 0.307243604654433 0.307243205973247 0.307242807303022 0.307242408643758 0.307242009995458 0.307241611358125 0.15688405647304 9.99999883116834e-11
0.281017642809415 0.256797099207764 0.28106070101737 0.28106023107637 0.281059761145151 0.281059291223714 0.281058821312061 0.281058351410196 0.281057881518119 0.281057411635834 0.135082016934035 9.99999878601407e-11
0.213813972555004 0.202112407025443 0.21380946895592 0.213808487238911 0.213807505517522 0.213806523791749 0.213805542061595 0.213804560327058 0.213803578588141 0.213802596844841 0.0938736341867994 9.99999865812042e-11
0.262533299724587 0.241675303529118 0.262606353119291 0.262605250121268 0.262604147105116 0.262603044070832 0.262601941018416 0.262600837947868 0.262599734859185 0.262598631752368 0.125194274146868 9.99999869821894e-11
0.230806314900312 0.202269569495563 0.230772100396392 0.230770800428583 0.230769500433292 0.230768200410517 0.230766900360255 0.230765600282503 0.230764300177258 0.230763000044517 0.102681621819322 9.99999859510885e-11
0.224185981597643 0.204525209525414 0.224249803469249 0.224248749937921 0.224247696396686 0.224246642845546 0.224245589284499 0.224244535713544 0.224243482132681 0.22424242854191 0.0978843302587327 9.9999987162597e-11
0.350707028265704 0.325846051614084 0.350718796524019 0.350718701544023 0.350718606587087 0.350718511653215 0.35071841674241 0.350718321854676 0.350718226990017 0.350718132148436 0.191215127171405 9.9999987621605e-11
0.811795726341682 0.81097233288037 0.811790919377021 0.811791208603188 0.811791497837712 0.811791787080592 0.811792076331832 0.811792365591433 0.811792654859396 0.811792944135719 1.9039068397268 9.99999951300405e-11
0.308855639772476 0.291612462991711 0.30882958375462 0.308829394574717 0.30882920541365 0.308829016271423 0.308828827148042 0.308828638043506 0.308828448957821 0.308828259890989 0.15568988556552 9.99999888168275e-11
0.339287095852924 0.323812207390702 0.339291046405283 0.339290975254969 0.339290904126542 0.339290833020003 0.339290761935356 0.339290690872605 0.339290619831751 0.339290548812798 0.181148787329733 9.99999882805839e-11
0.813147517315806 0.808691544388927 0.813138156457038 0.813138478432075 0.813138800416996 0.813139122411806 0.813139444416502 0.81313976643109 0.813140088455568 0.813140410489937 1.91174037314576 9.99999949541773e-11
0.811331560957479 0.8123755602073 0.81132324115278 0.81132352236068 0.81132380357642 0.811324084800003 0.811324366031428 0.811324647270698 0.811324928517813 0.811325209772773 1.90193011410715 9.99999951420383e-11
0.813548925970605 0.814413440540077 0.813540899377902 0.813541214628085 0.813541529888141 0.813541845158073 0.813542160437879 0.813542475727564 0.813542791027127 0.813543106336568 1.90668395826905 9.99999950944057e-11
0.813535532302487 0.812760715982782 0.813527665527003 0.813528008141084 0.81352835076631 0.813528693402684 0.813529036050205 0.813529378708874 0.813529721378693 0.813530064059666 1.8910384780292 9.99999952358362e-11
0.319021428436849 0.314204788840373 0.319018794151851 0.319018545816411 0.319018297493911 0.319018049184354 0.319017800887742 0.319017552604076 0.319017304333359 0.319017056075592 0.166080365047015 9.99999885909111e-11
0.343037706833095 0.310503568361224 0.343049014052365 0.343049062349479 0.343049110670717 0.343049159016083 0.343049207385579 0.343049255779209 0.343049304196976 0.343049352638882 0.184754206057301 9.99999880418737e-11
0.809233405661938 0.812660856798486 0.809226180349716 0.809226443784618 0.809226707227332 0.809226970677858 0.809227234136197 0.809227497602351 0.809227761076319 0.809228024558103 1.96955236770631 9.99999941922016e-11
0.814956773195307 0.804208180133638 0.814952068918043 0.814952420860347 0.81495277281401 0.814953124779034 0.814953476755419 0.814953828743168 0.814954180742279 0.814954532752757 1.87215280163162 9.99999954643125e-11
0.280506558658695 0.277184964125346 0.280508928614274 0.280507679969956 0.280506431284491 0.280505182557876 0.280503933790102 0.280502684981166 0.28050143613106 0.28050018723978 0.13862058432323 9.99999859474641e-11
0.258738845798092 0.236956810246487 0.258568913669928 0.258567784255918 0.258566654818908 0.258565525358893 0.258564395875874 0.258563266369847 0.258562136840811 0.258561007288763 0.122533546400582 9.99999872165341e-11
0.335088296580025 0.314938361458744 0.335104640521086 0.335104028194686 0.335103415871656 0.335102803551999 0.335102191235716 0.33510157892281 0.335100966613281 0.335100354307132 0.1804058426864 9.99999866061463e-11
0.33071078786955 0.31873890699363 0.33071155916198 0.330711538894324 0.330711518650356 0.330711498430081 0.330711478233501 0.330711458060618 0.330711437911438 0.330711417785962 0.171582102967525 9.99999892227327e-11
0.232455496705619 0.218738270080332 0.232390487474389 0.232389123072504 0.232387758635966 0.232386394164768 0.232385029658909 0.232383665118383 0.232382300543188 0.23238093593332 0.106257968684467 9.99999850178307e-11
0.225198836511937 0.197260146419914 0.225146735379861 0.225145348318018 0.225143961218653 0.225142574081761 0.225141186907339 0.225139799695382 0.225138412445887 0.225137025158848 0.0975087422082403 9.99999861715038e-11
0.811648371050478 0.815289081879947 0.811638613177114 0.811638909396708 0.811639205625116 0.811639501862341 0.811639798108382 0.811640094363239 0.811640390626917 0.811640686899413 1.92077824362428 9.99999948595728e-11
0.813900136290504 0.802626871663721 0.813896454318113 0.81389679121468 0.813897128121867 0.813897465039677 0.813897801968109 0.813898138907165 0.813898475856845 0.813898812817153 1.87341135969558 9.99999953899295e-11
0.251491015967683 0.231181664555249 0.251445045620319 0.251444029699285 0.251443013765782 0.251441997819811 0.251440981861371 0.251439965890461 0.251438949907082 0.251437933911232 0.114415166707027 9.99999869485649e-11
0.809648336309289 0.805357953199397 0.80964386522939 0.8096441230134 0.809644380805101 0.809644638604496 0.809644896411586 0.809645154226368 0.809645412048847 0.809645669879021 1.99267374425089 9.99999939320824e-11
0.34690102424062 0.327749629754427 0.346915457033917 0.346915128176858 0.346914799334243 0.346914470506071 0.346914141692348 0.346913812893074 0.346913484108252 0.346913155337887 0.188762499180288 9.99999865152976e-11
0.811439120002522 0.805249964190158 0.811432473066604 0.811432756538911 0.811433040019692 0.811433323508949 0.811433607006681 0.811433890512888 0.811434174027575 0.811434457550739 1.91810336570857 9.99999948409688e-11
0.811963582590297 0.80854742593324 0.811959352140727 0.811959644444971 0.811959936758051 0.811960229079967 0.811960521410722 0.811960813750319 0.811961106098754 0.811961398456031 1.93131407461927 9.99999947223059e-11
0.308622267873867 0.279341649783006 0.308655638877028 0.308655334124936 0.308655029382273 0.308654724649038 0.308654419925236 0.308654115210868 0.308653810505935 0.308653505810438 0.157924957908468 9.99999880945444e-11
0.81342430312031 0.814700376103343 0.813413906715504 0.813414243060482 0.813414579416015 0.813414915782105 0.813415252158754 0.813415588545963 0.813415924943731 0.81341626135206 1.89607556995484 9.99999951336113e-11
0.272274848657277 0.244272001868393 0.272309540719776 0.272309101035626 0.272308661360008 0.272308221692924 0.272307782034375 0.272307342384362 0.27230690274289 0.272306463109957 0.128615293320885 9.99999887276465e-11
0.813361535802922 0.808249285979909 0.813353890808931 0.813354210317651 0.813354529835991 0.813354849363952 0.813355168901534 0.813355488448741 0.813355808005571 0.813356127572026 1.86710363342265 9.99999956622288e-11
0.258203006605882 0.230397752092228 0.258207300818712 0.258206299744663 0.258205298648404 0.258204297529933 0.258203296389245 0.258202295226339 0.258201294041209 0.258200292833853 0.118241597232344 9.99999880285281e-11
0.32580566859496 0.310012078318924 0.325820324853464 0.325820020365461 0.325819715895192 0.325819411442659 0.325819107007867 0.325818802590818 0.325818498191515 0.325818193809961 0.170690795867494 9.99999870103259e-11
0.811857980546213 0.805326024694734 0.811850107458288 0.811850408116134 0.811850708782834 0.811851009458386 0.811851310142794 0.811851610836059 0.81185191153818 0.811852212249159 1.93124483962799 9.99999946110835e-11
0.280930541944759 0.261419067529966 0.280958264921228 0.28095761667485 0.280956968434217 0.280956320199332 0.280955671970197 0.280955023746814 0.280954375529184 0.280953727317311 0.135368064660079 9.99999872632044e-11
0.270020179237049 0.25926363790574 0.269963325783911 0.269962235392736 0.269961144985856 0.269960054563271 0.26995896412498 0.269957873670982 0.269956783201274 0.269955692715859 0.129387894832832 9.9999986796603e-11
0.812131890578703 0.809851489707796 0.81212652266011 0.812126810595527 0.812127098539325 0.812127386491498 0.812127674452051 0.812127962420985 0.8121282503983 0.812128538383998 1.90464165101178 9.99999951462487e-11
0.810156705148136 0.805698382164808 0.810151354402241 0.810151626592434 0.810151898790699 0.810152170997038 0.810152443211451 0.81015271543394 0.810152987664503 0.810153259903144 1.97869438820938 9.99999940682587e-11
0.244636484432925 0.233154902053922 0.244595261119723 0.244594264467432 0.244593267805588 0.244592271134192 0.244591274453244 0.244590277762743 0.244589281062691 0.244588284353087 0.112009687291867 9.99999872710046e-11
0.281420297523644 0.267308747197089 0.281456508268704 0.281455937903779 0.28145536754303 0.281454797186461 0.281454226834072 0.281453656485865 0.281453086141842 0.281452515802003 0.13758422081117 9.99999881175394e-11
0.214797908999832 0.189013503799311 0.214752929771966 0.214751752450642 0.214750575114298 0.214749397762933 0.214748220396545 0.214747043015134 0.214745865618699 0.214744688207239 0.092896727150217 9.99999853725356e-11
0.337223829647234 0.315335317726917 0.337219468636863 0.337219227239677 0.337218985858994 0.337218744494815 0.337218503147146 0.337218261815986 0.33721802050134 0.337217779203209 0.176436450798837 9.99999880760045e-11
0.336576949281327 0.337060758768136 0.336437185425621 0.336436923751286 0.33643666208982 0.336436400441224 0.3364361388055 0.336435877182649 0.336435615572675 0.336435353975578 0.181143223951983 9.99999877981662e-11
0.812173878093057 0.808305047410413 0.812166059466473 0.81216635269064 0.812166645923899 0.812166939166256 0.812167232417707 0.812167525678254 0.812167818947901 0.812168112226645 1.93702086866182 9.99999946081217e-11
0.276958240868494 0.257109377251572 0.27699902306357 0.276998289722277 0.276997556375101 0.276996823022041 0.276996089663099 0.276995356298276 0.276994622927571 0.276993889550985 0.132329276001839 9.99999881853664e-11
0.333314493998349 0.31746669599699 0.333322518320081 0.333322175916063 0.333321833528078 0.333321491156127 0.333321148800214 0.333320806460341 0.333320464136512 0.333320121828731 0.174311760729463 9.99999864956024e-11
0.29409672008159 0.278158177683335 0.293916433911505 0.293915644157945 0.293914854400118 0.293914064638028 0.293913274871674 0.293912485101059 0.293911695326181 0.293910905547041 0.145855484165536 9.99999859372536e-11
0.323859544917984 0.292566648637242 0.323671445561734 0.323671242336018 0.323671039129143 0.32367083594111 0.323670632771924 0.323670429621585 0.323670226490097 0.323670023377464 0.165476028780842 9.99999889124558e-11
0.811368419944457 0.807205197200266 0.811362470080425 0.811362763721288 0.811363057370919 0.81136335102932 0.811363644696493 0.811363938372437 0.811364232057155 0.811364525750646 1.93235471519668 9.99999946857127e-11
0.327340033253357 0.316369668296331 0.327343468507614 0.327343445909847 0.327343423334034 0.327343400780177 0.327343378248279 0.327343355738344 0.327343333250374 0.327343310784371 0.171744688952168 9.99999893176631e-11
0.291033015261765 0.257023213296325 0.291097629998096 0.291096580286559 0.291095530551448 0.291094480792761 0.291093431010496 0.291092381204649 0.291091331375221 0.291090281522209 0.141184554253492 9.99999862456553e-11
0.326413788171775 0.323547369359129 0.326405746026159 0.326405840427542 0.326405934850193 0.326406029294112 0.326406123759303 0.326406218245768 0.326406312753509 0.326406407282527 0.171516558764119 9.9999990743989e-11
0.238778674320607 0.218333706392976 0.238675290890918 0.238673933061399 0.238672575196953 0.238671217297577 0.238669859363266 0.238668501394014 0.238667143389818 0.238665785350673 0.107769194973557 9.99999861119968e-11
