0.786409556741165 0.784563908747733 0.786402219120604 0.786402516111594 0.786402813110238 0.786403110116537 0.786403407130492 0.786403704152103 0.786404001181372 0.7864042982183 1.56658490134449 9.99999964066890e-11
0.374505258370585 0.357647396119265 0.374499377523046 0.374499536961829 0.374499696423495 0.374499855908046 0.374500015415485 0.374500174945815 0.374500334499037 0.374500494075156 0.214079178218278 9.99999900679258e-11
0.351152068627491 0.330321795368357 0.351159232674007 0.351159192276909 0.351159151898969 0.351159111540188 0.351159071200568 0.351159030880113 0.351158990578825 0.351158950296705 0.189450914085511 9.99999897878831e-11
0.333543091197342 0.329693832420772 0.333545643330706 0.333545504886584 0.33354536645405 0.333545228033104 0.33354508962375 0.333544951225989 0.333544812839821 0.33354467446525 0.179651244375655 9.99999906012667e-11
0.784367408696722 0.777002004713909 0.784365204740992 0.784365474153253 0.784365743572794 0.784366012999612 0.784366282433713 0.784366551875094 0.784366821323758 0.784367090779703 1.63810389763287 9.99999954125433e-11
0.276697957342678 0.24992818648226 0.276727049947211 0.276726420990314 0.276725792022339 0.276725163043285 0.276724534053151 0.276723905051933 0.276723276039631 0.276722647016243 0.131928242800513 9.99999908831383e-11
0.781701107095214 0.784387137619619 0.78169362289606 0.781693859581914 0.781694096273914 0.78169433297206 0.781694569676353 0.781694806386793 0.781695043103383 0.781695279826121 1.65183087512447 9.99999953241054e-11
0.785608907362889 0.781658453892137 0.785602437095813 0.785602729633415 0.785603022179227 0.785603314733253 0.785603607295491 0.785603899865942 0.785604192444607 0.785604485031489 1.61781350677508 9.99999956764445e-11
0.280116206917055 0.25996983139165 0.280165667664935 0.280164858379171 0.280164049081516 0.280163239771971 0.280162430450534 0.280161621117205 0.280160811771984 0.28016000241487 0.135765978851914 9.99999894999934e-11
0.785770842234226 0.788229904076652 0.785760790133307 0.785761084672166 0.785761379218641 0.785761673772733 0.785761968334441 0.785762262903766 0.78576255748071 0.785762852065273 1.56672737576004 9.99999963909944e-11
0.28778485348812 0.257225695345577 0.287638534761981 0.287638080641004 0.287637626524194 0.287637172411552 0.287636718303079 0.287636264198774 0.287635810098641 0.287635356002677 0.138708749690636 9.99999897094324e-11
0.350855492232824 0.344053410912079 0.350786066543893 0.350786119082409 0.35078617163803 0.350786224210758 0.350786276800596 0.350786329407544 0.350786382031606 0.350786434672784 0.192477279392625 9.99999909527275e-11
0.320542607338627 0.312711865535707 0.320438454151917 0.320438379756362 0.320438305375059 0.320438231008008 0.320438156655212 0.320438082316673 0.320438007992391 0.32043793368237 0.166909313448248 9.99999918858542e-11
0.783991187358325 0.787153022203272 0.783983810141355 0.783984068173909 0.783984326212911 0.783984584258359 0.783984842310254 0.783985100368596 0.783985358433387 0.783985616504627 1.59158683582171 9.99999960853413e-11
0.242802490723089 0.232709503663769 0.242753676501177 0.242752511137138 0.242751345748022 0.242750180333828 0.242749014894553 0.242747849430195 0.242746683940752 0.242745518426221 0.111909057569736 9.9999988932394e-11
0.323060800288242 0.309688399865408 0.323035643337773 0.323035036510236 0.323034429681361 0.32303382285115 0.323033216019603 0.323032609186721 0.323032002352504 0.323031395516953 0.168580290536058 9.99999881709004e-11
0.784031350247805 0.776695903644084 0.784027723077392 0.784027989280447 0.784028255491115 0.784028521709397 0.784028787935293 0.784029054168804 0.784029320409931 0.784029586658676 1.63757053588839 9.99999954345723e-11
0.787330582855489 0.783635650576158 0.787322526399963 0.787322853725756 0.787323181061021 0.787323508405758 0.787323835759967 0.787324163123651 0.787324490496808 0.787324817879443 1.58233334755799 9.99999961190271e-11
0.785087481593413 0.781244237850074 0.785082938982568 0.785083225909404 0.785083512844077 0.78508379978659 0.785084086736942 0.785084373695134 0.785084660661168 0.785084947635043 1.60652653692586 9.99999958787838e-11
0.783909542757975 0.786507984485674 0.783901721696548 0.783901987041578 0.783902252393772 0.783902517753134 0.783902783119664 0.783903048493361 0.783903313874226 0.783903579262264 1.62453943966139 9.99999956380191e-11
0.307398888134355 0.275098159425678 0.307453519003371 0.307452831448804 0.307452143888284 0.307451456321814 0.307450768749392 0.307450081171019 0.307449393586696 0.307448705996422 0.152254687718084 9.99999884028532e-11
0.786004124406058 0.784269280342723 0.785995998371722 0.785996306267384 0.785996614171965 0.785996922085466 0.785997230007888 0.785997537939233 0.785997845879501 0.785998153828693 1.59930502530723 9.99999958586265e-11
0.240026644839407 0.224202782555157 0.239978949084695 0.239977812704784 0.239976676299783 0.239975539869691 0.239974403414504 0.239973266934221 0.23997213042884 0.239970993898359 0.108299326160321 9.99999890501893e-11
0.783407579885443 0.789459751570017 0.783396650603722 0.783396909900966 0.783397169204846 0.783397428515364 0.783397687832518 0.78339794715631 0.783398206486741 0.78339846582381 1.61265195561522 9.99999958094757e-11
0.338923198232725 0.311773670427138 0.338893909665552 0.33889370297602 0.338893496303021 0.338893289646555 0.338893083006627 0.338892876383238 0.338892669776392 0.33889246318609 0.179042624815841 9.99999893567778e-11
0.332051425048141 0.321497205620882 0.332055705162232 0.332055335963928 0.332054966775038 0.332054597595564 0.332054228425508 0.332053859264871 0.332053490113656 0.332053120971862 0.177243215730214 9.99999897476046e-11
0.787594245180919 0.786846964598746 0.787583928304905 0.7875842518965 0.787584575496932 0.787584899106205 0.787585222724317 0.787585546351269 0.787585869987061 0.787586193631696 1.57320133512945 9.99999962255342e-11
0.786023755709264 0.786693747405551 0.786015158046951 0.786015453013545 0.786015747987865 0.786016042969913 0.786016337959686 0.786016632957189 0.78601692796242 0.786017222975381 1.54844328301945 9.99999966453457e-11
0.287536351870804 0.262184787842511 0.287575681109509 0.287575289417921 0.287574897733104 0.287574506055061 0.287574114383793 0.287573722719301 0.287573331061586 0.28757293941065 0.137153884849728 9.99999902862541e-11
0.785210396925531 0.781407219241449 0.785203678724062 0.785203958779143 0.785204238841911 0.785204518912367 0.78520479899051 0.785205079076345 0.78520535916987 0.785205639271086 1.60863538803275 9.99999958655505e-11
0.785682436587922 0.785377259813716 0.785673758923224 0.785674052123691 0.785674345332058 0.785674638548322 0.785674931772489 0.785675225004552 0.785675518244519 0.785675811492388 1.58107653341863 9.99999961091265e-11
0.260184979709553 0.257643187706279 0.260217732966476 0.260216832052426 0.260215931122444 0.260215030176531 0.260214129214684 0.260213228236901 0.260212327243183 0.260211426233527 0.122182497558151 9.99999894320099e-11
0.232888896228054 0.213455236150186 0.232937450396327 0.232936741507821 0.232936032617011 0.232935323723901 0.232934614828489 0.232933905930776 0.232933197030763 0.23293248812845 0.101143077315442 9.99999895785421e-11
0.346569919060837 0.336917395245635 0.346568952104128 0.346568987170208 0.346569022253951 0.34656905735536 0.346569092474438 0.346569127611185 0.346569162765606 0.346569197937701 0.19003193282033 9.99999913390679e-11
0.782455488370635 0.779617600529846 0.78245177910932 0.782452036677614 0.782452294252924 0.78245255183525 0.782452809424592 0.782453067020953 0.782453324624332 0.78245358223473 1.63082754961932 9.99999954699842e-11
0.339532732643708 0.324816964192507 0.33954981479123 0.339549565589147 0.339549316398032 0.339549067217889 0.339548818048718 0.339548568890521 0.3395483197433 0.339548070607058 0.184561432589748 9.99999899450601e-11
0.258268270420706 0.24666207698551 0.258299224848302 0.258298253829251 0.258297282791686 0.258296311735604 0.258295340661005 0.258294369567887 0.258293398456249 0.258292427326089 0.121700883644812 9.99999889193038e-11
0.78451172001309 0.783009345795877 0.784505336150274 0.784505608933488 0.784505881724114 0.784506154522151 0.784506427327601 0.784506700140465 0.784506972960742 0.784507245788435 1.60433839207376 9.99999959143437e-11
0.306701444734868 0.288033105507848 0.306734542643535 0.306733887887688 0.306733233125672 0.306732578357487 0.306731923583134 0.306731268802611 0.306730614015918 0.306729959223056 0.157050865598287 9.99999889825673e-11
0.785773481663192 0.780141571667799 0.785767471659177 0.785767762630273 0.785768053609261 0.785768344596138 0.785768635590907 0.785768926593571 0.785769217604127 0.785769508622577 1.59337713937555 9.99999960104914e-11
0.786218832219097 0.779991585167209 0.786217542077544 0.786217847954512 0.786218153839977 0.786218459733945 0.786218765636415 0.786219071547386 0.786219377466861 0.786219683394839 1.5860874868214 9.99999961083273e-11
0.786324031484239 0.787829154337013 0.786317590584202 0.786317889008823 0.78631818744178 0.786318485883073 0.786318784332705 0.786319082790674 0.786319381256984 0.786319679731633 1.57609221492757 9.99999962872829e-11
0.78556114047079 0.788920322285621 0.785553242497733 0.785553533523524 0.78555382455715 0.785554115598615 0.785554406647919 0.785554697705062 0.785554988770044 0.785555279842867 1.58108748019129 9.99999961834205e-11
0.300098826239114 0.295435827064298 0.300108237192376 0.300107867025565 0.300107496864095 0.300107126707968 0.300106756557186 0.300106386411749 0.300106016271657 0.300105646136913 0.150955360060298 9.99999915909931e-11
0.284799547803128 0.269219435329424 0.284843556212798 0.284842570673888 0.284841585113157 0.284840599530601 0.284839613926218 0.284838628300004 0.284837642651959 0.284836656982079 0.139401471850498 9.99999889646259e-11
0.224126390775757 0.206914211979905 0.224101694054787 0.224100680722376 0.22409966737519 0.224098654013225 0.224097640636482 0.22409662724496 0.224095613838658 0.224094600417575 0.0980588577122835 9.99999884938386e-11
0.297853406701209 0.281830755238257 0.297890227445798 0.297889698812308 0.297889170181261 0.297888641552655 0.297888112926492 0.297887584302774 0.297887055681502 0.297886527062676 0.147855699799718 9.99999895552515e-11
0.224959359723013 0.192512677910712 0.224857864682455 0.224856645877966 0.224855427035101 0.224854208153858 0.22485298923423 0.224851770276213 0.224850551279802 0.224849332244993 0.0971988455321592 9.99999887913866e-11
0.263077496983891 0.251989192401302 0.263113384775593 0.263112169517512 0.26311095422624 0.263109738901771 0.263108523544102 0.263107308153227 0.263106092729143 0.263104877271845 0.124972967240704 9.99999880014691e-11
0.338127956294017 0.321600897126816 0.3381365205134 0.338136348718085 0.338136176937368 0.338136005171251 0.338135833419737 0.338135661682826 0.338135489960521 0.338135318252825 0.17967732852489 9.99999901781761e-11
0.78700222123629 0.777136229315516 0.786997610478042 0.786997914504248 0.786998218538784 0.786998522581652 0.786998826632853 0.786999130692389 0.786999434760258 0.786999738836461 1.59491649637854 9.99999960039339e-11
0.325306551100353 0.303739274746161 0.32529122335256 0.325291220870942 0.325291218409638 0.325291215968651 0.325291213547985 0.32529121114764 0.325291208767621 0.325291206407929 0.166150963952799 9.9999991544566e-11
0.353560899416766 0.343268590859303 0.353555924471227 0.353555998219814 0.353556071986639 0.353556145771701 0.353556219575005 0.353556293396552 0.353556367236343 0.353556441094381 0.193511645840493 9.99999908182044e-11
0.785647392402759 0.785569051562005 0.785638923056516 0.785639231201007 0.785639539354646 0.785639847517434 0.785640155689373 0.785640463870462 0.785640772060703 0.785641080260098 1.60220876282631 9.99999958755514e-11
0.784906336725194 0.784135728888131 0.784898497700678 0.784898778487213 0.784899059281504 0.78489934008355 0.784899620893355 0.784899901710918 0.784900182536238 0.78490046336932 1.62037777243588 9.99999956614989e-11
0.784721737682456 0.786033787966509 0.784716165968611 0.784716428560439 0.784716691159438 0.784716953765608 0.784717216378952 0.78471747899947 0.784717741627161 0.784718004262027 1.63978094279716 9.99999954889095e-11
0.784399314382344 0.784395940625969 0.784391474669811 0.784391739818255 0.784392004973484 0.784392270135497 0.784392535304296 0.784392800479882 0.784393065662255 0.784393330851416 1.59249771958749 9.99999960802349e-11
0.333141548009027 0.314060011165108 0.333152141987653 0.333152046258682 0.333151950545459 0.333151854847984 0.33315175916626 0.333151663500291 0.333151567850077 0.333151472215621 0.177171089327922 9.99999909711683e-11
0.330860358745864 0.316990343564513 0.330855671939887 0.330855434630073 0.330855197331389 0.330854960043839 0.330854722767423 0.330854485502144 0.330854248248002 0.330854011005 0.176843558570195 9.99999895390011e-11
0.786485426875771 0.783577820593215 0.786478231525465 0.786478549635073 0.786478867753538 0.78647918588086 0.786479504017039 0.786479822162079 0.786480140315978 0.786480458478739 1.54427198363903 9.99999965980318e-11
0.786048426967258 0.785838722009065 0.786038888917339 0.786039192446423 0.786039495983739 0.786039799529289 0.786040103083075 0.786040406645096 0.786040710215353 0.786041013793848 1.57984561257413 9.9999996185192e-11
0.253446337391881 0.227667574822049 0.253425662268036 0.253424449576717 0.253423236856506 0.253422024107399 0.253420811329394 0.253419598522487 0.253418385686675 0.253417172821956 0.115699937526505 9.99999883428391e-11
0.266044206423796 0.243069507084345 0.265983802384811 0.265983048200018 0.265982294003114 0.265981539794096 0.265980785572963 0.265980031339714 0.265979277094346 0.265978522836857 0.12370620428597 9.99999891132578e-11
0.320857755270524 0.312203953064757 0.320861898298501 0.320861819383345 0.320861740484712 0.320861661602604 0.320861582737022 0.320861503887969 0.320861425055447 0.320861346239458 0.165495161892683 9.99999912284294e-11
0.332313171529873 0.322955587684595 0.332316325745345 0.33231614958254 0.332315973434381 0.332315797300869 0.332315621182007 0.332315445077796 0.332315268988239 0.332315092913337 0.176337625663417 9.99999901883982e-11
0.224367801346816 0.212471299177398 0.224260875685931 0.224259617790563 0.224258359861624 0.224257101899109 0.224255843903015 0.224254585873339 0.224253327810076 0.224252069713222 0.101788716174537 9.999998970422e-11
0.253998822459376 0.232174039411502 0.253979214788804 0.253978034935252 0.25397685504229 0.253975675109908 0.253974495138102 0.253973315126865 0.253972135076191 0.253970954986074 0.118803508230487 9.9999988351639e-11
0.785459455890299 0.785654299019722 0.78545418506752 0.785454457474289 0.785454729888395 0.785455002309839 0.785455274738623 0.785455547174746 0.785455819618211 0.785456092069017 1.60981162898794 9.99999958807736e-11
0.787654651122104 0.787068437524895 0.787645626943448 0.787645949719022 0.787646272503426 0.787646595296662 0.787646918098731 0.787647240909631 0.787647563729368 0.787647886557938 1.56557103843492 9.99999963339889e-11
0.27846802006307 0.248496169255631 0.278498561447676 0.278497289493885 0.278496017508418 0.278494745491271 0.278493473442441 0.278492201361924 0.278490929249718 0.278489657105819 0.132813810629092 9.99999877205771e-11
0.784931170430038 0.783596977531004 0.784925215114985 0.784925487826823 0.784925760546149 0.784926033272964 0.784926306007271 0.784926578749068 0.784926851498359 0.784927124255141 1.63166877849511 9.99999955443586e-11
0.335391467318326 0.314037950586303 0.335393358784433 0.335393172175575 0.335392985577856 0.335392798991278 0.335392612415843 0.335392425851552 0.335392239298407 0.33539205275641 0.180150721593887 9.99999903750186e-11
0.783351273797274 0.785292889359434 0.783345780253873 0.783346051805373 0.783346323364383 0.783346594930902 0.783346866504933 0.783347138086477 0.783347409675532 0.7833476812721 1.60929904436555 9.99999957998276e-11
0.786204086784443 0.785264701670547 0.786196284271895 0.78619659429373 0.786196904324305 0.786197214363624 0.786197524411685 0.786197834468491 0.786198144534041 0.786198454608336 1.57008112513052 9.99999963059493e-11
0.312450656369449 0.304982753120461 0.312459794218697 0.312459591830986 0.312459389451586 0.312459187080498 0.312458984717724 0.312458782363266 0.312458580017123 0.312458377679299 0.161376676735767 9.9999991444682e-11
0.784441481300636 0.783483633169406 0.784435212449822 0.784435493426316 0.784435774410712 0.78443605540301 0.784436336403211 0.784436617411317 0.784436898427326 0.784437179451242 1.62056561774188 9.99999956594983e-11
0.278190727367969 0.266413368776493 0.278208581410161 0.278207975785749 0.278207370163929 0.278206764544703 0.27820615892807 0.278205553314033 0.27820494770259 0.278204342093744 0.135795678010858 9.99999896447945e-11
0.784408126386801 0.78027906364334 0.784405604435336 0.78440586619324 0.784406127958062 0.784406389729803 0.784406651508467 0.78440691329405 0.784407175086557 0.784407436885986 1.60943076755416 9.99999959044449e-11
0.27265216881407 0.248726777347336 0.272594530028163 0.272593623872811 0.272592717697465 0.272591811502121 0.272590905286779 0.272589999051437 0.272589092796092 0.272588186520744 0.129941188028704 9.99999894133573e-11
0.29618680568876 0.283150490925219 0.296208697185717 0.296208428250993 0.296208159325953 0.296207890410599 0.296207621504932 0.296207352608955 0.296207083722668 0.296206814846073 0.145652594415636 9.99999905380735e-11
0.780909889444632 0.78047666899095 0.780903345029862 0.78090356968636 0.780903794348794 0.780904019017162 0.780904243691468 0.780904468371712 0.780904693057893 0.780904917750013 1.68881780412891 9.99999948390322e-11
0.284387771850162 0.272004880484796 0.284418963073569 0.284418117697358 0.284417272305137 0.284416426896905 0.284415581472659 0.284414736032399 0.284413890576122 0.284413045103827 0.137510316084351 9.99999893264224e-11
0.274484053907877 0.248427101836753 0.274409347873428 0.274408651695119 0.274407955511643 0.274407259323 0.27440656312919 0.274405866930213 0.27440517072607 0.274404474516759 0.131849875133388 9.99999896776328e-11
0.785595345179127 0.783012245287353 0.785590927754832 0.785591225531896 0.785591523316993 0.785591821110123 0.785592118911286 0.785592416720483 0.785592714537716 0.785593012362983 1.57821717802445 9.99999962441791e-11
0.784726121004253 0.782779802744698 0.784724480178349 0.784724743595611 0.784725007019563 0.784725270450207 0.784725533887542 0.784725797331567 0.784726060782286 0.784726324239697 1.57924381594109 9.99999962614366e-11
0.240214093545994 0.239636247090639 0.240134384226636 0.240132940282578 0.240131496302009 0.240130052284924 0.24012860823132 0.240127164141195 0.240125720014544 0.240124275851364 0.109270032852104 9.99999884879005e-11
0.278611206089192 0.250704535293054 0.278680660997778 0.278679928734207 0.278679196462611 0.278678464182991 0.278677731895347 0.278676999599677 0.278676267295983 0.278675534984264 0.133052337998693 9.99999889001523e-11
0.226070249490178 0.20391217368757 0.226024845427675 0.226023528113908 0.226022210764885 0.226020893380601 0.226019575961052 0.226018258506233 0.226016941016141 0.226015623490772 0.0987747270769669 9.99999879598488e-11
0.342658857910131 0.321429863752844 0.342653484076281 0.342653413931301 0.342653343803982 0.342653273694324 0.342653203602331 0.342653133528003 0.342653063471345 0.342652993432359 0.182746997412246 9.99999898072949e-11
0.295491381354487 0.260688637407297 0.295224685369622 0.295224336602874 0.295223987840475 0.295223639082427 0.29522329032873 0.295222941579385 0.295222592834394 0.295222244093756 0.143584791810878 9.99999913916577e-11
0.786561506837337 0.786309605105228 0.786552755311572 0.786553068095962 0.786553380889214 0.78655369369133 0.786554006502308 0.786554319322151 0.786554632150859 0.786554944988433 1.58711233709834 9.99999960761351e-11
0.30257292848028 0.271095559412074 0.302625611350784 0.302624977346978 0.302624343338499 0.302623709325347 0.302623075307522 0.302622441285025 0.302621807257857 0.302621173226018 0.149616028383745 9.99999888321571e-11
0.342106001165855 0.338626210778294 0.342102846482215 0.342102776329194 0.342102706194034 0.342102636076738 0.342102565977306 0.342102495895742 0.342102425832048 0.342102355786227 0.184437981117897 9.99999903020138e-11
0.268582257964143 0.255022033061907 0.268522265431159 0.268521535158023 0.268520804870363 0.268520074568177 0.268519344251465 0.268518613920225 0.268517883574455 0.268517153214154 0.126429749545542 9.99999888045723e-11
0.329106685765506 0.314795759709173 0.329102843451907 0.329102755011859 0.329102666586145 0.329102578174766 0.329102489777726 0.329102401395025 0.329102313026665 0.32910222467265 0.174782473080574 9.99999912515467e-11
0.788899178320133 0.78574737878055 0.788890726948882 0.788891059764046 0.788891392588166 0.788891725421242 0.788892058263278 0.788892391114272 0.788892723974224 0.788893056843139 1.52478999208581 9.99999968929883e-11
0.303418554749281 0.292294849718668 0.303434337398824 0.303434198203803 0.303434059020752 0.303433919849674 0.30343378069057 0.303433641543441 0.303433502408289 0.303433363285116 0.152038141642418 9.99999918101563e-11
0.300666165763309 0.272041747990809 0.300720945158479 0.300720234427516 0.300719523687926 0.300718812939709 0.300718102182865 0.300717391417392 0.300716680643292 0.300715969860563 0.150260246474029 9.99999893066268e-11
0.310834066302505 0.292804117382846 0.3108576184825 0.310857387614657 0.31085715675512 0.310856925903893 0.310856695060974 0.310856464226368 0.310856233400075 0.310856002582096 0.158426333270846 9.99999912068055e-11
0.247941320593394 0.244042962551253 0.247884070656872 0.247883018680006 0.247881966680983 0.2478809146598 0.247879862616456 0.247878810550946 0.247877758463269 0.247876706353422 0.115232978588079 9.99999895474947e-11
