0.778979201145815 0.77289737060763 0.778970022146489 0.778970346544817 0.778970670952176 0.778970995368568 0.778971319793993 0.778971644228451 0.778971968671946 0.778972293124475 1.47949732986304 9.99999966228873e-11
0.352031969701944 0.34657173801003 0.352028111109672 0.3520279116916 0.352027712283473 0.352027512885294 0.352027313497062 0.352027114118779 0.352026914750447 0.352026715392067 0.197431373455552 9.99999906570570e-11
0.317295750600528 0.309681832191521 0.317310781436089 0.317310439640397 0.317310097853142 0.317309756074323 0.317309414303943 0.317309072542004 0.317308730788505 0.31730838904345 0.164466252438306 9.99999903965987e-11
0.335679940443787 0.320915647263864 0.33569133985391 0.335691128291501 0.335690916741923 0.335690705205176 0.335690493681263 0.335690282170187 0.335690070671948 0.335689859186547 0.179822433873537 9.9999990674904e-11
0.776756067537188 0.771201053495651 0.776751496439525 0.776751797643404 0.776752098855952 0.77675240007717 0.776752701307059 0.776753002545618 0.77675330379285 0.776753605048756 1.52416127323803 9.99999960383632e-11
0.282776697880569 0.261893689966998 0.282757835331076 0.28275729836885 0.282756761406569 0.28275622444423 0.282755687481837 0.282755150519387 0.282754613556883 0.282754076594325 0.138545780262512 9.99999913284431e-11
0.778339393132412 0.773013085664998 0.778332869854693 0.778333200315617 0.778333530786128 0.778333861266226 0.778334191755913 0.778334522255189 0.778334852764055 0.778335183282512 1.49126501131653 9.9999996380944e-11
0.777547919262192 0.771640661950352 0.777539241505892 0.777539544528449 0.777539847559242 0.777540150598271 0.777540453645537 0.777540756701041 0.777541059764783 0.777541362836765 1.50765009210035 9.99999962407696e-11
0.299227508758144 0.273878156905619 0.299243823077738 0.299243476168676 0.299243129269444 0.299242782380045 0.29924243550048 0.299242088630751 0.299241741770859 0.299241394920807 0.146208695364179 9.99999908654973e-11
0.774867947837126 0.764201089418726 0.774866678563681 0.774866953159653 0.774867227763182 0.774867502374271 0.774867776992919 0.774868051619128 0.774868326252897 0.774868600894229 1.53304363714343 9.99999959522518e-11
0.286146497316917 0.241485579120956 0.286071831042227 0.286071307746954 0.286070784453544 0.286070261161998 0.286069737872316 0.2860692145845 0.286068691298552 0.28606816801447 0.136139146213329 9.99999906317465e-11
0.315567607136725 0.294116558825281 0.315456613634698 0.315456452910325 0.315456292200482 0.31545613150517 0.315455970824392 0.315455810158149 0.315455649506444 0.315455488869279 0.160004618080502 9.9999991841379e-11
0.355628169290072 0.322095185224916 0.355487558043516 0.355487329985982 0.355487101938138 0.355486873899987 0.355486645871529 0.355486417852768 0.355486189843703 0.355485961844337 0.198858291796171 9.99999896797931e-11
0.779571620368704 0.767256677960573 0.779568647605227 0.779568979646383 0.779569311696754 0.77956964375634 0.779569975825142 0.779570307903162 0.7795706399904 0.779570972086856 1.48785929831709 9.99999964451435e-11
0.228045564404623 0.214164007063272 0.228031393521061 0.228030432275245 0.228029471015293 0.228028509741203 0.228027548452974 0.228026587150605 0.228025625834094 0.22802466450344 0.100936165758288 9.99999897131588e-11
0.286672767155777 0.253095567887748 0.286546931719741 0.286546211925402 0.286545492125566 0.286544772320235 0.286544052509406 0.28654333269308 0.286542612871258 0.286541893043938 0.140136220816774 9.99999890923636e-11
0.777406803942258 0.770540679937621 0.777405277959385 0.77740558737911 0.777405896807268 0.777406206243859 0.777406515688886 0.777406825142347 0.777407134604245 0.777407444074581 1.50779909640303 9.99999961960572e-11
0.776160972143191 0.768919368396618 0.776159663830782 0.776159964454291 0.776160265086552 0.776160565727566 0.776160866377334 0.776161167035857 0.776161467703136 0.776161768379171 1.55587244023745 9.99999956362804e-11
0.777579501476425 0.770501891525401 0.777577694021894 0.777578000432049 0.777578306850897 0.777578613278438 0.777578919714675 0.777579226159604 0.777579532613232 0.777579839075557 1.51333593938077 9.99999962063584e-11
0.776485222738264 0.777912826375038 0.77647772116072 0.776478008269227 0.77647829538551 0.776478582509572 0.776478869641412 0.776479156781032 0.776479443928434 0.776479731083615 1.52873528007983 9.99999959554319e-11
0.297136911959272 0.275932157490887 0.29717226815985 0.297171790420241 0.297171312684839 0.297170834953643 0.297170357226656 0.297169879503877 0.297169401785309 0.297168924070953 0.147518412501576 9.99999907429285e-11
0.778864717847591 0.771789466864929 0.778857027539549 0.778857379865319 0.778857732201706 0.778858084548708 0.778858436906327 0.778858789274564 0.778859141653422 0.778859494042899 1.48262563001783 9.99999964660246e-11
0.257066064273193 0.239780809763091 0.257047506428827 0.257046245551636 0.257044984642048 0.257043723700062 0.257042462725674 0.257041201718879 0.257039940679676 0.257038679608059 0.121914040852862 9.99999889345431e-11
0.777516925097941 0.779743188455536 0.777506265569585 0.777506567699536 0.77750686983756 0.777507171983655 0.777507474137825 0.777507776300071 0.777508078470391 0.777508380648786 1.49642017179262 9.99999963734665e-11
0.342232449449229 0.306703082852156 0.342246467817401 0.342246552897437 0.342246637999415 0.342246723123337 0.342246808269208 0.342246893437028 0.342246978626801 0.342247063838529 0.181640505572221 9.99999915065701e-11
0.327868398132627 0.300413070114056 0.327889731428721 0.327889419761407 0.327889108108059 0.327888796468681 0.327888484843273 0.327888173231839 0.327887861634381 0.3278875500509 0.170331363692289 9.99999900190232e-11
0.778420663805197 0.774402403063296 0.778411456556671 0.778411784725725 0.778412112904208 0.778412441092121 0.778412769289466 0.778413097496243 0.778413425712453 0.778413753938096 1.4882326594631 9.99999964646167e-11
0.778490917915931 0.76661044157492 0.778489060466789 0.778489374537288 0.778489688616339 0.778490002703943 0.778490316800098 0.778490630904811 0.778490945018075 0.778491259139897 1.48147062489969 9.99999965944174e-11
0.31115993209477 0.281217730619909 0.311214436774076 0.311213648265274 0.311212859748084 0.311212071222505 0.311211282688536 0.311210494146179 0.311209705595433 0.311208917036298 0.162559325059169 9.99999890449411e-11
0.776408808928927 0.768737669936379 0.776404465855134 0.776404740742395 0.776405015637081 0.776405290539196 0.776405565448738 0.776405840365708 0.776406115290109 0.776406390221939 1.55070712106938 9.99999957428724e-11
0.778324229229573 0.766053867796787 0.778317918275865 0.778318252662484 0.778318587058872 0.778318921465034 0.778319255880966 0.778319590306674 0.778319924742155 0.778320259187413 1.50009683436505 9.99999962298733e-11
0.257696528980845 0.235286764983196 0.257764888433833 0.25776415282548 0.257763417206863 0.257762681577979 0.25776194593883 0.257761210289412 0.257760474629726 0.25775973895977 0.117723197075365 9.99999901294548e-11
0.254462983126315 0.245011174425452 0.254487956702619 0.254486345333614 0.254484733905082 0.254483122417016 0.254481510869408 0.254479899262255 0.254478287595547 0.25447667586928 0.119044695491009 9.99999888879676e-11
0.320231085163695 0.297938033358808 0.320233514166836 0.320233298104989 0.320233082056815 0.320232866022314 0.32023265000149 0.320232433994345 0.32023221800088 0.320232002021099 0.162218083970102 9.99999912288664e-11
0.774024333331901 0.772185753768329 0.774020216116382 0.7740204759925 0.774020735875811 0.774020995766316 0.774021255664014 0.774021515568907 0.774021775480995 0.774022035400279 1.56717839552188 9.99999954365946e-11
0.309865793685219 0.285271720887381 0.30990281974921 0.309902440701485 0.309902061660798 0.309901682627152 0.309901303600545 0.309900924580982 0.309900545568461 0.309900166562987 0.155983013011906 9.99999903335413e-11
0.23404647535468 0.214018219946731 0.234103843522811 0.234103046174979 0.234102248822636 0.234101451465785 0.234100654104424 0.234099856738555 0.234099059368176 0.234098261993289 0.104090783015514 9.99999904618077e-11
0.777995787323745 0.77342131963788 0.777990857834926 0.777991157531577 0.777991457236049 0.777991756948343 0.77799205666846 0.777992356396399 0.777992656132162 0.77799295587575 1.49837123127932 9.99999963775813e-11
0.287697397602396 0.247003754723972 0.287741068628061 0.287740768173483 0.287740467729778 0.287740167296948 0.287739866874993 0.287739566463916 0.287739266063717 0.2877389656744 0.137489805294443 9.99999911766046e-11
0.776478582276806 0.769744710577801 0.77647450306064 0.776474812325371 0.776475121599566 0.776475430883228 0.776475740176355 0.776476049478952 0.776476358791017 0.776476668112551 1.54553877226447 9.99999957137669e-11
0.778868524879607 0.773762951039291 0.778859975228996 0.778860302490277 0.778860629760636 0.778860957040072 0.778861284328587 0.778861611626181 0.778861938932856 0.77886226624861 1.50395351496828 9.99999962678144e-11
0.778832416213509 0.767343362399724 0.778824422770479 0.778824756011297 0.778825089262084 0.77882542252284 0.778825755793569 0.77882608907427 0.778826422364943 0.778826755665591 1.52884112291357 9.99999959480044e-11
0.778175420438459 0.776991871321138 0.778169188982801 0.778169510398097 0.778169831822344 0.778170153255546 0.778170474697699 0.778170796148808 0.778171117608872 0.778171439077891 1.49619942234044 9.99999963409883e-11
0.333264727448122 0.294314428170099 0.333291488625872 0.333291351469155 0.33329121432793 0.3332910772022 0.333290940091967 0.333290802997233 0.333290665918 0.33329052885427 0.174849819749497 9.99999907863050e-11
0.280525718160079 0.258164885655097 0.280561111610502 0.280560619658422 0.280560127705998 0.280559635753233 0.280559143800124 0.280558651846674 0.280558159892883 0.28055766793875 0.133651895298735 9.99999901069307e-11
0.208495523596976 0.182819817387204 0.20844246296819 0.208441325838015 0.208440188698146 0.208439051548583 0.208437914389326 0.208436777220375 0.208435640041729 0.208434502853388 0.089133727219812 9.99999882736389e-11
0.294813348037896 0.276947075853306 0.294857938280073 0.294857059492999 0.294856180692753 0.294855301879333 0.294854423052738 0.294853544212969 0.294852665360024 0.294851786493903 0.148441857536336 9.9999989636982e-11
0.228973046460521 0.205584106920247 0.228881250619576 0.228880256149507 0.228879261665377 0.228878267167185 0.22887727265493 0.228876278128612 0.228875283588229 0.22887428903378 0.0992352340656587 9.99999894730176e-11
0.239856825295338 0.217445899133237 0.239926758299277 0.239925481028491 0.239924203723723 0.239922926384969 0.239921649012228 0.239920371605492 0.239919094164762 0.239917816690033 0.107989977378773 9.99999889440959e-11
0.346493143210801 0.316344068748711 0.346512654010827 0.346512644743977 0.34651263549785 0.346512626272449 0.346512617067776 0.346512607883833 0.346512598720623 0.346512589578148 0.186263054063285 9.9999990800877e-11
0.777435853386126 0.770241702591019 0.777427106778603 0.777427414963915 0.777427723157866 0.777428031360458 0.777428339571693 0.777428647791571 0.777428956020092 0.777429264257256 1.5238458818654 9.99999960722505e-11
0.335667505759555 0.335595070024654 0.335644523215379 0.335644307236623 0.335644091267097 0.335643875306805 0.335643659355746 0.335643443413923 0.335643227481335 0.335643011557986 0.181893964996108 9.99999909495986e-11
0.306455917068718 0.284502839731448 0.306469633258392 0.306469485755427 0.306469338267939 0.306469190795929 0.306469043339401 0.306468895898355 0.306468748472793 0.306468601062719 0.152928356286574 9.99999915465774e-11
0.773880261230128 0.772503359633008 0.773876540010858 0.773876790127825 0.773877040251573 0.773877290382101 0.773877540519411 0.773877790663505 0.773878040814379 0.773878290972039 1.56396276834289 9.9999995626954e-11
0.776218021747181 0.772026737778734 0.776211513156872 0.776211808558841 0.776212103969186 0.776212399387905 0.776212694815001 0.776212990250472 0.776213285694322 0.776213581146551 1.52624186302258 9.99999959863373e-11
0.775778180510084 0.770261375179714 0.775773049429279 0.775773333861964 0.775773618302968 0.775773902752297 0.775774187209949 0.775774471675924 0.775774756150224 0.77577504063285 1.56588363271314 9.99999955755026e-11
0.774956849197474 0.7742111451938 0.774951313331128 0.774951596991877 0.774951880660602 0.774952164337303 0.774952448021982 0.774952731714638 0.774953015415273 0.774953299123888 1.5488848700547 9.9999995763013e-11
0.343103506648385 0.304630178010768 0.343130255909943 0.343130055405382 0.343129854913751 0.34312965443505 0.343129453969281 0.343129253516447 0.343129053076548 0.343128852649586 0.185017301039061 9.99999899253841e-11
0.33467212868819 0.318714393970669 0.334661398628674 0.334661256319016 0.334661114023313 0.334660971741564 0.334660829473772 0.334660687219938 0.334660544980065 0.334660402754153 0.176721313985321 9.9999991132499e-11
0.775081178271473 0.770673897167652 0.775078537865452 0.775078825780371 0.77507911370328 0.775079401634184 0.775079689573083 0.775079977519978 0.77508026547487 0.775080553437757 1.52456037772049 9.99999959548678e-11
0.779080558842452 0.770566863857267 0.779072511211284 0.779072850016989 0.77907318883254 0.779073527657938 0.779073866493181 0.779074205338275 0.779074544193215 0.779074883058006 1.49178923122328 9.99999964330859e-11
0.258329278421279 0.240272599804793 0.258329802320605 0.258328903606458 0.258328004879015 0.258327106138274 0.258326207384236 0.258325308616901 0.258324409836267 0.258323511042335 0.119502381129642 9.99999893230306e-11
0.261014590647885 0.251543162924658 0.26100922511592 0.261008429971726 0.261007634818908 0.261006839657467 0.261006044487401 0.261005249308709 0.261004454121392 0.261003658925448 0.120823455367334 9.99999901342749e-11
0.297250057715191 0.277591184108235 0.297273538171545 0.297273240523187 0.29727294288633 0.297272645260977 0.297272347647128 0.297272050044785 0.297271752453951 0.297271454874627 0.145444085597393 9.99999910239755e-11
0.30451666002221 0.280473592234709 0.304536890266292 0.304536643858938 0.304536397463833 0.304536151080977 0.304535904710373 0.304535658352022 0.304535412005927 0.304535165672087 0.150933134171564 9.99999913285584e-11
0.218506942273078 0.191159501788124 0.218471556727327 0.218470433281744 0.218469309814475 0.218468186325518 0.218467062814871 0.218465939282531 0.218464815728497 0.218463692152765 0.0952060756188166 9.9999989504763e-11
0.241943491314348 0.216522092774151 0.241838995083161 0.241837606630908 0.241836218146217 0.241834829629087 0.241833441079513 0.241832052497493 0.241830663883026 0.241829275236108 0.107413010923626 9.99999886552383e-11
0.775502873037557 0.762585951907421 0.77550447553605 0.775504742864528 0.775505010199946 0.775505277542303 0.775505544891603 0.775505812247844 0.775506079611026 0.775506346981152 1.54622948567666 9.9999995844965e-11
0.775923424886428 0.774676819703539 0.775913964584627 0.775914254425435 0.775914544274384 0.775914834131479 0.775915123996716 0.7759154138701 0.775915703751629 0.775915993641305 1.54431601562646 9.99999957499355e-11
0.272367360883794 0.256902569475258 0.272357974285726 0.272357279413377 0.27235658453828 0.272355889660438 0.272355194779851 0.272354499896518 0.27235380501044 0.272353110121618 0.127901801410806 9.99999897616248e-11
0.777873388880953 0.777511018959472 0.777864883913273 0.777865202901751 0.77786552189913 0.777865840905411 0.777866159920595 0.777866478944684 0.777866797977676 0.777867117019574 1.49473990325031 9.99999963956233e-11
0.326982786153484 0.289312076467592 0.327011105358636 0.32701096130978 0.32701081727793 0.327010673263087 0.327010529265254 0.327010385284433 0.327010241320626 0.327010097373836 0.166776278534172 9.99999911142748e-11
0.776418186774531 0.779263463979275 0.776406624348603 0.776406925521784 0.776407226703268 0.776407527893055 0.776407829091143 0.776408130297538 0.776408431512235 0.776408732735239 1.51094219739743 9.999999618965e-11
0.776114503064097 0.776381120191405 0.77610681960137 0.776107107139614 0.776107394686112 0.776107682240862 0.776107969803865 0.776108257375124 0.776108544954636 0.776108832542406 1.53454095276071 9.99999959308688e-11
0.324508587303211 0.294391529952881 0.324517630608077 0.324517602664897 0.324517574741746 0.324517546838627 0.324517518955544 0.324517491092497 0.324517463249489 0.324517435426524 0.16598946582963 9.99999913577823e-11
0.777646853757836 0.774256213572429 0.777640043273845 0.777640359231519 0.777640675197991 0.77764099117326 0.777641307157329 0.777641623150196 0.777641939151865 0.777642255162333 1.50108692381765 9.99999963047014e-11
0.280014861275348 0.251840755201897 0.280029005738995 0.280028366788882 0.280027727838188 0.280027088886916 0.280026449935064 0.280025810982633 0.280025172029623 0.280024533076035 0.13319451020728 9.99999903054224e-11
0.775041938304221 0.768012309354892 0.775040148375537 0.775040425792019 0.775040703216396 0.775040980648669 0.775041258088839 0.775041535536904 0.77504181299287 0.775042090456733 1.55179916675543 9.99999957755023e-11
0.266729544749862 0.24708041680645 0.266765698374133 0.26676503838961 0.266764378402419 0.26676371841256 0.266763058420036 0.266762398424844 0.266761738426986 0.266761078426462 0.126519477542934 9.99999903649643e-11
0.351267627419713 0.328196749143179 0.351278450016264 0.351278277626844 0.351278105251841 0.351277932891258 0.351277760545097 0.351277588213359 0.351277415896047 0.351277243593162 0.193388406802127 9.99999902548331e-11
0.774128085360582 0.768164285115764 0.774126465982107 0.774126737022467 0.774127008070243 0.774127279125438 0.774127550188052 0.774127821258084 0.774128092335536 0.774128363420409 1.53327300361719 9.99999959060699e-11
0.295619703579935 0.267371346165098 0.295661551269192 0.295661160194076 0.295660769126415 0.295660378066208 0.295659987013459 0.295659595968167 0.295659204930335 0.295658813899964 0.14712124092234 9.99999906220792e-11
0.251204394056391 0.238309432844961 0.251146853165729 0.251145886807444 0.251144920428627 0.251143954029273 0.251142987609382 0.25114202116895 0.251141054707976 0.251140088226456 0.116658745847772 9.9999989720045e-11
0.778556865792685 0.768486728654814 0.778551424029233 0.778551744780916 0.778552065541568 0.778552386311189 0.778552707089779 0.778553027877339 0.778553348673871 0.778553669479375 1.49836079574519 9.99999963604138e-11
0.775710190165979 0.769941019813472 0.775700076222863 0.775700360953731 0.775700645692599 0.775700930439468 0.775701215194338 0.775701499957212 0.775701784728089 0.775702069506969 1.55332527549422 9.9999995652699e-11
0.225028857036408 0.206841709706804 0.22498539170855 0.224984631937047 0.224983872163599 0.224983112388206 0.224982352610869 0.224981592831587 0.224980833050362 0.224980073267193 0.0966234094452519 9.99999902378398e-11
0.270168079093155 0.248176329878292 0.270238734536744 0.270237740147424 0.270236745736633 0.270235751304369 0.27023475685063 0.270233762375414 0.270232767878719 0.270231773360543 0.128919443977527 9.99999890944472e-11
0.20962431758785 0.17860505301838 0.20946970603268 0.209468477703139 0.209467249342547 0.209466020950899 0.209464792528192 0.20946356407442 0.209462335589579 0.209461107073663 0.0898407830844282 9.99999892820099e-11
0.34079478652249 0.312746712771622 0.340797922961963 0.340797759798441 0.340797596649939 0.340797433516456 0.340797270397997 0.340797107294563 0.340796944206156 0.340796781132777 0.181080086629181 9.9999990422066e-11
0.3553625114891 0.331013226808687 0.355375323780331 0.355375023829534 0.355374723888814 0.355374423958174 0.355374124037614 0.355373824127136 0.355373524226743 0.355373224336436 0.196861881073574 9.99999902845127e-11
0.777858778421917 0.772649935222143 0.777854149344655 0.777854461284837 0.7778547732336 0.777855085190941 0.777855397156863 0.777855709131366 0.777856021114451 0.77785633310612 1.48258129242574 9.99999965830114e-11
0.2915892391292 0.288028475107813 0.291606911115271 0.291606416870207 0.291605922627786 0.291605428388009 0.291604934150874 0.291604439916385 0.291603945684543 0.291603451455347 0.146104960853227 9.99999909720585e-11
0.328071569272825 0.293660418077351 0.328103451541475 0.328103281087406 0.328103110646741 0.328102940219484 0.328102769805635 0.328102599405197 0.32810242901817 0.328102258644558 0.172899069256706 9.99999910835073e-11
0.260252054585283 0.230405814836617 0.26020052050298 0.260199201759117 0.26019788296722 0.260196564127278 0.260195245239285 0.260193926303235 0.260192607319117 0.260191288286924 0.11992136944961 9.99999892659945e-11
0.337087778849792 0.304465567696345 0.337036990356661 0.337036864459163 0.337036738576995 0.337036612710159 0.337036486858656 0.337036361022487 0.337036235201657 0.337036109396165 0.179509265445412 9.99999910780869e-11
0.776697207037814 0.770629743024637 0.776691702919065 0.776692004543197 0.776692306175466 0.776692607815871 0.776692909464411 0.77669321112109 0.776693512785907 0.776693814458861 1.49404073792034 9.99999964285401e-11
0.341657947960884 0.307341039946353 0.341688299499382 0.341688012915003 0.341687726341013 0.341687439777411 0.3416871532242 0.341686866681382 0.341686580148958 0.341686293626931 0.18245685473287 9.99999898489714e-11
0.300603586220472 0.287141085495319 0.300605074293549 0.300604571933203 0.300604069577292 0.300603567225817 0.300603064878778 0.300602562536178 0.300602060198016 0.300601557864295 0.150454869713611 9.99999909145148e-11
0.303016041515927 0.278857042678381 0.303041128063341 0.303040712262014 0.303040296465151 0.303039880672754 0.303039464884824 0.303039049101362 0.303038633322369 0.303038217547846 0.152429695669327 9.99999911059281e-11
0.250315247728557 0.22868251584258 0.250182424260042 0.250181637312552 0.250180850360444 0.250180063403717 0.250179276442371 0.250178489476407 0.250177702505826 0.250176915530627 0.115188747383548 9.99999899562274e-11
