0.767263596929242 0.763635145374396 0.767257255376948 0.767257562639718 0.767257869910988 0.767258177190759 0.767258484479033 0.767258791775808 0.767259099081088 0.767259406394871 1.43747647611117 9.99999963386054e-11
0.338859274252288 0.305980518510938 0.338880441002809 0.338880312349525 0.338880183711371 0.338880055088352 0.338879926480468 0.338879797887723 0.338879669310117 0.338879540747654 0.181471200405665 9.9999991729191e-11
0.323617930554735 0.301648266420087 0.323644679409435 0.323644351303335 0.323644023204922 0.323643695114196 0.323643367031161 0.323643038955817 0.323642710888167 0.323642382828211 0.167951656834277 9.99999910789147e-11
0.333624757281941 0.316022163525669 0.333636772802271 0.333636657075288 0.333636541364123 0.333636425668778 0.333636309989255 0.333636194325556 0.333636078677683 0.333635963045639 0.177916569543759 9.99999913790596e-11
0.765060608916855 0.765374507695425 0.765052870337888 0.765053128682084 0.765053387032635 0.76505364538954 0.765053903752802 0.765054162122418 0.765054420498391 0.765054678880721 1.47197205354444 9.9999995934884e-11
0.263701898647029 0.245179962105167 0.263676447606933 0.263675818237305 0.263675188863456 0.263674559485389 0.263673930103101 0.263673300716594 0.263672671325866 0.263672041930919 0.122373083483238 9.99999914882599e-11
0.769379121400276 0.766921711469138 0.769368993237438 0.769369342035761 0.76936969084423 0.769370039662846 0.769370388491611 0.769370737330526 0.76937108617959 0.769371435038808 1.40212120325948 9.99999967037872e-11
0.767874088280172 0.770058565698806 0.767863754788934 0.767864064358669 0.767864373936488 0.767864683522393 0.767864993116386 0.767865302718467 0.767865612328637 0.767865921946897 1.39973810649285 9.99999968245784e-11
0.294047987900579 0.271835218937473 0.294088978367419 0.294088423520693 0.294087868673705 0.294087313826454 0.29408675897894 0.294086204131165 0.294085649283129 0.294085094434833 0.146383468262549 9.99999911933842e-11
0.76783151501944 0.759166869512279 0.767828074901014 0.767828394309928 0.767828713728186 0.767829033155793 0.767829352592746 0.767829672039048 0.7678299914947 0.767830310959703 1.41831476659145 9.99999965491557e-11
0.307864244050965 0.28025420823011 0.307888768081118 0.307888142558069 0.307887517031576 0.30788689150164 0.307886265968261 0.307885640431439 0.307885014891175 0.307884389347468 0.154377648417958 9.99999905270477e-11
0.357137389586687 0.335680613676106 0.35707601687776 0.357076168407863 0.35707631995997 0.357076471534083 0.357076623130206 0.35707677474834 0.357076926388488 0.357077078050652 0.194805373517743 9.99999926183896e-11
0.323123419989919 0.311445250617017 0.323106568605626 0.323106286286336 0.323106003977623 0.323105721679487 0.32310543939193 0.323105157114955 0.323104874848562 0.323104592592755 0.167827025363659 9.99999916325811e-11
0.76779690354689 0.763401650120242 0.767789286098238 0.767789602305043 0.767789918520442 0.767790234744436 0.767790550977027 0.767790867218216 0.767791183468003 0.767791499726389 1.41486323496303 9.99999966354623e-11
0.218086063408071 0.199649690963245 0.218092314833578 0.218090916818457 0.21808951876939 0.218088120686373 0.218086722569404 0.218085324418481 0.2180839262336 0.21808252801476 0.0943349080093001 9.9999990196148e-11
0.298598884373265 0.260242033473034 0.298340759184441 0.29833974966801 0.298338740105743 0.29833773049763 0.298336720843664 0.298335711143836 0.298334701398136 0.298333691606557 0.147858186620916 9.99999903700302e-11
0.769612745889583 0.770849784585237 0.769602031558156 0.769602378286738 0.769602725025271 0.769603071773753 0.769603418532188 0.769603765300575 0.769604112078916 0.769604458867211 1.40991217011464 9.99999965987367e-11
0.767131481348726 0.775858091356623 0.767115970845132 0.767116264960271 0.767116559082334 0.767116853211318 0.767117147347225 0.767117441490056 0.767117735639811 0.76711802979649 1.39378869794169 9.99999969443378e-11
0.76548645144695 0.758054452256388 0.765480854933382 0.765481123642564 0.765481392358794 0.765481661082072 0.765481929812399 0.765482198549776 0.765482467294202 0.76548273604568 1.48469606350871 9.99999958048265e-11
0.765548611881711 0.760431110688157 0.765544119147817 0.76554439639417 0.765544673647933 0.765544950909107 0.765545228177693 0.765545505453693 0.765545782737105 0.765546060027931 1.47248386189258 9.99999958797492e-11
0.286759170969362 0.2640069910859 0.286774022792711 0.28677315063427 0.286772278462533 0.2867714062775 0.286770534079171 0.286769661867544 0.286768789642621 0.286767917404398 0.138331946399251 9.99999900962227e-11
0.769368646696723 0.7696232871463 0.769357929935472 0.769358258235972 0.769358586544403 0.769358914860768 0.769359243185066 0.769359571517301 0.769359899857469 0.769360228205573 1.35477809534853 9.9999997390211e-11
0.248878298982526 0.237817240003346 0.248870439274552 0.248869224796297 0.248868010286574 0.248866795745382 0.248865581172715 0.248864366568574 0.248863151932953 0.24886193726585 0.113243124540151 9.99999894557514e-11
0.77034617168082 0.762500676544323 0.770338844963132 0.770339207856791 0.770339570760848 0.770339933675302 0.770340296600158 0.770340659535414 0.770341022481071 0.77034138543713 1.38442330465975 9.99999969400048e-11
0.344420905276304 0.323524854011222 0.344422353418973 0.344422136928189 0.344421920455465 0.344421704000805 0.34442148756421 0.344421271145683 0.344421054745226 0.344420838362844 0.186268767499742 9.9999990521788e-11
0.320586501235022 0.290956681219618 0.320614191208542 0.3206140187294 0.320613846263841 0.320613673811866 0.320613501373479 0.32061332894868 0.320613156537472 0.320612984139856 0.165676893684158 9.99999922865698e-11
0.766163916362822 0.765290213571427 0.766158048712948 0.766158336007913 0.766158623310695 0.766158910621293 0.766159197939711 0.766159485265946 0.7661597726 0.766160059941875 1.42590457599832 9.99999964848712e-11
0.765593997785656 0.765679781291488 0.765586201041435 0.765586476700972 0.765586752367414 0.765587028040762 0.765587303721016 0.765587579408177 0.765587855102246 0.765588130803222 1.44785828409426 9.99999962258676e-11
0.288357979527395 0.27781822692376 0.288377795018187 0.28837748916444 0.288377183320671 0.288376877486882 0.288376571663072 0.288376265849247 0.288375960045405 0.288375654251549 0.138581202209903 9.9999991986119e-11
0.768873928314954 0.765589147291475 0.768867651140252 0.768867964646827 0.768868278161927 0.768868591685555 0.768868905217708 0.76886921875839 0.7688695323076 0.76886984586534 1.42353662090895 9.99999965508971e-11
0.76625794819654 0.75819278002953 0.766254058295012 0.766254349244717 0.766254640201771 0.766254931166179 0.766255222137939 0.766255513117052 0.766255804103521 0.766256095097344 1.41584626320425 9.99999965696628e-11
0.259776090499272 0.23137424632718 0.259853836910042 0.259853143559397 0.259852450202193 0.259851756838431 0.25985106346811 0.25985037009123 0.25984967670779 0.259848983317791 0.119311189286418 9.99999908994803e-11
0.244784679982491 0.219060820971882 0.24485595685222 0.244855244139196 0.244854531423969 0.244853818706537 0.244853105986903 0.244852393265066 0.244851680541026 0.244850967814784 0.111441265665251 9.99999906930651e-11
0.315338992414269 0.300135453455348 0.315350758127114 0.315350644450823 0.315350530788885 0.3153504171413 0.315350303508071 0.315350189889201 0.31535007628469 0.315349962694542 0.162162432350445 9.99999919575885e-11
0.768318482466585 0.758964739438072 0.768310831988065 0.768311153448711 0.768311474918147 0.768311796396372 0.768312117883389 0.768312439379199 0.768312760883799 0.768313082397196 1.42086019424694 9.99999964270078e-11
0.336563925786044 0.303026656978338 0.336579453737736 0.336579529567122 0.336579605418997 0.336579681293363 0.336579757190225 0.336579833109585 0.336579909051444 0.336579985015807 0.175440079878735 9.9999992337119e-11
0.279030864415135 0.243319642107467 0.279112497278668 0.279111685480016 0.279110873672769 0.279110061856926 0.279109250032488 0.279108438199455 0.279107626357829 0.279106814507609 0.131673778991737 9.99999892480354e-11
0.763323716015678 0.767063143809432 0.763316397934358 0.763316632385045 0.763316866841003 0.76331710130223 0.763317335768729 0.7633175702405 0.763317804717542 0.763318039199857 1.44726568150234 9.9999996315005e-11
0.268008888577299 0.264037594882155 0.268019331024809 0.268018603761405 0.268017876493557 0.268017149221267 0.268016421944534 0.26801569466336 0.268014967377744 0.268014240087687 0.126206213093283 9.99999907517838e-11
0.767567173436325 0.758187106235861 0.767563602425493 0.767563910766877 0.767564219116366 0.767564527473958 0.767564835839658 0.767565144213463 0.767565452595377 0.7675657609854 1.40559482000075 9.9999996710259e-11
0.767631116410197 0.75765746528736 0.767626457154585 0.767626774285207 0.767627091424462 0.767627408572349 0.767627725728867 0.76762804289402 0.767628360067806 0.767628677250228 1.41781986559222 9.99999965553022e-11
0.769716161420298 0.756876409946636 0.769709253535079 0.769709599966592 0.769709946408189 0.769710292859871 0.769710639321638 0.769710985793494 0.769711332275438 0.769711678767471 1.43409006920948 9.99999963744517e-11
0.769711267400666 0.764356384453283 0.769700083069046 0.769700441492999 0.769700799927218 0.769701158371703 0.769701516826456 0.769701875291478 0.769702233766768 0.769702592252331 1.41193261887792 9.99999965171501e-11
0.33427239519162 0.319451418465918 0.334279328940295 0.334279290998868 0.334279253074815 0.334279215168138 0.334279177278838 0.334279139406918 0.334279101552381 0.334279063715228 0.179119075069059 9.99999919767541e-11
0.288251643351796 0.25458736048407 0.288315318429585 0.288314758894424 0.288314199358622 0.288313639822177 0.288313080285092 0.288312520747368 0.288311961209005 0.288311401670006 0.139545038338706 9.99999913693827e-11
0.219117895176435 0.18990429797839 0.219034996903751 0.219033783924055 0.219032570923097 0.219031357900877 0.219030144857392 0.219028931792641 0.219027718706623 0.219026505599336 0.0960842573040666 9.99999894946686e-11
0.288436349820091 0.266902387718948 0.28848759835548 0.288486761282001 0.288485924195917 0.288485087097227 0.288484249985932 0.288483412862031 0.288482575725522 0.288481738576405 0.138579705297864 9.99999905292566e-11
0.241977287051144 0.237183651148611 0.241916928253543 0.241915568976648 0.241914209655767 0.241912850290897 0.241911490882029 0.24191013142916 0.241908771932284 0.241907412391394 0.111243674986347 9.99999898160901e-11
0.262021326869185 0.235799434887268 0.262081759062426 0.262080631216208 0.2620795033415 0.262078375438301 0.262077247506607 0.262076119546416 0.262074991557727 0.262073863540537 0.12128079385465 9.99999897483948e-11
0.343729521032092 0.324202186201896 0.343739265624458 0.343739243518545 0.3437392214288 0.343739199355228 0.343739177297827 0.343739155256601 0.343739133231552 0.343739111222681 0.186365129203568 9.99999918918292e-11
0.768949619338584 0.764532487360356 0.768940651095924 0.768940982306963 0.768941313526475 0.768941644754458 0.768941975990915 0.768942307235847 0.768942638489252 0.768942969751135 1.37746741428683 9.99999971723706e-11
0.333905227703972 0.308739092478943 0.333915846877705 0.333915748901796 0.333915650941556 0.333915552996987 0.333915455068092 0.333915357154873 0.33391525925733 0.333915161375467 0.177811070486319 9.99999917236338e-11
0.302744718506165 0.281930903688745 0.302763527548889 0.302763340600079 0.30276315366614 0.302762966747073 0.30276277984288 0.302762592953564 0.302762406079127 0.30276221921957 0.149529743480248 9.99999921421098e-11
0.768756568955803 0.770203968805557 0.768745528818801 0.768745843538789 0.768746158267021 0.768746473003498 0.76874678774822 0.768747102501188 0.768747417262402 0.768747732031864 1.40302488121565 9.99999967983818e-11
0.765984626829149 0.765386940758948 0.765976535662835 0.765976810006175 0.765977084356244 0.765977358713043 0.76597763307657 0.765977907446828 0.765978181823817 0.765978456207538 1.45576821878314 9.99999961106205e-11
0.767826814109126 0.7623661764887 0.767818663866785 0.767818968666695 0.767819273474373 0.767819578289821 0.76781988311304 0.76782018794403 0.767820492782792 0.767820797629326 1.40399186737164 9.99999968375942e-11
0.767258912898116 0.761049815210538 0.767250202466645 0.767250503533232 0.767250804607686 0.767251105690009 0.767251406780199 0.767251707878258 0.767252008984187 0.767252310097987 1.42369614930003 9.99999965119362e-11
0.338267947449718 0.319321554010513 0.338284947191048 0.338284651850009 0.338284356517043 0.338284061192151 0.338283765875334 0.338283470566595 0.338283175265934 0.338282879973353 0.185529090585422 9.99999910099355e-11
0.312690547869133 0.306599061241423 0.31262903477766 0.312628379224385 0.312627723665081 0.312627068099747 0.312626412528384 0.312625756950992 0.312625101367571 0.312624445778121 0.160269695508309 9.99999899063453e-11
0.767821101197467 0.764668573089042 0.767812227540755 0.767812550558792 0.767812873585569 0.767813196621086 0.767813519665343 0.767813842718343 0.767814165780083 0.767814488850569 1.3805032820594 9.99999969950025e-11
0.767742572570562 0.765494950994052 0.767733971676113 0.767734291108048 0.767734610548509 0.767734929997495 0.767735249455008 0.767735568921049 0.767735888395618 0.767736207878716 1.42192254698943 9.99999965059953e-11
0.266962758991738 0.267984568125586 0.266964905436481 0.266964041904958 0.266963178363966 0.266962314813505 0.266961451253574 0.266960587684172 0.266959724105297 0.266958860516948 0.126436624783283 9.99999907486474e-11
0.286557724963094 0.277899698112742 0.286519646449517 0.28651891933638 0.286518192209369 0.286517465068482 0.286516737913717 0.286516010745073 0.286515283562549 0.286514556366142 0.144220291310717 9.99999907743347e-11
0.338681720207988 0.311308768977644 0.338710108997755 0.338709879759394 0.338709650532408 0.338709421316797 0.338709192112564 0.33870896291971 0.338708733738235 0.338708504568143 0.183337319083161 9.99999906795693e-11
0.323319121539024 0.299303724596819 0.323347321582806 0.323346976471581 0.323346631369101 0.323346286275368 0.323345941190384 0.323345596114149 0.323345251046667 0.323344905987937 0.166998818763055 9.99999910482303e-11
0.24848998321132 0.232798826722737 0.24840170243812 0.248400412242238 0.24839912201082 0.248397831743862 0.248396541441359 0.248395251103311 0.248393960729711 0.248392670320559 0.114545096993024 9.99999895657084e-11
0.239197875120181 0.215371964737899 0.23906873253909 0.239067765073019 0.2390667975842 0.23906583007263 0.239064862538306 0.239063894981226 0.239062927401385 0.239061959798783 0.105754167316942 9.99999904968417e-11
0.766185143214371 0.766288721218674 0.766177201454167 0.766177483680535 0.766177765914026 0.766178048154643 0.766178330402387 0.766178612657257 0.766178894919255 0.766179177188381 1.43124123032501 9.99999965060107e-11
0.766839090481097 0.765736501680033 0.766828767935453 0.766829069875546 0.766829371824068 0.76682967378102 0.766829975746402 0.766830277720214 0.766830579702458 0.766830881693135 1.44964986381941 9.9999996133312e-11
0.248758170588447 0.222851952793886 0.248713082058754 0.248712102645689 0.248711123210717 0.248710143753833 0.248709164275035 0.248708184774321 0.248707205251687 0.248706225707131 0.112044395502094 9.99999907354305e-11
0.76722533697565 0.768233915309388 0.767214389779881 0.767214694888734 0.767215000005675 0.767215305130703 0.76721561026382 0.767215915405027 0.767216220554324 0.76721652571171 1.42694285233835 9.99999964689283e-11
0.33473352126817 0.302830737009535 0.334755595190046 0.334755448106057 0.33475530104398 0.334755154003816 0.33475500698557 0.334754859989245 0.334754713014845 0.334754566062372 0.173475662948916 9.99999907466552e-11
0.766870690115667 0.769214411033028 0.766860433805271 0.766860721588559 0.766861009378522 0.766861297175156 0.766861584978465 0.766861872788448 0.766862160605106 0.76686244842844 1.3916719363072 9.99999969363893e-11
0.7653624778481 0.763819163713778 0.765354915369068 0.765355175455911 0.765355435549095 0.765355695648619 0.765355955754484 0.765356215866689 0.765356475985237 0.765356736110127 1.45875027124364 9.99999961334214e-11
0.337744645320222 0.328621893084398 0.337740702639329 0.337740324784147 0.337739946936103 0.337739569095199 0.337739191261436 0.337738813434815 0.33773843561534 0.337738057803011 0.182887859263958 9.99999912070076e-11
0.766269441369935 0.765611542770627 0.766262364413587 0.766262656551645 0.76626294869723 0.766263240850342 0.766263533010982 0.766263825179152 0.766264117354852 0.766264409538083 1.40805610376063 9.99999967222442e-11
0.28202815280455 0.251647436924099 0.282079900185352 0.282079229902929 0.282078559616849 0.282077889327115 0.282077219033725 0.282076548736682 0.282075878435984 0.282075208131634 0.133695121249407 9.99999902494478e-11
0.767000608864382 0.769793644604549 0.766990166951078 0.766990463810162 0.766990760676896 0.766991057551278 0.766991354433309 0.766991651322992 0.766991948220325 0.76699224512531 1.41335651593459 9.99999967118493e-11
0.255066816492254 0.227778337626853 0.255093613018853 0.255092800250837 0.255091987476974 0.255091174697267 0.255090361911714 0.255089549120316 0.255088736323073 0.255087923519986 0.118335621148928 9.9999990707918e-11
0.323648236585938 0.312340763986418 0.323652325237685 0.32365235539156 0.323652385562237 0.323652415749718 0.323652445954004 0.323652476175098 0.323652506413002 0.323652536667717 0.1683098301576 9.99999923306273e-11
0.769114855392141 0.765413038354093 0.769104556623143 0.769104892834373 0.769105229054341 0.769105565283048 0.769105901520494 0.76910623776668 0.769106574021609 0.769106910285278 1.38051320935348 9.99999969813142e-11
0.290998935750554 0.284355700033092 0.291029142435956 0.291028483647979 0.29102782485708 0.29102716606326 0.29102650726652 0.291025848466859 0.291025189664278 0.291024530858777 0.144065114763725 9.99999905214851e-11
0.276765052433107 0.274030962788228 0.276709198491316 0.276708347747505 0.276707496987433 0.2767066462111 0.276705795418504 0.276704944609643 0.276704093784517 0.276703242943123 0.134625973406986 9.99999899698837e-11
0.767706443372025 0.755591564216024 0.76770110108787 0.767701396434829 0.767701691789373 0.767701987151503 0.767702282521222 0.767702577898528 0.767702873283424 0.767703168675909 1.41083214411079 9.99999967043972e-11
0.769252335349002 0.77018458957929 0.769243806638529 0.769244134156902 0.769244461683619 0.769244789218684 0.769245116762097 0.769245444313859 0.769245771873969 0.769246099442431 1.37920244121536 9.99999970566333e-11
0.237289466791956 0.222975550889673 0.237191586227951 0.237190279333832 0.237188972404064 0.237187665438641 0.23718635843756 0.237185051400819 0.237183744328413 0.237182437220338 0.107555699782069 9.99999902976342e-11
0.298192361952501 0.276934400251595 0.29823062710294 0.298230103302551 0.298229579505803 0.298229055712697 0.298228531923234 0.298228008137416 0.298227484355245 0.298226960576722 0.147186285909269 9.99999910811033e-11
0.226175042280524 0.223602429675682 0.226082717277033 0.22608136312948 0.226080008956302 0.226078654757496 0.226077300533062 0.226075946282996 0.226074592007298 0.226073237705967 0.101783353069786 9.99999891886043e-11
0.308657014594891 0.29017953065896 0.308485954098582 0.308485739817783 0.308485525548242 0.308485311289959 0.308485097042937 0.308484882807179 0.308484668582684 0.308484454369457 0.152347686780342 9.99999921098518e-11
0.314257331611242 0.290257708167599 0.314200372396563 0.314200230418775 0.3142000884589 0.31419994651694 0.314199804592897 0.314199662686775 0.314199520798577 0.314199378928304 0.157516934206036 9.99999921657962e-11
0.764577357342969 0.767198745185467 0.76456746064056 0.764567719919017 0.764567979203587 0.764568238494269 0.764568497791063 0.764568757093971 0.764569016402994 0.764569275718129 1.44137424636005 9.9999996340109e-11
0.27691527852265 0.2502716500913 0.276975516514574 0.276974932344275 0.27697434817183 0.27697376399724 0.276973179820505 0.276972595641625 0.2769720114606 0.276971427277431 0.129953179843292 9.99999908794764e-11
0.325321564086329 0.303047712053639 0.325326348581188 0.325326231673919 0.325326114782934 0.325325997908235 0.325325881049825 0.325325764207706 0.32532564738188 0.325325530572349 0.169048085524522 9.99999918788157e-11
0.256806070366071 0.222008879224218 0.256754596599985 0.256753660876458 0.256752725125299 0.256751789346504 0.256750853540067 0.256749917705986 0.256748981844255 0.256748045954871 0.118002108246257 9.99999905501571e-11
0.311337587004396 0.30104050238851 0.311173574354576 0.311173222354493 0.311172870362848 0.311172518379643 0.311172166404879 0.311171814438556 0.311171462480677 0.311171110531244 0.157791209070969 9.99999912862998e-11
0.769013816101621 0.76969803811965 0.769002947528467 0.769003267403909 0.769003587287153 0.769003907178199 0.769004227077047 0.769004546983697 0.769004866898151 0.76900518682041 1.40396790376294 9.99999967398864e-11
0.3008777746683 0.284804996722768 0.30089482471666 0.300894457680337 0.300894090650225 0.300893723626325 0.300893356608637 0.300892989597164 0.300892622591907 0.300892255592866 0.149535721399306 9.99999920872942e-11
0.306279969250461 0.290196114107506 0.306301010563796 0.306300675548348 0.306300340542064 0.306300005544946 0.306299670556995 0.306299335578214 0.306299000608605 0.306298665648168 0.156008097541079 9.99999916296594e-11
0.327806793159757 0.314306361173845 0.327818547085791 0.327818234429564 0.327817921782964 0.327817609145995 0.327817296518656 0.32781698390095 0.327816671292879 0.327816358694445 0.175278271785193 9.9999991400523e-11
0.232040158284549 0.208594197546805 0.232044932688111 0.232044151495373 0.232043370297135 0.232042589093397 0.232041807884161 0.232041026669427 0.232040245449194 0.232039464223465 0.101485669324893 9.99999909335304e-11
