0.75703215495839 0.744235924995328 0.757028868559872 0.757029173703134 0.757029478854527 0.757029784014054 0.757030089181715 0.75703039435751 0.75703069954144 0.757031004733508 1.36050418473004 9.99999963864644e-11
0.359027780224058 0.350791935963486 0.359025056303833 0.359025069139739 0.359025081991576 0.359025094859343 0.359025107743044 0.359025120642679 0.359025133558251 0.35902514648976 0.195799421804115 9.99999924434529e-11
0.347809480481671 0.322648646636892 0.347821305392872 0.347821368433175 0.34782143149221 0.347821494569983 0.347821557666494 0.347821620781743 0.347821683915735 0.347821747068471 0.183237857217308 9.99999924976193e-11
0.292335709490901 0.281155947988256 0.292360746382308 0.292360238961316 0.292359731541758 0.292359224123632 0.292358716706941 0.292358209291684 0.292357701877863 0.292357194465478 0.141053790681008 9.99999920619436e-11
0.75683790272514 0.753078438885914 0.75683102118348 0.756831313129293 0.756831605082277 0.756831897042432 0.756832189009756 0.756832480984254 0.756832772965923 0.756833064954765 1.32686821630754 9.99999968130818e-11
0.295324817989559 0.282015813083591 0.29532089814491 0.295320218869744 0.295319539589857 0.295318860305251 0.295318181015924 0.295317501721877 0.295316822423111 0.295316143119625 0.146030292947119 9.99999912393273e-11
0.758091805019416 0.750525446488986 0.75808667273829 0.758086982800647 0.758087292870775 0.758087602948676 0.758087913034349 0.758088223127796 0.758088533229016 0.758088843338011 1.32507401401862 9.99999967970051e-11
0.756462607582316 0.753178815435181 0.756457205789684 0.75645748665089 0.756457767518607 0.756458048392837 0.756458329273581 0.756458610160838 0.75645889105461 0.756459171954896 1.35239404843721 9.99999964844562e-11
0.290175359571898 0.276050465323642 0.290214619757293 0.290214154151825 0.290213688546638 0.29021322294173 0.290212757337103 0.290212291732756 0.290211826128691 0.290211360524907 0.142806284617109 9.99999918814387e-11
0.755940758825028 0.758424002842394 0.755933650629905 0.755933921802125 0.755934192980689 0.755934464165598 0.755934735356853 0.755935006554454 0.755935277758401 0.755935548968696 1.36202656722728 9.999999638193e-11
0.299708880607213 0.28606060862942 0.299729846949503 0.299729380049679 0.299728913152108 0.299728446256791 0.299727979363728 0.299727512472921 0.299727045584369 0.299726578698075 0.148631470315799 9.99999913908661e-11
0.362445420870396 0.344384194789192 0.362355456179866 0.362355602206405 0.36235574825126 0.362355894314434 0.362356040395927 0.362356186495741 0.362356332613879 0.362356478750341 0.200890374334161 9.99999925525837e-11
0.317627170540324 0.296203431989114 0.317587966010458 0.317587686646261 0.317587407290874 0.317587127944296 0.31758684860653 0.317586569277578 0.31758628995744 0.317586010646117 0.158039339054023 9.99999917595961e-11
0.762141816098886 0.748451148343931 0.762138549920737 0.76213891164587 0.762139273380238 0.762139635123841 0.762139996876682 0.76214035863876 0.762140720410076 0.762141082190631 1.30433488702284 9.99999970258668e-11
0.220311989610016 0.204397029922404 0.220287159804606 0.220286234601015 0.22028530938778 0.220284384164899 0.220283458932372 0.220282533690199 0.22028160843838 0.220280683176915 0.0961776460389543 9.99999914882392e-11
0.295636602758155 0.290296348275825 0.295526424747518 0.295525957623135 0.295525490502735 0.295525023386318 0.295524556273886 0.295524089165439 0.295523622060978 0.295523154960503 0.144800722527802 9.99999919480704e-11
0.757306970306468 0.754548391317257 0.757302872565055 0.757303157140051 0.757303441721673 0.757303726309923 0.7573040109048 0.757304295506305 0.75730458011444 0.757304864729205 1.31582129939995 9.99999969786567e-11
0.760281926245489 0.756622073810392 0.76027613606815 0.760276480175028 0.760276824290474 0.760277168414485 0.760277512547066 0.760277856688215 0.760278200837936 0.760278544996225 1.29539497716395 9.99999971819005e-11
0.757674004460149 0.757873133336813 0.757666515380029 0.757666804342309 0.757667093311241 0.757667382286827 0.757667671269066 0.757667960257959 0.757668249253507 0.75766853825571 1.3192642405097 9.99999969468719e-11
0.757387522546203 0.755576154983803 0.757381298310041 0.757381609880501 0.757381921459125 0.757382233045914 0.75738254464087 0.757382856243992 0.757383167855282 0.757383479474739 1.33499299519202 9.99999966759798e-11
0.296641630827401 0.27448785120301 0.29667029552285 0.296670097437687 0.296669899364585 0.296669701303544 0.296669503254567 0.296669305217655 0.29666910719281 0.296668909180033 0.143263147457309 9.99999917963163e-11
0.75940658277368 0.756797462005338 0.759403258090281 0.759403586357122 0.759403914631829 0.759404242914405 0.759404571204849 0.759404899503163 0.759405227809345 0.759405556123399 1.2918251229105 9.99999972264248e-11
0.231417759788405 0.207289470769692 0.231353724320586 0.231352951719813 0.231352179106306 0.231351406480064 0.231350633841083 0.231349861189363 0.231349088524903 0.2313483158477 0.0990174106356634 9.99999912423147e-11
0.755513035903545 0.760475358670921 0.7555061016676 0.755506359144131 0.755506616626303 0.755506874114117 0.75550713160757 0.755507389106665 0.755507646611402 0.755507904121782 1.32896368256664 9.99999968919781e-11
0.315295866353573 0.303180419983473 0.315289062505836 0.315288768191701 0.315288473889406 0.315288179598952 0.31528788532034 0.315287591053573 0.315287296798652 0.315287002555579 0.158625304358935 9.99999918325653e-11
0.337720096460626 0.321446910227019 0.337738900166112 0.337738562029035 0.337738223897429 0.337737885771294 0.337737547650632 0.337737209535443 0.337736871425728 0.337736533321489 0.179838833307145 9.99999912379568e-11
0.7606217223317 0.748376424783843 0.760617888028162 0.760618235736231 0.760618583453043 0.760618931178601 0.760619278912903 0.760619626655952 0.760619974407747 0.76062032216829 1.29781012109123 9.9999997149803e-11
0.756328113510053 0.755602136784597 0.756322599156045 0.756322881072931 0.756323162996849 0.756323444927802 0.75632372686579 0.756324008810814 0.756324290762874 0.756324572721971 1.3629500143472 9.99999963625465e-11
0.26429676171889 0.258400097738262 0.26432138984986 0.264320480605778 0.264319571339517 0.264318662051073 0.264317752740443 0.264316843407624 0.264315934052612 0.264315024675404 0.123315008326232 9.99999914992180e-11
0.75477352431254 0.752504700926483 0.754768858760114 0.754769123668459 0.754769388583477 0.754769653505171 0.754769918433541 0.754770183368588 0.754770448310311 0.754770713258712 1.38156752728938 9.99999962487212e-11
0.755963585473437 0.751255512945041 0.755958515793361 0.755958804713156 0.755959093639935 0.755959382573701 0.755959671514453 0.755959960462192 0.755960249416919 0.755960538378633 1.33000994265631 9.99999967219688e-11
0.248356999497319 0.222035206533787 0.24843523835524 0.248434359240861 0.24843348011047 0.248432600964064 0.248431721801643 0.248430842623206 0.248429963428751 0.248429084218277 0.110751160331499 9.99999912112641e-11
0.265836056687804 0.254548061132951 0.265865850938461 0.265865331140378 0.265864811344505 0.26586429155084 0.265863771759384 0.26586325197014 0.265862732183107 0.265862212398286 0.12079288056288 9.9999991567707e-11
0.317019418926723 0.294123261170913 0.317022063193116 0.317022024244437 0.317021985311941 0.31702194639563 0.317021907495507 0.317021868611571 0.317021829743827 0.317021790892274 0.157801451782515 9.99999932975356e-11
0.757126007066072 0.755069723582358 0.757118882653601 0.757119191479018 0.757119500312257 0.757119809153318 0.757120118002202 0.757120426858911 0.757120735723444 0.7571210445958 1.33902573512292 9.99999965810882e-11
0.331383858374253 0.316229854795168 0.331396612239744 0.33139636304926 0.331396113868218 0.331395864696619 0.331395615534464 0.331395366381754 0.331395117238491 0.331394868104676 0.173863492796456 9.9999992344306e-11
0.272014699176501 0.256359109090075 0.272052577372037 0.272052240637401 0.272051903910754 0.272051567192098 0.272051230481435 0.272050893778764 0.272050557084088 0.272050220397408 0.125443427001026 9.99999916003971e-11
0.75780401557497 0.75319919904352 0.757800503705135 0.75780081458039 0.757801125463468 0.757801436354373 0.757801747253103 0.757802058159661 0.757802369074045 0.757802679996258 1.33651430692255 9.99999966656074e-11
0.27157813570168 0.24390814851172 0.271639024424574 0.271638304551691 0.271637584670218 0.271636864780153 0.271636144881496 0.271635424974247 0.271634705058405 0.27163398513397 0.125863193552069 9.99999912831907e-11
0.7564699653296 0.756759555484828 0.756465373779815 0.756465642694747 0.756465911615405 0.756466180541791 0.756466449473904 0.756466718411745 0.756466987355314 0.756467256304613 1.31481375502678 9.99999970276515e-11
0.759182020314307 0.744979930110639 0.759179785861168 0.759180109391542 0.759180432929818 0.759180756475998 0.759181080030082 0.75918140359207 0.759181727161964 0.759182050739764 1.32875902903402 9.99999967402032e-11
0.756723665202877 0.758522785595091 0.75671761998569 0.756717889633646 0.756718159287705 0.756718428947866 0.756718698614128 0.756718968286495 0.756719237964965 0.756719507649538 1.35194914803079 9.99999965968913e-11
0.757689062808076 0.754646722529972 0.757684615411436 0.757684913718645 0.757685212033122 0.757685510354866 0.75768580868388 0.757686107020163 0.757686405363716 0.75768670371454 1.3358635374434 9.99999966693702e-11
0.30548515287992 0.273292864628447 0.305523169501276 0.305522971591442 0.305522773694221 0.305522575809614 0.305522377937622 0.305522180078247 0.30552198223149 0.305521784397354 0.150709751884846 9.99999919222432e-11
0.272287527608225 0.266217535703377 0.272307989257679 0.272307235411745 0.272306481557789 0.272305727695812 0.272304973825812 0.272304219947791 0.272303466061746 0.272302712167679 0.128661262057688 9.99999918052483e-11
0.219568128156286 0.21249067073628 0.219540401201482 0.219539284712914 0.219538168205372 0.219537051678854 0.219535935133357 0.219534818568882 0.219533701985425 0.219532585382985 0.0946152299837789 9.99999910040851e-11
0.274753856595619 0.264959573525579 0.274785011177358 0.27478409901349 0.274783186839908 0.27478227465661 0.274781362463598 0.274780450260869 0.274779538048427 0.274778625826268 0.128883536607871 9.99999913616501e-11
0.233116754202929 0.210626966604688 0.233025075873611 0.233024117877688 0.233023159866706 0.233022201840664 0.23302124379956 0.233020285743394 0.233019327672163 0.233018369585867 0.101374839087003 9.99999904192015e-11
0.2325222368188 0.228518118232469 0.232498544235418 0.232497613941081 0.232496683632868 0.232495753310778 0.23249482297481 0.232493892624963 0.232492962261235 0.232492031883624 0.103446543756557 9.99999913767901e-11
0.334249126769114 0.318740271804052 0.334256817913097 0.334256789373897 0.334256760848464 0.334256732336801 0.334256703838909 0.334256675354788 0.334256646884441 0.334256618427868 0.17605650035009 9.9999993021448e-11
0.756393490068179 0.750911273267488 0.756391374824303 0.756391661657552 0.756391948497907 0.75639223534537 0.756392522199938 0.756392809061615 0.7563930959304 0.756393382806294 1.34328176196113 9.99999966404908e-11
0.331817809461516 0.318628891380557 0.331768358110577 0.331767937385163 0.331767516661565 0.331767095939783 0.331766675219817 0.33176625450167 0.331765833785339 0.331765413070828 0.176727898974359 9.99999911817311e-11
0.334983421031867 0.319638409417003 0.334992366639074 0.334992108583654 0.334991850538277 0.334991592502944 0.334991334477657 0.334991076462418 0.334990818457227 0.334990560462086 0.178206943358286 9.9999991491355e-11
0.757380309899579 0.754282267705744 0.757375049260872 0.75737534201491 0.757375634776232 0.757375927544836 0.757376220320725 0.7573765131039 0.75737680589436 0.757377098692106 1.35557937552091 9.99999964714741e-11
0.75828097367778 0.753115074383596 0.758275081796193 0.758275390775215 0.758275699762117 0.7582760087569 0.758276317759566 0.758276626770113 0.758276935788545 0.758277244814861 1.35302252113199 9.99999964286867e-11
0.755932086540694 0.751369805497229 0.755930102533965 0.755930385177154 0.755930667827726 0.755930950485678 0.755931233151016 0.755931515823735 0.755931798503839 0.755932081191328 1.37297799371437 9.9999996327859e-11
0.757318059797223 0.753410375037773 0.757312002362593 0.757312298405755 0.757312594456417 0.757312890514581 0.757313186580247 0.757313482653417 0.75731377873409 0.757314074822268 1.33001938150308 9.99999968188135e-11
0.30251175120948 0.28333678477314 0.302529198276458 0.302528925914894 0.302528653564738 0.30252838122599 0.302528108898654 0.30252783658273 0.302527564278221 0.302527291985127 0.147655847931865 9.99999915215393e-11
0.335101967250156 0.335226448686766 0.335094742329569 0.335094794157905 0.335094846001071 0.335094897859068 0.335094949731897 0.33509500161956 0.335095053522059 0.335095105439394 0.17756301370196 9.99999932879040e-11
0.75623687421706 0.753153450309223 0.75623261278468 0.756232894343031 0.756233175907988 0.75623345747955 0.756233739057721 0.756234020642499 0.756234302233886 0.756234583831879 1.34063130047693 9.99999966111659e-11
0.757835999324926 0.754856412511198 0.757831314485606 0.757831613577967 0.757831912677454 0.757832211784069 0.75783251089781 0.75783281001868 0.757833109146677 0.757833408281805 1.31111865545287 9.99999970330907e-11
0.260559255302355 0.242028634165439 0.260528827390048 0.26052809242639 0.260527357453617 0.260526622471726 0.260525887480719 0.260525152480593 0.260524417471348 0.260523682452982 0.118719214583432 9.99999913412695e-11
0.265589482094299 0.253087336033055 0.265500770028796 0.265499952123668 0.265499134205389 0.265498316273959 0.265497498329376 0.26549668037164 0.26549586240075 0.265495044416704 0.120587801842031 9.99999909079599e-11
0.325030103122781 0.319840838896997 0.325033686557415 0.32503351676238 0.325033346979564 0.32503317720897 0.325033007450598 0.325032837704451 0.325032667970528 0.325032498248833 0.166995340760945 9.99999923835826e-11
0.338268629445583 0.335010887236044 0.338269330076487 0.338269159278522 0.338268988489554 0.338268817709583 0.338268646938613 0.338268476176643 0.338268305423674 0.338268134679708 0.183719266903784 9.99999915494635e-11
0.232572674667904 0.222685009813192 0.232498612843864 0.232497203746711 0.232495794615412 0.232494385449964 0.232492976250363 0.232491567016608 0.232490157748695 0.232488748446621 0.102553172043199 9.99999902152606e-11
0.247742598942142 0.243686032186738 0.247689214511877 0.247688461730519 0.247687708933798 0.24768695612171 0.247686203294254 0.247685450451428 0.247684697593227 0.247683944719653 0.113741306432032 9.99999914572588e-11
0.76079936665097 0.753710583338311 0.76079760361648 0.760797947681224 0.760798291754306 0.760798635835728 0.760798979925486 0.760799324023586 0.760799668130026 0.760800012244806 1.28665639037396 9.99999973506374e-11
0.758831077072587 0.747021066256351 0.758828823108271 0.758829162377995 0.758829501656633 0.758829840944186 0.758830180240657 0.758830519546046 0.758830858860353 0.758831198183579 1.30882677219693 9.99999969552339e-11
0.238969496792516 0.222846766522096 0.238960545146979 0.238960098316636 0.238959651490874 0.238959204669693 0.238958757853096 0.238958311041082 0.238957864233652 0.238957417430806 0.105320648006258 9.99999918502054e-11
0.756784937381812 0.753848015144354 0.756780128927114 0.756780416852351 0.756780704784801 0.756780992724463 0.75678128067134 0.75678156862543 0.756781856586737 0.756782144555257 1.37024324998861 9.99999962801339e-11
0.326338621926694 0.298928498293341 0.326359725651018 0.326359667164703 0.326359608691627 0.326359550231793 0.3263594917852 0.32635943335185 0.326359374931746 0.326359316524888 0.167101610845934 9.99999921718946e-11
0.758095516035328 0.747712473006005 0.758090966679045 0.758091280548833 0.758091594426584 0.758091908312299 0.758092222205977 0.758092536107619 0.758092850017226 0.7580931639348 1.32823626541161 9.9999996740111e-11
0.758602698930584 0.756124442037587 0.758599545631188 0.758599853046512 0.758600160469525 0.758600467900229 0.758600775338623 0.75860108278471 0.75860139023849 0.758601697699963 1.32780712430217 9.99999968118478e-11
0.318470557082073 0.315227651584686 0.318470959922667 0.318470883854147 0.318470807797141 0.318470731751653 0.318470655717683 0.318470579695233 0.318470503684304 0.318470427684897 0.164669408638991 9.99999930520267e-11
0.755143162685814 0.752651073826756 0.75513867886114 0.755138942127114 0.755139205399281 0.755139468677643 0.755139731962198 0.755139995252951 0.755140258549896 0.755140521853039 1.36303942667884 9.99999963747729e-11
0.256032871243109 0.237280319347187 0.25605612637153 0.256055670444144 0.256055214521473 0.256054758603517 0.256054302690279 0.256053846781757 0.256053390877954 0.256052934978869 0.11593278849049 9.99999924049098e-11
0.757162933175545 0.754926653958933 0.757157373442098 0.757157661480596 0.757157949526207 0.757158237578932 0.75715852563877 0.757158813705722 0.75715910177979 0.757159389860973 1.34829658321798 9.99999965829411e-11
0.300983515801788 0.277194412940095 0.30096141648463 0.300960724490465 0.300960032483077 0.300959340462465 0.300958648428626 0.300957956381559 0.300957264321263 0.300956572247737 0.149787049648472 9.99999904254036e-11
0.339175540584307 0.319028525994285 0.339183049852138 0.339183171191355 0.339183292548386 0.339183413923234 0.339183535315899 0.339183656726383 0.339183778154689 0.339183899600817 0.175596695506151 9.99999929627487e-11
0.759195379519021 0.75526940392314 0.759191775317349 0.759192109463158 0.759192443617485 0.759192777780335 0.759193111951705 0.759193446131599 0.759193780320015 0.759194114516955 1.3150312599968 9.99999968780540e-11
0.285700615487867 0.273865354778527 0.285727220023904 0.285726633061804 0.285726046099252 0.285725459136248 0.285724872172792 0.285724285208885 0.285723698244527 0.285723111279719 0.138235740709023 9.99999914471368e-11
0.273026929040147 0.241188636015593 0.272834691513263 0.272833398320145 0.272832105074404 0.272830811776032 0.27282951842502 0.27282822502136 0.272826931565042 0.272825638056059 0.127633499180095 9.99999904070325e-11
0.75846478396 0.757037586527596 0.75845860968064 0.758458913144517 0.758459216615885 0.758459520094746 0.758459823581101 0.758460127074948 0.758460430576291 0.758460734085129 1.34184413245022 9.99999966626154e-11
0.756192400413587 0.748166568415633 0.756188295783681 0.75618857405908 0.756188852341699 0.756189130631536 0.756189408928591 0.756189687232866 0.756189965544363 0.756190243863081 1.36172543085879 9.9999996423797e-11
0.254672943526902 0.253765086230396 0.254607423599233 0.254606494690217 0.254605565765679 0.254604636825616 0.254603707870026 0.254602778898909 0.254601849912263 0.254600920910088 0.117025014972081 9.99999916394218e-11
0.27037618722198 0.261076915359155 0.270407367094062 0.270406701577482 0.270406036054598 0.270405370525406 0.270404704989908 0.270404039448104 0.270403373899994 0.270402708345577 0.12704578294528 9.99999923967324e-11
0.232307285107596 0.211350562686212 0.23221352716558 0.232212099102048 0.232210671002832 0.232209242867929 0.232207814697336 0.232206386491049 0.232204958249066 0.232203529971383 0.102633774878769 9.9999989834079e-11
0.317657452088546 0.308190952531962 0.317662734076292 0.317662575453534 0.317662416843258 0.317662258245465 0.317662099660157 0.317661941087336 0.317661782527002 0.317661623979157 0.161166905635939 9.99999925201365e-11
0.331025525809312 0.320450192956588 0.331003998526318 0.331003887531972 0.331003776550854 0.331003665582964 0.331003554628305 0.331003443686877 0.331003332758683 0.331003221843722 0.173874885478903 9.99999924083002e-11
0.755736948281966 0.755538841978174 0.755733221144905 0.755733474156989 0.755733727174777 0.755733980198271 0.75573423322747 0.755734486262372 0.755734739302982 0.755734992349299 1.36144559290346 9.99999964541156e-11
0.273619187223017 0.253141487975382 0.273681926075888 0.273681012912205 0.273680099731178 0.273679186532805 0.273678273317084 0.273677360084013 0.273676446833592 0.273675533565818 0.126236590457587 9.99999906153221e-11
0.339695956637285 0.31400489347476 0.339707580157067 0.339707458215846 0.339707336288729 0.339707214375718 0.339707092476813 0.339706970592018 0.339706848721333 0.33970672686476 0.178146607095741 9.99999921518155e-11
0.264831911410777 0.239018351485265 0.264699537429834 0.26469877663329 0.26469801582152 0.264697254994525 0.264696494152302 0.26469573329485 0.264694972422169 0.264694211534256 0.11961855387207 9.99999911917159e-11
0.320215597154127 0.31200592779857 0.32011473245328 0.320114405410942 0.3201140783743 0.320113751343355 0.320113424318109 0.320113097298561 0.320112770284714 0.320112443276567 0.168536624468189 9.99999918995136e-11
0.756115429809759 0.75230410620338 0.756110606247953 0.756110882193273 0.756111158145416 0.756111434104382 0.756111710070171 0.756111986042784 0.756112262022223 0.756112538008487 1.36685371944348 9.9999996348307e-11
0.299589742032643 0.288423209341263 0.299605237469765 0.2996047676754 0.299604297882504 0.299603828091076 0.299603358301117 0.299602888512629 0.29960241872561 0.299601948940063 0.14503824082656 9.99999920662544e-11
0.279123724060207 0.24607535282692 0.279185092349536 0.279184614615714 0.279184136885706 0.279183659159512 0.279183181437134 0.279182703718572 0.279182226003827 0.2791817482929 0.13130066845308 9.99999916546851e-11
0.329055620886146 0.323293083003266 0.329051423697466 0.329051392633476 0.329051361583619 0.329051330547896 0.329051299526309 0.329051268518859 0.329051237525547 0.329051206546375 0.171584021598983 9.99999927251879e-11
0.228696148385119 0.2189301982886 0.228660967773213 0.228660067011809 0.228659166240219 0.22865826545844 0.228657364666474 0.228656463864319 0.228655563051975 0.228654662229443 0.0987965204931571 9.99999911561472e-11
