-1.13818e-05 -5.08848e-07 -8.8679e-07 4.47006e-07 -1.34031e-07 6.19262e-07 -5.20542e-08 5.41862e-07 -5.50722e-07 2.79118e-07 1 0.758455 
2.68479e-06 -2.02435e-06 -1.07636e-06 3.5172e-07 -2.34717e-07 5.98074e-08 8.47512e-08 -1.18205e-07 -2.42918e-08 1.81879e-08 1 -2.06159 
9.5463e-06 2.81763e-06 -3.11847e-07 6.63563e-09 -1.87871e-07 -5.70967e-07 5.15981e-08 -2.89702e-07 4.38845e-07 -1.35946e-07 1 -2.03832 
7.17095e-06 9.83801e-06 -3.30879e-06 8.90939e-07 2.39635e-07 6.07425e-07 -2.33484e-07 2.77195e-07 3.29028e-08 6.10832e-07 1 -0.450881 
-0.000342288 2.73838e-05 4.70367e-05 -1.70175e-05 -1.28049e-05 8.05024e-06 -4.43441e-06 9.04008e-06 -1.29931e-05 3.03648e-06 1 1.56925 
-6.19916e-06 6.52118e-07 4.62472e-07 -5.87498e-07 -4.8072e-07 2.69327e-07 5.13633e-08 4.25051e-07 -5.13368e-07 1.46267e-07 1 -2.02621 
-0.000710245 -0.000221739 8.67369e-07 -1.55302e-05 -1.70479e-05 4.529e-05 -3.82639e-06 3.09992e-05 -4.30221e-05 1.72313e-05 1 1.73438 
0.000172719 5.61274e-05 2.37751e-06 2.47525e-07 8.36248e-06 -1.09371e-05 1.55987e-06 -7.21717e-06 1.10517e-05 -4.68365e-06 1 0.899273 
3.21245e-05 4.90664e-06 -1.94045e-06 1.81802e-06 1.08608e-06 -1.6323e-06 1.67505e-07 -1.29993e-06 1.81053e-06 -5.90183e-07 1 0.276444 
8.56059e-06 2.10359e-06 -3.44641e-07 4.24267e-07 5.52123e-07 -3.78247e-07 1.44698e-08 -3.92786e-07 6.56213e-07 -1.64563e-07 1 -1.92615 
8.34203e-05 5.04543e-05 1.02202e-06 -2.30784e-06 -2.25797e-06 -4.73976e-06 8.79021e-07 -1.6861e-06 2.22326e-06 -1.51118e-06 1 -0.286897 
-4.49704e-05 1.10431e-05 1.74202e-06 -9.85837e-07 -2.34915e-06 1.45671e-06 -3.12838e-07 2.82339e-06 -2.57454e-06 1.10668e-06 1 -0.193603 
0.000108329 7.26753e-05 -4.37934e-06 -1.47949e-07 -3.14622e-06 -8.04698e-06 7.65634e-07 -1.09964e-06 3.68293e-06 -1.25938e-06 1 1.71923 
-4.85996e-06 -2.38395e-06 -2.80804e-08 6.78572e-08 -1.09333e-07 1.55454e-07 -2.65547e-08 1.08337e-07 -2.07974e-07 8.76136e-08 1 -2.00981 
1.88385e-05 6.43615e-07 -1.5031e-06 1.21451e-06 7.09018e-07 -8.14969e-07 6.48523e-08 -9.82173e-07 1.29768e-06 -3.47096e-07 1 -2.21548 
2.90384e-06 2.71082e-06 -9.40751e-07 1.45664e-07 -3.17131e-07 -5.49408e-08 8.9411e-08 9.36645e-08 -1.17868e-07 1.01661e-07 1 -2.04 
4.41206e-06 1.24215e-05 1.01297e-05 -3.59122e-06 -1.55318e-06 -3.94419e-06 2.02509e-07 -1.12183e-06 1.1209e-06 -1.63589e-06 1 0.459075 
-0.000196339 -4.06106e-05 -6.62141e-06 -6.5163e-06 -1.12665e-05 1.32855e-05 -1.72882e-06 1.06964e-05 -1.48071e-05 6.56242e-06 1 0.472962 
1.44996e-05 1.777e-06 -1.39889e-06 9.39329e-07 5.41401e-07 -6.78893e-07 9.65321e-08 -6.94371e-07 8.44843e-07 -2.37206e-07 1 -2.24382 
-0.000214144 -4.21005e-05 -6.98055e-06 -4.72095e-06 -1.03002e-05 1.3065e-05 -2.04769e-06 9.98734e-06 -1.40928e-05 6.42907e-06 1 1.03825 
0.000130219 3.45286e-05 -1.05807e-05 1.18476e-05 6.21135e-06 -8.20606e-06 1.3701e-08 -8.23327e-06 1.03746e-05 -3.12393e-06 1 -0.573954 
-7.03749e-06 6.89554e-06 1.02945e-06 -6.16922e-07 -1.02964e-06 -1.98383e-07 2.40341e-07 5.32083e-07 -7.72187e-07 8.46633e-08 1 -0.0112591 
1.35112e-05 1.57348e-06 -1.72727e-06 7.98033e-07 6.73463e-07 -3.02719e-07 4.34842e-08 -4.5065e-07 7.50974e-07 -5.99264e-08 1 -2.15512 
7.24982e-06 -1.87454e-06 -1.09164e-06 6.92366e-07 2.11901e-07 -2.51847e-07 9.60856e-08 -4.29749e-07 3.95476e-07 -1.50403e-07 1 -2.07439 
1.11098e-07 1.81383e-06 -5.90033e-07 -2.19927e-07 -4.54411e-07 1.57162e-07 4.13523e-08 2.44963e-07 -2.70802e-07 1.78307e-07 1 -2.0469 
6.78204e-05 4.76584e-05 3.74353e-06 -3.76199e-06 -1.85489e-06 -3.80755e-06 4.92036e-07 -9.59539e-07 1.57153e-06 -1.21503e-06 1 0.502293 
4.0171e-05 1.19491e-05 5.31856e-06 -2.15653e-06 2.86454e-06 -4.10358e-06 9.60648e-07 -2.35279e-06 3.64595e-06 -1.93475e-06 1 0.671248 
-3.94388e-05 -7.15102e-06 -2.13779e-06 3.67712e-06 3.6422e-06 3.12576e-06 -1.24439e-06 8.64107e-07 -6.08363e-08 1.25441e-06 1 -0.0536635 
3.00494e-05 -3.73451e-06 -4.80666e-06 4.92972e-06 2.37827e-06 3.066e-07 9.61213e-08 -2.48567e-06 2.20619e-06 -7.91677e-07 1 0.689233 
2.23002e-05 3.93965e-06 9.73053e-07 7.70287e-07 1.40563e-06 -1.47447e-06 2.22567e-07 -1.2032e-06 1.70605e-06 -7.42904e-07 1 -1.97272 
-0.000292228 -4.83646e-05 6.6679e-06 -2.19732e-05 -1.55484e-05 1.89932e-05 -1.17597e-06 1.85191e-05 -2.45433e-05 8.7595e-06 1 1.5104 
-4.67613e-06 1.8799e-06 2.68016e-06 -2.57879e-06 -4.63374e-07 1.8232e-07 3.73459e-07 7.94225e-07 -6.94605e-07 2.92503e-09 1 -0.303358 
9.93263e-05 6.93739e-05 4.21518e-06 -2.4283e-06 -2.57856e-06 -5.98954e-06 3.12042e-07 -2.19888e-06 3.93211e-06 -1.63954e-06 1 0.579679 
-2.41263e-05 -2.74409e-05 -3.16985e-06 2.65147e-07 1.46754e-06 3.22644e-06 -5.43123e-07 1.23241e-06 -1.30679e-06 1.12191e-06 1 0.271866 
8.19138e-05 1.02047e-05 -3.13353e-06 3.42878e-06 6.08299e-06 -3.92351e-06 2.81277e-07 -3.96451e-06 5.66712e-06 -1.86045e-06 1 0.448067 
-1.55475e-06 -4.48126e-07 1.33469e-07 -1.37729e-07 -1.44414e-07 8.01131e-08 -2.24401e-08 9.18847e-08 -1.45871e-07 5.12028e-08 1 -1.76345 
-0.000209303 -4.13254e-05 -5.42966e-06 -7.44269e-06 -1.19906e-05 1.36134e-05 -1.83487e-06 1.11446e-05 -1.5512e-05 6.74566e-06 1 0.124954 
6.21445e-07 -1.89403e-07 -3.79279e-07 1.25842e-07 -4.08339e-08 3.29909e-08 -7.02561e-09 1.13207e-08 -3.45341e-08 4.3263e-08 1 -1.77335 
1.84235e-06 4.51341e-07 -5.49578e-07 -2.09314e-07 -4.06644e-07 2.49338e-07 -2.06337e-09 2.30664e-07 -1.71648e-07 1.92608e-07 1 -2.07213 
6.91792e-05 6.21589e-05 1.45036e-05 -4.45652e-06 4.08068e-06 -6.0928e-06 1.81152e-07 -1.23118e-06 4.95733e-06 -2.01548e-06 1 0.230429 
-0.000139457 8.31793e-06 1.49548e-05 -1.50528e-05 -1.32976e-05 4.13213e-06 3.48022e-07 8.24491e-06 -1.2157e-05 2.66539e-06 1 2.06664 
2.31061e-05 1.1135e-05 -3.58944e-06 1.67106e-08 4.75585e-07 5.19376e-07 1.51678e-08 6.34494e-07 2.97562e-07 6.67851e-07 1 -0.701152 
-1.48367e-05 -1.23058e-07 -5.82493e-06 -2.64346e-06 -1.10153e-06 4.63674e-06 6.49376e-07 3.45703e-06 -3.90736e-06 2.01948e-06 1 0.672456 
1.1211e-05 4.62297e-06 3.8768e-07 -7.53668e-08 3.83899e-07 -8.25431e-07 1.13176e-07 -4.51667e-07 6.85161e-07 -3.30655e-07 1 -1.96965 
-0.000117491 5.28942e-05 2.9318e-05 -1.45256e-05 2.15104e-06 2.37609e-06 -1.7415e-06 5.91607e-06 -4.07181e-06 9.8807e-07 1 0.897132 
-6.18136e-05 -3.586e-05 1.94718e-05 -8.02399e-06 -1.23586e-05 -2.96375e-07 -9.01794e-07 3.42696e-07 -3.47334e-06 -4.40335e-07 1 1.96162 
-6.49841e-06 -1.79337e-06 4.14562e-07 -5.80317e-07 -1.93288e-07 4.59864e-07 1.50779e-09 4.30336e-07 -4.85499e-07 1.70763e-07 1 -2.03679 
-0.000188594 -1.89919e-05 1.79649e-07 -3.48455e-06 -1.18516e-05 8.33431e-06 -2.04794e-06 5.98599e-06 -1.04076e-05 3.95644e-06 1 2.30823 
1.53119e-05 2.00715e-05 1.46017e-06 -4.41679e-07 -1.42011e-06 -2.1315e-06 5.48466e-07 -4.7332e-07 5.1636e-07 -6.44115e-07 1 -0.203786 
4.06803e-05 4.13497e-06 -1.10263e-06 2.30006e-06 2.29147e-06 -2.22743e-06 1.08018e-07 -2.17672e-06 3.28201e-06 -9.24538e-07 1 -0.445101 
-1.74793e-05 -3.0491e-05 -2.10403e-06 -1.14289e-06 7.50985e-07 2.15103e-06 1.27913e-06 6.28159e-07 -1.84387e-06 -7.42099e-08 1 1.6426 
-0.000280516 -7.8501e-05 -4.43639e-06 -1.12859e-05 -9.43825e-06 1.87511e-05 -1.68764e-06 1.37976e-05 -2.01223e-05 7.8049e-06 1 1.33033 
1.20422e-07 -2.39753e-07 -7.6332e-07 2.87117e-07 -1.44527e-07 5.07711e-08 -9.83006e-09 1.08653e-08 -4.89778e-08 7.44464e-08 1 -1.87419 
2.28085e-05 5.66421e-06 6.77337e-07 3.85109e-07 8.39864e-07 -1.50488e-06 2.6924e-07 -1.02273e-06 1.44328e-06 -6.58891e-07 1 -2.19824 
2.57129e-05 1.84453e-05 -5.0675e-06 4.38783e-06 1.84708e-06 -1.23141e-06 -3.41868e-07 -6.84309e-07 2.28874e-06 4.83485e-08 1 -0.697623 
1.88628e-05 3.78616e-06 4.32035e-07 1.95455e-07 -1.12345e-06 -1.59003e-06 -1.90448e-08 -8.39607e-07 1.16717e-06 -3.61984e-07 1 0.0607336 
-0.00016932 -0.000176305 -6.19994e-05 2.84845e-05 1.912e-05 3.16269e-05 -4.68839e-06 6.95578e-06 -5.362e-06 1.12558e-05 1 1.80686 
1.2445e-05 4.85527e-06 -4.42388e-07 8.91575e-08 2.88035e-07 -6.88933e-07 8.43604e-08 -4.35439e-07 7.16155e-07 -2.15031e-07 1 -2.11104 
2.73739e-05 -1.86351e-05 -6.00578e-06 2.95545e-06 3.40146e-06 5.85731e-07 1.56338e-07 -9.70045e-07 2.4863e-06 -6.35298e-08 1 0.339481 
8.4372e-06 4.50032e-06 7.02318e-07 -3.99192e-07 1.77165e-07 -6.6221e-07 9.54149e-08 -3.28695e-07 4.87878e-07 -2.69329e-07 1 -1.98502 
0.000397035 -1.90178e-05 -4.15283e-05 3.41746e-05 1.79159e-05 -1.88907e-05 3.95279e-06 -2.38447e-05 2.56523e-05 -9.84416e-06 1 2.07142 
-7.988e-05 -1.3644e-05 4.84201e-06 1.75869e-06 3.11011e-06 3.86133e-06 -1.65983e-06 1.14465e-06 -1.16396e-06 1.23902e-06 1 0.818366 
-4.24328e-06 -6.77306e-07 8.09949e-07 -1.95878e-08 -2.03072e-07 -2.57477e-07 -7.55785e-08 -5.21127e-09 -4.1655e-08 -5.02855e-08 1 0.467809 
3.99874e-06 -2.65272e-07 -1.50052e-06 4.00283e-07 2.1316e-07 2.02228e-07 5.89522e-08 1.11081e-07 -2.22512e-08 1.67017e-07 1 -2.01916 
0.000407493 0.000129877 8.1756e-06 1.02224e-05 1.20743e-05 -3.08114e-05 2.99088e-06 -2.19914e-05 2.76396e-05 -1.30418e-05 1 1.434 
-3.61696e-06 -1.31802e-06 2.41312e-07 -6.49551e-07 -4.93861e-07 2.79589e-07 7.40035e-08 3.88402e-07 -5.22634e-07 1.55809e-07 1 -1.98753 
1.63164e-06 1.98094e-06 -1.00313e-06 3.49516e-07 -2.20751e-07 1.71904e-07 -2.43759e-07 6.96327e-07 -2.85865e-07 4.0806e-07 1 0.68935 
0.000119905 3.2881e-05 -7.43149e-06 9.62874e-06 3.69891e-06 -9.08498e-06 4.06706e-07 -7.99765e-06 9.20537e-06 -3.53224e-06 1 -0.239308 
-6.33359e-05 -4.83057e-05 -8.77751e-06 3.78647e-06 -2.4013e-06 5.70559e-06 -5.34788e-07 2.2269e-06 -4.0779e-06 2.32068e-06 1 -0.0752206 
-7.97632e-06 -8.83619e-07 1.31604e-06 -2.93163e-07 1.46926e-06 -6.69549e-07 -4.41553e-08 -5.4518e-07 8.52602e-07 -3.03243e-07 1 -0.216891 
-1.72499e-05 -4.24519e-05 -6.14585e-06 5.61377e-06 2.20743e-06 2.6282e-06 2.36886e-08 -5.09195e-07 -1.49904e-07 5.41008e-07 1 -0.549385 
-1.68901e-05 -1.98794e-05 7.12474e-08 -1.71942e-06 -6.50699e-07 1.40578e-06 4.66563e-07 1.06153e-06 -1.43961e-06 1.9841e-07 1 -0.387721 
-3.23394e-06 -2.26467e-07 -9.44387e-09 -9.67718e-08 -1.68175e-07 1.50075e-07 -3.99944e-08 1.27621e-07 -1.62073e-07 8.1322e-08 1 -1.87497 
2.08222e-06 8.03901e-07 -2.07714e-07 3.17785e-07 3.00032e-07 -1.27768e-07 -8.64532e-08 -1.63706e-07 2.90028e-07 1.01189e-08 1 -2.05924 
8.68237e-06 1.74868e-06 -3.68556e-07 4.88949e-07 3.03536e-07 -4.08908e-07 -6.2782e-08 -4.29725e-07 7.23658e-07 -1.22231e-07 1 -2.10363 
3.04889e-05 1.21789e-05 -1.05618e-06 -6.90121e-07 -9.07702e-07 -1.90393e-06 3.63118e-07 -5.69307e-07 7.64276e-07 -4.53884e-07 1 0.00561478 
-1.15655e-05 2.96933e-06 -5.11779e-07 -1.42756e-06 -2.8287e-06 9.54031e-07 -2.08109e-07 1.08e-06 -1.66733e-06 8.11649e-07 1 0.458636 
5.7783e-05 2.05846e-05 6.1918e-07 4.02053e-07 1.85198e-06 -3.78179e-06 5.5511e-07 -2.04897e-06 3.313e-06 -1.4306e-06 1 -0.404445 
-6.30971e-06 -2.67902e-06 6.68385e-07 1.00672e-06 -4.27725e-08 5.1014e-09 -4.17324e-07 -1.22154e-07 2.53757e-07 9.60392e-08 1 -0.0160845 
-3.421e-06 -2.82225e-06 -3.74129e-08 -1.1149e-07 3.29591e-07 3.35608e-07 -2.91051e-09 1.68681e-07 -6.47579e-08 1.09885e-07 1 -2.22599 
-5.74529e-05 -1.43493e-05 -1.62529e-06 -2.94948e-06 -5.15262e-06 3.92573e-06 1.08363e-07 3.52376e-06 -5.83287e-06 1.86324e-06 1 0.227494 
-5.93534e-06 -8.38434e-07 1.197e-07 -2.26305e-07 -2.00542e-07 3.36966e-07 -4.858e-08 3.11705e-07 -3.55972e-07 1.68351e-07 1 -1.7913 
-1.96576e-05 -1.53472e-05 -7.50628e-06 1.63449e-06 2.28534e-06 4.73947e-06 -7.51997e-07 2.19909e-06 -1.32968e-06 1.9823e-06 1 0.0255878 
-9.50213e-05 2.15026e-05 1.21173e-05 -7.70919e-06 -4.2771e-06 3.76074e-06 -1.51241e-06 5.50266e-06 -5.2865e-06 2.33472e-06 1 -0.269947 
4.45543e-05 1.35165e-05 7.37885e-07 -2.47722e-06 -3.84901e-07 -2.35831e-06 6.39669e-07 -4.22219e-07 8.33063e-07 -6.04458e-07 1 0.258824 
1.28107e-05 4.24699e-06 -5.22444e-07 4.96009e-07 3.07358e-07 -8.24698e-07 1.14862e-07 -5.48249e-07 8.0825e-07 -2.58663e-07 1 -2.13862 
3.72496e-05 1.69719e-05 -1.36261e-06 -1.00283e-06 -4.00311e-08 -1.69758e-06 4.74546e-07 -3.80979e-07 1.04981e-06 -3.39254e-07 1 0.0739381 
3.02897e-06 -6.44562e-05 -2.65986e-05 2.04653e-05 5.54019e-06 3.79346e-06 -8.47713e-07 -4.76976e-06 3.3708e-06 7.11449e-07 1 0.704241 
3.77186e-05 -5.39849e-06 -3.82745e-06 3.42562e-06 3.76527e-06 -1.3195e-06 7.98002e-07 -1.74881e-06 2.27983e-06 -9.27928e-07 1 0.703858 
2.14988e-06 7.56568e-07 -1.05435e-08 -8.52844e-08 -9.32341e-08 -1.87966e-07 5.15501e-08 -3.39077e-08 5.28793e-08 -3.8603e-08 1 -1.92193 
2.82664e-05 5.55783e-06 -1.06718e-06 -2.39617e-06 -5.44232e-06 -2.42794e-06 6.34715e-07 -1.708e-07 -1.33587e-06 3.23573e-08 1 1.30483 
-5.3326e-06 -1.19383e-07 3.44935e-07 -3.71527e-07 -4.76114e-07 1.70779e-07 -1.93187e-08 2.51566e-07 -3.79461e-07 1.0598e-07 1 -1.88548 
-8.76366e-06 -1.27634e-06 5.42641e-07 -8.40128e-07 -5.06922e-07 5.87001e-07 -2.53526e-08 6.35826e-07 -7.28786e-07 2.76173e-07 1 -2.00855 
0.000111582 1.30064e-05 -9.59562e-06 5.80761e-06 6.63368e-06 -4.52246e-06 8.09686e-07 -4.88366e-06 6.75655e-06 -1.97135e-06 1 -0.544008 
-5.71926e-05 3.65675e-06 6.12241e-06 -1.60392e-06 -2.52162e-06 5.58338e-07 -6.00324e-07 3.16337e-08 -1.07039e-06 -2.54116e-07 1 0.633869 
-3.01387e-06 -1.87494e-06 -2.397e-07 -3.32541e-07 -1.25974e-07 3.35556e-07 4.24097e-08 3.71419e-07 -3.9828e-07 1.84054e-07 1 -1.92309 
-0.000101189 3.66963e-05 1.50489e-05 -9.47881e-06 -6.18674e-06 2.07516e-06 -1.39751e-06 5.65377e-06 -5.38236e-06 1.83576e-06 1 1.09073 
1.04996e-05 5.12438e-06 6.43467e-07 -2.32125e-07 1.72762e-07 -8.8669e-07 1.18604e-07 -4.42657e-07 6.16479e-07 -3.41466e-07 1 -1.99259 
3.09251e-05 5.20881e-06 5.08157e-07 1.32685e-06 1.40056e-06 -1.78411e-06 -1.00004e-07 -1.07802e-06 2.20992e-06 -5.43833e-07 1 0.294413 
2.45273e-05 -6.00751e-05 -1.31101e-07 4.58297e-06 -2.65627e-06 -4.16409e-06 1.74262e-06 -4.84577e-06 1.93301e-06 -2.60561e-06 1 0.994261 
