0.174434296589985 5.01696049770164e-26 -2.61031822002171e-27 7.43278099289551e-28 3.82751332153377e-28 9.42829660133566e-28 -1.07763642750721e-28 -3.73106181766448e-28 -2.30247760465918e-28 -9.14171259887522e-29
0.0796671003202988 2.50576670921146e-26 -1.30444810933546e-27 3.71635905632067e-28 1.91476550377737e-28 4.71915506443e-28 -5.3967832380071e-29 -1.86950411959979e-28 -1.15430409208999e-28 -4.58545873385531e-29
0.104656632270724 -1.03491211472881e-25 5.39579218438922e-27 -1.53961703086642e-27 -7.94471517915877e-28 -1.96108199339948e-27 2.24613739560222e-28 7.79289250523537e-28 4.81908393264738e-28 1.91734437862751e-28
0.148131815356114 -1.64942395957328e-25 8.59123275753294e-27 -2.44897564091201e-27 -1.2624716227389e-27 -3.11322582465329e-27 3.56223704429951e-28 1.23468693639536e-27 7.62771351571614e-28 3.03180851282316e-28
-1.62922811265234 -6.78436410557913e-24 3.53293192131201e-25 -1.00685506834127e-25 -5.18927407300114e-26 -1.27937503763879e-25 1.46356530224541e-26 5.07163462922157e-26 3.13247107977844e-26 1.24478925529832e-26
0.0984932469843437 -1.55365623786286e-25 8.09239170010824e-27 -2.30677186586454e-27 -1.18916075760374e-27 -2.93243453303861e-27 3.35536111310179e-28 1.16297947072221e-27 7.18469450142272e-28 2.85571217043219e-28
-2.26253406324822 1.14751340655103e-23 -5.9754633318508e-25 1.702907598738e-25 8.77644523176099e-26 2.16370444107427e-25 -2.47514305067502e-26 -8.57678263294893e-26 -5.29726710089367e-26 -2.10498545778611e-26
0.492121427192478 -1.38215815396026e-25 7.19878768987651e-27 -2.05195028210512e-27 -1.05774877649935e-27 -2.60825542348226e-27 2.98428948453606e-28 1.03431702799147e-27 6.38954500531679e-28 2.53954619654902e-28
0.177503977637224 -6.35494408289423e-26 3.31335017137641e-27 -9.45428120373083e-28 -4.87862746608049e-28 -1.20425489330808e-27 1.37931086706209e-28 4.78550225792829e-28 2.95934882437638e-28 1.17742824996036e-28
0.105923899998613 -2.08309636217377e-25 1.08537552757411e-26 -3.09497048532526e-27 -1.59603057360976e-27 -3.93711199754883e-27 4.50648108298208e-28 1.56249706471484e-27 9.65615835110504e-28 3.8393654390232e-28
0.0279343141425055 3.69687926587704e-25 -1.92616297386312e-26 5.49233090610975e-27 2.83223084260919e-27 6.9863855511072e-27 -7.99649648736948e-28 -2.77248310116935e-27 -1.71333251311637e-27 -6.81215292432694e-28
0.242200117702135 -2.14588214379578e-25 1.11807906865145e-26 -3.18819620198551e-27 -1.64409088146217e-27 -4.05563179424176e-27 4.64209995756267e-28 1.60950518897625e-27 9.94658127747532e-28 3.95480653941871e-28
0.441369372994641 -1.07453558272324e-24 5.59712920099809e-26 -1.59556903261444e-26 -8.22572123839284e-27 -2.02854272183146e-26 2.32122619983212e-27 8.04586159556608e-27 4.97085478625585e-27 1.9758747513438e-27
0.102153569121695 -1.20205008953214e-25 6.26290374398565e-27 -1.78580787291276e-27 -9.20877665290377e-28 -2.27154328415377e-27 2.59993994260097e-28 9.01420627817736e-28 5.57051285999853e-28 2.21479112762091e-28
0.10468176989271 -7.64557189028455e-26 3.9864805646906e-27 -1.13756215393723e-27 -5.87041512545552e-28 -1.44915335481682e-27 1.65990444001036e-28 5.75935286211799e-28 3.56178569851228e-28 1.41720205365891e-28
0.118517105625698 -2.10694714289842e-25 1.09795297432839e-26 -3.13126390852715e-27 -1.61496764030533e-27 -3.9843717904854e-27 4.5612000507802e-28 1.58168599915992e-27 9.77608440633148e-28 3.88758169961695e-28
-0.564980861515146 -2.9331701409964e-24 1.52762654771986e-25 -4.3541440279037e-26 -2.24438016422719e-26 -5.53403307174214e-26 6.33155127198007e-27 2.1943212525378e-26 1.35548161173347e-26 5.38712164984183e-27
-0.818239773911312 5.57659597370541e-24 -2.90405598868255e-25 8.27649506793098e-26 4.2657558316635e-26 1.05171300137417e-25 -1.20315494820856e-26 -4.16934279600925e-26 -2.57523582367858e-26 -1.02337819208135e-26
0.1120331139869 1.36287860064306e-26 -7.07741409044079e-28 2.01137460169818e-28 1.03374778499263e-28 2.54145909273576e-28 -2.89914459113037e-29 -1.00178256397025e-28 -6.16986276540168e-29 -2.44479438955074e-29
-0.92258193500948 3.87630864560451e-24 -2.01889565135788e-25 5.75459932844083e-26 2.96636364585541e-26 7.31451324256654e-26 -8.36892285301724e-27 -2.90051720440736e-26 -1.79178010917148e-26 -7.12137330175821e-27
0.915827967787048 1.08909554647143e-24 -5.67417501094772e-26 1.61787627710428e-26 8.34249795303162e-27 2.05777929074534e-26 -2.35518328149644e-27 -8.16530695620785e-27 -5.04572813052599e-27 -2.00606543161545e-27
0.165600979489099 -1.18865894775456e-25 6.19081739817146e-27 -1.76459295971077e-27 -9.09597573354283e-28 -2.24287932276886e-27 2.56617185140216e-28 8.8938015820763e-28 5.49405043487225e-28 2.18357315098415e-28
0.114376928161877 5.01381346484411e-26 -2.60950047605761e-27 7.43278554282938e-28 3.82871660537056e-28 9.43421776952328e-28 -1.07865106700359e-28 -3.73574406870521e-28 -2.30608837043771e-28 -9.15891138797513e-29
0.103975621860665 -1.34556125977778e-25 7.00950766772985e-27 -1.99837727494302e-27 -1.0303286174041e-27 -2.54112492392252e-27 2.90803477011616e-28 1.00808036058057e-27 6.22865576364095e-28 2.47607339598691e-28
0.130536430730076 -2.32381645545795e-25 1.21083452239029e-26 -3.4528167706969e-27 -1.78061661573896e-27 -4.39257436226524e-27 5.02795042630341e-28 1.7433503352721e-27 1.07741199557382e-27 4.28399336624882e-28
0.0373779858766285 5.10265444684421e-25 -2.65837846204643e-26 7.57954928817131e-27 3.90821331649674e-27 9.63973524447675e-27 -1.10325339334463e-27 -3.82478838429515e-27 -2.36343227746874e-27 -9.39612781649659e-28
0.468193029405081 -1.58382738057879e-25 8.24694390346204e-27 -2.35008737725974e-27 -1.21110874702434e-27 -2.98561698960903e-27 3.41513770738628e-28 1.18332536966241e-27 7.30808510107011e-28 2.9038412712097e-28
-0.445143517862433 2.50936852912598e-24 -1.30703277793419e-25 3.72575436730155e-26 1.92065806125079e-26 4.73628296986488e-26 -5.41936416923567e-27 -1.87836847079056e-26 -1.16042383448196e-26 -4.61235024980009e-27
-0.613965557104195 2.269731885439e-24 -1.18240050526585e-25 3.37101296400422e-26 1.73805851142262e-26 4.28667123738122e-26 -4.90567900450012e-27 -1.70059108609508e-26 -1.05076143787926e-26 -4.17713203077767e-27
0.0874153099865014 -2.0804770382789e-25 1.08361121949923e-26 -3.08880006632001e-27 -1.59226088954188e-27 -3.92636294458204e-27 4.49251767249843e-28 1.55708003910154e-27 9.61912366751465e-28 3.82322536459565e-28
-1.38564872831587 6.70578267215321e-24 -3.49148355236431e-25 9.94892501809732e-26 5.12684670124503e-26 1.26379368916996e-25 -1.44552318521747e-26 -5.00836099030229e-26 -3.0929258318281e-26 -1.22889024918049e-26
-0.0137739398432948 -4.58597090140803e-25 2.38895360084488e-26 -6.81067198750657e-27 -3.51140101102658e-27 -8.66009728940628e-27 9.91033511811071e-28 3.43538798414895e-27 2.12259317414414e-27 8.43776926708266e-28
0.0528938517757643 5.37799424327081e-25 -2.80216120020585e-26 7.99045972731764e-27 4.12058307013709e-27 1.01647685962611e-26 -1.16348177994121e-27 -4.03407157379558e-27 -2.49305104637831e-27 -9.91262538060941e-28
-0.535404759369455 3.57629140694568e-25 -1.86422040471254e-26 5.31823120051713e-27 2.74375389529808e-27 6.77134183908264e-27 -7.75402720136662e-28 -2.68968581157712e-27 -1.66294953821591e-27 -6.61494547078736e-28
0.331984897812578 -2.91645229804737e-26 1.52016265718792e-27 -4.33642081981134e-28 -2.23707912837996e-28 -5.52056458050288e-28 6.32134100675892e-29 2.19258870691747e-28 1.35552955849724e-28 5.39176640473617e-29
0.0783455644831834 -1.68539592435519e-25 8.78084975423849e-27 -2.50366914557083e-27 -1.29099778911435e-27 -3.18438734959266e-27 3.64459658471482e-28 1.26355710562471e-27 7.80807107340129e-28 3.10429157493634e-28
-0.816611729624833 4.14851792717584e-24 -2.1607180650499e-25 6.15898192381968e-26 3.1748838126482e-26 7.82885923131018e-26 -8.95761153756184e-27 -3.10461471621441e-26 -1.91790275114901e-26 -7.62281232412109e-27
0.101116835927494 -2.58876012564885e-25 1.34864485899897e-26 -3.84511315265018e-27 -1.98257107907243e-27 -4.88990235717118e-27 5.59621947364654e-28 1.94004174277588e-27 1.1987561045598e-27 4.7656308888328e-28
0.111905670659458 -3.21893016160248e-26 1.67904064864766e-27 -4.79309742040732e-28 -2.47445225728779e-28 -6.11073343710806e-28 7.00213356929421e-29 2.43046229896761e-28 1.50366285094773e-28 5.98523943089232e-29
-0.821582889055474 -4.41736548849696e-24 2.30050644762201e-25 -6.55675923286737e-26 -3.3795825933839e-26 -8.33275473479309e-26 9.53316680223164e-27 3.30375244303189e-26 2.04070933609966e-26 8.11006893698185e-27
-1.62631161195814 -7.75808072141223e-24 4.03974531046039e-25 -1.15122262087009e-25 -5.93297703485654e-26 -1.46264086538157e-25 1.67311492951048e-26 5.79743028844998e-26 3.58054075474357e-26 1.42275927276175e-26
0.193827392258156 -3.24719686588585e-26 1.69275061062149e-27 -4.82929009127196e-28 -2.49162080873212e-28 -6.14939804050335e-28 7.04217176748304e-29 2.4428827873335e-28 1.51043586172738e-28 6.00858186043635e-29
0.191720520151904 -2.7554364585894e-25 1.43461423377492e-26 -4.08776202984117e-27 -2.10641624761312e-27 -5.19223771745705e-27 5.93865467933308e-28 2.05751668275661e-27 1.27058019613826e-27 5.04813097945857e-28
0.117377349275746 3.24672210837533e-26 -1.68657139650573e-27 4.79474704804932e-28 2.46507640579833e-28 6.0623696669337e-28 -6.91788142032241e-29 -2.39122864736111e-28 -1.47322132268576e-28 -5.83956030944605e-29
-1.59712725025698 -5.95365406620437e-24 3.10012647585675e-25 -8.8344769287978e-26 -4.55292261435295e-26 -1.12240955520499e-25 1.28391257533015e-26 4.44878291941928e-26 2.7475795648215e-26 1.09176466226138e-26
-1.74807665550088 -1.01817229800324e-23 5.3006159215957e-25 -1.51020868043975e-25 -7.7813605483684e-26 -1.917898971137e-25 2.19340523903523e-26 7.59860105275039e-26 4.69193150407329e-26 1.86397175744691e-26
0.111310622260743 8.55059944873733e-26 -4.45121056930748e-27 1.26813380485535e-27 6.53370870502243e-28 1.61029655639268e-27 -1.8415127034467e-28 -6.37918190407205e-28 -3.93874896019384e-28 -1.56466387502119e-28
-1.39469388446187 7.60925444930417e-24 -3.96200252692064e-25 1.12899767172199e-25 5.81807596041594e-26 1.43422546898424e-25 -1.64050866508522e-26 -5.68409510386244e-26 -3.51032630193797e-26 -1.39477250487903e-26
0.181226756390653 -1.27755617834768e-25 6.65731722976357e-27 -1.8985592213979e-27 -9.79167706408366e-28 -2.41569283766359e-27 2.76534544425246e-28 9.58912042763263e-28 5.9266802151613e-28 2.35675234583616e-28
0.193657804878371 -1.79968119009318e-26 9.42696068358904e-28 -2.70234231268962e-28 -1.4008902258247e-28 -3.47381534994707e-28 3.99686728757416e-29 1.39297041342674e-28 8.65276670009235e-29 3.45800454599826e-29
-0.944328270303786 -2.05052898371234e-24 1.06784103727357e-25 -3.04335774685295e-26 -1.5685829777276e-26 -3.86735233193217e-26 4.42428490092406e-27 1.53318368284943e-26 9.46997179480906e-27 3.76333576762294e-27
-1.59265295913276 6.24749587548822e-24 -3.25331713767243e-25 9.2715530163225e-26 4.77844530239372e-26 1.17807369864579e-25 -1.34766317487991e-26 -4.66994726925199e-26 -2.88433661236299e-26 -1.14617162042477e-26
0.102601293315338 -1.08705332303763e-25 5.661501472142e-27 -1.61368249595445e-27 -8.3178794972855e-28 -2.05096804166296e-27 2.34654154029448e-28 8.13241137628312e-28 5.02358559796961e-28 1.99654011679858e-28
0.105908547878553 -7.91665565244685e-26 4.12461429237222e-27 -1.17606399089756e-27 -6.06438790216205e-28 -1.49587416764358e-27 1.7120899364459e-28 5.93581235739575e-28 3.66806874529349e-28 1.45836044072908e-28
0.243675540493538 -1.3826047028239e-25 7.20807754550845e-27 -2.05658431279864e-27 -1.06116183426758e-27 -2.61919853741808e-27 2.9997030510754e-28 1.04066227697126e-27 6.43494290839603e-28 2.56005511467271e-28
0.163812069102946 3.73902278259675e-27 -1.91514772761313e-28 5.36690013944098e-29 2.71906537551851e-29 6.58763527077175e-29 -7.40320020199165e-30 -2.51931690841025e-29 -1.52755006827391e-29 -5.95686645104703e-30
-2.88175508747424 1.09432382539438e-23 -5.699317123571e-25 1.62444675721467e-25 8.3732916129381e-26 2.06461314242256e-25 -2.36213245595586e-26 -8.18637337245753e-26 -5.05687511789087e-26 -2.00975296923872e-26
0.139423497131387 6.80352328863464e-26 -3.54088578120927e-27 1.00854411447355e-27 5.19499582953094e-28 1.28004868257712e-27 -1.46349114858445e-28 -5.06844448532821e-28 -3.12868545009292e-28 -1.24256213359947e-28
-0.993271582539069 -5.54121495706706e-25 2.8830159386209e-26 -8.20907416559331e-27 -4.22716101304962e-27 -1.041248851885e-26 1.19009811059126e-27 4.12033126658934e-27 2.54263648966424e-27 1.00949827381157e-27
0.105093666671756 -5.71050219204138e-26 2.97876875068754e-27 -8.50363755676496e-28 -4.39016199430555e-28 -1.0841961556088e-27 1.24239028328718e-28 4.31250637289729e-28 2.66811541128561e-28 1.06205992824627e-28
2.11874469320353 6.00556767909344e-25 -3.1294847072578e-26 8.92477804552678e-27 4.60288604884789e-27 1.13557256446247e-26 -1.29993842284191e-27 -4.50767447146652e-27 -2.78603021503737e-27 -1.1078705122989e-27
-0.742772265469183 4.13977513794414e-24 -2.15606787797602e-25 6.14545244989799e-26 3.16776851511167e-26 7.81096721916518e-26 -8.93674459995571e-27 -3.09724589657369e-26 -1.9132665144053e-26 -7.60405223569653e-27
0.162363547647109 -4.88465328886975e-26 2.54634298565745e-27 -7.26450235889802e-28 -3.74802976989037e-28 -9.2502197405332e-28 1.05931293439865e-28 3.67467015892645e-28 2.27203987216724e-28 9.03823075362565e-29
0.106386225240045 1.77307943056499e-26 -9.21418328677919e-28 2.62051979497467e-28 1.34779036349963e-28 3.31592874621119e-28 -3.78536098083449e-29 -1.30896281972562e-28 -8.06764594612343e-29 -3.19913249725329e-29
2.31406039824051 1.60645202363262e-24 -8.36831758200235e-26 2.38569203773912e-26 1.22998220625767e-26 3.03343823450478e-26 -3.47132053046458e-27 -1.20330622703114e-26 -7.43466038813714e-27 -2.95539831369244e-27
0.0934554240903083 -6.83878893042782e-26 3.56461172171165e-27 -1.01683636627297e-27 -5.24563542204553e-28 -1.29448490622761e-27 1.48224189776893e-28 5.14118272992055e-28 3.17841419887644e-28 1.26423506967804e-28
0.249908174864498 9.18179851933869e-26 -4.77188957405947e-27 1.35723921667257e-27 6.98116941175747e-28 1.71770810725754e-27 -1.961061914578e-28 -6.78191963947066e-28 -4.18037259593022e-28 -1.65784812849392e-28
0.925786192836226 1.09012638476535e-24 -5.67966193115989e-26 1.61947389098171e-26 8.35090669106029e-27 2.0598954928545e-26 -2.35765346667398e-27 -8.17403774579221e-27 -5.05122629021965e-27 -2.00829229491037e-27
-0.444015000146193 4.26038479861181e-24 -2.2188931145941e-25 6.32455048186629e-26 3.26010099972002e-26 8.03867030590202e-26 -9.19730316370832e-27 -3.18756143521184e-26 -1.96906493773207e-26 -7.82584638994086e-27
-0.124299852328337 1.09457552073784e-24 -5.70243074579398e-26 1.62584853095903e-26 8.38317065593983e-27 2.06770392595502e-26 -2.36641860323825e-27 -8.2038293265776e-27 -5.06926653535897e-27 -2.0153175736828e-27
-0.488860772704775 4.61073040376395e-24 -2.40134475826391e-25 6.84455197042638e-26 3.52812240491115e-26 8.69949478000542e-26 -9.95331023346512e-27 -3.4495530232022e-26 -2.13089240115329e-26 -8.46895879565045e-27
-0.791787219855915 -2.83744164031715e-24 1.47747260206289e-25 -4.21034401565056e-26 -2.16982027030871e-26 -5.3491113103212e-26 6.11874781747026e-27 2.12014309071002e-26 1.30939635512965e-26 5.2029159505037e-27
0.105667297314803 -2.18757668310526e-25 1.13966548615263e-26 -3.24935615391032e-27 -1.67542669405536e-27 -4.13242899861127e-27 4.72942755878672e-28 1.63958379208406e-27 1.01312294974039e-27 4.02773213471555e-28
0.112523063451646 -1.21900293488494e-25 6.35064466598144e-27 -1.81065934653226e-27 -9.33606676752806e-28 -2.30273026107321e-27 2.63539344383321e-28 9.13628801868432e-28 5.64543833117411e-28 2.24437545180719e-28
0.0948863017361698 1.77762436982655e-25 -9.25248386671874e-27 2.63561485481668e-27 1.35772936374042e-27 3.34576772404793e-27 -3.82561294005041e-28 -1.32503571675521e-27 -8.18007139562278e-28 -3.24904664308519e-28
0.165039236093764 -7.95229473707301e-26 4.14078963383302e-27 -1.17999392371357e-27 -6.08113528167992e-28 -1.49913764428687e-27 1.71483231186365e-28 5.94187846825037e-28 3.66969074362131e-28 1.45815991564399e-28
-0.278435357090424 -2.16717230817574e-24 1.12886689138852e-25 -3.21808684519179e-26 -1.65905544944965e-26 -4.09143654292559e-26 4.68181089004881e-27 1.62283250741658e-26 1.00262135282814e-26 3.9853825243798e-27
0.213647903363348 3.16604422095333e-26 -1.64647805864034e-27 4.68596166770323e-28 2.41183562794948e-28 5.93808655037256e-28 -6.78369833012839e-29 -2.34750411393491e-28 -1.44793030327302e-28 -5.74588323419586e-29
0.0493348461918615 4.32056121174183e-25 -2.25045759378759e-26 6.41515675001237e-27 3.30713455066741e-27 8.15545639040402e-27 -9.3318519592567e-28 -3.23451545700967e-27 -1.99826958090832e-27 -7.9427111965863e-28
0.0806095780199191 -1.87185533790574e-26 9.77774404158652e-28 -2.79517713433549e-28 -1.44506268472904e-28 -3.57366949883304e-28 4.10075469023057e-29 1.42538952007442e-28 8.83090761728876e-29 3.52002322245942e-29
-0.631738343731705 -2.97820766795594e-24 1.55111912096187e-25 -4.42120870877754e-26 -2.2790033267284e-26 -5.61953833714057e-26 6.42953265944432e-27 2.22833210831726e-26 1.37652406710356e-26 5.47088355297908e-27
0.119414593246913 1.47056053240443e-26 -7.6498458948368e-28 2.1778405320284e-28 1.12125773367e-28 2.76143269435943e-28 -3.15561819390744e-29 -1.09233050557673e-28 -6.73945723691913e-29 -2.67524408076384e-29
-0.209485856565924 1.03668172544629e-24 -5.40226977712394e-26 1.54068098176258e-26 7.9461578733764e-27 1.9604389880437e-26 -2.24425653548777e-27 -7.78239636708322e-27 -4.81013771053416e-27 -1.9128080103942e-27
-0.581060458242833 -3.86603859437215e-24 2.01359480302787e-25 -5.73962678205798e-26 -2.95871604084101e-26 -7.29582889395976e-26 8.34774294236748e-27 2.89324506582359e-26 1.78732997388972e-26 7.10385373944044e-27
-0.366394828627295 2.06244796796016e-25 -1.0733652278047e-26 3.05715593538287e-27 1.5746919048821e-27 3.87994164285761e-27 -4.43585907084796e-28 -1.53621460189799e-27 -9.48264030079494e-28 -3.76596515203068e-28
0.125962318296372 -1.96146119536972e-25 1.0220556842337e-26 -2.91457489703345e-27 -1.50308691114869e-27 -3.70804364122831e-27 4.24452214769194e-28 1.47175204773207e-27 9.09586503195813e-28 3.61678982465237e-28
0.184773154100879 -2.47755136370706e-27 1.31804649478026e-28 -3.83582287528149e-29 -2.01797586299699e-29 -5.07637490711557e-29 5.92310845095626e-30 2.09270906799096e-29 1.31740327521312e-29 5.33397898408378e-30
-0.515940192571978 8.35025504942368e-24 -4.34886006201717e-25 1.23952949358191e-25 6.38919910186712e-26 1.57538883853144e-25 -1.8024044211341e-26 -6.2465254736473e-26 -3.85858627174692e-26 -1.53351396080874e-26
0.550747178304341 8.71286828381232e-26 -4.53962932839087e-27 1.29445092770085e-27 6.67512079173445e-28 1.64658694381722e-27 -1.88466236980419e-28 -6.53438108816572e-28 -4.03811798608574e-28 -1.60554908126587e-28
0.0923388454704822 -1.24359919788527e-25 6.48062316051924e-27 -1.84824255840919e-27 -9.53255703325549e-28 -2.35186163011273e-27 2.69238636168162e-28 9.33651742335962e-28 5.77079960513249e-28 2.29486434276609e-28
-0.97171493093591 -6.94888467855864e-24 3.61880126218531e-25 -1.03138317452392e-25 -5.31598096923985e-26 -1.31068557227893e-25 1.49946626131531e-26 5.19632864081368e-26 3.20966635997646e-26 1.27553661890504e-26
0.107301690017079 -2.31694533797839e-25 1.20709883225855e-26 -3.44172147456637e-27 -1.77466690065917e-27 -4.3773358907463e-27 5.00986640730709e-28 1.73685802573656e-27 1.07326269330079e-27 4.26695122177273e-28
0.0910098665788623 -1.51424219777506e-25 7.88984369686805e-27 -2.24981760466063e-27 -1.16020428217142e-27 -2.86202563638025e-27 3.27593917708967e-28 1.13584755863846e-27 7.01952642807242e-28 2.79103649594992e-28
0.369092968619742 -7.0310075500716e-26 3.66370530008243e-27 -1.0447910822583e-27 -5.38823741296698e-28 -1.32927853177455e-27 1.52162842527767e-28 5.27622421363625e-28 3.26093030850424e-28 1.2966710910026e-28
-0.458313606874391 -5.64887506542079e-25 2.94155708515469e-26 -8.38297510138602e-27 -4.3204306763787e-27 -1.06514206119857e-26 1.21845925010128e-27 4.22217391360243e-27 2.60774125274546e-27 1.03624521471221e-27
0.105480407368085 -1.36516695345342e-27 7.30840911797728e-29 -2.13972993476408e-29 -1.13217137313116e-29 -2.863786524961e-29 3.35914832312411e-30 1.19285851281237e-29 7.54593678251043e-30 3.0695809463559e-30
-0.628999327053087 -3.67813808351414e-24 1.91564799927588e-25 -5.46020638529149e-26 -2.81455966467697e-26 -6.9400655630765e-26 7.9403519371618e-27 2.75193169024187e-26 1.69996078116208e-26 6.75631518944362e-27
0.108058603344138 -7.734331917197e-26 4.02969353413525e-27 -1.14901894240632e-27 -5.92503202053881e-28 -1.46152489972676e-27 1.6728041298773e-28 5.79970596166473e-28 3.58402068194062e-28 1.42496788893411e-28
0.0113737177129244 -7.24437882351069e-25 3.77421374755278e-26 -1.07611222691383e-26 -5.54877045992291e-27 -1.36863528568453e-26 1.56639698273447e-27 5.43047388207271e-27 3.3556529854866e-27 1.33409320320304e-27
-1.85934298895304 -6.38815490912675e-24 3.32636882072796e-25 -9.47918492486435e-26 -4.88516917924976e-26 -1.20431445479953e-25 1.37760027111642e-26 4.77340434491275e-26 2.94806156537836e-26 1.1714252617923e-26
