0.143492284713992 -3.60122250894166e-61 1.6666002388909e-62 -4.22089516259666e-63 -1.93317736056905e-63 -4.23522499005158e-63 4.30516952503619e-64 1.32559741520384e-63 7.27482043370179e-64 2.56855292481007e-64
0.105021337341413 3.402138801399e-61 -1.57315983794657e-62 3.98093053792015e-63 1.82175361994087e-63 3.98778388618408e-63 -4.05025018312733e-64 -1.24606008100495e-63 -6.83257847058672e-64 -2.41037800917085e-64
0.107406141575358 -1.33456216849892e-60 6.17542501514834e-62 -1.56381882248919e-62 -7.1614329002919e-63 -1.56873998827748e-62 1.59444994503065e-63 4.90883382674826e-63 2.69361118788505e-63 9.50926592490053e-64
0.176731229715986 -3.79289885629286e-61 1.7554915282049e-62 -4.4464964732549e-63 -2.03671973686683e-63 -4.46254222875646e-63 4.53672533433678e-64 1.39704485771918e-63 7.66774303106381e-64 2.70757475659619e-64
-2.10992238652113 -3.18723268251407e-59 1.47438330864583e-60 -3.73248804933578e-61 -1.70875657185388e-61 -3.74196191227336e-61 3.80213255457386e-62 1.17020649952945e-61 6.41928616888925e-62 2.26551174948737e-62
0.113880973561541 1.63854246806019e-61 -7.57758006710202e-63 1.91775998010582e-63 8.77710350059509e-64 1.92152074428192e-63 -1.951853222186e-64 -6.00559565163539e-64 -3.29346831767459e-64 -1.16199893840245e-64
-2.16482778682792 4.65337781311732e-59 -2.15272143056227e-60 5.45002896322197e-61 2.49518993539548e-61 5.46444267963919e-61 -5.55260702147027e-62 -1.70905262200995e-61 -9.37568447188075e-62 -3.30907001041942e-62
0.446079960135756 -5.13386952737029e-61 2.3761656419092e-62 -6.01866623534797e-63 -2.75687985372023e-63 -6.04050282904774e-63 6.14097530678082e-64 1.89107717296789e-63 1.03793561376045e-63 3.66511164582115e-64
0.19056768837743 2.84539457713303e-61 -1.31493021595608e-62 3.32547310604936e-63 1.52088742016674e-63 3.32718712304316e-63 -3.37726583593724e-64 -1.03838823846192e-63 -5.69039457452734e-64 -2.00622427091818e-64
0.0803286350736432 -5.03249376892452e-61 2.32891911226917e-62 -5.89816762547875e-63 -2.70130567770404e-63 -5.91790388776003e-63 6.01548949988689e-64 1.85217306135546e-63 1.01643894369806e-63 3.58869495776414e-64
0.060956265272057 1.73766511690444e-60 -8.04414400365435e-62 2.03791176430327e-62 9.33652081927309e-63 2.04607975925568e-62 -2.08050698387715e-63 -6.40801562758252e-63 -3.5177691016274e-63 -1.24241548193251e-63
0.306555351982959 -9.07266329303973e-61 4.20026227306444e-62 -1.06416671936729e-62 -4.87569971853254e-63 -1.06856731266077e-62 1.08661528417897e-63 3.34701269451278e-63 1.83750340751473e-63 6.49014744479981e-64
0.53675668345805 -3.19201038768582e-60 1.4774432817663e-61 -3.74238922433274e-62 -1.71427729331191e-62 -3.75621822102761e-62 3.81882287071696e-63 1.17602297825196e-62 6.45492663639418e-63 2.27940972786412e-63
0.104571896013651 -3.77893266174417e-61 1.74837177153334e-62 -4.42680083511145e-63 -2.02693635600444e-63 -4.43943616146795e-63 4.51153598249668e-64 1.38876441149075e-63 7.61941963678518e-64 2.68949499861214e-64
0.103378848323857 -2.54708950109558e-61 1.17918366828313e-62 -2.98751764868086e-63 -1.36877998262198e-63 -2.9998158450325e-63 3.05045527399108e-64 9.39598861822828e-64 5.15833654910968e-64 1.8219338725878e-64
0.0910598031921122 8.09328214773832e-62 -3.7339606791406e-63 9.42759411709201e-64 4.3044772561066e-64 9.40095476657811e-64 -9.52635597561465e-65 -2.92404155221781e-64 -1.59964546974651e-64 -5.63006926525951e-65
-0.538912936211968 -1.23582111094307e-59 5.7174766577489e-61 -1.44758689441044e-61 -6.62794207261874e-62 -1.45161091752034e-61 1.47513083535607e-62 4.54065270451126e-62 2.49112245605027e-62 8.79280185980726e-63
-0.792895583984357 1.79461997044385e-59 -8.30322120297479e-61 2.1023845743084e-61 9.62656890230402e-62 2.1084744173525e-61 -2.14276197966291e-62 -6.59609567458708e-62 -3.61900344935958e-62 -1.27745748907477e-62
0.0881777384533447 -4.80916511635197e-61 2.22551621525737e-62 -5.63616187793139e-63 -2.58125043056944e-63 -5.65476361051157e-63 5.74788051250612e-64 1.76973649794206e-63 9.71177698806763e-64 3.42881761814327e-64
-1.01295115110974 2.44855418733652e-59 -1.13278913738921e-60 2.8680048137806e-61 1.31312021474151e-61 2.87585212147305e-61 -2.9223847955127e-62 -8.99530036831393e-62 -4.93495251609335e-62 -1.74182972628667e-62
0.905853805469438 4.11699199987027e-60 -1.90573420086934e-61 4.827655670308e-62 2.21158821343936e-62 4.84629570194164e-62 -4.92747635607133e-63 -1.51756331921554e-62 -8.33025589340424e-63 -2.94188361532359e-63
0.155581169722071 -1.27762676743701e-60 5.91059147180851e-62 -1.49640594896876e-62 -6.85112386147547e-63 -1.50041626592703e-62 1.52465152729291e-63 4.69285291988891e-63 2.57449724353395e-63 9.08664226414129e-64
0.118482848318571 2.77454715054977e-61 -1.28307264162437e-62 3.24714239038019e-63 1.48608872959456e-63 3.25330743814596e-63 -3.30456091489025e-64 -1.01673866948265e-63 -5.57562376244374e-64 -1.96712741024362e-64
0.0879278267455632 -3.41929018235061e-61 1.58206089390891e-62 -4.00591923732132e-63 -1.83432087581166e-63 -4.01778040061696e-63 4.08325201877324e-64 1.25699605194258e-63 6.89685346729478e-64 2.43457868383086e-64
0.112505612781883 -5.55820077854118e-61 2.57225148157424e-62 -6.51454930011211e-63 -2.98366077943097e-63 -6.53660556269561e-63 6.64452913815267e-64 2.04589751346029e-63 1.12277540354647e-63 3.96421892313621e-64
0.0563758571991161 2.10960885936966e-60 -9.76457722292967e-62 2.47341345061612e-62 1.1330110091172e-62 2.4826146907792e-62 -2.52402484659445e-63 -7.7729465268963e-63 -4.26645433638467e-63 -1.50662185972645e-63
0.386612012659905 -4.14839500988342e-61 1.9210022686378e-62 -4.86818631047902e-63 -2.23100431303402e-63 -4.89070172449706e-63 4.97451592301519e-64 1.53263236110915e-63 8.41616599580235e-64 2.97335046991309e-64
-0.332431927620601 1.24195685839443e-59 -5.74676349305769e-61 1.45522993731829e-61 6.66398124827629e-62 1.45973292146515e-61 -1.48361721311004e-62 -4.56749187435683e-62 -2.50624071078074e-62 -8.84755409928295e-63
-0.76917363276903 1.68532496652779e-59 -7.79708545191289e-61 1.97411500522184e-61 9.03871075642543e-62 1.97960277258265e-61 -2.01167804687606e-62 -6.19222022886799e-62 -3.39721804968266e-62 -1.19910147355034e-62
0.103928224593453 -4.41239139510934e-61 2.04155516121907e-62 -5.16939572913867e-63 -2.36707696680196e-63 -5.18468719889432e-63 5.26916325404661e-64 1.62206517116932e-63 8.89987920309176e-64 3.14163311555265e-64
-1.66803556845907 3.31240550451401e-59 -1.53231974864989e-60 3.87924069271054e-61 1.77597909248337e-61 3.88925488586716e-61 -3.95187984690153e-62 -1.21632171852952e-61 -6.67240213485322e-62 -2.35489397163595e-62
-0.0262785670902842 -1.42177540562909e-60 6.57991278773435e-62 -1.66648289952979e-62 -7.63265332688668e-63 -1.67219840969629e-62 1.69984374540631e-63 5.2340487014025e-63 2.87247129206645e-63 1.01421303423172e-63
0.123973175289931 1.53089566590649e-60 -7.08867558645988e-62 1.79628964548011e-62 8.23155258069962e-63 1.8043671578421e-62 -1.83517367800792e-63 -5.65375735588948e-63 -3.10446318933652e-63 -1.09670946429331e-63
-0.58729188705143 7.87408441828896e-60 -3.6431465547129e-61 9.22453869229745e-62 4.22383045923687e-62 9.25136351057424e-62 -9.40186032168601e-63 -2.89420480162585e-62 -1.58793879084295e-62 -5.60523289917965e-63
0.332525378140876 -1.55121527898517e-61 7.18218082004332e-63 -1.81983709203858e-63 -8.3387888061995e-64 -1.82772714911086e-63 1.8587843659829e-64 5.72604233674421e-64 3.14390643080191e-64 1.11055623875414e-64
0.0900865372968243 -2.00372625956989e-61 9.27448257091693e-63 -2.34926827897103e-63 -1.07614188029329e-63 -2.3580015525599e-63 2.39732883516568e-64 7.38275975521328e-64 4.05227663698716e-64 1.4309848343497e-64
-0.878046199094197 2.00837366636173e-59 -9.29197629907274e-61 2.35268133889996e-61 1.07723865384999e-61 2.35938164751166e-61 -2.39769118373242e-62 -7.38066871235277e-62 -4.04936767329948e-62 -1.42933529303755e-62
0.112870359376458 2.65247505381745e-61 -1.22651040762092e-62 3.10371539766341e-63 1.42031813284516e-63 3.10903849151695e-63 -3.15772731126727e-64 -9.71470993005196e-64 -5.32688543373957e-64 -1.87919370935595e-64
0.125468881450615 -5.58217900163366e-61 2.58323492581772e-62 -6.54207602021992e-63 -2.99613359243738e-63 -6.56363326927782e-63 6.6716971083187e-64 2.05416748344864e-63 1.12726107837185e-63 3.97986810785234e-64
-0.584146674680654 -1.12444615155058e-59 5.20308564657281e-61 -1.31757323846473e-61 -6.0336817718819e-62 -1.32168366703103e-61 1.34332613871321e-62 4.13564129299581e-62 2.26930742080344e-62 8.01123090231854e-63
-1.63705920994777 -3.9445115557319e-59 1.82471776992396e-60 -4.61944315118207e-61 -2.11483931921981e-61 -4.63129655325466e-61 4.7058340100787e-62 1.44836510006009e-61 7.94526799070119e-62 2.80410630357423e-62
0.222094720931577 8.45231830692502e-61 -3.90839412689721e-62 9.89035800680641e-63 4.52604837103786e-63 9.90748740231278e-63 -1.00627424691247e-63 -3.09582436228069e-63 -1.6975595248808e-63 -5.98864852107781e-64
0.252360689083548 -6.38272043822854e-61 2.95314332243166e-62 -7.47747332335469e-63 -3.4238855034905e-63 -7.49930900936539e-63 7.62135609637114e-64 2.34612357295168e-63 1.28723771265545e-63 4.5438317567265e-64
0.119821701009928 -6.03446952773835e-61 2.79320423395046e-62 -7.07551268767846e-63 -3.24120972385349e-63 -7.10221786400967e-63 7.22087487334126e-64 2.22378735143347e-63 1.22063527657547e-63 4.31056478153989e-64
-1.80357272400243 -2.62281482069488e-59 1.21320891370205e-60 -3.07110709005766e-61 -1.40587950742822e-61 -3.07849642388627e-61 3.12779263492019e-62 9.62597287204695e-62 5.28007769496918e-62 1.86333681434943e-62
-1.67918652306344 -5.62255391078798e-59 2.60066379847481e-60 -6.58303497025414e-61 -3.01343511619269e-61 -6.59834321246212e-61 6.70373233571369e-62 2.06303108583224e-61 1.13157628748076e-61 3.99316482306433e-62
0.105174918259556 -7.18655969634551e-61 3.32613775625097e-62 -8.42463289987451e-63 -3.85883017300208e-63 -8.45469438165875e-63 8.59506296624179e-64 2.64671847337634e-63 1.45263194062494e-63 5.12931011940156e-64
-1.31600712080325 3.13538112762139e-59 -1.45015616272282e-60 3.67054542303741e-61 1.68011959877122e-61 3.67863923924718e-61 -3.737170737867e-62 -1.15002175212899e-61 -6.30751311679044e-62 -2.22569492068939e-62
0.161222967371276 -6.4364435047434e-61 2.97731336246442e-62 -7.53693361826986e-63 -3.45031511039026e-63 -7.55545107932694e-63 7.67663580759963e-64 2.36259355182292e-63 1.2959738738004e-63 4.57360871824506e-64
0.125115666162878 1.76858064754024e-61 -8.17553339555292e-63 2.06822569063314e-63 9.46177741191404e-64 2.07054241138746e-63 -2.10234249787918e-64 -6.4659058309272e-64 -3.54440599401296e-64 -1.25000600697765e-64
-1.01384599053565 -1.30358318370338e-59 6.03088821541462e-61 -1.52691643425222e-61 -6.99106095496763e-62 -1.53111699815814e-61 1.55590282969218e-62 4.78921133893884e-62 2.62745078418651e-62 9.27386152492071e-63
-1.49178524282247 3.03695967705485e-59 -1.4048536109485e-60 3.55643211488585e-61 1.62814000098053e-61 3.56538458552354e-61 -3.62267826212299e-62 -1.11496318923371e-61 -6.1161804820152e-62 -2.15851677173907e-62
0.119403987346927 4.58696980235315e-61 -2.12104480185328e-62 5.36740800107915e-63 2.45624988614565e-63 5.37671845763448e-63 -5.46097496608504e-64 -1.68007956499891e-63 -9.21250852230312e-64 -3.24998020350221e-64
0.106600857085015 -2.4320392850161e-62 1.12750960057793e-63 -2.86063410269025e-64 -1.3124994826117e-64 -2.8805430849886e-64 2.93331935032151e-65 9.04800203232093e-65 4.97434632008629e-65 1.75944503531287e-65
0.333746893702665 -1.01866383458221e-60 4.71515034251999e-62 -1.19440573091544e-62 -5.47144775381078e-63 -1.19892031865498e-62 1.21895424474837e-63 3.75398162840722e-63 2.06056422245767e-63 7.27672249904083e-64
0.151998012111546 5.50247793187414e-61 -2.54448281174019e-62 6.43919958246936e-63 2.94684823549648e-63 6.45090748105738e-63 -6.55227850415728e-64 -2.01590940487984e-63 -1.10544825017228e-63 -3.89996704835638e-64
-2.26127252301658 6.97596208762741e-59 -3.22701161573713e-60 8.16936590354488e-61 3.73998566858342e-61 8.19009498584069e-61 -8.32178868408961e-62 -2.56124903595437e-61 -1.40499872225329e-61 -4.95855825952793e-62
0.10680422284952 3.60947918787777e-61 -1.66966261969075e-62 4.22672836099823e-63 1.93496783451253e-63 4.23721598262814e-63 -4.30522869814707e-64 -1.32501031630251e-63 -7.26827445842737e-64 -2.56506736747773e-64
-0.972049450737857 -4.29907278652494e-60 1.98832945022833e-61 -5.03260979057922e-62 -2.30351956008526e-62 -5.04345238464537e-62 5.12356975771944e-63 1.57661162759311e-62 8.64700594351335e-63 3.05113991412876e-63
0.0992755247316821 -1.73697289567669e-61 8.04261265874408e-63 -2.03794856404642e-63 -9.33863939907944e-64 -2.04697225830356e-63 2.08185081854863e-64 6.41350130985378e-64 3.52152131646818e-64 1.24400286479486e-64
1.98965848885653 2.80326810953233e-60 -1.29778247211983e-61 3.28799240466033e-62 1.50644648393865e-62 3.3015224386587e-62 -3.35725071540359e-63 -1.03409612085835e-62 -5.6771095268739e-63 -2.00516095973512e-63
-0.782677429445656 1.65828457326999e-59 -7.67207514375922e-61 1.94248704423751e-61 8.89400310908531e-62 1.94793260667397e-61 -1.97951782019713e-62 -6.09329742616571e-62 -3.34298501633534e-62 -1.17997266453967e-62
0.103333026842229 -3.89526114379377e-61 1.80181215678079e-62 -4.56114636938921e-63 -2.0880093329299e-63 -4.57223383823121e-63 4.64550933214286e-64 1.42970284479222e-63 7.84237102095501e-64 2.7676076385948e-64
0.0968807993085827 -1.54310189563425e-61 7.13303497301002e-63 -1.80445288337492e-63 -8.25487598952563e-64 -1.8063962247997e-63 1.83410532858861e-64 5.64082929969804e-64 3.09207978150458e-64 1.09047031565347e-64
2.05972933541131 4.10827533388774e-60 -1.90147410656487e-61 4.81629374006001e-62 2.20612217918113e-62 4.83374617401459e-62 -4.91413566120886e-63 -1.51327583554407e-62 -8.30573988634923e-63 -2.93287937436219e-63
0.104182601708153 -2.0511042769972e-61 9.4899699670848e-63 -2.40288972882258e-63 -1.10026454286843e-63 -2.4098960520467e-63 2.4491126049258e-64 7.5392315858156e-64 4.13651801619904e-64 1.46015391196955e-64
0.245023642752442 -5.69338245070515e-61 2.63597195009014e-62 -6.67887092562581e-63 -3.06026844084846e-63 -6.70739442472933e-63 6.82114607397705e-64 2.10120619459933e-63 1.15363767561187e-63 4.07498484725209e-64
0.950320511391551 4.26139540048141e-60 -1.97258312957521e-61 4.99701277745761e-62 2.2891783851962e-62 5.01633447133008e-62 -5.10037774449757e-63 -1.57081789526332e-62 -8.62260712258978e-63 -3.04513807814435e-63
-0.464386475970539 1.68296582113662e-59 -7.78727705403644e-61 1.9719117374675e-61 9.02990540914256e-62 1.97795521598237e-61 -2.01028932046155e-62 -6.18882453812416e-62 -3.39583738667655e-62 -1.19878440513821e-62
-0.1176524312872 4.11372429043578e-60 -1.9037745719379e-61 4.82155863627289e-62 2.20827594263149e-62 4.83789934868485e-62 -4.91778172805128e-63 -1.51422090428593e-62 -8.30995002179058e-63 -2.9340205082353e-63
-0.481748965881476 1.88700728884246e-59 -8.73108614113885e-61 2.21082561902577e-61 1.0123591012459e-61 2.21744176686348e-61 -2.25360977529195e-62 -6.93765517042319e-62 -3.80658750125494e-62 -1.3437374248578e-62
-0.689695543386029 -1.16405684862842e-59 5.38545623513236e-61 -1.36352237526902e-61 -6.24303632491597e-62 -1.3673097813251e-61 1.38946233579929e-62 4.27694900167752e-62 2.34644520540522e-62 8.28213274866452e-63
0.0853448638407095 -2.68442805709513e-61 1.24251899902044e-62 -3.14735781803168e-63 -1.44172816420662e-63 -3.15906431330533e-63 3.21175721938397e-64 9.89087566948982e-64 5.42895431068616e-64 1.91713817125154e-64
0.0910648382203102 -9.78319356929937e-62 4.53172790515916e-63 -1.14878432669773e-63 -5.26631753153543e-64 -1.15481678160613e-63 1.17497322706205e-64 3.62118181316724e-64 1.98912366003893e-64 7.02956906557799e-65
0.0891166148980483 -2.5732004328514e-61 1.19164258124009e-62 -3.02002155356823e-63 -1.38410191660863e-63 -3.0343364757e-63 3.08651491178766e-64 9.51000249278181e-64 5.22254402203043e-64 1.84518191190231e-64
0.156750463482097 -4.4202881065865e-61 2.0442750586982e-62 -5.17391861858514e-63 -2.36806562895214e-63 -5.18448228194685e-63 5.26654631814595e-64 1.62051819018477e-63 8.88732412287478e-64 3.13576572038673e-64
-0.235065973154399 -7.75709993153948e-60 3.59024894922691e-61 -9.09371387523282e-62 -4.16535401932001e-62 -9.12641271693088e-62 9.27806000929998e-63 2.85707585792248e-62 1.56810631996464e-62 5.53713039913075e-63
0.228152939071663 1.35750456030279e-61 -6.27394175780904e-63 1.58682784374635e-63 7.25791116369442e-64 1.58792368433467e-63 -1.61196302356408e-64 -4.95663141770438e-64 -2.71647610111322e-64 -9.57809703966894e-65
0.123904350959439 1.15079081692145e-60 -5.32885626906456e-62 1.35040215245206e-62 6.18851004211122e-63 1.35658366542428e-62 -1.37979925295607e-63 -4.25101562789403e-63 -2.33431031643408e-63 -8.2466951768994e-64
0.104110734634124 7.34675151645282e-62 -3.392294122699e-63 8.5719514119209e-64 3.91702460181233e-64 8.56183620597757e-64 -8.68326110082654e-65 -2.66748967702855e-64 -1.46052223176828e-64 -5.14476431965141e-65
-0.616105455077024 -1.7603375956932e-59 8.14477200821746e-61 -2.06230721774968e-61 -9.44325290964951e-62 -2.06836581479382e-61 2.10204440293715e-62 6.47088765061885e-62 3.55038042467707e-62 1.25326049743424e-62
0.0957548565516384 5.0649924819094e-61 -2.34289203590216e-62 5.93084938143173e-63 2.71503246951343e-63 5.94525264563792e-63 -6.04051669099673e-64 -1.85902394430994e-63 -1.01972863738371e-63 -3.59864791054478e-64
-0.206209953904814 6.2535986366783e-60 -2.89385873158691e-61 7.32851750899711e-62 3.35620732749277e-62 7.35222724794532e-62 -7.47304996075115e-63 -2.3008288131096e-62 -1.26258261341093e-62 -4.45749382186024e-63
-0.604393989472517 -1.54165205683131e-59 7.13305185392021e-61 -1.80615856386922e-61 -8.27047045223282e-62 -1.81151544675958e-61 1.84103773351199e-62 5.66749041366275e-62 3.10962466484841e-62 1.09769224776145e-62
-0.483551224615201 3.27388328253895e-61 -1.51314906319676e-62 3.82728840238501e-63 1.75062847140531e-63 3.83030844587682e-63 -3.88849732733178e-64 -1.19574009565998e-63 -6.5536059934858e-64 -2.31088739570105e-64
0.111467593602569 7.91364313540928e-61 -3.66082732225544e-62 9.26772795129919e-63 4.24288173661278e-63 9.29150006430992e-63 -9.44102901475981e-64 -2.90576210417984e-63 -1.59400478520072e-63 -5.62567190729981e-64
0.212989253877314 -7.21907053102538e-61 3.34096323253519e-62 -8.46162423726165e-63 -3.87551810157412e-63 -8.49069891701692e-63 8.63109869612318e-64 2.65764109583233e-63 1.45853146550292e-63 5.14980603548934e-64
-0.507191026531646 3.34406386788315e-59 -1.54715527783735e-60 3.91728127787615e-61 1.7936160927274e-61 3.92836424355565e-61 -3.99211334235408e-62 -1.2288573412102e-61 -6.7420067449073e-62 -2.37975571856096e-62
0.510534366139946 3.07525307806851e-62 -1.43566622576879e-63 3.66766749871598e-64 1.6943108500836e-64 3.74375106983617e-64 -3.83798549322116e-65 -1.19173922934896e-64 -6.59512004858583e-65 -2.34798060557105e-65
0.110667053297955 -7.57892425471976e-61 3.50776922848454e-62 -8.88476734199113e-63 -4.06963136275512e-63 -8.91664940244185e-63 9.0647796424719e-64 2.79138916468473e-63 1.53204922699629e-63 5.4097926476638e-64
-0.953533003194876 -2.08227436782666e-59 9.63443569902159e-61 -2.43952955790095e-61 -1.11706829605488e-61 -2.4467570518593e-61 2.48662780605252e-62 7.65487621938052e-62 4.2000516049991e-62 1.48260861937442e-62
0.0606111184399554 1.26276843240158e-61 -5.83882937400679e-63 1.47746998650951e-63 6.7609033948614e-64 1.47988378633411e-63 -1.50299883160469e-64 -4.62377247889176e-64 -2.53526093742781e-64 -8.94342029690709e-65
0.108962805828596 -9.39904569145731e-63 4.39919762206512e-64 -1.12671528228779e-64 -5.21805962882982e-65 -1.15585250903672e-64 1.18786310546745e-65 3.69743289689821e-65 2.0510981738752e-65 7.3196763234576e-66
0.324272222593972 2.80276932774882e-61 -1.29546159617072e-62 3.27681846049432e-63 1.49890199170955e-63 3.27967452483842e-63 -3.32963203636784e-64 -1.02392548902306e-63 -5.61214262146543e-64 -1.9789902130557e-64
-0.333733041241486 -1.73763094428665e-60 8.03780522526821e-62 -2.03473896397331e-62 -9.31480096559972e-63 -2.03974441381938e-62 2.07246189041383e-63 6.37829521966218e-63 3.49873911067896e-63 1.23473498828652e-63
0.0800283313301557 2.83936593464566e-61 -1.31346202471814e-62 3.32510113272007e-63 1.52224917727508e-63 3.33352586015946e-63 -3.38711882908615e-64 -1.04247151272172e-63 -5.71856068001163e-64 -2.01820100658223e-64
-0.56059676186698 -1.84074961101898e-59 8.51663088354516e-61 -2.1564153446823e-61 -9.8739483257439e-62 -2.1626526706872e-61 2.197816980815e-62 6.76555970866647e-62 3.71197475146922e-62 1.31027285645535e-62
0.118708364979588 -2.0135285740317e-61 9.32158637482025e-63 -2.36163997327617e-63 -1.08201119301411e-63 -2.37130630821097e-63 2.41130826377554e-64 7.42720861655632e-64 4.07744337695332e-64 1.44014445318065e-64
0.0821083172898258 -1.37076918769833e-60 6.34577216460627e-62 -1.60766715725685e-62 -7.36549084761689e-63 -1.61415330669764e-62 1.6413331127256e-63 5.05540766596851e-63 2.77526687651257e-63 9.80186717318759e-64
-1.78432728595957 -4.78766659887562e-59 2.2146371587269e-60 -5.60625284394644e-61 -2.56647218149989e-61 -5.62002005426032e-61 5.71015538364727e-62 1.75737878596624e-61 9.63988476505493e-62 3.40199513029701e-62
