0.173423849851735 -1.65058140848301e-100 6.63600396914992e-102 -1.45999388612002e-102 -5.80861370085416e-103 -1.10538770605665e-102 9.75997611316836e-104 2.61019817945148e-103 1.24414331094218e-103 3.81509964322129e-104
0.0784373705821069 1.99407298621488e-100 -8.00149906764018e-102 1.75700739715159e-102 6.97670042101478e-103 1.3250870796335e-102 -1.16769096916477e-103 -3.11672999292386e-103 -1.482653876986e-103 -4.53749385367336e-104
0.102298662059177 6.01827323433834e-102 -2.33809346289501e-103 4.96451788715315e-104 1.903612706402e-104 3.48629319609772e-104 -2.95768953383229e-105 -7.58725909445002e-105 -3.46239358409881e-105 -1.01442107169388e-105
0.175212935017255 -6.81008399619531e-100 2.73829759997208e-101 -6.02536593692337e-102 -2.39752508964289e-102 -4.5631365346286e-102 4.02954164429929e-103 1.07780037095019e-102 5.13798817152778e-103 1.57574636345602e-103
-1.89584908117368 1.16340964869597e-98 -4.67476826065423e-100 1.02792576412385e-100 4.0873327993462e-101 7.77389109699726e-101 -6.86006796955533e-102 -1.83361651595777e-101 -8.7349480751667e-102 -2.67701136892511e-102
0.100485353267941 -5.14235365356658e-100 2.06873662334758e-101 -4.55431577883505e-102 -1.81308471563799e-102 -3.45250005502055e-102 3.05029079172297e-103 8.16280381796027e-103 3.89322618597744e-103 1.19458876330353e-103
-1.98984285895511 4.18960941458177e-98 -1.68430416438732e-99 3.70545906150859e-100 1.47414557608139e-100 2.80517011768753e-100 -2.47667957436487e-101 -6.62324533883199e-101 -3.15677668011785e-101 -9.67955127568806e-102
0.571950184562432 -2.66301095133349e-100 1.07168033270922e-101 -2.36010937281897e-102 -9.39887567772058e-103 -1.79035934251125e-102 1.58232739438218e-103 4.2358730828007e-103 2.02097796873409e-103 6.20324048881356e-104
0.183169070383253 -5.40995246805075e-100 2.1756255579129e-101 -4.78794834802553e-102 -1.9054243411804e-102 -3.62705823360341e-102 3.20338565806583e-103 8.5694789789408e-103 4.08574912949633e-103 1.25322028230721e-103
0.101882083694225 -3.55542765960109e-100 1.42964508197665e-101 -3.14585848195896e-102 -1.25177719040135e-102 -2.38251371778741e-102 2.10395100437179e-103 5.62763968415111e-103 2.68280427609045e-103 8.22792060009661e-104
0.102933278099198 3.35378794757935e-100 -1.35169589906269e-101 2.98123143705139e-102 1.1890169321251e-102 2.26829566384329e-102 -2.00771415007268e-103 -5.3826149120896e-103 -2.57190874511478e-103 -7.90596652606218e-104
0.339883923375134 -6.45654882621169e-100 2.59716237020418e-101 -5.71705742482286e-102 -2.27574262259614e-102 -4.33305786582204e-102 3.82787636806969e-103 1.02426421159747e-102 4.88470535851965e-103 1.49866089767056e-103
0.476072620745074 -2.0313160915639e-99 8.17021490389096e-101 -1.79830827724792e-101 -7.15767284463147e-102 -1.36269983335533e-101 1.20370629277828e-102 3.22056035383135e-102 1.53572881410771e-102 4.71125003298547e-103
0.135903167912127 -5.25721899119585e-100 2.11428515630751e-101 -4.65313481960328e-102 -1.85184502493573e-102 -3.52520347793123e-102 3.11354824820236e-103 8.32947219644367e-103 3.97147135153031e-103 1.21821461246661e-103
0.0958167218880697 -3.371274378075e-100 1.35658385626718e-101 -2.98726562351422e-102 -1.18953722043637e-102 -2.26570231026794e-102 2.00225593104576e-103 5.35953205911589e-103 2.5568561564744e-103 7.84737143243478e-104
0.102306600123315 -2.31361848925431e-100 9.30770704896859e-102 -2.0491248406398e-102 -8.15776572266086e-103 -1.55344098162654e-102 1.37249356774799e-103 3.67296272946073e-103 1.75184212461111e-103 5.37541501314579e-104
-0.609799181262482 -7.35821438698608e-99 2.95891960679267e-100 -6.51131130344862e-101 -2.59107905519487e-101 -4.93189019188959e-101 4.3554995711545e-102 1.16507265066278e-101 5.55443758503329e-102 1.70359193875724e-102
-0.812780042372295 2.22280236513057e-98 -8.9363008064849e-100 1.96602580329743e-100 7.82163415189899e-101 1.48842259311115e-100 -1.31415560204626e-101 -3.51445286471987e-101 -1.67509964297977e-101 -5.13643634928614e-102
0.120199806628622 6.07831334871391e-100 -2.4439880345661e-101 5.37761286299207e-102 2.13971931096818e-102 4.07234451348584e-102 -3.59603542386483e-103 -9.61819922920753e-103 -4.58495976937776e-103 -1.40609801035626e-103
-0.971016417440375 1.86720360045444e-98 -7.50773759006865e-100 1.65196572549946e-100 6.57309432794301e-101 1.25100544825132e-100 -1.1046898235939e-101 -2.95469008457075e-101 -1.40849575062945e-101 -4.31954022973355e-102
0.926404086195258 2.55724502945038e-99 -1.0287828160026e-100 2.2649041273022e-101 9.01681281581276e-102 1.71702656349053e-101 -1.51702596878908e-102 -4.05975356030146e-102 -1.93632645252326e-102 -5.94149981339559e-103
0.185052637299171 2.54799640076362e-100 -1.02330935454601e-101 2.24899671147135e-102 8.93813236255429e-103 1.69912153884554e-102 -1.49862550693268e-103 -4.00360679067255e-103 -1.90625470928042e-103 -5.83912813447119e-104
0.123546450032629 -1.38719340660527e-99 5.57827191353172e-101 -1.22754366663938e-101 -4.88484930917156e-102 -9.29792337076643e-102 8.21131356742956e-103 2.19649291848499e-102 1.04717452826016e-102 3.21178728870912e-103
0.106945809418013 7.96223726848655e-102 -3.17327641206993e-103 6.92011696399432e-104 2.7286838529335e-104 5.14600284106256e-104 -4.50229827352156e-105 -1.19300879790009e-104 -5.63350683378643e-105 -1.71121737212151e-105
0.093217432659955 -3.42150028985399e-101 1.38362273523118e-102 -3.06183366386441e-103 -1.22521064663353e-103 -2.3450328743617e-103 2.08241625294663e-104 5.60099675458464e-104 2.684874410213e-104 8.27961177108595e-105
0.0732744903419243 -1.14134311910972e-100 4.55702619520277e-102 -9.9562658024027e-103 -3.93335419709131e-103 -7.43232120623838e-103 6.51555825760851e-104 1.72998660601306e-103 8.18613622177262e-104 2.49187485897879e-104
0.3867075912502 3.19797305571308e-100 -1.28411005908437e-101 2.82165096058147e-102 1.12119272093028e-102 2.13096738132391e-102 -1.87916189017998e-103 -5.01927582790199e-103 -2.38940073479443e-103 -7.31769552337208e-104
-0.406971466163871 1.0340834381357e-98 -4.15792853339997e-100 9.14898777369996e-101 3.64037403936867e-101 6.9285048319107e-101 -6.1182174121935e-102 -1.6364425623015e-101 -7.80097170231361e-102 -2.39240700012219e-102
-0.579300578649978 7.76297770146968e-99 -3.1213002365257e-100 6.86779580152496e-101 2.73260066899955e-101 5.20062517826965e-101 -4.59226390208334e-102 -1.22825526337201e-101 -5.85494121458306e-102 -1.79553925336486e-102
0.101914479323655 1.33978982505948e-100 -5.38628378352744e-102 1.18499371612636e-102 4.71432445616702e-103 8.97104663713443e-103 -7.92060389353786e-104 -2.11818370644918e-103 -1.00957989548994e-103 -3.09567854047008e-104
-1.49281424998309 2.3279899552301e-98 -9.35834331337364e-100 2.05869162183679e-100 8.18955716457717e-101 1.55829600621086e-100 -1.37572371995861e-101 -3.67877168601335e-101 -1.75326023449386e-101 -5.37561576053333e-102
-0.00899959118923772 -2.15786565896383e-99 8.67786893386775e-101 -1.9097493610971e-101 -7.60005280907982e-102 -1.44669645040895e-101 1.27770355429943e-102 3.41800965037517e-102 1.62962829483851e-102 4.99852962021463e-103
0.117924276272662 1.34314575380219e-99 -5.40257521339789e-101 1.18919561391998e-101 4.73350587442214e-102 9.01225158226506e-102 -7.96114932707528e-103 -2.13014380774711e-102 -1.01581439942393e-102 -3.11643765858177e-103
-0.51159538882916 3.8830468266316e-99 -1.56149728724086e-100 3.43624772930878e-101 1.36742863086051e-101 2.60282795471091e-101 -2.2986781020448e-102 -6.14895579194776e-102 -2.93154587244513e-102 -8.99146546440881e-103
0.360236294638377 1.81838275756399e-100 -7.29164470611817e-102 1.60006143853465e-102 6.34923071237117e-103 1.20509822135755e-102 -1.06123596614306e-103 -2.83066349294142e-103 -1.34565233717511e-103 -4.11540107991232e-104
0.111991926815528 -4.64702101493156e-100 1.86907151393712e-101 -4.11388226642705e-102 -1.63740006120735e-102 -3.11729834611948e-102 2.75355573135149e-103 7.36715693277594e-103 3.51299972256301e-103 1.07769236201635e-103
-0.727847669178201 1.2290398512687e-98 -4.94172362043341e-100 1.08734025824061e-100 4.32642676073959e-101 8.23405449975494e-101 -7.27092931173407e-102 -1.94471751343112e-101 -9.27032887372258e-102 -2.84296898328817e-102
0.123258049318393 -7.88697735221466e-100 3.17229187435976e-101 -6.9824903639253e-102 -2.77923044212034e-102 -5.29126360116707e-102 4.67397274910667e-103 1.25055704202775e-102 5.96338686032669e-103 1.82945175397961e-103
0.0872490830419798 -3.59530902541767e-100 1.44595844533895e-101 -3.18236572916815e-102 -1.26654726367417e-102 -2.41108970244344e-102 2.12959639339406e-103 5.69733580553684e-103 2.71655504751038e-103 8.33304505132737e-104
-0.588476715336188 -8.59616365288316e-99 3.45646446495495e-100 -7.60561093041305e-101 -3.02630744752199e-101 -5.75986813212316e-101 5.08632256753218e-102 1.36045986834377e-101 6.48544297272788e-102 1.98898715746787e-102
-1.9860419041017 -4.08043096966817e-98 1.64040422336962e-99 -3.60886161705135e-100 -1.4357090304244e-100 -2.73201517151866e-100 2.41207920768505e-101 6.4504560460138e-101 3.07440634698069e-101 9.42693384177308e-102
0.213909936855097 5.25332559977407e-100 -2.11056069613623e-101 4.64018783782199e-102 1.84480220673497e-102 3.50819890818482e-102 -3.09535219639528e-103 -8.27229490514226e-103 -3.9401578047439e-103 -1.20736683812179e-103
0.257503411174344 7.93192116381804e-102 -3.0938647434464e-103 6.59750753479485e-104 2.54149430428574e-104 4.67781037629747e-104 -3.99005067256326e-105 -1.02957582949372e-104 -4.72849617491764e-105 -1.39506082095689e-105
0.0982753924265367 -3.8916540015681e-100 1.56588344110137e-101 -3.44793725152823e-102 -1.37289186886771e-102 -2.61477298396223e-102 2.31059396300203e-103 6.18448986123109e-103 2.95023307570699e-103 9.05414244310137e-104
-1.7744576551445 -1.00738651759747e-98 4.04984732892752e-100 -8.909548105067e-101 -3.54445572910123e-101 -6.7447197460576e-101 5.95483930185187e-102 1.5924528467058e-101 7.58988351728102e-102 2.32724434998916e-102
-1.53282239880499 -5.13643179513572e-98 2.06439037142509e-99 -4.54042495057952e-100 -1.80583431422769e-100 -3.43541844401675e-100 3.0323060913981e-101 8.10693517841079e-101 3.86288896320588e-101 1.18414793432039e-101
0.109753658358936 -7.25869624223134e-100 2.91925445112346e-101 -6.42480416893633e-102 -2.55696509279449e-102 -4.86754846098468e-102 4.29920011828015e-103 1.15015280690864e-102 5.4839757732585e-103 1.68218580371863e-103
-1.33750867232815 1.61094817782116e-98 -6.47626373837374e-100 1.42476085036154e-100 5.66808370051099e-101 1.07857659380858e-100 -9.52264281062825e-102 -2.54656272187962e-101 -1.21373321095948e-101 -3.72160622914509e-102
0.172654202608078 -4.75954501816586e-100 1.9137010753191e-101 -4.21073043219523e-102 -1.67539725415501e-102 -3.18859089304893e-102 2.81560519072765e-103 7.53069884518992e-103 3.58980589889826e-103 1.10089314564557e-103
0.168525742430066 -2.45300867520914e-100 9.87258098571085e-102 -2.1743865741753e-102 -8.6600338307515e-103 -1.64976777883154e-102 1.45820222279005e-103 3.90393895740883e-103 1.86277414181765e-103 5.71815145211105e-104
-1.05737594416919 -1.60763095548721e-98 6.46295556715791e-100 -1.42183912857765e-100 -5.65648422405678e-101 -1.07637386713436e-100 9.50323498574304e-102 2.54138324632442e-101 1.21126961774167e-101 3.71406759135883e-102
-1.50389740058757 1.74104344742354e-98 -6.99918233052355e-100 1.53978293537817e-100 6.12559867031929e-101 1.16562281476179e-100 -1.02910410929423e-101 -2.75201611315353e-101 -1.31163988635603e-101 -4.02176407786601e-102
0.0988526812487293 -4.74320112733971e-100 1.90751479251577e-101 -4.19796660131847e-102 -1.67065617371411e-102 -3.18021027909988e-102 2.80877248577109e-103 7.51394253403224e-103 3.58254252458108e-103 1.09888784074376e-103
0.117821388857573 -2.83321738202526e-100 1.13903645008662e-101 -2.50593522551077e-102 -9.96962675983576e-103 -1.89717947439836e-102 1.67505744609801e-103 4.47962209428694e-103 2.13513347492944e-103 6.54707040241752e-104
0.323308335105843 -2.31096862782544e-100 9.31998109561812e-102 -2.05687435630374e-102 -8.20870423736155e-103 -1.56696465363535e-102 1.38781912161639e-103 3.72301030036601e-103 1.78002017043068e-103 5.47509035375462e-104
0.174816261515284 -3.68816829717443e-100 1.48234607263406e-101 -3.26034088757797e-102 -1.29674113044798e-102 -2.46697105427048e-102 2.1775424255328e-103 5.82183126222509e-103 2.77411598886059e-103 8.50409260818871e-104
-2.61876268146568 2.44782499676527e-98 -9.84198255931114e-100 2.16550594983129e-100 8.61614663822739e-101 1.63978651856275e-100 -1.44794939198148e-101 -3.87266480805975e-101 -1.84602885673019e-101 -5.6611604430598e-102
0.112787221926332 2.08565726832353e-100 -8.37545895093563e-102 1.84055001738547e-102 7.31412389932716e-103 1.39026085950734e-102 -1.22608585091164e-103 -3.27517624536583e-103 -1.5592626327422e-103 -4.77574373265824e-104
-0.987280754197777 -7.89430397547575e-99 3.17325727705789e-100 -6.9802515147455e-101 -2.77660148154694e-101 -5.28294807871681e-101 4.66370162256361e-102 1.24702571170622e-101 5.94281061880955e-102 1.82199237686414e-102
0.11636000239498 -6.57594503256884e-101 2.6494787576665e-102 -5.84165418102367e-103 -2.32909246647739e-103 -4.4417767620411e-103 3.93022262869585e-104 1.05333525874956e-103 5.03137558959806e-104 1.54612234882772e-104
2.12008133620054 2.92029265778007e-99 -1.17476368808581e-100 2.58612429273869e-101 1.02949765547972e-101 1.96029773523886e-101 -1.73185183734098e-102 -4.63436318244688e-102 -2.21025115355792e-102 -6.78159371801729e-103
-0.878213060044501 1.26169467191248e-98 -5.07353464082744e-100 1.11645595027129e-100 4.44272572728791e-101 8.456253233356e-101 -7.46789728778845e-102 -1.99760301402775e-101 -9.52340209229815e-102 -2.92087853424834e-102
0.164477486251102 8.23286888513609e-100 -3.30868637841716e-101 7.27669901941152e-102 2.89394297774706e-102 5.50510866240025e-102 -4.85885011136801e-103 -1.29894691050245e-102 -6.18901006998433e-103 -1.89709559920329e-103
0.0940695870572061 -1.91554369826287e-100 7.70580734189209e-102 -1.69636343795044e-102 -6.75299890855429e-103 -1.28586416832482e-102 1.136018647152e-103 3.03994964526238e-103 1.44983800328949e-103 4.44847423388798e-104
1.91408092674613 2.23138100212926e-99 -8.97561285294523e-101 1.97573770176672e-101 7.86450881727295e-102 1.49738914653033e-101 -1.3227867351956e-102 -3.53944907639611e-102 -1.68792749830609e-102 -5.17857824718436e-103
0.0755139707417846 1.15512525698906e-100 -4.63685927002016e-102 1.01857097788257e-102 4.04607159981356e-103 7.68766276569586e-103 -6.77711539154647e-104 -1.80960520595601e-103 -8.61177709626854e-104 -2.63656238152349e-104
0.256986193394408 -2.18872169899583e-100 8.81450545361461e-102 -1.94258272081276e-102 -7.74172254195741e-103 -1.47576027315621e-102 1.30522526817648e-103 3.49659385875309e-103 1.66946210442529e-103 5.12797559814223e-104
0.94101872678518 2.24788951990163e-99 -9.04354099415953e-101 1.99102556806817e-101 7.92669750442931e-102 1.50948386618426e-101 -1.33369560606645e-102 -3.56923903058939e-102 -1.70242038454517e-102 -5.2239210372209e-103
-0.455739130233037 1.51901232298494e-98 -6.10800396926229e-100 1.34403920514696e-100 5.34812466698702e-101 1.01791540225645e-100 -8.9890488279201e-102 -2.40439766145579e-101 -1.14622784323582e-101 -3.51539443693563e-102
-0.143661538617026 3.85411865133193e-99 -1.55010475455512e-100 3.41170664742232e-101 1.3578735418615e-101 2.58504198788614e-101 -2.28332546243158e-102 -6.10883780151611e-102 -2.91287280317102e-102 -8.93558417326656e-103
-0.500269823337816 1.20648320637074e-98 -4.85165872687082e-100 1.06766211170024e-100 4.24868356912042e-101 8.08715062778536e-101 -7.14214360127328e-102 -1.91052241800107e-101 -9.10851983155349e-102 -2.79371396994922e-102
-0.810142306580953 -9.81526616373125e-99 3.94603902938047e-100 -8.68150736936724e-101 -3.45386781019463e-101 -6.57259264660379e-101 5.80309211286611e-102 1.55193157044686e-101 7.39703414290362e-102 2.26819809351853e-102
0.1113290775112 6.91643009595022e-100 -2.78061463889301e-101 6.11750216982166e-102 2.4337968187931e-102 4.63142873086478e-102 -4.0891914378093e-103 -1.09357935893805e-102 -5.21236915367759e-103 -1.59830029024007e-103
0.119954907590591 -1.37051477981638e-100 5.50846481071554e-102 -1.211579140022e-102 -4.81891973480049e-103 -9.16785876992454e-103 8.09240787709548e-104 2.16360439519774e-103 1.03097891241746e-103 3.16052985227497e-104
0.117652691024763 2.29384770048998e-100 -9.21750880878432e-102 2.02691959951078e-102 8.06001418182754e-103 1.53304544991356e-102 -1.35289940477387e-103 -3.61631158965792e-103 -1.7228110033596e-103 -5.28016185989759e-104
0.123166252585464 -3.70959834012102e-100 1.49087289549644e-101 -3.27890465571097e-102 -1.30404849296912e-102 -2.48072771247269e-102 2.18955656878614e-103 5.85360711876576e-103 2.78909234935698e-103 8.54949560459189e-104
-0.298459909187887 -7.10332112147891e-99 2.85687185362805e-100 -6.28774166032781e-101 -2.50250862329816e-101 -4.76405820038771e-101 4.20794862627065e-102 1.12578201922745e-101 5.36797260730825e-102 1.64666300762726e-102
0.214854462595262 8.56933231905757e-100 -3.4434226783417e-101 7.57195445078759e-102 3.01094139444228e-102 5.72686417920938e-102 -5.05385813481786e-103 -1.35088819287198e-102 -6.43557795875301e-103 -1.97239478899726e-103
0.101537684595442 4.58312764638149e-100 -1.84537568700979e-101 4.0661370431377e-102 1.62015270981505e-102 3.0878076152007e-102 -2.73046221846637e-103 -7.31328298418576e-103 -3.49108522820382e-103 -1.07212825526921e-103
0.121233725116998 1.46278330001487e-100 -5.87457840563202e-102 1.29106126878712e-102 5.13089089364294e-103 9.75344638554851e-103 -8.60229089390482e-104 -2.29804992553966e-103 -1.09414706028828e-103 -3.3514225397389e-104
-0.643090236380289 -1.52369867189641e-98 6.12629393681733e-100 -1.34794170541628e-100 -5.36316644912652e-101 -1.02068550009847e-100 9.01268994470581e-102 2.41050116448912e-101 1.149032428367e-101 3.52367302424193e-102
0.107761412187124 -1.63126390095367e-100 6.5639678688755e-102 -1.4453840231196e-102 -5.75541946516154e-103 -1.09620369195189e-102 9.68718065877805e-104 2.59294921447244e-103 1.23698003795393e-103 3.79638100045897e-104
-0.273494215932378 6.13783405861712e-99 -2.46816099293893e-100 5.43133297553365e-101 2.16130630834757e-101 4.1138341709663e-101 -3.63303114505927e-102 -9.71811320186198e-102 -4.63304880335581e-102 -1.42098742883448e-102
-0.531978580823667 -8.88703279035876e-99 3.57353254689319e-100 -7.86345276917584e-101 -3.12900134811266e-101 -5.95550734371424e-101 5.25924783842161e-102 1.40675666538991e-101 6.70635275377373e-102 2.05680075951319e-102
-0.421639632436834 -1.79133253165535e-99 7.19982420670169e-101 -1.58358727505853e-101 -6.29852547579013e-102 -1.19827410173389e-101 1.05770647512768e-102 2.82790277202731e-102 1.34752149078955e-102 4.13090486744649e-103
0.113147156549454 -3.99055865084406e-100 1.60550874486546e-101 -3.53481188230953e-102 -1.4073332101429e-102 -2.68008263705709e-102 2.36805270909272e-103 6.33760384929588e-103 3.02294992285099e-103 9.27631115908374e-104
0.203195067911675 -4.32864250039641e-100 1.74070645729284e-101 -3.83066377643425e-102 -1.52440213569325e-102 -2.90165450792506e-102 2.56261759618517e-103 6.85507910919115e-103 3.26823516128338e-103 1.00242672361545e-103
-0.512308923662308 2.36207698857522e-98 -9.49747025757841e-100 2.08976009489097e-100 8.31499252876114e-101 1.58251507707132e-100 -1.39741603623277e-101 -3.7376108002434e-101 -1.78169972099521e-101 -5.46403385528728e-102
0.585431792476941 3.17005032032077e-100 -1.27478860380706e-101 2.80533862209909e-102 1.11637437309405e-102 2.12498317738257e-102 -1.87669422377638e-103 -5.02021753591308e-103 -2.3934488495223e-103 -7.34116038211723e-104
0.0763135022521083 -5.67660822020773e-100 2.28285107104399e-101 -5.0238989759808e-102 -1.99931498546541e-102 -3.80576677180725e-102 3.36120542698664e-103 8.99163135627128e-103 4.28700585900832e-103 1.31494672844199e-103
-1.11472056289483 -2.06492623757981e-98 8.30226998765178e-100 -1.82668518963333e-100 -7.26787507549521e-101 -1.38315773730842e-100 1.22131527685493e-101 3.26643713485584e-101 1.55701519334945e-101 4.77474056160219e-102
0.0880154200412826 -9.15441884910725e-100 3.68086458538655e-101 -8.09922460648579e-102 -3.22265586846862e-102 -6.13345137857615e-102 5.41611328761847e-103 1.44864170554012e-102 6.9056769095609e-103 2.11782419137994e-103
0.0966004115930287 5.02488747854296e-102 -1.96519915960518e-103 4.20243060293849e-104 1.62363673555366e-104 2.99772200723284e-104 -2.56538911059581e-105 -6.64269764208905e-105 -3.06206953654522e-105 -9.06977067818767e-106
0.339521137822431 6.12301875615466e-101 -2.45035981054517e-102 5.36609041116982e-103 2.12496705506531e-103 4.02490854648253e-103 -3.53704538248023e-104 -9.41465796765935e-104 -4.46610820659756e-104 -1.36295321564139e-104
-0.454747073754483 -2.23607813725003e-99 8.98532742983408e-101 -1.97585561997813e-101 -7.85693603558777e-102 -1.49441617554716e-101 1.31880791405602e-102 3.52518396062794e-102 1.67939895060237e-102 5.14711855200221e-103
0.0751287247471204 -6.99273522955467e-100 2.8117554183105e-101 -6.18703539272323e-102 -2.46186712702187e-102 -4.68562131966165e-102 4.13772521146849e-103 1.10674252719614e-102 5.27598607902905e-103 1.61807677616533e-103
-0.551423557517739 -1.22685489117499e-98 4.93298090121e-100 -1.085426074115e-100 -4.31884872280046e-101 -8.21970592682507e-101 7.25832526021411e-102 1.94136431623354e-101 9.2544310973321e-102 2.83812048024329e-102
0.116272543679152 -8.67717246035812e-100 3.48966575141146e-101 -7.680049299671e-102 -3.05647680829873e-102 -5.81833525252569e-102 5.13887708612869e-103 1.3747641034358e-102 6.5548113646164e-103 2.01062289673814e-103
0.0596997182414066 -6.75006930623781e-100 2.71846525589428e-101 -5.99119360038321e-102 -2.38769736460443e-102 -4.55161151290244e-102 4.02570909450027e-103 1.07847355328632e-102 5.14929908337784e-103 1.58170174814178e-103
-1.72101589190408 -3.74214305430742e-98 1.50433338897945e-99 -3.30934677392996e-100 -1.31648913543537e-100 -2.50502877854983e-100 2.21156602638356e-101 5.9139474800123e-101 2.81855799831685e-101 8.64201066635596e-102
