0.160553442684488 -3.33430189540423e-20 1.77276007709343e-21 -5.15825905421591e-22 -2.71435638020154e-22 -6.83258087782122e-22 7.9804658864573e-23 2.82355282881078e-22 1.7806125821343e-22 7.22462318717965e-23
0.0995028316939744 -5.08445474434274e-20 2.70342984678827e-21 -7.86672624729446e-22 -4.13984017680799e-22 -1.04214315428071e-21 1.21729771873103e-22 4.30715515682283e-22 2.71637763030698e-22 1.10220427031347e-22
0.100323307825787 1.15934693945933e-20 -6.16023899247614e-22 1.79138706461471e-22 9.42087898310979e-23 2.36999372717563e-22 -2.76648361487075e-23 -9.78211576960204e-23 -6.16513970840754e-23 -2.4999128490831e-23
0.159962998083368 4.04447439454656e-20 -2.14916233568577e-21 6.25006448364294e-22 3.28708027900913e-22 8.26971079974001e-22 -9.65374643246599e-23 -3.41370244956962e-22 -2.15159878783573e-22 -8.72507489845957e-23
-1.83718591038433 -5.22214787381802e-18 2.77402686718609e-19 -8.06454981038012e-20 -4.23994234446087e-20 -1.066335315994e-19 1.24437996238771e-20 4.39882067015222e-20 2.77156568554242e-20 1.12353384541664e-20
0.12390820996088 9.38995076274836e-21 -4.99531616992336e-22 1.45435504889233e-22 7.65751910330073e-23 1.92867736033321e-22 -2.25401228880642e-23 -7.97952127590788e-23 -5.03503965119098e-23 -2.04409392952682e-23
-2.16167913398053 3.88349861901858e-18 -2.06357228295998e-19 6.00100957082099e-20 3.15601780206133e-20 7.93978465555485e-20 -9.26837319824219e-21 -3.27734732115945e-20 -2.06560478657857e-20 -8.37614516190206e-21
0.51169930563906 3.87302782766668e-20 -2.05721715175862e-21 5.98022560550278e-22 3.14387522101011e-22 7.90618544684396e-22 -9.22558705864232e-23 -3.26095646791169e-22 -2.05447852104478e-22 -8.32779868041753e-23
0.179628546654178 6.64830678859801e-20 -3.53184313095038e-21 1.02683280107823e-21 5.39893902730522e-22 1.35791047082141e-21 -1.58474442053696e-22 -5.60236451300571e-22 -3.53011756700157e-22 -1.43112987213334e-22
0.112712612142894 4.82010730764771e-20 -2.56182617437477e-21 7.45162048480484e-22 3.91978551599703e-22 9.86343187284479e-22 -1.15164683793898e-22 -4.07319096471518e-22 -2.56776955578189e-22 -1.04147664515046e-22
0.107204575371929 1.13027746776975e-19 -6.01078980026101e-21 1.74938880801461e-21 9.20771499317309e-22 2.31831143447715e-21 -2.70842882338774e-22 -9.5848975387385e-22 -6.04593620550116e-22 -2.45364698390793e-22
0.325039824751461 6.37182858397979e-20 -3.3851668669693e-21 9.8424663032669e-22 5.17532988065122e-22 1.30174538306486e-21 -1.51928523474623e-22 -5.37126410442967e-22 -3.38469277737978e-22 -1.37225225746212e-22
0.407351063361008 -9.37416944823989e-20 4.98734422028825e-21 -1.45215820490578e-21 -7.64661029348157e-22 -1.92609666707345e-21 2.25119262312648e-22 7.970239037893e-22 5.02962711932535e-22 2.04207824984352e-22
0.0977636986916794 -4.10196434574234e-21 2.17247858150877e-22 -6.29684749598033e-23 -3.30063320051263e-23 -8.27601769717176e-23 9.62868433528098e-24 3.39338014383503e-23 2.13157060897102e-23 8.61459667013118e-24
0.0865350297551872 -2.17626210646174e-21 1.16219775741584e-22 -3.39664541217137e-23 -1.79524688687152e-23 -4.53884826788096e-23 5.32458875057455e-24 1.89210011324857e-23 1.19839912502537e-23 4.88342625729766e-24
0.120348476408676 4.30332570639043e-21 -2.27939837373529e-22 6.60751160332779e-23 3.46385461627404e-23 8.68618366224563e-23 -1.0106884277575e-23 -3.56223949407253e-23 -2.23783497043366e-23 -9.0447893845319e-24
-0.724355051574781 -1.00968490891558e-18 5.36686626139001e-20 -1.56121905186238e-20 -8.21329576200134e-21 -2.06692774649822e-20 2.41356332139508e-21 8.53721709586618e-21 5.38244770666971e-21 2.18331085202526e-21
-0.701467976934457 1.5414479598674e-18 -8.19066397557078e-20 2.38186662828505e-20 1.25263991855126e-20 3.15129598171511e-20 -3.67855826777871e-21 -1.30073922303105e-20 -8.19801342976365e-21 -3.32429228525152e-21
0.097793178998843 -1.29521958188149e-21 6.93602363342192e-23 -2.03265096417143e-23 -1.07721616850201e-23 -2.73070454773638e-23 3.21181141135363e-24 1.14426813366789e-23 7.26590910241194e-24 2.96826863390595e-24
-0.814629383451048 2.39681396367484e-18 -1.27353164020613e-19 3.70333713615179e-20 1.94754386391395e-20 4.89931536509227e-20 -5.7188545145164e-21 -2.0221197160164e-20 -1.27441384479763e-20 -5.16756912638839e-21
0.814789705637048 1.89983083837567e-19 -1.01034834771143e-20 2.94059818984275e-21 1.54778620708602e-21 3.89709200356443e-21 -4.55298376072051e-22 -1.61129833027379e-21 -1.01639346960937e-21 -4.12496457741167e-22
0.18462171039379 -5.47666189445536e-21 2.91606070182676e-22 -8.49736486264724e-23 -4.47797270785788e-23 -1.1288383484593e-22 1.32040318415546e-23 4.67847731871966e-23 2.95465851440894e-23 1.20055278611743e-23
0.0926114338006449 -1.78522457894405e-20 9.47323803509538e-22 -2.75112871997265e-22 -1.44488280935805e-22 -3.63000521331433e-22 4.23161488104743e-23 1.49426607851951e-22 9.40490232324498e-23 3.80847914363975e-23
0.110143064910598 -1.3138941726214e-20 6.99195818227897e-22 -2.03631548385819e-22 -1.07251037129104e-22 -2.70216458105124e-22 3.15898315166784e-23 1.11868211853405e-22 7.06108756718346e-23 2.86753289758131e-23
0.115995400754151 -1.13740672573879e-20 6.04762981347663e-22 -1.75979854232078e-22 -9.26086267055436e-23 -2.33127944282919e-22 2.72309616987475e-23 9.63509580232476e-23 6.07652302258284e-23 2.46562318898426e-23
0.0776589910904217 9.91843625416192e-20 -5.2753298435166e-21 1.53555139012893e-21 8.08332060045313e-22 2.03549307211684e-21 -2.37834681522935e-22 -8.41792650334662e-22 -5.31056958178444e-22 -2.15550731799855e-22
0.424569790965889 -2.23703378890592e-20 1.18927060703142e-21 -3.46016510542848e-22 -1.82063691127613e-22 -4.58251518021716e-22 5.35192334893712e-23 1.89338929873075e-22 1.1939211684925e-22 4.84376966030914e-23
-0.326317625494785 6.26353645850321e-19 -3.33053886308489e-20 9.69208949761142e-21 5.10071113531551e-21 1.28409782097465e-20 -1.49999879745887e-21 -5.30771740712204e-21 -3.3475755911102e-21 -1.35839197468275e-21
-0.482440303277827 5.4847121409194e-19 -2.91623475080955e-20 8.48592653555426e-21 4.4656696071706e-21 1.12415994528434e-20 -1.31309206919699e-21 -4.64607760783285e-21 -2.93010775395833e-21 -1.18892091944918e-21
0.131102242620465 2.93336759608918e-20 -1.55893812655893e-21 4.53418736577703e-22 2.38495742598473e-22 6.00089526372059e-22 -7.00611184679936e-23 -2.47777773454094e-22 -1.56190108326182e-22 -6.33456798457475e-23
-1.50615605456096 3.15551419716849e-18 -1.67639310684298e-19 4.87404600302253e-20 2.56279459756737e-20 6.44602606233706e-20 -7.52308122822997e-21 -2.65964418057332e-20 -1.67593456980003e-20 -6.7945814320032e-21
-0.0335869842568163 -1.90614577924258e-19 1.01321095379669e-20 -2.94748693580336e-21 -1.55065269613143e-21 -3.90239735725572e-21 4.55694823523357e-22 1.61191083711932e-21 1.01628119206456e-21 4.12248524562834e-22
0.182289725747968 7.35799038452338e-20 -3.91383842338391e-21 1.13934420887532e-21 5.99815625640786e-22 1.51054975248142e-21 -1.76513562937179e-22 -6.24806551105198e-22 -3.94202299641232e-22 -1.60016664535591e-22
-0.514609802180767 1.06942714235405e-19 -5.68801505190894e-21 1.65568742038684e-21 8.71578337889337e-22 2.19476808429654e-21 -2.56446236350355e-22 -9.0767038448686e-22 -5.72619038333641e-22 -2.32421113737549e-22
0.242971880098869 -2.56549855767384e-20 1.3637590025893e-21 -3.96745235609797e-22 -2.08735555927047e-22 -5.25333906278367e-22 6.13479525937506e-23 2.17014630630013e-22 1.36830808747491e-22 5.55074285033845e-23
0.100846338951811 5.16637689783549e-20 -2.74530092020811e-21 7.98365714979626e-22 4.19879085321319e-22 1.05633266773005e-21 -1.23311232503523e-22 -4.36042361154463e-22 -2.74827686768285e-22 -1.11445986397186e-22
-0.7641747651687 1.88110189083925e-18 -9.99602934007967e-20 2.907038686207e-20 1.52891934670611e-20 3.84655972320237e-20 -4.49040877200504e-21 -1.58790101591771e-20 -1.00084486714449e-20 -4.05865644953858e-21
0.0810736325353675 -2.5556850137806e-20 1.35881719733964e-21 -3.95387598323018e-22 -2.08063423900858e-22 -5.23748499287242e-22 6.11752215274837e-23 2.16447550760822e-22 1.36500991827085e-22 5.53848953427067e-23
0.0942792583644418 1.38032769092263e-20 -7.32733951013744e-22 2.1287138829502e-22 1.11840092364889e-22 2.81080454009495e-22 -3.27784211151027e-23 -1.15789271427102e-22 -7.29043014393599e-23 -2.95330917821534e-23
-0.74172939868115 -6.18231337124482e-19 3.2877094554163e-20 -9.56850299147995e-21 -5.03622474959389e-21 -1.26800338177606e-20 1.48136227007056e-21 5.2423542164413e-21 3.30671907441074e-21 1.34196283843266e-21
-1.79803202698934 -2.39990745363778e-18 1.27554501106527e-19 -3.71026755859703e-20 -1.95175457119573e-20 -4.91133298581088e-20 5.73454690100301e-21 2.02825730741558e-20 1.27865340804126e-20 5.18626707299228e-21
0.209249857471077 -1.01479269460213e-20 5.3826572611054e-22 -1.56251239400272e-22 -8.20275899619916e-23 -2.05991752506609e-22 2.40029415555421e-23 8.47232318862969e-23 5.33022584878145e-23 2.1575464413077e-23
0.1948263467141 -6.64325017725668e-20 3.53131609746317e-21 -1.02730821036493e-21 -5.40474852412921e-22 -1.36020527587552e-21 1.58839680511458e-22 5.61872528099805e-22 3.54260291392059e-22 1.43707498965028e-22
0.0961553874891143 -4.10197429133429e-20 2.18130417187812e-21 -6.34815927336312e-22 -3.34110463599224e-22 -8.41175627219987e-22 9.8267290416573e-23 3.47740789578752e-22 2.19335174586282e-22 8.90088771977521e-23
-1.6665500249327 -1.19957791784716e-18 6.37513209130188e-20 -1.85420630064143e-20 -9.75298252110573e-21 -2.45398006816738e-20 2.86503652562195e-21 1.01324273692832e-20 6.38708475792163e-21 2.5903836966146e-21
-2.03295037171393 -4.58412298353718e-18 2.43528204286424e-19 -7.08027696546075e-20 -3.72273043685062e-20 -9.36325733193495e-20 1.09274218613311e-20 3.86306929067354e-20 2.43418153536699e-20 9.8683717527914e-21
0.0812229652669243 -5.29832973286032e-21 2.80777611359638e-22 -8.14308298211811e-23 -4.27091068746555e-23 -1.07152174083691e-22 1.24738830987584e-23 4.39866770933303e-23 2.76465563506008e-23 1.11796366650569e-23
-1.45381175624816 3.07853939722413e-18 -1.63539181526544e-19 4.75452275388453e-20 2.49978372029286e-20 6.28712360370864e-20 -7.33714285477303e-21 -2.59373750215072e-20 -1.63429622504778e-20 -6.6253318798924e-21
0.163319094760834 -8.45912252779379e-21 4.50254958202429e-22 -1.3115928381046e-22 -6.90954269734354e-23 -1.74121730430695e-22 2.03601701665768e-23 7.21162692032025e-23 4.55292147497976e-23 1.84934751120893e-23
0.133404749407927 1.23423311635668e-20 -6.55776885432829e-22 1.90687879850898e-22 1.00276816938628e-22 2.52250547054217e-22 -2.94434825146921e-23 -1.04104709117197e-22 -6.56080836633023e-23 -2.66021356651575e-23
-0.983496900185698 -1.19136729933857e-18 6.3314109978936e-20 -1.84146521433585e-20 -9.68583583086649e-21 -2.43705271112364e-20 2.84523623962135e-21 1.00622704983499e-20 6.34277829779015e-21 2.57238137971739e-21
-1.58280232309691 3.38877061098491e-18 -1.80036457684534e-19 5.23463959034035e-20 2.75247598940022e-20 6.92331965003711e-20 -8.08035932075101e-21 -2.85674230757541e-20 -1.80018526268453e-20 -7.29853129495891e-21
0.129129418459653 2.66529375621496e-20 -1.41648410112053e-21 4.11989725062394e-22 2.1670628774693e-22 5.45268927653637e-22 -6.36612925634636e-23 -2.25146021030274e-22 -1.41924986351239e-22 -5.75606383660618e-23
0.1079335508727 6.64361899114058e-20 -3.52907743757854e-21 1.02594825268294e-21 5.39386298378394e-22 1.35652628198763e-21 -1.58300292473914e-22 -5.59576002022814e-22 -3.52567229137471e-22 -1.42921213679467e-22
0.306299056003614 1.94968147471028e-20 -1.03431661357921e-21 3.00295803914666e-22 1.57671548359823e-22 3.96012922974302e-22 -4.61518043959425e-23 -1.62925836297283e-22 -1.02516744672128e-22 -4.15020560933904e-23
0.151853561668259 -2.83458739436726e-20 1.50594148888269e-21 -4.37859089699336e-22 -2.30234846115049e-22 -5.79111002900461e-22 6.75893095356203e-23 2.38956193976723e-22 1.5057896346828e-22 6.10495458560847e-23
-2.47691103211427 2.13774218830401e-18 -1.13591483276717e-19 3.30327193331199e-20 1.73721426649503e-20 4.37035397017521e-20 -5.10158775035192e-21 -1.80392421227823e-20 -1.13693865538669e-20 -4.61028730379502e-21
0.109226137876556 3.28884165383533e-21 -1.74016161365933e-22 5.03887850935605e-23 2.63862793414719e-23 6.60945948327539e-23 -7.68189734698884e-24 -2.70448368451789e-23 -1.69705168860954e-23 -6.85120389686965e-24
-0.985372873198991 -2.41198036668941e-19 1.28224808670545e-20 -3.73059792980866e-21 -1.96288706503042e-21 -4.94044794553559e-21 5.76982770133295e-22 2.04119041653901e-21 1.28709320100779e-21 5.22166091668198e-22
0.099238383055709 -2.21829021680551e-20 1.17887984146081e-21 -3.42869466298633e-22 -1.80342698096442e-22 -4.53756081601475e-22 5.29751085017574e-23 1.87346424170456e-22 1.18093164002807e-22 4.7893469662549e-23
2.0552816172382 1.96305823695907e-19 -1.0438121019073e-20 3.03752486215822e-21 1.59855695304975e-21 4.02430426304726e-21 -4.70088126307015e-22 -1.66338273877051e-21 -1.04908620121452e-21 -4.25698999960016e-22
-0.778619818849275 1.15441546620282e-18 -6.13606309000855e-20 1.78494862673667e-20 9.39014372958208e-21 2.36305067924422e-20 -2.75930345431907e-21 -9.76000822130354e-21 -6.15328218718258e-21 -2.4959495658305e-21
0.133620680755732 2.70304936667318e-20 -1.43538625158377e-21 4.17149079583031e-22 2.19242066955638e-22 5.51201306892074e-22 -6.43015876786322e-23 -2.27225421089067e-22 -1.43119081040522e-22 -5.79975911717563e-23
0.0731212406012052 1.31387094827905e-20 -6.99201590274243e-22 2.03638418421972e-22 1.07257340351597e-22 2.70238981853641e-22 -3.15932270602968e-23 -1.11882885893817e-22 -7.0621778441675e-23 -2.86804099476286e-23
2.0391112545089 2.17034803342954e-19 -1.15406878586879e-20 3.35847734322564e-21 1.76751844901634e-21 4.44979451648208e-21 -5.19806590352618e-22 -1.83936571776398e-21 -1.16011359377164e-21 -4.70766402210826e-22
0.0970170261323381 -1.81461684023368e-20 9.64816192695126e-22 -2.80745396581373e-22 -1.47737758925524e-22 -3.71898850803241e-22 4.34394170485698e-23 1.53697789281085e-22 9.69298127441709e-23 3.9329610247681e-23
0.254990668583819 6.34831971797818e-21 -3.35969151070477e-22 9.73057040820738e-23 5.09656742917988e-23 1.27691324221706e-22 -1.48443232640406e-23 -5.22725115373231e-23 -3.28081557504095e-23 -1.32480526589527e-23
0.885717462595628 2.31293320545888e-19 -1.23006185710421e-20 3.58013292722069e-21 1.88443898820302e-21 4.74481629391018e-21 -5.54347983181374e-22 -1.96186873773885e-21 -1.23755203085252e-21 -5.02260966824473e-22
-0.505849693621783 8.55915170987277e-19 -4.55049437158591e-20 1.3240204002602e-20 6.96692922658464e-21 1.75364794661681e-20 -2.04818447054614e-21 -7.24636206651926e-21 -4.56958682372318e-21 -1.8539848238215e-21
-0.114360416480617 2.77897373513687e-19 -1.4774493836488e-20 4.2988180008421e-21 2.26201861207174e-21 5.69373985075834e-21 -6.65004758295801e-22 -2.35275242269339e-21 -1.48365761288707e-21 -6.01954309650986e-22
-0.546371428593066 9.86722111329969e-19 -5.24566481912818e-20 1.52621046915469e-20 8.03043225825429e-21 2.02123906849483e-20 -2.36059817718275e-21 -8.35123548914512e-21 -5.26605404508589e-21 -2.1364474145859e-21
-0.711541700723846 -6.28459137892914e-19 3.3407393199548e-20 -9.71888218209953e-21 -5.11329230847208e-21 -1.28688328845105e-20 1.50280729588013e-21 5.31608209251566e-21 3.35186063297436e-21 1.35972947456777e-21
0.124255637929458 -1.39753577694326e-20 7.4334066113662e-22 -2.16381929877333e-22 -1.13910727319897e-22 -2.868550222736e-22 3.35185980056567e-23 1.18640629798036e-22 7.48491535568301e-23 3.03817363150801e-23
0.110811189537995 -4.55830447130245e-21 2.42565878570095e-22 -7.06422383380802e-23 -3.72057400575452e-23 -9.37367432465346e-23 1.09581072508118e-23 3.88048191778361e-23 2.44929926846486e-23 9.94650507398019e-24
0.0920233938487423 2.51910953338528e-20 -1.33914778590995e-21 3.89599194238918e-22 2.04983105009851e-22 5.15907952700668e-22 -6.02492812996161e-23 -2.13135439414199e-22 -1.34389474553064e-22 -5.45188927551263e-23
0.160591568478437 -1.3228115462442e-20 7.03074156014671e-22 -2.04509084840463e-22 -1.07580802524144e-22 -2.7071437706225e-22 3.16092058349957e-23 1.11799594519671e-22 7.04811355333028e-23 2.85876181117867e-23
-0.271577216239721 -5.09288794543597e-19 2.70769054973149e-20 -7.87847581395808e-21 -4.14568252281831e-21 -1.04352821510206e-20 1.21881566631176e-21 4.31217317277959e-21 2.71932009670382e-21 1.10330818397248e-21
0.203775436777628 -5.86344912839968e-21 3.11440255676674e-22 -9.05324375432297e-23 -4.7593095168369e-23 -1.1968441953299e-22 1.39655027102492e-23 4.9362764453123e-23 3.10991097558688e-23 1.2605742140947e-23
0.110727591300056 4.28027437551211e-20 -2.27745910233913e-21 6.63189626222807e-22 3.49249192498481e-22 8.79806790020913e-22 -1.02840641274755e-22 -3.64138390427263e-22 -2.29812700221303e-22 -9.33155120301928e-23
0.119459883237366 1.64597256344826e-20 -8.74781635989337e-22 2.54439709270861e-22 1.33838382753375e-22 3.36767900046611e-22 -3.93193447637462e-23 -1.39061236425632e-22 -8.76620801475335e-23 -3.55541027272745e-23
-0.755649637208019 -1.4582504861947e-18 7.75079921984914e-20 -2.25459739010678e-20 -1.186047433392e-20 -2.98462192036654e-20 3.48499495834357e-21 1.23264836725616e-20 7.77109316874156e-21 3.15208036860503e-21
0.0805890875815357 -1.64110255947061e-20 8.72611358239722e-22 -2.53930062406606e-22 -1.33634282222308e-22 -3.36415364756399e-22 3.92969900678707e-23 1.39048701000119e-22 8.76961261072772e-23 3.55849288594568e-23
-0.192178144020433 2.6724271576199e-19 -1.42080629611016e-20 4.13401508757636e-21 2.17530329905705e-21 5.47547524278438e-21 -6.39513057360537e-22 -2.26256604535614e-21 -1.42678654991823e-21 -5.78880653110611e-22
-0.689293617746078 -8.64376921725059e-19 4.59435855289845e-20 -1.33645670587586e-20 -7.03065163408873e-21 -1.76925569916792e-20 2.06590963756346e-21 7.30729081878263e-21 4.60688587544747e-21 1.86866263736954e-21
-0.393311635836165 -2.15305691695847e-19 1.14371374761536e-20 -3.32496577521024e-21 -1.74810459049226e-21 -4.39644562355409e-21 5.13052033064034e-22 1.81361538330375e-21 1.14270645136623e-21 4.63229568213632e-22
0.130875592510286 6.02280763398463e-20 -3.20075379030491e-21 9.30922616176122e-22 4.89649504650696e-22 1.23200124200327e-21 -1.43834283690706e-22 -5.0867194326189e-22 -3.20640880342791e-22 -1.30038554786534e-22
0.18127334347293 1.23352714720955e-20 -6.54787073849274e-22 1.90221064457855e-22 9.99370734705393e-23 2.51158462871102e-22 -2.92882569415899e-23 -1.03457602322746e-22 -6.51382523169237e-23 -2.6386451875534e-23
-0.446370548133667 1.12465672227907e-18 -5.97877127489065e-20 1.73945061693403e-20 9.15214443927944e-21 2.30349825843028e-20 -2.69016257883667e-21 -9.51685472252745e-21 -6.00087064948967e-21 -2.4344866626267e-21
0.505785447908511 4.68416546216059e-20 -2.49019043074913e-21 7.2450488978106e-22 3.81207029252231e-22 9.5947786777866e-22 -1.12055934120502e-22 -3.96423375230474e-22 -2.49971090704164e-22 -1.01412817040875e-22
0.0775200883600252 1.8222123241103e-20 -9.6823343060081e-22 2.81558793173696e-22 1.48070462204835e-22 3.72496114498118e-22 -4.34810871894949e-23 -1.53745718761959e-22 -9.68972151916468e-23 -3.92908643016091e-23
-0.823162787816199 -1.32475622209291e-18 7.0416733275408e-20 -2.04844329695377e-20 -1.07766201687195e-20 -2.71203584171348e-20 3.16689634190393e-21 1.12020241366897e-20 7.06260685385871e-21 2.86487597688186e-21
0.104159281421088 -7.16765009827652e-22 3.8513152179359e-23 -1.13242069181723e-23 -6.02110487959545e-24 -1.53129444797793e-23 1.80687233368762e-24 6.45775965515272e-24 4.11343180524888e-24 1.68562840991038e-24
0.107691665618855 -2.20631789742516e-20 1.1727120375513e-21 -3.41132347292351e-22 -1.79458914222567e-22 -4.51607812410881e-22 5.27331226815288e-23 1.86521896879809e-22 1.17593167263283e-22 4.76987148555693e-23
0.323662599567117 1.42090232655832e-20 -7.53528345872663e-22 2.18695914556712e-22 1.14786239984263e-22 2.88197842052213e-22 -3.35748975790626e-23 -1.18484186299707e-22 -7.45262781188412e-23 -3.01597825666851e-23
-0.371794483075405 -2.87942258287504e-19 1.53006765411851e-20 -4.44962982322355e-21 -2.34017071152796e-21 -5.88742338901565e-21 6.87271643012989e-22 2.43027637781295e-21 1.53175261128261e-21 6.21146026311457e-22
0.111760581733269 -5.45281952135043e-20 2.89854188318756e-21 -8.43230268201003e-22 -4.43632479088605e-22 -1.11648960356696e-21 1.30380184344755e-22 4.61203626309764e-22 2.90790149564835e-22 1.17961128344654e-22
-0.563564381737511 -5.6034316336272e-19 2.97924356589751e-20 -8.6689433049298e-21 -4.56180717875329e-21 -1.14831743335861e-20 1.34125890928281e-21 4.74556106691295e-21 2.99273620504251e-21 1.2142877911905e-21
0.0842558841546162 -5.29583243337876e-21 2.820227175853e-22 -8.21944001688671e-23 -4.33222531777661e-23 -1.09228048198247e-22 1.27785918137358e-23 4.52851871300411e-23 2.86045631804376e-23 1.16248364868899e-23
0.0393034932227354 -5.45819973719204e-20 2.90677251007463e-21 -8.471884472177e-22 -4.46538344079006e-22 -1.12587689927852e-21 1.31718821270923e-22 4.66797153778005e-22 2.94858493240824e-22 1.19831380095827e-22
-1.59972670185836 -2.70201831553176e-18 1.43593563240433e-19 -4.17628154726257e-20 -2.19662067860372e-20 -5.5268099494613e-20 6.45237372335744e-21 2.2818583128501e-20 1.43834693269709e-20 5.83325336793636e-21
