0.185487803330141 -3.90784949314468e-95 1.60930491690115e-96 -3.62666872743612e-97 -1.47791307491092e-97 -2.88074646503652e-97 2.60523980819914e-98 7.1363406915211e-98 3.48393712050946e-98 1.09420405551756e-98
0.127354394704269 3.72121950596103e-94 -1.52517726198557e-95 3.42083346112177e-96 1.38746637070742e-96 2.69175510599062e-96 -2.4229390291504e-97 -6.60605068787664e-97 -3.21007656805383e-97 -1.00352756978655e-97
0.104371146315131 -2.51715426374472e-95 1.03336725827613e-96 -2.32155888296447e-97 -9.43163957772982e-98 -1.8328241321345e-97 1.65253934803131e-98 4.51314049063838e-98 2.19676459726636e-98 6.87910855703335e-99
0.176571877384547 -1.73925319931767e-94 7.12800089807424e-96 -1.59863610773291e-96 -6.48351883494961e-97 -1.25775150471635e-96 1.1320696296872e-97 3.08634361477728e-97 1.49964980185e-97 4.68787722731309e-98
-1.7903713751253 -9.41572900769261e-93 3.85948029789336e-94 -8.65726002236342e-95 -3.51164980321649e-95 -6.81341220530547e-95 6.13355366933336e-96 1.67244688001467e-95 8.12768289969477e-96 2.54110013598725e-96
0.123180261553006 -5.804136390864e-94 2.38012751404092e-95 -5.3412111336847e-96 -2.16749707692111e-96 -4.20726794945531e-96 3.7890995438599e-97 1.03362895245326e-96 5.02536629998688e-97 1.57185159861568e-97
-1.85678642861062 3.77511402017629e-92 -1.54725927655047e-93 3.47034623557622e-94 1.40754262366679e-94 2.7306935452444e-94 -2.45798001014885e-95 -6.70156632119148e-95 -3.25648050037989e-95 -1.01803143050691e-95
0.496084504991919 -3.34600250974611e-94 1.37165585607607e-95 -3.07709541722502e-96 -1.24829150616339e-96 -2.42222197961282e-96 2.18075086824995e-97 5.94690460773355e-97 2.8903490555353e-97 9.03754292813473e-98
0.165480265263404 -4.15979773449958e-94 1.70516185193017e-95 -3.82503905977895e-96 -1.55161997473604e-96 -3.0106321369368e-96 2.71034255071853e-97 7.39066383475817e-97 3.59184087580901e-97 1.12303025490381e-97
0.114097101800056 3.02737185222182e-95 -1.23167247728724e-96 2.74203190638628e-97 1.10382298906345e-97 2.12529468491864e-97 -1.89846447295668e-98 -5.13626573350145e-98 -2.47648242821861e-98 -7.68124430472399e-99
0.0848290319056947 6.95004459237463e-94 -2.85216599506277e-95 6.40529128337928e-96 2.60125063587126e-96 5.05298915008306e-96 -4.55416433681896e-97 -1.24325957582408e-96 -6.04907973453333e-97 -1.89346612818214e-97
0.400465336589602 -1.51592927981916e-94 6.2258117049509e-96 -1.39923075582098e-96 -5.68671384060128e-97 -1.10549225129171e-96 9.97111312429005e-98 2.7241048226555e-97 1.32641009458318e-97 4.155009387441e-98
0.575578996550596 -1.72053134978347e-93 7.05506358920447e-95 -1.58312851498762e-95 -6.42407578279136e-96 -1.24688961430515e-95 1.12289601962953e-96 3.06297799240366e-96 1.48909569612736e-96 4.65738448817477e-97
0.0781324793766137 -2.40093238745294e-94 9.84217648662717e-96 -2.20789949009874e-96 -8.95667325986872e-97 -1.73794916042908e-96 1.56466592343741e-97 4.26676787782253e-97 2.07372347965428e-97 6.48400681927533e-98
0.130533277226285 1.78124796875378e-94 -7.29111752725757e-96 1.6331976902054e-96 6.6154698858393e-97 1.2817506079654e-96 -1.15222838262487e-97 -3.13736043176754e-97 -1.52251878629854e-97 -4.75334842174097e-98
0.109462219551707 -7.28144748321407e-95 2.9853857457438e-96 -6.69823459203111e-97 -2.7176890766112e-97 -5.2742695897953e-97 4.7491877403279e-98 1.29529720245344e-97 6.29642730965791e-98 1.96906473010692e-98
-0.632833981057164 -6.35911259925242e-93 2.60684019243898e-94 -5.84802227552832e-95 -2.37237147094668e-95 -4.60340361299561e-95 4.14447397655908e-96 1.13019243809078e-95 5.49299992484919e-96 1.71754196973535e-96
-0.74619131507779 9.96013295417389e-93 -4.08267928445885e-94 9.15802979981578e-95 3.71482060207431e-95 7.20769277305568e-95 -6.48856456231727e-96 -1.76926771428059e-95 -8.59830074940955e-96 -2.68826588857491e-96
0.110292797643526 -4.04676219991808e-94 1.65922082878755e-95 -3.72286757666612e-96 -1.51053302976209e-96 -2.93160684048597e-96 2.639826621164e-97 7.20008918628213e-97 3.5000539663871e-97 1.09459220792606e-97
-0.920739287242424 1.70785618709956e-92 -6.99938281648251e-94 1.56980190680141e-94 6.36662047328883e-95 1.23508172834881e-94 -1.1116712466888e-95 -3.03074645197005e-95 -1.4726413576702e-95 -4.60346546307362e-96
0.863105936925754 1.63157990104257e-93 -6.6943534024448e-95 1.50309285974346e-95 6.10298389575216e-96 1.18528146948028e-95 -1.06805824973165e-96 -2.91515178778778e-96 -1.41808347155916e-96 -4.43795771453439e-97
0.166289344866693 -4.83993020257756e-94 1.98399898174326e-95 -4.45062060200786e-96 -1.80542243210006e-96 -3.50315899003044e-96 3.1538056751835e-97 8.60008407975139e-97 4.17969649745607e-97 1.30685509187829e-97
0.122543814735396 1.13656811702512e-94 -4.65630817658288e-96 1.04391205146175e-96 4.2321826218769e-97 8.20704472662762e-97 -7.38418255223282e-98 -2.01237950853499e-97 -9.77441513637623e-98 -3.05429834748604e-98
0.100646712404628 6.03232526854394e-95 -2.47030232941129e-96 5.53593415592057e-97 2.24341447580877e-97 4.34860068516582e-97 -3.91094997447919e-98 -1.06538436955246e-97 -5.17253338583227e-98 -1.61562123727139e-98
0.127139269139429 -5.83815289319296e-95 2.39371765505922e-96 -5.37091446511673e-97 -2.17923344105895e-97 -4.22944229521997e-97 3.80853193286366e-98 1.03878546831472e-97 5.04974558454403e-98 1.57926443547828e-98
0.125320468107887 5.61801465031145e-94 -2.30522879650639e-95 5.17633327384111e-96 2.10188910179401e-96 4.08244519299816e-96 -3.67896146451153e-97 -1.00420653234918e-96 -4.88534649432083e-97 -1.52900385728726e-97
0.333912163119431 -3.12229328824029e-94 1.28017914039883e-95 -2.87239853005147e-96 -1.16546139484081e-96 -2.26190290716031e-96 2.03678041301379e-97 5.5552967424878e-97 2.70050331436482e-97 8.44545245069035e-98
-0.487675943127988 4.92170993325345e-93 -2.01822613879056e-94 4.52898028859458e-95 1.83785047388062e-95 3.56732503167625e-95 -3.21269328074946e-96 -8.7637209798801e-96 -4.26071132774545e-96 -1.33265067971091e-96
-0.65441047169902 8.96072182070743e-93 -3.67344678603241e-94 8.24102726446079e-95 3.34324449011746e-95 6.48750544255238e-95 -5.8409226982461e-96 -1.59286116529157e-95 -7.74192090848824e-96 -2.42080735907236e-96
0.0968152598030071 1.3672425843301e-94 -5.60394209710598e-96 1.25694941164865e-96 5.09824147691689e-97 9.89111082496992e-97 -8.90354810579073e-98 -2.42757770694136e-97 -1.17965973862961e-97 -3.6879099766279e-98
-1.56054886344543 1.14687067431575e-92 -4.70044251884868e-94 1.05424049472879e-94 4.27582222014827e-95 8.295111077547e-95 -7.46652814819263e-96 -2.03567179010516e-95 -9.89170051952275e-96 -3.09225046148945e-96
0.00201909880153448 -6.91856741916737e-94 2.83739552411773e-95 -6.36796152977348e-96 -2.58440267056948e-96 -5.01698441676049e-96 4.51876190238326e-97 1.23278947254031e-96 5.99422065945534e-97 1.8750689395606e-97
0.204210525529611 3.67564948054884e-94 -1.51017732115201e-95 3.39545134779297e-96 1.38052776586382e-96 2.68481565893522e-96 -2.42257264957549e-97 -6.62110963716349e-97 -3.22520989361164e-97 -1.0107058511596e-97
-0.611099475070905 1.53006880958411e-93 -6.2721804997434e-95 1.40702910098944e-95 5.7077758135417e-96 1.10752528917144e-95 -9.97090616956034e-97 -2.71899529882489e-96 -1.32146824830233e-96 -4.13186202892826e-97
0.316210679295326 -3.2288873420715e-94 1.32380699371379e-95 -2.97011503233325e-96 -1.20503881797061e-96 -2.3385765767418e-96 2.10569884883672e-97 5.74293163341891e-97 2.7915496324753e-97 8.72966818086695e-98
0.108545905081613 1.76110275504596e-94 -7.21702491142288e-96 1.61848284552857e-96 6.56351878293692e-97 1.27317388204105e-96 -1.14586216415469e-97 -3.12370003983616e-97 -1.51767978387599e-97 -4.74385286089507e-98
-0.875227547648338 1.14104038202658e-92 -4.67678626089743e-94 1.04898838311517e-94 4.25473810023597e-95 8.25462988140616e-95 -7.43047045952971e-96 -2.02594461456027e-95 -9.84493771741767e-96 -3.07778925557176e-96
0.0965227659281417 -4.21203603172906e-94 1.72719386461317e-95 -3.87585067012385e-96 -1.57279556086792e-96 -3.0528145658591e-96 2.74930424273441e-97 7.49959865554982e-97 3.64609252012172e-97 1.14040245316219e-97
0.103875513879314 2.08412275303142e-94 -8.53690443746219e-96 1.91360961351093e-96 7.75683247896209e-97 1.50396331589594e-96 -1.35295436447296e-97 -3.68655518289297e-97 -1.79032390895101e-97 -5.59348033087216e-98
-0.631558214876575 -5.56867260760174e-93 2.28334088589283e-94 -5.12349863297533e-95 -2.07893852942227e-95 -4.03496197402467e-95 3.63355161136087e-96 9.91096461885377e-96 4.81808904340842e-96 1.50686510428149e-96
-2.05658610606327 -2.61690237910766e-92 1.07268828308607e-93 -2.40622520746837e-94 -9.7606350782253e-95 -1.89383688605962e-94 1.70490848205066e-95 4.64892129200326e-95 2.25931890119564e-95 7.06388225280784e-96
0.218990415886357 -1.74123273228342e-94 7.13531443547866e-96 -1.60009719963046e-96 -6.48871828047546e-97 -1.25861933950455e-96 1.13272406171471e-97 3.08778257571167e-97 1.50018133759943e-97 4.68901497492777e-98
0.229553122491422 3.95630552208595e-95 -1.6124645560794e-96 3.59625925100296e-97 1.45035531131519e-97 2.7977173921758e-97 -2.50386201568917e-98 -6.78722826921991e-98 -3.27892445488235e-98 -1.01904505214017e-98
0.122362888743869 -4.58205184011302e-94 1.8788835719289e-95 -4.2161552075119e-96 -1.71085226615774e-96 -3.32071229309761e-96 2.99050220023971e-97 8.15736236576875e-97 3.96579019368598e-97 1.24036761608304e-97
-1.83517155125671 -1.26437280960843e-92 5.18275581399567e-94 -1.16258050510017e-94 -4.71589755116323e-95 -9.15015280545676e-95 8.23732697167506e-96 2.24614016119887e-95 1.09159512867821e-95 3.41292595395712e-96
-1.75570759461692 -2.59864001070356e-92 1.06494717101368e-93 -2.38828755649894e-94 -9.6855463553683e-95 -1.87881583014551e-94 1.69097890678347e-95 4.60982754487333e-95 2.23977954427214e-95 7.00110078713546e-96
0.0634180725221857 -1.92246017768748e-95 7.92443628094739e-97 -1.7874984755777e-97 -7.29107751039177e-98 -1.42249323859467e-97 1.28763444376201e-98 3.53034832613712e-98 1.72507041531153e-98 5.42284070112558e-99
-1.5055886379339 1.41942753394631e-92 -5.81789578769558e-94 1.30495419624777e-94 5.29302036720306e-95 1.0269148888798e-94 -9.2439851472964e-96 -2.52044106273588e-95 -1.22480787863049e-95 -3.82912784933806e-96
0.155661621880654 2.13508165302792e-94 -8.74414620188452e-96 1.95973110704436e-96 7.94244219609635e-97 1.53969167066056e-96 -1.38486325346232e-97 -3.77287199693991e-97 -1.83193852185936e-97 -5.72255157527781e-98
0.144967201000889 -3.716957861114e-94 1.52373170623711e-95 -3.4182688067939e-96 -1.38670189249019e-96 -2.6908086574397e-96 2.42257176356977e-97 6.60637510211077e-97 3.21088054376259e-97 1.00398162497497e-97
-0.979029985483236 -6.76727538422298e-93 2.7740899302145e-94 -6.22305931788037e-95 -2.52444790246921e-95 -4.8983698544251e-95 4.40992028165353e-96 1.20254828679729e-95 5.84451567345105e-96 1.82740623995186e-96
-1.61075875382339 1.4217838249968e-92 -5.8272697310054e-94 1.30699320641266e-94 5.30103345114216e-95 1.02841969966328e-94 -9.25708329601469e-96 -2.52389053143545e-95 -1.22642505371654e-95 -3.83399924978229e-96
0.0897160309673472 -3.11490728586687e-94 1.27734144884863e-95 -2.86645950874545e-96 -1.1632254419693e-96 -2.25790087042512e-96 2.03348073277352e-97 5.54712664855211e-97 2.69693530740223e-97 8.43555687987771e-98
0.1283715561829 -2.49999019734452e-94 1.02549923309289e-95 -2.30202095457458e-96 -9.34463736424456e-97 -1.81442283256773e-96 1.6345896221773e-97 4.46037911757673e-97 2.16924802649663e-97 6.78714930261313e-98
0.387667752831731 -4.50794793756301e-94 1.84901564685753e-95 -4.15029693775958e-96 -1.68460075664786e-96 -3.27067712564174e-96 2.9462699174096e-97 8.03896581173533e-97 3.90932901830548e-97 1.22305224796305e-97
0.152034211784691 -4.43951660185474e-94 1.81976052370768e-95 -4.08196807276455e-96 -1.65578568976203e-96 -3.21263529335551e-96 2.89209678133957e-97 7.88600284388274e-97 3.83243984272744e-97 1.19821410477023e-97
-2.5457925660087 1.21683578170028e-92 -4.9900286661831e-94 1.11982684011773e-94 4.54441323625218e-95 8.82119644307818e-95 -7.94458506777182e-96 -2.16724300681838e-95 -1.05370311483776e-95 -3.29586590783996e-96
0.108997460528483 4.56302934315999e-95 -1.86500976395711e-96 4.17138400434611e-97 1.68714633338471e-97 3.26394199633265e-97 -2.92968199638772e-98 -7.96499439813483e-98 -3.85939263607002e-98 -1.20305992033378e-98
-1.05254595259116 -3.70158894299567e-93 1.5167104279668e-94 -3.4008985121663e-95 -1.37899767974889e-95 -2.67458179780365e-95 2.40681125579189e-96 6.56025315810056e-96 3.18693479679704e-96 9.96015563227147e-97
0.0996503050049439 1.91197322608864e-94 -7.83770747303632e-96 1.75821742187956e-96 7.13238437618112e-97 1.38394602954185e-96 -1.24594001644248e-97 -3.39756126172148e-97 -1.65124393918425e-97 -5.16291895512852e-98
2.2710063182133 1.47477447990975e-93 -6.05206260128219e-95 1.35912059971218e-95 5.5193980090008e-96 1.07213182372079e-95 -9.66270528903749e-97 -2.63780063852731e-96 -1.28339248453008e-96 -4.01714636964887e-97
-0.761266307830416 5.62029481671953e-93 -2.30443926112803e-94 5.17068702246326e-95 2.09802375753007e-95 4.07188346445013e-95 -3.66669157806338e-96 -1.0001062482423e-95 -4.86174546039026e-96 -1.52047388449102e-96
0.149714380131568 -1.88196904221684e-94 7.71644467766775e-96 -1.73140672816791e-96 -7.02522738825168e-97 -1.36346729329237e-96 1.22778813536295e-97 3.3488456072207e-97 1.62795127977692e-97 5.09129920211016e-98
0.099882452145589 -1.74410997553029e-94 7.15344471202396e-96 -1.60558627062612e-96 -6.51675625781295e-97 -1.26518007326414e-96 1.13963966702902e-97 3.10939385870432e-97 1.51202328705689e-97 4.730228730587e-98
2.07521124664769 1.89701672865938e-93 -7.78128737561538e-95 1.74666130757548e-95 7.08998382075802e-96 1.37659031735524e-95 -1.24010487174767e-96 -3.38380221205009e-96 -1.64560644006265e-96 -5.14858387857434e-97
0.12070900164873 2.44785852404569e-94 -1.00348631792141e-95 2.25119547817902e-96 9.13258911203115e-97 1.77213665966847e-96 -1.59549113503504e-97 -4.35094998872051e-97 -2.11469576488539e-97 -6.61229408968236e-98
0.252319562309509 -6.50606139997541e-94 2.6675038027194e-95 -5.98506546559298e-96 -2.42835446208714e-96 -4.71279115841256e-96 4.24364029529265e-97 1.15742219347761e-96 5.62625636317744e-97 1.75949506505355e-97
0.855235349220449 1.85187876266411e-93 -7.5975683027472e-95 1.70574290060214e-95 6.92519134587457e-96 1.34484691600918e-95 -1.21173627250852e-96 -3.30701500223528e-96 -1.60856501957059e-96 -5.03363623753436e-97
-0.572967806856404 9.24652859980225e-93 -3.79097439462928e-94 8.50549923123965e-95 3.45086477513876e-95 6.69697794824021e-95 -6.03009156220629e-96 -1.64460524469509e-95 -7.99417700980053e-96 -2.49992240406024e-96
-0.160891324761732 1.55276212788785e-93 -6.3684746142229e-95 1.42936379810101e-95 5.8013537432254e-96 1.12626024025525e-95 -1.0144772397438e-96 -2.76782501265551e-96 -1.34588922683199e-96 -4.21037446547222e-97
-0.511433019884627 8.1343698369035e-93 -3.33535128918416e-94 7.4840399557399e-95 3.03675537832905e-95 5.89394854352811e-95 -5.30758556160443e-96 -1.44770614463682e-95 -7.03782039927941e-96 -2.20108413648983e-96
-0.838641057381084 -7.53061132458717e-93 3.08672938521103e-94 -6.92378495143859e-95 -2.80845599645904e-95 -5.44896901194789e-95 4.90518089766546e-96 1.3374831224829e-95 6.49973698131165e-96 2.03209402600469e-96
0.106775817722741 1.21894200768875e-94 -4.98485555716359e-96 1.11556460424411e-96 4.51452235291518e-97 8.73871183054444e-97 -7.84825028118243e-98 -2.1349449149608e-97 -1.0350718020599e-97 -3.22842409328726e-98
0.0818133894990236 -5.22218551212688e-95 2.1413546217325e-96 -4.80509896875843e-97 -1.9498260661753e-97 -3.78453759846312e-97 3.4081955932917e-98 9.29671568566776e-98 4.51969929760944e-98 1.41361401609753e-98
0.112635112995612 -2.39564425013639e-94 9.82769824298803e-96 -2.20626790538973e-96 -8.95661647124933e-97 -1.73921241647423e-96 1.56695134153928e-97 4.27613339194946e-97 2.07979929909209e-97 6.50777327497197e-98
0.169585610137102 6.63669517482143e-94 -2.71976791333451e-95 6.09941833829932e-96 2.47356851701288e-96 4.79824078973359e-96 -4.31851086183808e-97 -1.17727655211478e-96 -5.72001371748169e-97 -1.78795299766772e-97
-0.24024110742042 -4.74872683839894e-93 1.94715539359714e-94 -4.36918928698883e-95 -1.77288383928157e-95 -3.44098276805172e-95 3.09869494958785e-96 8.45216326117257e-96 4.10895377110333e-96 1.28509523059077e-96
0.177024379927371 -7.37308973160015e-94 3.0224323527225e-95 -6.78016846924058e-96 -2.75044873705691e-96 -5.33690437861715e-96 4.80473455865104e-97 1.31021360792441e-96 6.36779594774331e-97 1.99102563255815e-97
0.0670594654904809 6.53624982601843e-94 -2.68123377103716e-95 6.0189075855033e-96 2.44331788915652e-96 4.74422417173619e-96 -4.27409992331469e-97 -1.16631805576995e-96 -5.67235997228718e-97 -1.77480800606065e-97
0.100078406225384 1.68207375647286e-94 -6.88684779078172e-96 1.5430186004569e-96 6.25171839188159e-97 1.21157090983649e-96 -1.08940850065297e-97 -2.96704261417953e-97 -1.44022220127914e-97 -4.49753196708267e-98
-0.63117384094809 -1.04868564799681e-92 4.29867981338045e-94 -9.64276553779739e-95 -3.9115348155727e-95 -7.58954078979242e-95 6.83247135183872e-96 1.86308545900374e-95 9.05444778232699e-96 2.83094707106931e-96
0.0921493123608474 -9.1466093714819e-96 3.77202127535619e-97 -8.51248857678111e-98 -3.4738397827102e-98 -6.7807473139357e-98 6.14088920452292e-99 1.6844944325465e-98 8.23520070520679e-99 2.59007007212031e-99
-0.249756705685957 2.46100043955465e-93 -1.00952740263246e-94 2.26621592815204e-95 9.19948608298579e-96 1.78627603391566e-95 -1.60926518640925e-96 -4.39136278600634e-96 -2.13572471195454e-96 -6.68239027957322e-97
-0.58997697202223 -5.4602335914655e-93 2.2390111208289e-94 -5.0243291396221e-95 -2.03882084232489e-95 -3.9573350452954e-95 3.56386025206246e-96 9.72145377214989e-96 4.7262432253497e-96 1.47822852049318e-96
-0.405705515374579 -2.60045472264966e-93 1.0661229036812e-94 -2.39189360304633e-95 -9.70410296576037e-96 -1.883178604365e-95 1.69559261892076e-96 4.62427901168656e-96 2.24771191053316e-96 7.02874393151187e-97
0.108225719294365 5.11197394154646e-95 -2.09821782973122e-96 4.71290336314087e-97 1.91427736720004e-97 3.71914563876369e-97 -3.35254650931874e-98 -9.15373550500347e-98 -4.45446373779268e-98 -1.3945444785889e-98
0.252267508362502 -1.57581012038315e-94 6.45933695755444e-96 -1.44893512477043e-96 -5.87745394568144e-97 -1.14038749445787e-96 1.0266204005781e-97 2.79936922404888e-97 1.36045733396596e-97 4.25353951864814e-98
-0.486813369394629 1.18538448251634e-92 -4.8597009951475e-94 1.09027657366144e-94 4.42326522440125e-95 8.58365141402345e-95 -7.72850103836206e-96 -2.10771161524945e-95 -1.02447515055577e-95 -3.20355616852586e-96
0.512991055008901 1.59550303724265e-94 -6.5433906139172e-96 1.46853842009098e-96 5.96001542292413e-97 1.15699819490478e-96 -1.04210750084263e-97 -2.84305670649399e-97 -1.38239858706843e-97 -4.32436311159652e-98
0.111078695962484 -9.49053249450873e-95 3.89012598453427e-96 -8.72597264200907e-97 -3.53951267585273e-97 -6.86746042186563e-97 6.18220273255162e-98 1.6857117825074e-97 8.19215204433029e-98 2.56125985911342e-98
-1.03185879468694 -1.21852103329197e-92 4.99549053006293e-94 -1.12072741040579e-94 -4.54674858240123e-95 -8.82316906087857e-95 7.94405588546946e-96 2.16646973231001e-95 1.05302141849566e-95 3.29277746754123e-96
0.0906569633790998 -3.75594294489876e-94 1.54039743479351e-95 -3.45719195612301e-96 -1.40311561038769e-96 -2.72386950122084e-96 2.45342807314592e-97 6.69349853958139e-97 3.25467346785724e-97 1.01812812827436e-97
0.0992528147055628 6.92197776187068e-96 -2.83457321811123e-97 6.35205649950189e-98 2.57402356394047e-98 4.98914068909872e-98 -4.48668226086397e-99 -1.2221085309828e-98 -5.93281329788909e-99 -1.85286737413046e-99
0.312696471698899 -9.91775829087858e-95 4.0698845029808e-96 -9.13960864322157e-97 -3.71152519497065e-97 -7.20941701730209e-97 6.49743760061368e-98 1.77368682291969e-97 8.62951151608752e-98 2.70107280586137e-98
-0.347629545882368 1.46978352616571e-94 -6.0002973391108e-96 1.34048126521553e-96 5.41526336952499e-97 1.04638818444414e-96 -9.38105586951172e-98 -2.54738632166788e-97 -1.2328312139014e-97 -3.83834872129344e-98
0.109592116885685 -1.13038091350011e-94 4.63583160196434e-96 -1.04041780987956e-96 -4.22247944172076e-97 -8.19691766856804e-97 7.38292031655056e-98 2.01418327589202e-97 9.79365015078413e-98 3.06359489609554e-98
-0.576378449139013 -5.93800031535522e-93 2.43510629635044e-94 -5.46477644294304e-95 -2.21771633031278e-95 -4.30489267629901e-95 3.87715101838641e-96 1.05768361618983e-95 5.14248585644538e-96 1.60853700973624e-96
0.0865543081639759 -1.35383871706439e-94 5.54791145624823e-96 -1.24413847161413e-96 -5.04529858993936e-97 -9.78650462141806e-97 8.80769424207497e-98 2.40098453411445e-97 1.1665157379969e-97 3.64613129295662e-98
0.0449662892318717 -8.2982439095996e-94 3.40464248353868e-95 -7.64422901238168e-96 -3.10366666059474e-96 -6.02752862149235e-96 5.4312230024518e-97 1.48234314303708e-96 7.21064677301415e-97 2.25652633714882e-97
-1.67649725167141 -2.44120424170664e-92 1.00051655375037e-93 -2.24399093922428e-94 -9.10116368980557e-95 -1.76561244031059e-94 1.58923374245043e-95 4.33284080989853e-95 2.10538655836959e-95 6.58159976830614e-96
