0.132569592285691 -1.43048962091425e-43 7.02560200458307e-45 -1.88834371522595e-45 -9.17866666216428e-46 -2.13413970994989e-45 2.30240720810086e-46 7.52412688740526e-46 4.38254513738465e-46 1.6423260400413e-46
0.0746177108063968 -7.3157406332577e-44 3.59414117752088e-45 -9.66341964986546e-46 -4.69859270192849e-46 -1.09282258668943e-45 1.17936373996548e-46 3.85532300881149e-46 2.24631308535651e-46 8.42059352547276e-47
0.12501467240312 -3.16565228040743e-44 1.55913781787462e-45 -4.20244004087757e-46 -2.04840893782361e-46 -4.77610186848321e-46 5.1670616289832e-47 1.69326722920665e-46 9.89010287137331e-47 3.71651556456814e-47
0.174678308059516 3.97265502535783e-44 -1.94373401467392e-45 5.20457964289249e-46 2.52016896491361e-46 5.8373057665949e-46 -6.2734336484943e-47 -2.04224037315858e-46 -1.18494630332282e-46 -4.42330701835448e-47
-2.29847911005547 -5.93274957022303e-42 2.91190103410318e-43 -7.82159958615594e-44 -3.79940244575327e-44 -8.82834744618556e-44 9.5182975679754e-45 3.10851899242877e-44 1.80943832553618e-44 6.77635950452109e-45
0.10487057933929 -2.60388266645937e-43 1.27854572429769e-44 -3.43565703907859e-45 -1.66956913531591e-45 -3.8810007291968e-45 4.18599878298882e-46 1.3676317431678e-45 7.96407928970753e-46 2.98376550292039e-46
-1.96552676172207 1.52858740896557e-41 -7.50264902668752e-43 2.01528990314263e-43 9.78951890326653e-44 2.27472940635035e-43 -2.45252842462994e-44 -8.00963851835806e-44 -4.6623832460742e-44 -1.74608584104966e-44
0.576492684329934 1.05408025653905e-44 -5.12513656264623e-46 1.36361319164384e-46 6.56043123942985e-47 1.50963418707624e-46 -1.61168274898676e-47 -5.21138938649337e-47 -3.00313048911599e-47 -1.11328638038927e-47
0.195757385420024 -1.88941463129974e-43 9.27578283009829e-45 -2.49214064457257e-45 -1.21086458930533e-45 -2.81425414603648e-45 3.03491895676427e-46 9.91392375931901e-46 5.77218671239659e-46 2.1622099850729e-46
0.0861115874416025 -5.96846508936637e-45 2.97321053909084e-46 -8.10418335234117e-47 -3.99409025491183e-47 -9.41449739119696e-47 1.02948564728892e-47 3.40947741252119e-47 2.01225534780803e-47 7.63966281408639e-48
0.0751984030163216 6.16711639859646e-43 -3.02938839069608e-44 8.14379204527847e-45 3.95912922845678e-45 9.20698879630134e-45 -9.93463302788548e-46 -3.24713965110928e-45 -1.89167556547266e-45 -7.0901475584259e-46
0.285960836992689 -2.93515832528503e-43 1.44164403336962e-44 -3.87510396762476e-45 -1.88369189629756e-45 -4.38007171268352e-45 4.72572838747585e-46 1.54444028632831e-45 8.99642455762663e-46 3.37156550431435e-46
0.497226501906327 -7.3093231064096e-43 3.58975325877236e-44 -9.64829949770697e-45 -4.68962449892588e-45 -1.09036055050008e-44 1.17630055004119e-45 3.84398092707786e-45 2.23893007083767e-45 8.39001230989688e-46
0.0843461025380219 -1.91103638419152e-43 9.38548671501942e-45 -2.52257028427108e-45 -1.22611374361121e-45 -2.85077475896792e-45 3.07546685738912e-46 1.00501800928165e-45 5.85373300997137e-46 2.1935858293144e-46
0.0964616318126283 -7.042416048617e-44 3.45961706317408e-45 -9.30107661811075e-46 -4.52209445661153e-46 -1.05169765125004e-45 1.13490207009127e-46 3.70971654309154e-46 2.161322361076e-46 8.10142154131732e-47
0.116765860383374 2.49473897517279e-44 -1.21872846712915e-45 3.25817648899108e-46 1.57518039325109e-46 3.64265078702344e-46 -3.90847668454881e-47 -1.27027793803708e-46 -7.35821890964108e-47 -2.74217773766303e-47
-0.632627475308749 -2.96713978984015e-42 1.4567909763662e-43 -3.91430843073916e-44 -1.90201433304543e-44 -4.42096543431543e-44 4.76800154904219e-45 1.55765127563393e-44 9.06985382591921e-45 3.39776178890322e-45
-0.795599101846671 6.05468136509592e-42 -2.97223088620556e-43 7.98495260467233e-44 3.87938666416404e-44 9.01567755368547e-44 -9.72186513221408e-45 -3.1755238334438e-44 -1.84874644298421e-44 -6.9247149127246e-45
0.107125877799193 -1.24059209384168e-43 6.0949626941115e-45 -1.63874680188483e-45 -7.96808212985058e-46 -1.85327785578683e-45 2.00006174871935e-46 6.5382428719898e-46 3.80956246000461e-46 1.42807801967769e-46
-0.776592667614734 4.72147030863943e-42 -2.31780267426829e-43 6.22693355895821e-44 3.02533140696784e-44 7.03098679640567e-44 -7.58185638444471e-45 -2.47656319583759e-44 -1.44184804082461e-44 -5.40072628184525e-45
0.896125270609866 1.20167247414606e-42 -5.90312433640081e-44 1.58699849962458e-44 7.7156451526885e-45 1.79437318619338e-44 -1.936285680747e-45 -6.32908428793377e-45 -3.68730222075501e-45 -1.38209973161972e-45
0.175876727011261 -1.50644273117578e-43 7.39705963874118e-45 -1.98776242171353e-45 -9.65986530074013e-46 -2.2455490943317e-45 2.42208996795927e-46 7.91357758677569e-46 4.60841904761588e-46 1.72660879342812e-46
0.117764657469372 -7.27788510702645e-44 3.57236532389354e-45 -9.59632587223418e-46 -4.66181395779493e-46 -1.08330155539986e-45 1.16804511167636e-46 3.81491029642567e-46 2.22077794522464e-46 8.31741581683433e-47
0.123783117839119 -8.25624174815291e-44 4.05804600626829e-45 -1.09156621006611e-45 -5.30987293792276e-46 -1.23555690815761e-45 1.3340045159328e-46 4.36281113807196e-46 2.54314850188194e-46 9.53761098183371e-47
0.130340263191687 -9.12728607404978e-44 4.48234238210114e-45 -1.20466723051201e-45 -5.85504515657703e-46 -1.36125075555959e-45 1.46845990992767e-46 4.79844780818361e-46 2.79470391757456e-46 1.0472094716655e-46
0.102291967115399 2.24562391913756e-43 -1.10405657141761e-44 2.97060052943928e-45 1.44543372609761e-45 3.36431589423032e-45 -3.63338440761487e-46 -1.1886132612639e-45 -6.9305238844256e-46 -2.59988543258909e-46
0.384619551577567 -1.97204533796887e-43 9.68212481997335e-45 -2.60149577252635e-45 -1.26408597750385e-45 -2.93815562598648e-45 3.16875755746437e-46 1.03518485469488e-45 6.02758180460466e-46 2.25803675121958e-46
-0.479123082577085 3.31556936133535e-42 -1.62813211880527e-43 4.37542033959783e-44 2.12642909736374e-44 4.94341042839981e-44 -5.33234712142126e-45 -1.74230740231216e-44 -1.01467603284386e-44 -3.80182967812011e-45
-0.560875518653124 2.62300683733034e-42 -1.2880774795071e-43 3.46165099646012e-44 1.68238612596607e-44 3.91122528527898e-44 -4.21906371562866e-45 -1.37858668458435e-44 -8.02875942719215e-45 -3.00833061165136e-45
0.118346311269517 -1.05687916638231e-43 5.19373775536967e-45 -1.39679685558128e-45 -6.7934034559306e-46 -1.58046959469883e-45 1.70608554646735e-46 5.57866172798578e-46 3.25128802831223e-46 1.21911152448118e-46
-1.54632424788001 1.10361761987661e-41 -5.41680083224944e-43 1.45500880160852e-43 7.06788151906252e-44 1.6423187024129e-43 -1.77068576832692e-44 -5.78282539438964e-44 -3.36616045457015e-44 -1.26064289693396e-44
0.0236779447679108 -3.170102851492e-43 1.55739375630557e-44 -4.18718538966714e-45 -2.03585578956838e-45 -4.73496250540493e-45 5.10977917119429e-46 1.67033052630276e-45 9.7319312191031e-46 3.64802958821031e-46
0.088476124220349 8.9307436876232e-44 -4.39987592158436e-45 1.18628332600722e-45 5.78407629901275e-46 1.34902768356477e-45 -1.45989068003128e-46 -4.7855416516498e-46 -2.7959847785453e-46 -1.05098821257334e-46
-0.494717350637453 7.05842498179036e-43 -3.46579984638505e-44 9.31317390493916e-45 4.52577420514674e-45 1.05204093587137e-44 -1.13471899094826e-45 -3.70730724900113e-45 -2.15886276757175e-45 -8.08824081757663e-46
0.356742574976579 -7.19610438174944e-44 3.53483900929153e-45 -9.50256153252587e-46 -4.61969161290663e-46 -1.07431137476646e-45 1.15921395310665e-46 3.78888922244332e-46 2.20727642421981e-46 8.27302683382629e-47
0.119389496872562 -1.10199357304376e-43 5.4168922769884e-45 -1.45720244845306e-45 -7.08909045763891e-46 -1.64970285933103e-45 1.78129915826284e-46 5.82616217763657e-46 3.39644412860375e-46 1.27388129637094e-46
-0.849313562879163 5.7845972112356e-42 -2.83956774665029e-43 7.62833723706439e-44 3.70602589278199e-44 8.61254650271295e-44 -9.28689678233796e-45 -3.03336177803757e-44 -1.7659320184466e-44 -6.61433691840383e-45
0.0901940243607534 -6.7970027489356e-44 3.33728349219091e-45 -8.96742074050497e-46 -4.35755785687043e-46 -1.01289306355532e-45 1.09244654310649e-46 3.56904151925676e-46 2.07825790301423e-46 7.78592289881475e-47
0.101036570241199 -3.65519812289421e-44 1.79783676878525e-45 -4.83936124579495e-46 -2.35573617769733e-46 -5.48541813053046e-46 5.92664131548778e-47 1.93964395342575e-46 1.13143988328362e-46 4.24622914980937e-47
-0.727549780744765 -5.53168156065624e-42 2.71539943445912e-43 -7.29472276323564e-44 -3.54392686812185e-44 -8.23578980415403e-44 8.88058635193452e-45 2.90063149702453e-44 1.68864994971476e-44 6.32483561021438e-45
-1.60389728474838 -1.25132670402547e-41 6.14179553639926e-43 -1.64975134362095e-43 -8.01387377738514e-44 -1.86213441197503e-43 2.00768427549734e-44 6.55683593791802e-44 3.81671165551002e-44 1.42937736889998e-44
0.214814678498077 1.16232769930056e-43 -5.70101939971959e-45 1.530291998953e-45 7.42841790035933e-46 1.72489327071828e-45 -1.85841776424474e-46 -6.06510509787877e-46 -3.52800182028273e-46 -1.32032588301926e-46
0.255154692311225 -1.62579990747287e-43 7.98675931568924e-45 -2.14720097137622e-45 -1.04394054453891e-45 -2.42785898205331e-45 2.61991448807473e-46 8.56377770719114e-46 4.98930314831028e-46 1.87015248615285e-46
0.110567618316161 -6.8238052530418e-44 3.35394769556882e-45 -9.02162314728057e-46 -4.38848066228044e-46 -1.02114745213672e-45 1.10250059357906e-46 3.60565322028966e-46 2.10177129075038e-46 7.88224109576774e-47
-1.68516597073537 -4.0876061403958e-42 2.00699469934581e-43 -5.39289294837726e-44 -2.62058433558005e-44 -6.09142497413841e-44 6.56984945844562e-45 2.14637865628675e-44 1.24983676135526e-44 4.68233691731321e-45
-1.86248335339508 -8.51692976468179e-42 4.18049067857281e-43 -1.12297457805463e-43 -5.45523467685731e-44 -1.26765609667939e-43 1.36680104246905e-44 4.46399436801996e-44 2.59859193311761e-44 9.73228967610479e-45
0.110118192700987 1.04215364951793e-43 -5.11368106100455e-45 1.37319971181335e-45 6.66859476014449e-46 1.54909894029393e-45 -1.66970418375781e-46 -5.45147601829833e-46 -3.17237482134794e-46 -1.18772823742952e-46
-1.30218824055658 7.84767339918563e-42 -3.85159525546892e-43 1.03451996656957e-43 5.02502236421295e-44 1.16756658968574e-43 -1.25875497473894e-44 -4.11069510836925e-44 -2.39268476649056e-44 -8.96021100728098e-45
0.175565173520522 -5.29810036634086e-44 2.6037859572204e-45 -7.003084635237e-46 -3.40623683564017e-46 -7.9251105521521e-46 8.55563368172602e-47 2.79778310046941e-46 1.63069424648096e-46 6.1149660821441e-47
0.180309172168909 -1.84431990341259e-44 9.10266938611443e-46 -2.45861402839177e-46 -1.20089068938262e-46 -2.80576876177586e-46 3.04163417656945e-47 9.98774670108822e-47 5.84541309980087e-47 2.20098210685834e-47
-0.857093563927886 -3.21245721883486e-42 1.57686847177274e-43 -4.23596302938046e-44 -2.05783146062714e-44 -4.78202723175861e-44 5.15620565593472e-45 1.68408111214585e-44 9.80374472049663e-45 3.67183857765865e-45
-1.46536996245484 3.79648365522733e-42 -1.86396596242544e-43 5.00833053590493e-44 2.43359849634044e-44 5.65652176941521e-44 -6.10050699627028e-45 -1.99295261426449e-44 -1.16044408532819e-44 -4.34724434550734e-45
0.121467019038976 -2.53012074929741e-44 1.24903897975691e-45 -3.37442085122136e-46 -1.6485931295657e-46 -3.85267574457528e-46 4.17751101923086e-47 1.37207439881737e-46 8.03201201742144e-47 3.02499139803632e-47
0.129538025717544 -1.91647902941408e-43 9.41256005168987e-45 -2.52993973736537e-45 -1.22974112640591e-45 -2.85931480815385e-45 3.08479527729206e-46 1.00810429195663e-45 5.87193108083644e-46 2.20048892544454e-46
0.340738170892414 -1.03861902404648e-43 5.10414500017415e-45 -1.37274113522992e-45 -6.67660345438203e-46 -1.55334333738941e-45 1.67685542107036e-46 5.48325834443657e-46 3.19579087880892e-46 1.1983424266919e-46
0.133650472467801 7.03009513781177e-44 -3.44766610658574e-45 9.25309227222949e-46 4.4910579236588e-46 1.04268742806274e-45 -1.12324546774488e-46 -3.66529480285748e-46 -2.13176078782821e-46 -7.97681884079189e-47
-2.04058235738713 2.39834633023064e-41 -1.1770435197882e-42 3.16134246931875e-43 1.53550539927766e-43 3.56759525219014e-43 -3.84605575761715e-44 -1.25594316909664e-43 -7.31005155690359e-44 -2.73736880074907e-44
0.0893988948808769 7.76769982245783e-44 -3.81296971635047e-45 1.02431328912486e-45 4.97626115241908e-46 1.15642661025647e-45 -1.2469495640454e-46 -4.07281085703489e-46 -2.37102299164942e-46 -8.88054952244268e-47
-1.04483870783135 -1.17978373842112e-42 5.78935619637357e-44 -1.5547357989759e-44 -7.55064002317177e-45 -1.75410433910694e-44 1.89078832867668e-45 6.1736908814594e-45 3.59288198847833e-45 1.34525158312254e-45
0.105680947372532 -6.19219446983874e-44 3.04341591257091e-45 -8.18609494184517e-46 -3.98192774080576e-46 -9.26519896998935e-46 1.00030455611793e-46 3.27133115439935e-46 1.90683522341407e-46 7.15096409692627e-47
2.22410443550458 1.23345901378536e-42 -6.0592438159208e-44 1.62896176518132e-44 7.91962261163067e-45 1.84180169230573e-44 -1.98745532834285e-45 -6.49630873313657e-45 -3.7847076325127e-45 -1.41860275001888e-45
-0.618371759277983 2.9711435998643e-42 -1.45898803118983e-43 3.92083462098497e-44 1.9054888174079e-44 4.42974799177371e-44 -4.77823729519224e-45 -1.56124525131269e-44 -9.09224012679093e-45 -3.40669611741367e-45
0.179681761423955 -2.55603498672131e-44 1.25779506179508e-45 -3.38727412861715e-46 -1.64964522448202e-46 -3.84303347456194e-46 4.15405776960043e-47 1.36014214102069e-46 7.93763440914571e-47 2.98029535469572e-47
0.0924525272712178 6.54065453482967e-44 -3.20685518548169e-45 8.60467066145959e-46 4.17530582220282e-46 9.69136846829188e-46 -1.04374890071905e-46 -3.40502027760541e-46 -1.97987484769655e-46 -7.40655943004104e-47
1.79065398066412 1.00743667970625e-42 -4.9484326345223e-44 1.3301982348837e-44 6.46645485819595e-45 1.50369917657865e-44 -1.62245195650571e-45 -5.30270595853361e-45 -3.08901266873853e-45 -1.15772299468557e-45
0.101050618946374 -1.34803752163561e-43 6.62125177354287e-45 -1.77982336588805e-45 -8.65196516637117e-46 -2.01185801579163e-45 2.17068069162127e-46 7.09429515791621e-46 4.13255731025078e-46 1.54878530987674e-46
0.26593523031906 -1.97502619941655e-43 9.70256579177725e-45 -2.60854934203898e-45 -1.26827262020154e-45 -2.94965300990452e-45 3.18306375392648e-46 1.04048179171739e-45 6.0620567623511e-46 2.27231356906106e-46
1.05286377553642 1.38055312162358e-42 -6.78218817732834e-44 1.82341416313988e-44 8.86547407028589e-45 2.06188009710614e-44 -2.22505624975621e-45 -7.27333134175238e-45 -4.23762154457549e-45 -1.58845078211697e-45
-0.527836577716975 3.65064519272696e-42 -1.79263127452198e-43 4.81738056401997e-44 2.34116468143162e-44 5.44249003273309e-44 -5.87055734388549e-45 -1.91811960859427e-44 -1.11703895973253e-44 -4.18527137647265e-45
-0.102408275402441 6.32128074227874e-43 -3.10484647691957e-44 8.34591467985612e-45 4.05703621818436e-45 9.43384234027858e-45 -1.0178516175886e-45 -3.32655800838162e-45 -1.93776956591056e-45 -7.26226249546849e-46
-0.467004169086194 3.83252783859486e-42 -1.88191809403149e-43 5.05725420823198e-44 2.45770579953287e-44 5.71333511021416e-44 -6.16262211549031e-45 -2.01352051790542e-44 -1.17258109716804e-44 -4.39331565812469e-45
-0.714953238962934 -2.52132454447421e-42 1.23776235802331e-43 -3.32540345778618e-44 -1.61566883089699e-44 -3.7549566684501e-44 4.04923922802652e-45 1.32268524469427e-44 7.70079879189119e-45 2.88454700211422e-45
0.0897213245743473 1.44671623824657e-44 -7.04900168383429e-46 1.87949359596677e-46 9.06201843829318e-47 2.08988807037852e-46 -2.23617570449448e-47 -7.24722493810912e-47 -4.1860224279013e-47 -1.55546831718968e-47
0.121525329206798 1.05848919931219e-43 -5.19410056460386e-45 1.39486538053339e-45 6.7741472141298e-46 1.57369660161555e-45 -1.69630040625773e-46 -5.53858149566735e-46 -3.22322026386779e-46 -1.20682264114989e-46
0.0672178363134947 -8.67808720237961e-44 4.26590793129311e-45 -1.14761826705876e-45 -5.58321445433795e-46 -1.29931873456342e-45 1.40301711197669e-46 4.58907078814072e-46 2.67536286405292e-46 1.00346715763971e-46
0.142218995675198 -2.08245630681865e-43 1.0223292408359e-44 -2.7466565929678e-45 -1.33450135408515e-45 -3.10154721827697e-45 3.34467437264858e-46 1.09255673684355e-45 6.36107468252309e-46 2.38275676043883e-46
-0.235832733387879 -1.48879203506124e-42 7.31215845423126e-44 -1.96542204271235e-44 -9.55360098521864e-45 -2.22138110270894e-44 2.39659742537454e-45 7.83216430252812e-45 4.56210002570054e-45 1.70966299451986e-45
0.21669463487663 -1.63949634222851e-43 8.05107839006216e-45 -2.16369659222576e-45 -1.05157377343416e-45 -2.44471288188259e-45 2.63713309095468e-46 8.61689801503377e-46 5.01841071203785e-46 1.88037373581857e-46
0.0700687958361664 3.01491686135919e-43 -1.48111070915637e-44 3.98197463686428e-45 1.93602347605757e-45 4.50264349214494e-45 -4.85893020353394e-46 -1.58828545889037e-45 -9.25364610897885e-46 -3.46864635028238e-46
0.0938945528038854 -1.59794095610317e-44 7.87461263754717e-46 -2.12369512824683e-46 -1.03574309127119e-46 -2.41630915504365e-46 2.61556129803601e-47 8.57606225848862e-47 5.01190949267695e-47 1.88441778269449e-47
-0.691131067513527 -3.89862095956453e-42 1.91404450412994e-43 -5.14270509499403e-44 -2.49880379710346e-44 -5.80787541062393e-44 6.26351851998051e-45 2.04613377914485e-44 1.19136790385955e-44 4.46293292760632e-45
0.0966853710748678 -1.11438754804529e-43 5.47214870826838e-45 -1.47054496777448e-45 -7.14660670292986e-46 -1.66136960592637e-45 1.79204449338081e-46 5.85525898360154e-46 3.40988592842027e-46 1.27760439054717e-46
-0.341061888366287 1.70767910864627e-42 -8.38699779590423e-44 2.25426723519785e-44 1.09573428649356e-44 2.54770850414159e-44 -2.74859149043741e-45 -8.98225289031209e-45 -5.23186591632182e-45 -1.96060705307652e-45
-0.589292892033046 -4.45087504743363e-42 2.18497453969919e-43 -5.8701054883004e-44 -2.85197919801343e-44 -6.62813543941411e-44 7.14746949494515e-45 2.33468238518964e-44 1.35925046217129e-44 5.09135923028114e-45
-0.326548001331489 -3.23312968113905e-43 1.58723550712476e-44 -4.26440227817987e-45 -2.07193386988612e-45 -4.81546454885794e-45 5.19297712274675e-46 1.69632550608015e-45 9.87638849922563e-46 3.69955688703812e-46
0.0950404594006476 -8.58117775144219e-45 4.25077626382174e-46 -1.15228333129466e-46 -5.64836616551739e-47 -1.32435082511643e-46 1.44069377968456e-47 4.74709396948521e-47 2.78774819622574e-47 1.05321157814484e-47
0.209019032111983 -4.54439199534435e-45 2.24434646914541e-46 -6.06586050274149e-47 -2.96473453389207e-47 -6.93128617547021e-47 7.51878923902372e-48 2.47051101350444e-47 1.44681232439397e-47 5.45118098081742e-48
-0.624011687454115 6.89055529794506e-42 -3.38344771542522e-43 9.09208303593173e-44 4.41843397670683e-44 1.02711258274992e-43 -1.10785717692285e-44 -3.61963010806983e-44 -2.10785594050467e-44 -7.89733134545199e-45
0.607089835655853 1.17019626897299e-43 -5.74558565333718e-45 1.54386330746049e-45 7.50213220426281e-46 1.74383567213692e-45 -1.8808004592307e-46 -6.14461749237023e-46 -3.578026702541e-46 -1.34046438226736e-46
0.10724358465076 -2.881281942606e-44 1.41769372570359e-45 -3.81747811918033e-46 -1.85896218302699e-46 -4.33020110946552e-46 4.68015717907205e-47 1.53223831620418e-46 8.94102555973765e-47 3.35667951684701e-47
-1.11514493420769 -5.69999107924565e-42 2.79825802025563e-43 -7.51795815258954e-44 -3.65269148805442e-44 -8.48927639133246e-44 9.15470362943798e-45 2.99042203576753e-44 1.74107261810259e-44 6.52174591286887e-45
0.1211532530608 -2.43152685930366e-43 1.19390516779181e-44 -3.20818432560244e-45 -1.55901354943114e-45 -3.62397517374599e-45 3.90873860487525e-46 1.27703493260901e-45 7.43644359894686e-46 2.78606050540851e-46
0.0822257345392199 -1.32683779108703e-43 6.51430947895243e-45 -1.75032065848746e-45 -8.50487439821447e-46 -1.97680073757195e-45 2.13193486613566e-46 6.96465586779448e-46 4.05528808563022e-46 1.5191703056135e-46
0.384848823378805 -1.41140412515529e-43 6.93083878495924e-45 -1.86259761847076e-45 -9.0521866018416e-46 -2.10442189448451e-45 2.27001291066464e-46 7.41717779924484e-46 4.31961982914085e-46 1.61850937316562e-46
-0.482856998085152 3.93165116877862e-44 -1.92541403308926e-45 5.16028134180283e-46 2.50106587057232e-46 5.79859884632588e-46 -6.23790218972409e-47 -2.03268599775253e-46 -1.18059225439413e-46 -4.41157715378126e-47
0.0739880035535787 -1.27453447461003e-43 6.261540540864e-45 -1.68348650045572e-45 -8.18538832925882e-46 -1.90376700949339e-45 2.05449224956744e-46 6.71599036669276e-46 3.91302025077046e-46 1.46682053899042e-46
-0.562167766265816 -4.59722255461985e-42 2.25681376495049e-43 -6.06309593229017e-44 -2.94573760078107e-44 -6.84602101219945e-44 7.38241220273296e-45 2.41142018260294e-44 1.4039241885276e-44 5.25868271516823e-45
0.105674359753898 -1.2893950514461e-43 6.33228672845396e-45 -1.70189941994204e-45 -8.27195820665838e-46 -1.92321370933484e-45 2.07473616413708e-46 6.77973890556305e-46 3.94874827526159e-46 1.47968305328081e-46
0.0310779086341933 -5.84884296359102e-43 2.8724427578684e-44 -7.7202520679993e-45 -3.75243026606649e-45 -8.72445853257888e-45 9.41196667678845e-46 3.07565040043791e-45 1.79138888046076e-45 6.71282736235313e-46
-1.59457915476356 -1.07704945271655e-41 5.28650423479913e-43 -1.42003819961769e-43 -6.89814547514313e-44 -1.60291022728407e-43 1.72823152359763e-44 5.64428794451301e-44 3.28558375568983e-44 1.23049102011385e-44
