0.157170000926834 -5.5165254824482e-77 2.40078560578319e-78 -5.71775004793419e-79 -2.46254031623542e-79 -5.07307823663468e-79 4.84909979573719e-80 1.40394683266117e-79 7.24472301692798e-80 2.40514275820441e-80
0.117473772539545 -3.45219984249003e-77 1.50309479351305e-78 -3.58146697283784e-79 -1.54319933201788e-79 -3.18063058353103e-79 3.04162652331865e-80 8.81046074608027e-80 4.54855070752873e-80 1.51076011314607e-80
0.114910296145274 5.86952227697164e-77 -2.55459823660103e-78 6.08452164720034e-79 2.62069578536975e-79 5.3992911726988e-79 -5.16128902510804e-80 -1.49444359662861e-79 -7.71227315419479e-80 -2.56054944291669e-80
0.139341979495085 1.75096035024502e-77 -7.61385465019893e-79 1.81182381369866e-79 7.79673567951199e-80 1.60486591535123e-79 -1.53272806876658e-80 -4.4339470777959e-80 -2.28610693741661e-80 -7.58314882695187e-81
-2.03994107690217 -4.0393949727879e-75 1.75752314302501e-76 -4.1847514648506e-77 -1.80187446464163e-77 -3.71115647328501e-77 3.54646108896414e-78 1.02655200630818e-77 5.29600204600007e-78 1.75777436443446e-78
0.108514539174531 -4.04525724631347e-77 1.75985211136472e-78 -4.18976851620387e-79 -1.80380700084239e-79 -3.71466729869867e-79 3.54936707149262e-80 1.02726306510828e-79 5.29899857783685e-80 1.75854573339617e-80
-2.03873354998237 5.65949722834061e-75 -2.46263096315586e-76 5.86414582137161e-77 2.52520409999932e-77 5.20137470167885e-77 -4.97096895336049e-78 -1.43901009422813e-77 -7.424515493029e-78 -2.46445133204359e-78
0.556567677923707 -1.04441283371028e-76 4.54454326772706e-78 -1.08216217342076e-78 -4.65994593071418e-79 -9.59841359205104e-79 9.173169519985e-80 2.65545766926274e-79 1.37006432475143e-79 4.54768639157023e-80
0.23940804287851 1.44201366139914e-76 -6.27395064538107e-78 1.4938148035598e-78 6.43189158315772e-79 1.3246788381706e-78 -1.26585433235832e-79 -3.66401077523086e-79 -1.89021513321338e-79 -6.2735530710727e-80
0.0938755715765913 1.11544836302456e-77 -4.85757417279116e-79 1.15763960155412e-79 4.98900145952408e-80 1.02845155727359e-79 -9.83683363177658e-81 -2.84988092934741e-80 -1.47156555753872e-80 -4.8885536679644e-81
0.110131356277796 5.02285809089363e-77 -2.19080479498303e-78 5.22925080007988e-79 2.25715111980762e-79 4.66026716411177e-79 -4.46438184838877e-80 -1.29542067422023e-79 -6.69947695588806e-80 -2.2290403107715e-80
0.338766850888776 -7.23519261116812e-77 3.14925360676397e-78 -7.50152255426238e-79 -3.2313039177082e-79 -6.65788717038842e-79 6.36497372640725e-80 1.84313432093721e-79 9.51259817718789e-80 3.15856251208243e-80
0.498087814168488 -1.07050263771129e-76 4.66278325652023e-78 -1.1114421450614e-78 -4.79087674059328e-79 -9.87809662939602e-79 9.45002599684721e-80 2.7383743781533e-79 1.41427653755703e-79 4.69919977843066e-80
0.0969133960078283 -8.98768487514105e-78 3.92356910955367e-79 -9.37339512103666e-80 -4.04945947473137e-80 -8.36807079143382e-80 8.0233016920068e-81 2.33012394964749e-80 1.20610374240137e-80 4.01639501133547e-81
0.102284125552124 -7.26090761299886e-77 3.16145335641858e-78 -7.53298086287674e-79 -3.24588796128496e-79 -6.69006586825158e-79 6.39777251702919e-80 1.85322159340863e-79 9.56770278058372e-80 3.17787000931658e-80
0.0989010243793541 -2.17933053936779e-77 9.49286740519584e-79 -2.26285159243452e-79 -9.75441962944116e-80 -2.01130130527408e-79 1.9242190001836e-80 5.57612050500032e-80 2.87999477680544e-80 9.56972616606348e-81
-0.59520076847311 -1.47134974219337e-75 6.40329598832514e-77 -1.52501881222512e-77 -6.56800003381479e-78 -1.35307242902328e-77 1.293332585853e-78 3.74454709746496e-78 1.93227922632658e-78 6.41487717537236e-79
-0.737893355607769 1.72221599564422e-75 -7.49450402388419e-77 1.78476940064467e-77 7.68612811556082e-78 1.58329941669614e-77 -1.51328153540733e-78 -4.38103061720992e-78 -2.26055108280949e-78 -7.50412755320373e-79
0.118076221241819 -1.19688554881264e-77 5.22042928818186e-79 -1.24607153056716e-79 -5.37855053356196e-80 -1.11049521673607e-79 1.06382114467612e-80 3.08687938677339e-80 1.59643570184991e-80 5.31166036465428e-81
-0.87497923534817 2.28157270516103e-75 -9.92801874852303e-77 2.36414875157322e-77 1.01805982745269e-77 2.09701591081598e-77 -2.00415542078417e-78 -5.80177580181297e-78 -2.99344971588762e-78 -9.93644048080909e-79
0.965115525832008 5.18582349230136e-76 -2.25793551179384e-77 5.38008968648603e-78 2.31821671553304e-78 4.77802830951719e-78 -4.56924974626132e-79 -1.32355255966378e-78 -6.83312262290003e-79 -2.26957911353601e-79
0.176813383330851 -2.56174327304336e-77 1.11575862454462e-78 -2.65943090119976e-79 -1.14628692131441e-79 -2.3633484836422e-79 2.26080610295408e-80 6.55086456123707e-80 3.38310349587636e-80 1.1240345765848e-80
0.123358552173128 7.04008221945434e-78 -3.05992014986467e-79 7.27819148363918e-80 3.13054696657459e-80 6.44086130850788e-80 -6.14845439037892e-81 -1.77780800290515e-80 -9.16183026338086e-81 -3.03755713539702e-81
0.129079543733181 1.13527861175578e-77 -4.93800214905375e-79 1.17539454734708e-79 5.05943480402487e-80 1.0417173611753e-79 -9.95173239497905e-81 -2.87969829859613e-80 -1.48517083055398e-80 -4.92780273973158e-81
0.110269179997824 2.21535433483291e-77 -9.63297103114244e-79 2.29224160351941e-79 9.8638387202306e-80 2.03030179622427e-79 -1.93899022489537e-80 -5.60905433884643e-80 -2.89190675963553e-80 -9.59236943451101e-81
0.088408021682104 2.39238870240376e-76 -1.04161197011694e-77 2.48178637165508e-78 1.06932421266125e-78 2.20386308275601e-78 -2.10746974129603e-79 -6.10433332372489e-79 -3.15135184859298e-79 -1.04665529770275e-79
0.411461339540347 -1.70898675752152e-76 7.4345142283354e-78 -1.76990714161381e-78 -7.61964449784531e-79 -1.56909382009707e-78 1.49921670733355e-79 4.33890198312105e-79 2.23808614187541e-79 7.42714072447855e-80
-0.370671631421388 9.39939194957433e-76 -4.0911036611611e-77 9.74462747218556e-78 4.19736164016261e-78 8.64803741205746e-78 -8.267231076338e-79 -2.39388104344953e-78 -1.23545415560188e-78 -4.10202824473135e-79
-0.769406649551221 1.35791868623731e-75 -5.91120800219648e-77 1.40819489475957e-77 6.06646497517994e-78 1.25008245649662e-77 -1.19520661208499e-78 -3.46136422199486e-78 -1.78662418323041e-78 -5.93290062284872e-79
0.111632966315545 -9.04580127109125e-77 3.93767313606149e-78 -9.38029475937385e-79 -4.04091642861945e-79 -8.32671009705461e-79 7.96101673886679e-80 2.30549281147801e-79 1.18998300471518e-79 3.95153524499715e-80
-1.47913124757187 2.37698706721979e-75 -1.034201678433e-76 2.46245082582748e-77 1.0602692380249e-77 2.18370844616738e-77 -2.086768960479e-78 -6.04023631077716e-78 -3.11612554291229e-78 -1.0342458353513e-78
-0.0420053873270326 -1.61738284635692e-76 7.04437150536143e-78 -1.67901933751957e-78 -7.23694929115868e-79 -1.49205687540446e-78 1.4273042799845e-79 4.13568759221497e-79 2.13579938360799e-79 7.09612287640546e-80
0.158629788454295 1.44325603642599e-76 -6.28710895000449e-78 1.49879643289963e-78 6.46131232292723e-79 1.33238234326392e-78 -1.27478921035947e-79 -3.69443381826772e-79 -1.90826644349346e-79 -6.34129722593634e-80
-0.532420728751333 4.12856853540698e-77 -1.80445848566431e-78 4.31591075276744e-79 1.86671742902948e-79 3.86197049422089e-79 -3.7071053663357e-80 -1.07784220970384e-79 -5.58536260661121e-80 -1.86204380426384e-80
0.341788865769219 -3.10847241868567e-77 1.35282117526174e-78 -3.22194359809513e-79 -1.38765658060182e-79 -2.85875029550152e-79 2.73257396861113e-80 7.91166224160214e-80 4.08267928969035e-80 1.35541058310252e-80
0.084332034414278 -4.04752075715658e-77 1.76193460483522e-78 -4.19734402830751e-79 -1.80819717888737e-79 -3.72603627383775e-79 3.56245809660407e-80 1.03169772184148e-79 5.32521083941707e-80 1.76835369986926e-80
-0.705955449010719 1.90835305245253e-75 -8.30442438413849e-77 1.97762649148437e-77 8.5165811647006e-78 1.75434992380976e-77 -1.6767503002454e-78 -4.85423085533007e-78 -2.5046897075315e-78 -8.31448338487243e-79
0.0974331124500508 9.5379572238116e-78 -4.14837456983838e-79 9.87378476184515e-80 4.24986174419138e-80 8.74973761064134e-80 -8.35825580856746e-81 -2.41843996914745e-80 -1.2471985360598e-80 -4.13792733817852e-81
0.10125958331478 9.832472831276e-78 -4.26409418648859e-79 1.01196947112456e-79 4.34297085650375e-80 8.91515438041749e-80 -8.49111120219211e-81 -2.44958467174152e-80 -1.25948845345157e-80 -4.1661607931293e-81
-0.677286307182718 -6.59338621017146e-76 2.87110877199236e-77 -6.84186975003333e-78 -2.94839958628089e-78 -6.07754098236243e-78 5.81260471255462e-79 1.68388972956552e-78 8.69436922166235e-79 2.88808816361759e-79
-1.91215630480706 -4.18408032766821e-75 1.8207971042038e-76 -4.33617783342586e-77 -1.86740692186893e-77 -3.84681077190301e-77 3.67674903038336e-78 1.0644544430375e-77 5.49252078215112e-78 1.82332563953251e-78
0.211824391396641 -1.95560494813749e-77 8.50754556067211e-79 -2.02540387618477e-79 -8.71978036356691e-80 -1.7956828870268e-79 1.71575493011961e-80 4.96570605252405e-80 2.56146549230284e-80 8.50049321770165e-81
0.258286591920988 8.81244782782963e-77 -3.83296757725278e-78 9.12341580360726e-79 3.92704505939694e-79 8.08544681192252e-79 -7.72401684165285e-80 -2.23502338691379e-79 -1.15266262454131e-79 -3.82445885212613e-80
0.103829128893028 2.15877358929579e-77 -9.38426105495716e-79 2.23241811706358e-79 9.60363885852606e-80 1.9761711331147e-79 -1.88674430572961e-80 -5.45632121691121e-80 -2.81233334949636e-80 -9.32566919802045e-81
-1.6947485988013 -2.31470437128262e-75 1.00725636680051e-76 -2.39865864741072e-77 -1.03295920387694e-77 -2.1277853657642e-77 2.0336383148645e-78 5.88734503749017e-78 3.0377130415004e-78 1.00837448558107e-78
-2.26325105542569 -4.26529299242905e-75 1.85578094764893e-76 -4.41863787647597e-77 -1.90255107423735e-77 -3.91844795611933e-77 3.74449289192791e-78 1.08385636471656e-77 5.59154540314311e-78 1.85583663512377e-78
0.0947515348421247 -4.59109352808691e-77 1.99958458025989e-78 -4.76592968654199e-79 -2.05419682276961e-79 -4.23512934030734e-79 4.05128531596658e-80 1.17386764974073e-79 6.06215727181344e-80 2.01411093897243e-80
-1.32359903337715 2.65931426454416e-75 -1.15703793924828e-76 2.75492271194883e-77 1.18619879852664e-77 2.44306719607733e-77 -2.33461107099452e-78 -6.75761570145981e-78 -3.48621260496598e-78 -1.15707640949066e-78
0.159764951201553 -6.31966200613431e-77 2.74874335571113e-78 -6.54272135711476e-79 -2.81623509382841e-79 -5.79841463518605e-79 5.53924831287114e-80 1.6028475971013e-79 8.26637427487891e-80 2.74274669476014e-80
0.142001971785732 -3.97299899384386e-77 1.72909399020649e-78 -4.11815679099956e-79 -1.77367335447571e-79 -3.65405033979618e-79 3.49282522500055e-80 1.01129824599975e-79 5.21871201643443e-80 1.7325885982093e-80
-1.07445833546325 -7.01143953580222e-76 3.05342104044967e-77 -7.27696240198395e-78 -3.13617192276384e-78 -6.46516360841735e-78 6.18387107968494e-79 1.79160064353218e-78 9.25131516287365e-79 3.07336109652746e-79
-1.48016406000759 3.38078659351191e-75 -1.47087982806347e-76 3.50203530600155e-77 1.50782208260972e-77 3.10534288808935e-77 -2.96735994369741e-78 -8.58876520187812e-78 -4.43070331645818e-78 -1.47049114296488e-78
0.102939991168422 -1.65802813816918e-78 7.30687773119975e-80 -1.76195742931372e-80 -7.68221351613994e-81 -1.60195280382564e-80 1.54973726679413e-81 4.54058014978157e-81 2.37078602532411e-81 7.96285233576891e-82
0.135994039652607 -6.69136054488713e-77 2.91316937068687e-78 -6.9406667097201e-79 -2.99035779184283e-79 -6.16276005540545e-79 5.89289670823844e-80 1.70679943054201e-79 8.81085083038478e-80 2.92618156583987e-80
0.347014475367087 -4.79821360938074e-77 2.08927780863625e-78 -4.97848643712616e-79 -2.14528673469652e-79 -4.42184872415507e-79 4.22886920986325e-80 1.22502539475312e-79 6.32481757833025e-80 2.10087084589758e-80
0.172150065988632 -1.87438328163446e-77 8.16204219189786e-79 -1.94501636029427e-79 -8.38173700428445e-80 -1.727725649012e-79 1.65240627515099e-80 4.7869492204795e-80 2.47162365925828e-80 8.21020060744283e-81
-2.80221372131254 3.93827344520365e-75 -1.71388458776586e-76 4.08170171997689e-77 1.75787219960012e-77 3.62129000043431e-77 -3.46131090615059e-78 -1.00211563851862e-77 -5.17102454951227e-78 -1.71665591369561e-78
0.116465819259671 5.56257527605755e-77 -2.42079448520253e-78 5.76532451191079e-79 2.48299454988516e-79 5.115140639127e-79 -4.88923057164073e-80 -1.41554346847813e-79 -7.30444562931149e-80 -2.42492903008626e-80
-0.989360974605738 -6.64952017426167e-76 2.89323307709844e-77 -6.88906805194553e-78 -2.96635978969592e-78 -6.10966087817727e-78 5.83863918235996e-79 1.69007527494104e-78 8.7193065227344e-79 2.89404774554498e-79
0.116840330181078 3.28380191417786e-77 -1.42928252430333e-78 3.40441947663993e-79 1.46640609531079e-79 3.02130999216358e-79 -2.88826793856308e-80 -8.36333434886073e-80 -4.31621266053892e-80 -1.43309165442416e-80
2.12580670708543 4.15788135747786e-76 -1.81042094572341e-77 4.31391120190823e-78 1.85887145301106e-78 3.83140152232827e-78 -3.66410114872124e-79 -1.06139574786667e-78 -5.4798534473168e-79 -1.820156030121e-79
-0.739175728069498 1.36368294133509e-75 -5.93531163839311e-77 1.41370141597408e-77 6.08917231151151e-78 1.25455259001464e-77 -1.19928068541928e-78 -3.47258426930342e-78 -1.79211692735242e-78 -5.95014908957453e-79
0.122976366978829 -2.2828312573824e-77 9.93622747013551e-79 -2.36675599173029e-79 -1.01946436219237e-79 -2.10049110795586e-79 2.00803466579605e-80 5.81462552671065e-80 3.00091772963774e-80 9.96401989691287e-81
0.0726715790246743 -7.09546553207965e-77 3.0888653224275e-78 -7.35870219276106e-79 -3.17022448280184e-79 -6.53294451622772e-79 6.2463945702267e-80 1.80904751815077e-79 9.33796537808888e-80 3.10100618159241e-80
1.92565501620163 4.30144787397158e-76 -1.87281730524969e-77 4.46231606795215e-78 1.92270106198388e-78 3.96271974815516e-78 -3.78945218488428e-79 -1.0976392010593e-78 -5.66662534587458e-79 -1.88207734617201e-79
0.096641418592196 1.38321745226532e-77 -6.02103609649599e-79 1.43428538588763e-79 6.17853972823793e-80 1.27310924409316e-79 -1.21715637980993e-80 -3.52473598454757e-80 -1.81923128313621e-80 -6.04083134546329e-81
0.2456672141783 -6.80131194904696e-77 2.96117085864571e-78 -7.05534870466176e-79 -3.03990563337246e-79 -6.26515695778596e-79 5.99108343561667e-80 1.7353175739441e-79 8.95848055253827e-80 2.97534891507327e-80
0.885804660323493 4.16958165060624e-76 -1.81550930097602e-77 4.32602121386944e-78 1.8640834066974e-78 3.84213125717081e-78 -3.67435014244065e-79 -1.06436109739426e-78 -5.49514510600757e-79 -1.82522925028528e-79
-0.493112807537831 1.81274693640865e-75 -7.88989246145196e-77 1.87926946825405e-77 8.09456397832542e-78 1.66773837338925e-77 -1.59427694916088e-78 -4.61635949143869e-78 -2.3824132360208e-78 -7.91011041100878e-79
-0.127346866081756 2.53224119444864e-76 -1.10278084442701e-77 2.62819412005476e-78 1.13269270728909e-78 2.33505352824052e-78 -2.23348465174154e-79 -6.4709661098401e-79 -3.34146493109704e-79 -1.11007592117346e-79
-0.500081637968632 1.40749996557466e-75 -6.12743338756164e-77 1.45979845260867e-77 6.28917459709505e-78 1.29605815270994e-77 -1.23924373814725e-78 -3.5891285354082e-78 -1.8526907457779e-78 -6.15268750367972e-79
-0.724125181803124 -9.98921597491173e-76 4.34792751500743e-77 -1.03565998607032e-77 -4.4610641262122e-78 -9.19157074118732e-78 8.78703436093126e-79 2.54445552231856e-78 1.31319420929102e-78 4.36024581211661e-79
0.118657836837598 -6.68189689268897e-77 2.90818862981161e-78 -6.92674867885128e-79 -2.98347705946145e-79 -6.14675666454716e-79 5.87585010766515e-80 1.70135676225716e-79 8.78014479911017e-80 2.9151166069859e-80
0.110704518211798 -9.10121687718182e-77 3.96193303315371e-78 -9.43841074690097e-79 -4.06609058356171e-79 -8.37886688813168e-79 8.01115107443385e-80 2.32008858593174e-79 1.19755601451074e-79 3.97681228102826e-80
0.097139309545964 -1.73635692652271e-77 7.55496266270691e-79 -1.79891168246085e-79 -7.74593631881735e-80 -1.59539488532089e-79 1.52462833530209e-80 4.41326416233742e-80 2.27686674772599e-80 7.55724364819709e-81
0.158355380539514 3.6253899150443e-77 -1.57684122055331e-78 3.75322644867159e-79 1.61550196134877e-79 3.32613413453781e-79 -3.17740737606533e-80 -9.19402190759001e-80 -4.74153838016191e-80 -1.57318743539892e-80
-0.285135591738187 -7.7662096434718e-76 3.38135135173134e-77 -8.05667012894408e-78 -3.47142122392652e-78 -7.1546621048141e-78 6.84183107659027e-79 1.98178071550803e-78 1.02310566196928e-78 3.39807829215307e-79
0.221506613733232 -5.85472006243606e-77 2.54818626829553e-78 -6.06932233582023e-79 -2.61418060545504e-79 -5.38593314864694e-79 5.14858204428992e-80 1.49078238184818e-79 7.69347254034215e-80 2.55433862350457e-80
0.0852370621823129 1.32879307845541e-76 -5.78601066115865e-78 1.37874914616835e-78 5.94124957096539e-79 1.22461755188171e-78 -1.17118265454937e-79 -3.39272671052412e-79 -1.75168022123018e-79 -5.81847054256529e-80
0.098116373376494 -4.08784702134888e-78 1.78710119086558e-79 -4.27545170036523e-80 -1.84967581125712e-80 -3.82766267148958e-80 3.67508586028053e-81 1.06879837331142e-80 5.53987785259245e-81 1.84734117122178e-81
-0.710734217648676 -1.52028488582559e-75 6.61651173623623e-77 -1.57585840492e-77 -6.7872156958009e-78 -1.39828627612871e-77 1.3366012048077e-78 3.86996944431488e-78 1.99707679908748e-78 6.63024997001845e-79
0.0963298162439633 2.50933629420686e-77 -1.09104579141571e-78 2.59603248944007e-79 1.11702439298764e-79 2.29902771986569e-79 -2.19546286336404e-80 -6.35048569426627e-80 -3.27392217846002e-80 -1.08586712419803e-80
-0.279916107429914 7.48882850502821e-76 -3.2603151255393e-77 7.76764443082315e-78 3.346613188649e-78 6.89686544973401e-78 -6.59476564435657e-79 -1.91005988582681e-78 -9.85998405028138e-79 -3.27456349273443e-79
-0.699678025073556 -1.44599598458335e-75 6.29430837382249e-77 -1.49938449915011e-77 -6.45898753020015e-78 -1.33090156604323e-77 1.27241508936028e-78 3.684781121631e-78 1.90184972778138e-78 6.31522289228246e-79
-0.371026963008855 -5.54549629428886e-76 2.41272819176507e-77 -5.74460516213139e-78 -2.4734215059472e-78 -5.09408133937638e-78 4.86782251965432e-79 1.40897516585082e-78 7.26864220345808e-79 2.41240909387302e-79
0.106614746673523 -8.65700738295444e-78 3.78472953942245e-79 -9.05482271538335e-80 -3.91746836203532e-80 -8.1069065314857e-80 7.7839551607366e-81 2.26380829797301e-80 1.17342350735995e-80 3.91302067963247e-81
0.157805613855875 -3.46187923699857e-77 1.50707331725125e-78 -3.59038534519116e-79 -1.54680054964668e-79 -3.18755566897493e-79 3.04777406025906e-80 8.82689406290137e-80 4.55632636273422e-80 1.51310777198387e-80
-0.369657882716688 2.53013565304699e-75 -1.10118763133866e-76 2.62278618096723e-77 1.12966806162776e-77 2.32738830326034e-77 -2.22478578817668e-78 -6.44180447657425e-78 -3.32436320719901e-78 -1.10371602819553e-78
0.504192356732708 -3.11760127528155e-77 1.35525428040783e-78 -3.22406528147582e-79 -1.38698588381997e-79 -2.85409915357905e-79 2.7249980325983e-80 7.88065055803434e-80 4.06198478285546e-80 1.34698021237986e-80
0.107465543204349 -4.80226830993141e-78 2.09839051147169e-79 -5.01770669604274e-80 -2.16972996720189e-80 -4.48777657664898e-80 4.30678558330221e-81 1.25190223970604e-80 6.48581215938646e-81 2.16173023956759e-81
-1.10647075783151 -2.73284873980119e-75 1.18930668316576e-76 -2.83241008709923e-77 -1.21984533970114e-77 -2.51294745655507e-77 2.4019467007864e-78 6.95413746914255e-78 3.58843209205215e-78 1.19128071336644e-78
0.106922300128713 -2.6961886118055e-77 1.17402872605771e-78 -2.79763812595476e-79 -1.2055662236584e-79 -2.48496889872832e-79 2.37658044616987e-80 6.88468990690108e-80 3.55466075472567e-80 1.18075613155039e-80
0.119675911555241 -6.53650975998682e-77 2.84434206042783e-78 -6.77332104268972e-79 -2.91680760570825e-79 -6.00819229166419e-79 5.74223688732017e-80 1.66233386356583e-79 8.57702890267768e-80 2.84710400547568e-80
0.328642632606265 -1.37518670108156e-77 5.99198324292684e-79 -1.42877299474984e-79 -6.16086867284014e-80 -1.27072149998185e-79 1.21607353819256e-80 3.52507984987203e-80 1.82120716143683e-80 6.05337214179569e-81
-0.40605097685617 -1.48232929249795e-76 6.45285373832373e-78 -1.53724462262504e-78 -6.62247811358625e-79 -1.36467143284546e-78 1.3047791627071e-79 3.77873027498041e-79 1.95045686589318e-79 6.47701267664549e-80
0.0979375306511018 -1.71088721135945e-77 7.43612084451134e-79 -1.76869983256179e-79 -7.60758511203584e-80 -1.5651938063703e-79 1.49413333680172e-80 4.32025265006211e-80 2.22643023815904e-80 7.38168575232469e-81
-0.57983385012068 -1.03496235446233e-75 4.50502688157707e-77 -1.07313482616394e-77 -4.62272031012098e-78 -9.52513204732458e-78 9.1063801100585e-79 2.63706327967429e-78 1.3610589768458e-78 4.51940556688677e-79
0.101785238670525 -1.10343764933982e-76 4.80407126660024e-78 -1.14460391241693e-78 -4.93159620698505e-79 -1.01636552338658e-78 9.71882572669446e-80 2.8149957623912e-79 1.45319329414542e-79 4.82633070692354e-80
0.019521897419701 -1.47329273119965e-76 6.41682094695401e-78 -1.52944888322842e-78 -6.59229359728175e-79 -1.35915277439963e-78 1.30017405548216e-79 3.76734007788534e-79 1.94558350030191e-79 6.46417351236393e-80
-1.92943420132983 -4.41018572613325e-75 1.91904514251094e-76 -4.56980243366302e-77 -1.9678678828575e-77 -4.05344572140403e-77 3.8739500852969e-78 1.12145935877638e-77 5.78621445933257e-78 1.92067261241847e-78
