0.0890978897394989 -8.35360929214017e-26 4.35179297671598e-27 -1.24070389113244e-27 -6.3969992092472e-28 -1.57774330301728e-27 1.80559208347727e-28 6.25928664913434e-28 3.86752900046776e-28 1.53748981698046e-28
0.197471461365734 1.26191233366769e-25 -6.56895736844631e-27 1.87141085975022e-27 9.64161257006457e-28 2.37619290730914e-27 -2.7172935256915e-28 -9.41267158283288e-28 -5.81155546334563e-28 -2.3085611768649e-28
0.181339643285502 -7.07451161577992e-26 3.68796951228699e-27 -1.05216484496507e-27 -5.42860503013642e-28 -1.33981351966207e-27 1.53434659113885e-28 5.32260515400342e-28 3.29100335289836e-28 1.30918821948151e-28
0.178229706040013 -2.49334949432662e-25 1.2986410203919e-26 -3.70169698009664e-27 -1.90818636085199e-27 -4.7053566274557e-27 5.38378229560165e-28 1.86596836455463e-27 1.15272189164074e-27 4.58157368314311e-28
0.0862177361769754 3.0031783037191e-26 -1.56144221784937e-27 4.44297436758245e-28 2.2862681155326e-28 5.62768290385975e-28 -6.42765447200174e-29 -2.22379377543625e-28 -1.37131492678823e-28 -5.44060227103001e-29
-1.02071943913626 4.55669311988854e-24 -2.37280040749446e-25 6.76204881091662e-26 3.48500532581309e-26 8.59172370853255e-26 -9.82834115456693e-27 -3.40566449229708e-26 -2.10342414174834e-26 -8.35837001832086e-27
0.100887321214854 -1.03480395429571e-25 5.39206838311682e-27 -1.5376540074427e-27 -7.92994481415078e-28 -1.95629197464356e-27 2.23934239366977e-28 7.7647826799655e-28 4.79890021873444e-28 1.90820108356928e-28
0.112554035587894 -2.6415200328384e-26 1.37820503732434e-27 -3.93531071192432e-28 -2.03213184108275e-28 -5.01968025248297e-28 5.75337790986111e-29 1.99751973790706e-28 1.23612453287746e-28 4.92155943778343e-29
-0.301450307355777 -1.27016476216125e-24 6.61446286009865e-26 -1.88510193630089e-26 -9.71590406145789e-27 -2.39542940850022e-26 2.74035400595062e-27 9.49624148320777e-27 5.86543537519803e-27 2.33087280175557e-27
0.0740637065034324 -9.39076915241053e-26 4.89377735822206e-27 -1.39570328583589e-27 -7.19863629239524e-28 -1.77606664994401e-27 2.03325353819809e-28 7.05091887320367e-28 4.35816269744027e-28 1.73312981197423e-28
-1.08572122599488 2.58506262595039e-24 -1.34653016975961e-25 3.83854638664741e-26 1.97890783778285e-26 4.88018262669661e-26 -5.58431184995698e-27 -1.93564178149483e-26 -1.19586921349643e-26 -4.75348521446247e-27
-0.580052940686074 -4.16332845514216e-24 2.16826788029709e-25 -6.18003416920977e-26 -3.18549465112379e-26 -7.85442881387931e-26 8.98618617093296e-27 3.11428207268349e-26 1.92372879680303e-26 7.64538754217046e-27
-0.868629947474636 3.59345590965422e-24 -1.87189961121152e-25 5.33652414735663e-26 2.75132871458392e-26 6.78544319984131e-26 -7.7649210965473e-27 -2.69164398962743e-26 -1.66303567937275e-26 -6.61081930954541e-27
0.0853937180377529 -6.07520703748685e-26 3.16509602360021e-27 -9.02440814493598e-28 -4.65327784475055e-28 -1.1477606168739e-27 1.313611928063e-28 4.55412485802177e-28 2.81414522380997e-28 1.1188147726646e-28
-2.14792139954022 7.63189762597745e-24 -3.97453768245344e-25 1.13278224335258e-25 5.83867583190743e-26 1.4395742551288e-25 -1.64693670309454e-26 -5.70744228362763e-26 -3.52540948206431e-26 -1.40102995081567e-26
-1.36998227933761 -5.48814189147183e-24 2.85783759614263e-25 -8.14433048866573e-26 -4.19740858822071e-26 -1.03480562238994e-25 1.18374822122248e-26 4.10186704965524e-26 2.53341966454058e-26 1.00670541168318e-26
0.106562441146641 1.79972570238653e-25 -9.37167699077925e-27 2.67075364399523e-27 1.37644308588305e-27 3.39339376875061e-27 -3.8818002147602e-28 -1.34509722694735e-27 -8.30763460878793e-28 -3.30119135921706e-28
0.0856217379365559 -1.06148847389607e-25 5.53223527865532e-27 -1.57794492388052e-27 -8.13937888594994e-28 -2.00836468254028e-27 2.2994137504979e-28 7.97468550354475e-28 4.92962103752355e-28 1.96057483731127e-28
0.103152311035702 -2.07767442169391e-25 1.08258503168361e-26 -3.08711216679746e-27 -1.59202928843363e-27 -3.92736811083245e-27 4.49547338296789e-28 1.55873099317464e-27 9.6331975513505e-28 3.83036102627441e-28
0.0830587188304069 5.55617113233953e-26 -2.89114287704945e-27 8.23319284737164e-28 4.24008142721884e-28 1.04455409948266e-27 -1.19401521203057e-28 -4.13437259943336e-28 -2.55159552948045e-28 -1.01317136032222e-28
1.27698505414263 2.66365157986159e-25 -1.38785599634841e-26 3.95746709463444e-27 2.04079095770627e-27 5.03421423071505e-27 -5.76219803490625e-28 -1.99786729156805e-27 -1.23466375797923e-27 -4.9090873763766e-28
0.144868361659303 -2.57473890603534e-26 1.34418796889944e-27 -3.84053883207225e-28 -1.98441295129261e-28 -4.90482302186521e-28 5.62519238943821e-29 1.95421717084329e-28 1.21007228029392e-28 4.8208013522942e-29
-1.64659964533562 1.27831474913556e-23 -6.65681584650033e-25 1.89714701060262e-25 9.77785324308148e-26 2.41067014336295e-25 -2.75775170349632e-26 -9.55639925893647e-26 -5.90251091320513e-26 -2.34557374422799e-26
0.12377897698768 8.87403572459465e-26 -4.61937164147977e-27 1.31598218596481e-27 6.77992480922215e-28 1.67090271347955e-27 -1.9107339594915e-28 -6.61866964837819e-28 -4.08643173263422e-28 -1.62325684284121e-28
-0.528618453923804 2.49598307864472e-24 -1.29996117202436e-25 3.70531228188797e-26 1.90997344113651e-26 4.70957348309512e-26 -5.388388691848e-27 -1.86748876529258e-26 -1.15361384408221e-26 -4.58492981524441e-27
0.150667202712092 -2.1715419441975e-25 1.13120982706188e-26 -3.22495671716243e-27 -1.66269569069852e-27 -4.10065726438205e-27 4.69264115992982e-28 1.62668343995014e-27 1.00506050776235e-27 3.99531684439919e-28
0.11142965972779 -4.27256825598719e-26 2.22848181338305e-27 -6.36113718790638e-28 -3.28373724473196e-28 -8.10874541033109e-28 9.29098830229403e-29 3.22471841458533e-28 1.9949175675942e-28 7.94013299629068e-29
0.0787497844077562 -6.7274228883083e-26 3.50726922506514e-27 -1.00068013732344e-27 -5.16332710879014e-28 -1.27442958466609e-27 1.45957107243409e-28 5.06356631398816e-28 3.13105895501669e-28 1.24564953015614e-28
0.519638631551074 -1.55826891284363e-25 8.1142275120393e-27 -2.31237242568872e-27 -1.19172650034871e-27 -2.93796951821361e-27 3.36078864231273e-28 1.16454693552538e-27 7.19244104052554e-28 2.8580217775801e-28
0.0646356399797259 6.86928534242776e-27 -3.54611325464385e-28 1.00174912254482e-28 5.11719835948549e-29 1.25030303298694e-28 -1.41735478888751e-29 -4.86653562475254e-29 -2.97796793729545e-29 -1.17231513858845e-29
0.0708591757340985 4.49589988755556e-26 -2.3369143792743e-27 6.64770683352227e-28 3.41984305676683e-28 8.41568355969125e-28 -9.60932448790322e-29 -3.32364935634251e-28 -2.04898151254596e-28 -8.1269531366191e-29
0.661151567660302 -7.8979706179158e-26 4.1149595251324e-27 -1.17333383487813e-27 -6.05042635964775e-28 -1.49245891038834e-27 1.70821353250219e-28 5.92248484713724e-28 3.65990169523714e-28 1.45514052754118e-28
-0.166084265141089 1.34085560378261e-24 -6.98526520290204e-26 1.99154269763471e-26 1.02684422606275e-26 2.53262791777158e-26 -2.89842086724474e-27 -1.00478557873006e-26 -6.20853112638006e-27 -2.46816533530875e-27
0.961926104385292 2.32429853987913e-25 -1.21128429899631e-26 3.45466702665061e-27 1.78186425881942e-27 4.39637787641202e-27 -5.03313684539817e-28 -1.74543807556871e-27 -1.07888156332385e-27 -4.29055139751709e-28
0.102732867422921 -1.36204414602654e-25 7.09626637885832e-27 -2.02336655128641e-27 -1.04334404159272e-27 -2.5735492964813e-27 2.94551184232264e-28 1.02120054806854e-27 6.3105167901856e-28 2.50893163404955e-28
0.168523380554986 4.83339396726218e-26 -2.51647555010962e-27 7.1703192988401e-28 3.69480839132924e-28 9.10744697224933e-28 -1.04165532050296e-28 -3.60888239558028e-28 -2.22856017983638e-28 -8.85411863050776e-29
0.508228013140232 -5.1624490346801e-25 2.68923075490785e-26 -7.66665955023415e-27 -3.95268758515319e-27 -9.74833990991321e-27 1.11555773915679e-27 3.86701015326768e-27 2.3892526548134e-27 9.49770639567411e-28
0.0955739546740699 -1.26009524084254e-25 6.56753924345886e-27 -1.87330186737387e-27 -9.66320128133132e-28 -2.3844384483594e-27 2.73007381274913e-28 9.46857229259133e-28 5.85326360467624e-28 2.32799226344479e-28
0.00146112902765225 -1.92456347794556e-24 1.00257771277145e-25 -2.85831121318589e-26 -1.4736998076325e-26 -3.63463033815589e-26 4.15943676991118e-27 1.44188465204759e-26 8.90901849948135e-27 3.54159538853819e-27
0.0829451875104658 -8.29722190573167e-26 4.32442113837623e-27 -1.23347177469985e-27 -6.3626611476125e-28 -1.57000262433074e-27 1.79756796178807e-28 6.23436566260484e-28 3.85392156632593e-28 1.5327930153762e-28
0.0917545599370395 1.23584580092268e-25 -6.43439553874842e-27 1.83339722552197e-27 9.44741768898343e-28 2.3287402765041e-27 -2.66349407044667e-28 -9.22791975043232e-28 -5.6984785035742e-28 -2.26403658685473e-28
0.105565356526863 -1.74830409150303e-25 9.11074811787185e-27 -2.59834614745154e-27 -1.34013410543415e-27 -3.30637006134013e-27 3.7851052410013e-28 1.31258190235403e-27 8.11294356699819e-28 3.22626829555905e-28
0.0675530055995184 1.05988672568566e-25 -5.5168319038157e-27 1.57153894384619e-27 8.09595388458967e-28 1.99508794142955e-27 -2.28127978392343e-28 -7.90162113570909e-28 -4.8781666164904e-28 -1.93760936024195e-28
0.170202755584264 -8.37999343915792e-26 4.36510230991691e-27 -1.24437435331059e-27 -6.4152847524704e-28 -1.58209568581475e-27 1.81039286343222e-28 6.27530502175281e-28 3.87704120602904e-28 1.54111820408054e-28
-0.0608173862373681 9.79529018372266e-25 -5.10341373222647e-26 1.45515725657458e-26 7.5035563223363e-27 1.8508707402797e-26 -2.11840069888815e-27 -7.34449372727894e-27 -4.5385694543243e-27 -1.8044542178429e-27
-2.40192968136028 -4.39567606636796e-24 2.28850088319579e-25 -6.52051839356842e-26 -3.35986003413043e-26 -8.28155572879264e-26 9.47165138806186e-27 3.28141507581162e-26 2.02628232814439e-26 8.05023317939776e-27
0.357611715955346 -1.95346649220701e-25 1.01846236113544e-26 -2.90595876506233e-27 -1.49948368319281e-27 -3.70122540758807e-27 4.23908545849366e-28 1.4706871924518e-27 9.09434839058392e-28 3.61819855039793e-28
-2.42593275706996 -1.13870322291125e-23 5.92876453476423e-25 -1.68936494012021e-25 -8.70544065268593e-26 -2.14590113252228e-25 2.45443580885342e-26 8.50384472166091e-26 5.25148675355126e-26 2.08650259268603e-26
2.03312758078004 3.83875644001765e-24 -1.99951637369176e-25 5.69987262362401e-26 2.93841749399095e-26 7.24625605373536e-26 -8.29157490874473e-27 -2.87396988082577e-26 -1.77554164900578e-26 -7.05747543777205e-27
0.258785691374915 -3.98457603918807e-26 2.07719450954243e-27 -5.92622605556351e-28 -3.05764912761136e-28 -7.54656171424467e-28 8.64239290996555e-29 2.99806426616034e-28 1.85375168251186e-28 7.37449454707112e-29
0.0703636098263736 -7.31896807191184e-27 3.83041189296101e-28 -1.09708398302928e-28 -5.68244823297988e-29 -1.40791369677618e-28 1.61857534465917e-29 5.63643959754581e-29 3.49843279056205e-29 1.39702892903871e-29
-0.322960872304217 -2.04664966965726e-24 1.06612680380917e-25 -3.03934463735837e-26 -1.56696448764204e-26 -3.86447177169744e-26 4.42225983333187e-27 1.5329223601455e-26 9.47107954798787e-27 3.76485819958928e-27
0.159647127284459 -2.0855308660454e-25 1.08615235561836e-26 -3.09578404048738e-27 -1.59572751482962e-27 -3.93458233816723e-27 4.50154631769168e-28 1.5600791856373e-27 9.63684853668905e-28 3.82995160898059e-28
0.0854778194392026 -8.98447770327996e-27 4.69789627621919e-28 -1.34436537856596e-28 -6.95723895874437e-29 -1.72228848440297e-28 1.97831578587813e-29 6.88342749122063e-29 4.26888959201989e-29 1.70330555084734e-29
0.120092239343161 1.64889422309779e-25 -8.58220550395514e-27 2.44461263411877e-27 1.2592982706672e-27 3.10311758607762e-27 -3.54805447235123e-28 -1.22886280027269e-27 -7.58611152646117e-28 -3.01303478125247e-28
0.0839083371818724 1.38964804111151e-25 -7.23254650248896e-27 2.06007362863314e-27 1.06116209261822e-27 2.61476008796006e-27 -2.98954057501597e-28 -1.03537624010044e-27 -6.39138102193052e-28 -2.53840190323994e-28
0.0930746458165885 -4.22213356749505e-26 2.2039200488087e-27 -6.29599724506364e-28 -3.25267325097495e-28 -8.03835580112211e-28 9.21756579879302e-29 3.20174071340713e-28 1.98225079734186e-28 7.89586963725179e-29
-0.260904178052505 -8.37501058873662e-25 4.36192176642385e-26 -1.2433005597497e-26 -6.40888564258565e-27 -1.58030426207393e-26 1.8080983457842e-27 6.26650208961968e-27 3.87107662405905e-27 1.5385378245254e-27
-0.451989447064502 2.16562545698021e-24 -1.1278416414363e-25 3.2145383628714e-26 1.6569034307946e-26 4.08533371055122e-26 -4.67391690243759e-27 -1.61978062077525e-26 -1.00054081592318e-26 -3.97633725440846e-27
0.0803207567826403 -8.4831265641699e-26 4.42043063750811e-27 -1.26060534402155e-27 -6.50132718984283e-28 -1.60389848877012e-27 1.83601008017648e-28 6.3664191260406e-28 3.93476690959561e-28 1.56463414931662e-28
0.087665972674664 -1.7600482359408e-26 9.18503755456504e-28 -2.6232677896237e-28 -1.35491493336447e-28 -3.3475941996827e-28 3.83774675318825e-29 1.3327270250441e-28 8.24914846195685e-29 3.28508380274404e-29
-1.21878888461294 -1.16799968926863e-24 6.08235268454571e-26 -1.73342864991385e-26 -8.93404686077051e-27 -2.20263241364346e-26 2.51975735463225e-27 8.73166300959636e-27 5.39309903979405e-27 2.14313437179428e-27
-1.1070424911354 -5.77061781942768e-24 3.00520500490052e-25 -8.56508294526363e-26 -4.41465843106337e-26 -1.08846474171795e-25 1.24524469629754e-26 4.31535736272659e-26 2.66552155465838e-26 1.05929614042807e-26
0.146291023748541 -2.06051690284849e-25 1.07325362692681e-26 -3.05938625672392e-27 -1.57715510943209e-27 -3.88925404661972e-27 4.4502189498748e-28 1.54247545060184e-27 9.52924723276069e-28 3.7876406814188e-28
0.132840606847749 1.96882219329459e-25 -1.02573131661757e-26 2.92460122753134e-27 1.50802315782538e-27 3.719643637485e-27 -4.25714046831634e-28 -1.47589888337285e-27 -9.12008408137948e-28 -3.62586046331823e-28
-2.29229240472869 -6.01474016625896e-24 3.13273991318741e-25 -8.9297116269446e-26 -4.60318615151211e-26 -1.13509265027725e-25 1.2987546250909e-26 4.50136861439737e-26 2.78077187265094e-26 1.10523810363289e-26
-2.09333764319248 -6.6301926978211e-24 3.45262668834255e-25 -9.8396288242836e-26 -5.0712592732122e-26 -1.25027221372174e-25 1.43026450845232e-26 4.95621132916954e-26 3.06116386598712e-26 1.21644657518677e-26
0.111479638328939 -1.04863108460842e-25 5.46471472286811e-27 -1.55854057298768e-27 -8.03853608392381e-28 -1.98329681408621e-27 2.27050107019493e-28 7.8736772723029e-28 4.86672770052082e-28 1.93538074523595e-28
0.104512585739048 1.01368982447566e-25 -5.27713672549834e-27 1.5034771049357e-27 7.746452976568e-28 1.90923863698881e-27 -2.18343439101033e-28 -7.56382265097494e-28 -4.67030691679717e-28 -1.85531984590681e-28
-1.42258111436628 -2.01025768548891e-24 1.04647324047366e-25 -2.98132975254626e-26 -1.53603027910636e-26 -3.78565536670397e-26 4.32917617344706e-27 1.49965370503281e-26 9.25933690523762e-27 3.67822553868506e-27
0.090804212955758 -9.11715435977308e-26 4.75408613207836e-27 -1.35668898722883e-27 -7.00166706229879e-28 -1.72851906570151e-27 1.98002105237888e-28 6.87047891566726e-28 4.24920242759966e-28 1.69082020637222e-28
-0.107096396074571 -1.29621479202026e-25 6.75310633937299e-27 -1.92546587962278e-27 -9.92832703705984e-28 -2.44888273646277e-27 2.80274073048007e-28 9.71671654302386e-28 6.00425947098081e-28 2.38709152364411e-28
0.0801970555122761 -6.77903553760189e-26 3.53283760569078e-27 -1.00759375159612e-27 -5.19703533786823e-28 -1.2822654710375e-27 1.46799187478477e-28 5.09086331325603e-28 3.14675505870474e-28 1.25142420601225e-28
0.102175521487833 6.05123016127022e-26 -3.14940320245728e-27 8.97053023403582e-28 4.6207833342488e-28 1.13858221695644e-27 -1.30177473764512e-28 -4.50846379900881e-28 -2.78307092583251e-28 -1.10532321774727e-28
-0.222396603324992 -8.3227321589251e-25 4.33469902400174e-26 -1.23554261356869e-26 -6.36890317568451e-27 -1.57044727911513e-26 1.79682270134147e-27 6.22743056651548e-27 3.846945222407e-27 1.52894880098001e-27
0.0714181075888952 -9.2134163968751e-26 4.80219136591534e-27 -1.3698219988417e-27 -7.06638193890377e-28 -1.74374122618491e-27 1.99659635134039e-28 6.92501111608638e-28 4.28108920530676e-28 1.70277816540303e-28
-0.948575014924135 2.92492438808288e-24 -1.52402086236188e-25 4.3458306637654e-26 2.24110751993583e-26 5.52846100599454e-26 -6.32803431688268e-27 -2.19409320098255e-26 -1.35595296460725e-26 -5.39142883731845e-27
0.0638837728438093 -8.50538914349989e-27 4.45299735468672e-28 -1.27587892788651e-28 -6.61100851033589e-29 -1.63859229976614e-28 1.88447532324762e-29 6.5648538598885e-29 4.07620883392203e-29 1.62836212202388e-29
-0.611815585141561 2.56057926129584e-24 -1.33383511512792e-25 3.80252274572734e-26 1.96042228790114e-26 4.83480807664317e-26 -5.53263469252291e-27 -1.91781431346498e-26 -1.18490779156856e-26 -4.71012449609974e-27
0.149325866521084 -1.98654823081402e-25 1.03437422536356e-26 -2.94755570589434e-27 -1.51898852737451e-27 -3.74454252303854e-27 4.28317869092078e-28 1.48407355775243e-27 9.16532997560973e-28 3.64175411407247e-28
0.135246561662467 3.66113430815018e-26 -1.90352295027223e-27 5.41631007355108e-28 2.78711081463923e-28 6.86047071012984e-28 -7.83562944865963e-29 -2.71089564983294e-28 -1.67167661733396e-28 -6.63221607633362e-29
-0.215653906393361 -1.91920203487976e-24 9.99622726798082e-26 -2.8494250277588e-26 -1.46888034877162e-26 -3.62215757650954e-26 4.14449236371953e-27 1.43647174150904e-26 8.87413855960252e-27 3.52715943486258e-27
-1.51397391086745 6.86780069996171e-24 -3.57663902744869e-25 1.01938498397023e-25 5.25423425835038e-26 1.29548494552041e-25 -1.48210304802717e-26 -5.13625025025993e-26 -3.17261469798674e-26 -1.26083501574839e-26
0.0902896611298847 4.03915162181112e-27 -2.07155707273865e-28 5.8129267715259e-29 2.94905293531557e-29 7.15483621334495e-29 -8.05217799299271e-30 -2.74421280968957e-29 -1.66644088690081e-29 -6.50865417018578e-30
0.0893986106593693 -1.47951852848004e-26 7.72850845597413e-28 -2.20940570957743e-28 -1.14225260174961e-28 -2.82487609395521e-28 3.24159363944775e-29 1.12677789787307e-28 6.98104261153691e-29 2.78272875823894e-29
-2.00559814477104 2.85456871266425e-24 -1.48659183223515e-25 4.23690494774835e-26 2.18380483540305e-26 5.3843180942972e-26 -6.15985842987064e-27 -2.13467882876797e-26 -1.31855357691442e-26 -5.24001871192434e-27
0.229410320140706 -9.29418491944701e-26 4.84223382395633e-27 -1.38065803678895e-27 -7.11925911014576e-28 -1.75604418864557e-27 2.00983034529406e-28 6.96795489136975e-28 4.30581008691795e-28 1.71188431125339e-28
-2.39388315340898 2.00058666369181e-23 -1.04151194587324e-24 2.96740433420486e-25 1.52896367801911e-25 3.76850625708705e-25 -4.30987123957659e-26 -1.49307281031846e-25 -9.21936375920272e-26 -3.6626091771113e-26
-0.454955165894975 2.25840479194028e-24 -1.1761563165444e-25 3.35223149979898e-26 1.72786992192346e-26 4.2602965579144e-26 -4.8740694682888e-27 -1.68913884384354e-26 -1.04337967170639e-26 -4.14657163146089e-27
-0.657307125853346 -2.75322301952944e-24 1.43384585072714e-25 -4.08666630491834e-26 -2.10641489460904e-26 -5.19362207099746e-26 5.94182435027866e-27 2.05916414432917e-26 1.27193657099981e-26 5.05486617081359e-27
0.0847712323967894 -5.70674870942616e-26 2.97668765502661e-27 -8.4973470437171e-28 -4.38673504626884e-28 -1.08330581054773e-27 1.24131988835722e-28 4.30861791080143e-28 2.66560329228134e-28 1.06101789132024e-28
0.240263585473346 -2.41400019365412e-25 1.25709102006429e-26 -3.58262956184307e-27 -1.84648264387602e-27 -4.55239940846223e-27 5.20785210877572e-28 1.8046739006491e-27 1.11465964753831e-27 4.42950972693455e-28
1.10793932557664 9.99384220835869e-26 -5.21505438821208e-27 1.48932736680764e-27 7.69181553434358e-28 1.90028428467376e-27 -2.17836511878611e-28 -7.56421405021632e-28 -4.68165733607413e-28 -1.86425153390323e-28
-1.8271716599646 -6.77802100530702e-24 3.52933098292277e-25 -1.00574404148201e-25 -5.18311129998809e-26 -1.27774811222675e-25 1.4615812395245e-26 5.06433381392145e-26 3.12769918916446e-26 1.24278874346873e-26
-0.816103687631726 4.41937356254802e-24 -2.30180151800786e-25 6.56116157867665e-26 3.38221866485845e-26 8.34015992626152e-26 -9.54267592457491e-27 -3.30740764429849e-26 -2.04318958861513e-26 -8.12081075799932e-27
0.112196599343068 -2.91681898655766e-26 1.52267033707591e-27 -4.35017736708055e-28 -2.24757969378717e-28 -5.55487073405231e-28 6.37022677092441e-29 2.2128733847632e-28 1.37012633846205e-28 5.45799882262017e-29
0.129676164330127 1.49559450437283e-25 -7.78408818835151e-27 2.21721058915852e-27 1.14212551831539e-27 2.81431094237263e-27 -3.21775540182197e-28 -1.11443651718342e-27 -6.87955953751704e-28 -2.73234362517278e-28
1.68264148129421 4.75850932024902e-25 -2.47922942775631e-26 7.06916936400413e-27 3.64525836913657e-27 8.99166598345894e-27 -1.02914196796149e-27 -3.56806156960593e-27 -2.20492060091011e-27 -8.76644529159014e-28
1.07237673839392 3.50535014526579e-25 -1.82644978462996e-26 5.20822824667029e-27 2.68584291152326e-27 6.62556922147478e-27 -7.58383933035402e-28 -2.62952343834467e-27 -1.62505700684613e-27 -6.46145283635878e-28
-2.17003157636174 5.40642825482219e-24 -2.8152761555501e-25 8.02300799003793e-26 4.13486655466958e-26 1.01938322360124e-25 -1.16610196897587e-26 -4.04070636932634e-26 -2.49563696087358e-26 -9.91688485683455e-27
