0.0995896294277599 4.21940769945984e-89 -1.76134528882143e-90 4.02360128602627e-91 1.66213059338533e-91 3.28426910246076e-91 -3.01097411597161e-92 -8.36120010069581e-92 -4.13813936940308e-92 -1.31759779505003e-92
0.221212806790705 -2.32531732467815e-88 9.721442408602e-90 -2.22412054665617e-90 -9.20168627155346e-91 -1.8209651430705e-90 1.67198459345727e-91 4.6500535828615e-91 2.30494354183928e-91 7.35030960006658e-92
0.218038853334804 2.50727102663478e-89 -1.04711899073726e-90 2.39314897313497e-91 9.89064759681468e-92 1.95526057772628e-91 -1.79341500736248e-92 -4.98255171152017e-92 -2.46717122602417e-92 -7.85940351367622e-93
0.162823195523634 -2.23182952460221e-88 9.33273936051838e-90 -2.13568108934869e-90 -8.83782025357414e-91 -1.74935942662248e-90 1.60660596457885e-91 4.46925114221235e-91 2.2158318756952e-91 7.06776122491017e-92
0.0964769217922631 4.74370924608277e-89 -1.98134398239754e-90 4.52876530856033e-91 1.87188952619775e-91 3.70087740863806e-91 -3.3948812214904e-92 -9.43275345935199e-92 -4.671194982314e-92 -1.48819373970084e-92
-1.1403168610422 1.12355909289462e-86 -4.69702355569227e-88 1.07455494947063e-88 4.44545217225296e-89 8.79687261388111e-89 -8.0767572303723e-90 -2.24616026084395e-89 -1.11332262591186e-89 -3.55013013698105e-90
0.0785130136939856 -2.52462290867269e-89 1.05890131692479e-90 -2.4304767238574e-91 -1.0088040429642e-91 -2.0028349784828e-91 1.84492134049668e-92 5.14758473478707e-92 2.5597864082393e-92 8.18926442940651e-93
0.125717044527994 -7.27153002620416e-89 3.04150662385907e-90 -6.96194715005097e-91 -2.88173485684867e-91 -5.70561265408379e-91 5.24139433230303e-92 1.45843235048507e-91 7.23272993915905e-92 2.30760288008389e-92
-0.272175512362515 -2.93036336779891e-87 1.22530908355803e-88 -2.80381265132467e-89 -1.16020262001823e-89 -2.29638039770971e-89 2.10887226887269e-90 5.86613152537198e-90 2.90823832263128e-90 9.27579673670107e-91
0.0718048709466578 -1.59733816782907e-88 6.68096904125906e-90 -1.52918984773727e-90 -6.32943670328343e-91 -1.25312400672981e-90 1.1511175911805e-91 3.20287952255367e-91 1.58832140249661e-91 5.06733251570318e-92
-1.23550901414831 1.68779271505841e-87 -7.05794043473291e-89 1.61516196021216e-89 6.68398899183255e-90 1.32306310547522e-89 -1.21512762510804e-90 -3.38032417450703e-90 -1.67599041778377e-90 -5.34598567977813e-91
-0.491680780718837 -6.76582049083002e-87 2.82898538852897e-88 -6.4732162680787e-89 -2.67849635675032e-89 -5.30135831710748e-89 4.86832688850772e-90 1.35415194273064e-89 6.71323356042562e-90 2.14111092800096e-90
-0.926008605987407 3.62891406639155e-87 -1.51736654507861e-88 3.47203040093993e-89 1.43667349475066e-89 2.84352997607683e-89 -2.61128353769208e-90 -7.2634902621597e-90 -3.60091936012365e-90 -1.14848280947722e-90
0.0554868626278221 1.90609818628484e-88 -7.96923485329907e-90 1.82333758723336e-90 7.54395339609275e-91 1.49298686476578e-90 -1.37091135084497e-91 -3.8129206938185e-91 -1.89009132265766e-91 -6.02768816800724e-92
-2.04794787394485 7.99195239834731e-87 -3.34167220491897e-88 7.64634667758162e-89 3.16392117173786e-89 6.2621358053854e-89 -5.75063474175454e-90 -1.59957342306771e-89 -7.92992849444022e-90 -2.5291664669139e-90
-1.31278208140574 -9.5401003968687e-87 3.98806926431547e-88 -9.1232910339243e-89 -3.77417302496498e-89 -7.46822079551907e-89 6.85660096463369e-90 1.90675811805341e-89 9.45059030882203e-90 3.01345860087243e-90
0.0848053650705858 -3.16683668313957e-88 1.32457631047392e-89 -3.03184930483178e-90 -1.25493115629092e-90 -2.48460571834514e-90 2.28239950928663e-91 6.35069236903217e-91 3.14939630581218e-91 1.00479331296955e-91
0.0987400235526088 -6.96103953614012e-89 2.90912409531913e-90 -6.65318084060882e-91 -2.75155180363503e-91 -5.44315835414187e-91 4.9959774767624e-92 1.38894427071009e-91 6.88217350098504e-92 2.19386155402495e-92
0.0997657234435813 1.25117227827032e-88 -5.23116534187282e-90 1.19690340373041e-90 4.95223710776212e-91 9.8009699336922e-91 -8.99980916370199e-92 -2.50318403692697e-91 -1.24087804040497e-91 -3.95738782099587e-92
0.104152342259188 9.89363142089433e-89 -4.13896609399505e-90 9.47560620704104e-91 3.92286608957126e-91 7.76828110683629e-91 -7.13744327017193e-92 -1.98634788536531e-91 -9.85245506974276e-92 -3.14395613441331e-92
1.33287141522727 5.90705026098671e-88 -2.47093843161012e-89 5.65630179083417e-90 2.34145041121863e-90 4.63620599189684e-90 -4.25928959538484e-91 -1.18524169380438e-90 -5.87832480103019e-91 -1.87561415580115e-91
0.0727558508834953 -2.56579886541987e-88 1.07303520233003e-89 -2.45575240236646e-90 -1.01633476989167e-90 -2.01193623828387e-90 1.84794135181286e-91 5.1411149612958e-91 2.54919588599959e-91 8.13190359898963e-92
-1.70366196436673 9.86429376826184e-87 -4.1248835456721e-88 9.43922998037384e-89 3.90609656379137e-89 7.73169192819762e-89 -7.10072318053241e-90 -1.97526658896434e-89 -9.79322087658072e-90 -3.12369364850537e-90
0.0548787591669581 -2.27755204088534e-88 9.52477877478007e-90 -2.1798204307269e-90 -9.02127921227341e-91 -1.78583257440631e-90 1.64024938588439e-91 4.56324907184211e-91 2.26263871013861e-91 7.21770881132892e-92
-0.622821723671665 4.13852167396752e-87 -1.73036284409664e-88 3.95920747192449e-89 1.63817699796353e-89 3.24219025299269e-89 -2.97723142634795e-90 -8.28098006181085e-90 -4.10513582032424e-90 -1.30923113824591e-90
0.161086293188806 1.41632861108282e-89 -5.90146640529038e-91 1.34564155763774e-91 5.54848855931269e-92 1.09430765010072e-91 -1.00137072028792e-92 -2.77548977972666e-92 -1.37105610250141e-92 -4.35720490460796e-93
0.0995143248425434 -1.65832876839569e-88 6.93929387987386e-90 -1.58905606670083e-90 -6.5802865704146e-91 -1.30339384581582e-90 1.19785186696222e-91 3.3344619874942e-91 1.65434178031993e-91 5.28041276424136e-92
0.073194720086182 -3.5053878142454e-89 1.46781029343758e-90 -3.36343566737195e-91 -1.39372796041327e-91 -2.76247411023958e-91 2.54047575144299e-92 7.07664067266556e-92 3.51330689910865e-92 1.12214310049893e-92
0.479396282832369 1.61076669984075e-88 -6.72428807238574e-90 1.53616550623632e-90 6.34614638453207e-91 1.25402490573503e-90 -1.14973446939151e-91 -3.1928820164723e-91 -1.58031519683146e-91 -5.03206731130893e-92
0.109702520615392 -1.48002683970421e-88 6.18960969171283e-90 -1.41656352463768e-90 -5.86260069894605e-91 -1.16056553902093e-90 1.0659711192405e-91 2.96562502103856e-91 1.47049539458794e-91 4.69087747555139e-92
0.0916346317638419 9.10641391722396e-89 -3.80584166346719e-90 8.70428145112505e-91 3.59994913904927e-91 7.12171614204254e-91 -6.53685912814275e-92 -1.81739103942004e-91 -9.00542119407745e-92 -2.87079661037921e-92
0.705432248296994 -1.71718392726106e-88 7.17950139063962e-90 -1.64267153686475e-90 -6.79654990652153e-91 -1.34508968957496e-90 1.2351231161271e-91 3.43529587399699e-91 1.70292114726368e-91 5.43084964265809e-92
-0.104927798007957 1.70547814092351e-87 -7.13791033647411e-89 1.63483902152674e-89 6.7711156310607e-90 1.3414374278979e-89 -1.23303919254081e-90 -3.43303502667137e-90 -1.70355469629743e-90 -5.43847055039667e-91
1.05153060103785 4.93315182785803e-88 -2.06401154320709e-89 4.72584102075492e-90 1.95671597777222e-90 3.87526850062315e-90 -3.56100387668341e-91 -9.91147649620297e-91 -4.91678396964185e-91 -1.56915959993452e-91
0.0705737737035662 1.16554114794201e-88 -4.87111227837133e-90 1.1140573442236e-90 4.60753007512717e-91 9.11493682631551e-91 -8.36633626026244e-92 -2.32601095421021e-91 -1.15256276107715e-91 -3.67417768804716e-92
0.161483124269414 6.44976721573311e-89 -2.69275734658558e-90 6.15217020664091e-91 2.54179052053679e-91 5.02313766760058e-91 -4.60580589163182e-92 -1.27917517009063e-91 -6.3318387645995e-92 -2.01637573718714e-92
0.742250987558087 -6.91762019085887e-88 2.89348118060547e-89 -6.62314173314103e-90 -2.74150615914422e-90 -5.42799974731896e-90 4.98640036156417e-91 1.38748988372162e-90 6.88096676982792e-91 2.19539367177421e-91
0.105323839563656 -2.30361913570389e-88 9.63294507047268e-90 -2.20438078397764e-90 -9.12211676273298e-91 -1.80563406789538e-90 1.65828920663305e-91 4.61302541754837e-91 2.28711531612169e-91 7.29513402014628e-92
0.15242435879858 -2.16029977925684e-87 9.03528356145916e-89 -2.06799179997375e-89 -8.55928424491142e-90 -1.69453804017446e-89 1.55654525079337e-90 4.33079226793489e-90 2.14758187692471e-90 6.85133559016677e-91
0.0722388560480616 -7.97623081125738e-91 3.6425782400325e-92 -9.03928459856219e-93 -4.03211550524855e-93 -8.55876912392248e-93 8.39135250515806e-94 2.48217139559168e-93 1.30403566980364e-93 4.39376123399724e-94
0.0701021908727685 1.95328626140416e-88 -8.1674742097222e-90 1.86891166284181e-90 7.73341388777063e-91 1.5306603636279e-90 -1.40566826022992e-91 -3.91004612062473e-91 -1.93846320615372e-91 -6.18267248567083e-92
0.0778480789741029 2.07552205529764e-89 -8.63726239477676e-91 1.96694205287591e-91 8.09983036900986e-92 1.5954113384696e-91 -1.45798478945675e-92 -4.03566730322934e-92 -1.99086228157226e-92 -6.31824974758142e-93
0.115537869976214 -6.84373157077211e-89 2.86183791238529e-90 -6.54901409278099e-91 -2.71011671375031e-91 -5.36444585653609e-91 4.92671973221117e-92 1.37052065691759e-91 6.79500300398176e-92 2.16738675601518e-92
0.137054318230627 -3.82270383769102e-89 1.59787897399602e-90 -3.65507759236226e-91 -1.51192817827802e-91 -2.99151502976074e-91 2.74630016531035e-92 7.63660316179832e-92 3.78468249219414e-92 1.20670759224539e-92
-0.0744286981653073 2.22881519942606e-87 -9.32071078024358e-89 2.13306081592999e-89 8.82752648810955e-90 1.74743098491029e-89 -1.60493542808355e-90 -4.46488465614054e-90 -2.21380657971324e-90 -7.06174791671689e-91
-2.55564095687231 -1.77217595235794e-86 7.40698898858501e-88 -1.69416460470753e-88 -7.00730313267039e-89 -1.38634470509838e-88 1.27258819353513e-89 3.53833957178154e-89 1.75342699571739e-89 5.59008979164293e-90
0.631066062202595 -1.11518843282571e-88 4.68948378714384e-90 -1.07911699352949e-90 -4.49036062983615e-91 -8.93731090845718e-91 8.25309633715941e-92 2.30839494363243e-91 1.15071611149138e-91 3.69026568221994e-92
-2.59057656457207 -2.04691579741815e-86 8.55628903046128e-88 -1.95726670396384e-88 -8.09647564530413e-89 -1.60201688385387e-88 1.47073541653359e-89 4.08975242509157e-89 2.02691760091772e-89 6.46276156339181e-90
2.17520132026149 4.19435539783353e-87 -1.75414573747975e-88 4.01462882380897e-89 1.66152452372446e-89 3.2892233917148e-89 -3.02117970944787e-90 -8.40533336214667e-90 -4.16783120312679e-90 -1.329561570164e-90
0.235266720995773 -2.18291819717786e-88 9.13188322481783e-90 -2.09055850597172e-90 -8.65457495118495e-91 -1.71377667064538e-90 1.57455956084341e-91 4.38186469535223e-91 2.17337885600286e-91 6.93513426962638e-92
0.0582024483810443 -5.3398507859776e-89 2.23335768073029e-90 -5.11171793141684e-91 -2.11571550720902e-91 -4.18864036008931e-91 3.8475618596814e-92 1.07051683868181e-91 5.30857981197611e-92 1.69358310756095e-92
-0.354498556889004 -3.58439707913399e-87 1.49895605945245e-88 -3.43036947819297e-89 -1.41962767968253e-89 -2.81017395632152e-89 2.58100267832324e-90 7.18023783403843e-90 3.56013059974697e-90 1.13562805345485e-90
0.134661476421994 1.32103203231195e-88 -5.51932341411484e-90 1.26193520178441e-90 5.21758262591965e-91 1.03187313972766e-90 -9.46845869085957e-92 -2.63164253251605e-91 -1.30361915220891e-91 -4.15448457532522e-92
0.0850920373789782 -5.82870078431011e-89 2.43643808175909e-90 -5.57337681631957e-91 -2.30548975696816e-91 -4.56176990964338e-91 4.18793818393448e-92 1.16456162933464e-91 5.77167170825618e-92 1.84028061774948e-92
0.0575336727924017 -9.9959452843126e-89 4.184755518276e-90 -9.58728220050767e-91 -3.97193820114703e-91 -7.87108553478727e-91 7.23707838290853e-92 2.0155196469726e-91 1.00043185677898e-91 3.19470722055988e-92
0.116136747409971 2.45232876586145e-88 -1.02541987202365e-89 2.34641026247903e-90 9.70929515504902e-91 1.92174879362014e-90 -1.76482646544607e-91 -4.90910696399557e-91 -2.43377082174045e-91 -7.76246973409083e-92
0.116215077838868 -2.78662857321406e-88 1.16547362785474e-89 -2.66750472565259e-90 -1.10405237828501e-90 -2.18574511777289e-90 2.00773335247883e-91 5.58608895055888e-91 2.77004330803149e-91 8.8370747189542e-92
-0.328742818919571 -3.19772812744207e-87 1.33724300353871e-88 -3.06025980938731e-89 -1.26644922191279e-89 -2.5069311583532e-89 2.3024674341141e-90 6.40530280097809e-90 3.17586853403311e-90 1.01304422865659e-90
-0.477481645399499 5.54381571421824e-87 -2.31766251091897e-88 5.30237774215968e-89 2.19367628143578e-89 4.34109658660513e-89 -3.98586613144635e-90 -1.10851337585196e-89 -5.49459565319688e-90 -1.75215880764149e-90
0.0994148812754271 -2.83136198333986e-88 1.18425566660697e-89 -2.71065844877653e-90 -1.12198158604598e-90 -2.22137504773676e-90 2.04058455842986e-91 5.67783109418836e-91 2.81570472535964e-91 8.98327873497244e-92
0.0971652459384012 -3.02372232005028e-88 1.26434669447344e-89 -2.89314145396449e-90 -1.19716697809623e-90 -2.36954513671265e-90 2.17606446113011e-91 6.05304161294182e-91 3.00090534810538e-91 9.57136827817909e-92
-1.56273456050742 1.12623177863516e-87 -4.71108018366493e-89 1.07843018419102e-89 4.46421132637895e-90 8.83938910728578e-90 -8.12074498768237e-91 -2.2597699377748e-90 -1.12075043336066e-90 -3.57598999670819e-91
-1.07560427814889 -1.50551672750684e-86 6.29385445493858e-88 -1.43988219131714e-88 -5.95687834287074e-89 -1.17878779859486e-88 1.08230329787908e-89 3.00993695782822e-89 1.49190952493288e-89 4.75741020646575e-90
0.172937053581326 4.81222840041449e-88 -2.01201270344663e-89 4.60356601797477e-90 1.90475689638582e-90 3.7697268342778e-90 -3.46159832764614e-91 -9.62805467563399e-91 -4.7728425643958e-91 -1.52215441888984e-91
0.0999780057943544 1.83781233115788e-89 -7.79288878071199e-91 1.80799159841451e-91 7.58401845981665e-92 1.52143366425318e-91 -1.41589343023078e-92 -3.99054749094867e-92 -2.00420505076929e-92 -6.47481913183984e-93
-2.14459095951811 -1.14567152241826e-86 4.78998290122497e-88 -1.09594048058422e-88 -4.53441730716668e-89 -8.97389825046222e-89 8.24019047571309e-90 2.29186184529114e-89 1.13609930478359e-89 3.6231572716517e-90
-2.35115669291221 -1.27772566494509e-86 5.34079124615701e-88 -1.22166649166608e-88 -5.05337056325745e-89 -9.99849608406584e-89 9.17877202827643e-90 2.55228679333546e-89 1.26488473535356e-89 4.03288070014884e-90
0.0804656355208583 -2.81374439718364e-88 1.17701605538386e-89 -2.69438346655549e-90 -1.11536766099472e-90 -2.20852308418368e-90 2.02900167893503e-91 5.64622340515042e-91 2.80033829397889e-91 8.9352372271304e-92
0.086627441894324 -3.00412846152439e-88 1.25633585224899e-89 -2.87522755722866e-90 -1.18992683167739e-90 -2.35555627920591e-90 2.16353149623088e-91 6.01905189867788e-91 2.98448695298887e-91 9.52038187317348e-92
-0.943681171846305 -2.85855952901444e-87 1.19467714246683e-88 -2.73232866402491e-89 -1.13004761517931e-89 -2.23555621216078e-89 2.05196906818838e-90 5.70493904206674e-90 2.82688272094566e-90 9.01171638850842e-91
0.108780587392119 -6.29716422221421e-89 2.63697599775155e-90 -6.04290934751148e-91 -2.50418885943313e-91 -4.96378317806524e-91 4.56514492534295e-92 1.27171852715915e-91 6.31398714012263e-92 2.01678225238771e-92
-0.0962235709376422 1.05233557710843e-89 -4.39357013769684e-91 1.00382507904473e-91 4.1474200831068e-92 8.19636199759079e-92 -7.51551353448036e-93 -2.08732091111263e-92 -1.03322381651465e-92 -3.29033834676215e-93
0.11519169465647 -1.32656816861808e-88 5.54742506668953e-90 -1.26949969609535e-90 -5.25358052635698e-91 -1.03992841908887e-90 9.55098314642146e-92 2.65697769609251e-91 1.31736020014037e-91 4.2020800811517e-92
0.101007396217943 -1.37475002019575e-88 5.75019797582082e-90 -1.31619714122984e-90 -5.44804295765596e-91 -1.07866146332233e-90 9.90891676873789e-92 2.75716142940683e-91 1.36733460892867e-91 4.36244910687144e-92
-0.294518777766303 -3.56784306857216e-87 1.49203238814128e-88 -3.41452198382141e-89 -1.41306806886649e-89 -2.79718624968e-89 2.56907117639369e-90 7.14703580476918e-90 3.54366329178889e-90 1.13037350491692e-90
0.0997314479894897 -2.25163662317911e-89 9.40580817209266e-91 -2.15017316290937e-91 -8.88858475464297e-92 -1.75758884959316e-91 1.6124964619945e-92 4.48100765394869e-92 2.2193696338569e-92 7.07175151531194e-93
-1.08483891893524 3.37598918792133e-87 -1.41182522866692e-88 3.23102280746618e-89 1.33715161935444e-89 2.64695438091143e-89 -2.43113315904327e-90 -6.76341669147311e-90 -3.35351499297836e-90 -1.06973800572424e-90
0.0973732066395785 -4.98033178267788e-88 2.08277821624309e-89 -4.76658141654014e-90 -1.97266161266854e-90 -3.90502111116654e-90 3.58666414331539e-91 9.97822258908118e-91 4.94757535650815e-91 1.57824621955534e-91
-0.641930232359634 5.53372455918929e-87 -2.31398377355401e-88 5.29519871255018e-89 2.19121882123281e-89 4.33724940278958e-89 -3.98326792340352e-90 -1.10805096977721e-89 -5.49359520048565e-90 -1.75225224925317e-90
0.133859047954422 6.68090833408137e-89 -2.78760491928841e-90 6.36507896516318e-91 2.62818283449701e-91 5.19075071490822e-91 -4.75662480648734e-92 -1.32026270268161e-91 -6.5312474390289e-92 -2.07860798108677e-92
0.0858214529105731 -2.14809675887745e-88 8.98131082478478e-90 -2.05496664253255e-90 -8.50259201769545e-91 -1.68276334948985e-90 1.54522314860095e-91 4.29788155937795e-91 2.13056289132859e-91 6.7948098646517e-92
-0.155089565384003 -1.50134305743081e-87 6.27958002415333e-89 -1.43734328382231e-89 -5.94938406325261e-90 -1.1779008359555e-89 1.08203670795543e-90 3.01072035210721e-90 1.49305430303225e-90 4.76347518004269e-91
-1.47684789229874 1.0312295766347e-86 -4.31136616082685e-88 9.86401173381991e-89 4.08106701456239e-89 8.07642142721765e-89 -7.41584485955451e-90 -2.06251604489304e-89 -1.02237606540117e-89 -3.26037088709054e-90
0.0869338339935881 6.39437202940537e-89 -2.67052661207432e-90 6.10342899688886e-91 2.5225001844233e-91 4.98669103333924e-91 -4.57392429776404e-92 -1.27074776840839e-91 -6.29223896354747e-92 -2.00443916744014e-92
0.0727915111162289 -1.24128226631986e-88 5.19131208559646e-90 -1.18812728366705e-90 -4.91734178029021e-91 -9.73471052957438e-91 8.9415380180619e-92 2.48769177995152e-91 1.23355260493967e-91 3.93515547132144e-92
-1.88946475219091 2.20649903756069e-87 -9.22649743459717e-89 2.11129650283548e-89 8.73661469499283e-90 1.72926819491593e-89 -1.58810078130909e-90 -4.41762572695418e-90 -2.19016347842056e-90 -6.98565701709081e-91
0.302793643989639 1.19511238614167e-88 -4.99742042727154e-90 1.14356862783037e-90 4.73216777363324e-91 9.36662678996079e-91 -8.60206654843024e-92 -2.39286114885499e-91 -1.18633930368127e-91 -3.78393281143763e-92
-2.90140914749945 2.70742074047559e-86 -1.13174953121321e-87 2.58895189116207e-88 1.07097436060205e-88 2.119137950805e-88 -1.94552028666193e-89 -5.41012496401468e-89 -2.68136187038164e-89 -8.54961421365082e-90
-0.46644317414507 7.5999139905815e-87 -3.17712368671567e-88 7.26839689680907e-89 3.00693862752918e-89 5.95025443992946e-89 -5.46314679927229e-90 -1.51930575717694e-89 -7.53050458748101e-90 -2.40129716839216e-90
-0.845324914987585 -4.86500542682635e-87 2.03393190346554e-88 -4.65338083590872e-89 -1.9252283378874e-89 -3.80996494312725e-89 3.49829248077575e-90 9.7294048622614e-90 4.8227312186677e-90 1.53795214209044e-90
0.0807840466936432 -6.75423184324077e-89 2.823864620144e-90 -6.46087564002587e-91 -2.67313470938028e-91 -5.29024625729627e-91 4.85766801932366e-92 1.35106204280926e-91 6.69730190427573e-92 2.13583618669005e-92
0.260587334451925 4.16241496112196e-89 -1.73558128462534e-90 3.96022771679666e-91 1.63407997109393e-91 3.22513580619238e-91 -2.95335433842859e-92 -8.1917096866528e-92 -4.0495482420809e-92 -1.2878876098717e-92
0.956859339857832 2.73065374343715e-88 -1.14308794450139e-89 2.61861619798116e-90 1.08478982193869e-90 2.1495350240129e-90 -1.9762411593769e-91 -5.50339220771254e-91 -2.73147796332543e-91 -8.72183782399279e-92
-1.79730803224978 -6.65027670103121e-87 2.78007231371402e-88 -6.35991866617671e-89 -2.63104619810965e-89 -5.2063151622283e-89 4.78001017230518e-90 1.32929751313758e-89 6.58858525713655e-90 2.10089869392472e-90
-0.607248176281243 6.91818328916825e-87 -2.89248726601387e-88 6.6180488929807e-89 2.73823023912826e-89 5.41919843139792e-89 -4.97618551817157e-90 -1.38405423843579e-89 -6.86098223620214e-90 -2.18807636737227e-90
0.104653687324584 3.18193203229395e-88 -1.33054794961437e-89 3.0447336791779e-90 1.25993921507032e-90 2.49387683958959e-90 -2.29032363366221e-91 -6.37109044346426e-91 -3.15869251152067e-91 -1.00749744325564e-91
0.195665449845006 3.75925458660899e-88 -1.57138780511902e-89 3.5945464697864e-90 1.48691540740388e-90 2.9420732488948e-90 -2.7009533207002e-91 -7.51061798559552e-91 -3.72229565773836e-91 -1.18683136057732e-91
1.7334625014091 9.4929859792808e-88 -3.97113045221238e-89 9.09085653375568e-90 3.76337193102209e-90 7.45203338152284e-90 -6.84650725359958e-91 -1.9052791013781e-90 -9.44985156892889e-91 -3.01532812977887e-91
1.17794185435473 5.31119897810018e-88 -2.22207623476121e-89 5.08750326338584e-90 2.10635788307932e-90 4.17143004694577e-90 -3.83296123166686e-91 -1.06679056665366e-90 -5.29176789431778e-91 -1.688751099599e-91
-1.94825341055478 1.469102510499e-86 -6.14096191342944e-88 1.40475241464132e-88 5.81091606452822e-89 1.14977927014041e-88 -1.05555464349996e-89 -2.93522880244863e-89 -1.45472129050333e-89 -4.63831864946658e-90
