0.0815426733149256 8.67317797342797e-83 -3.6942774142428e-84 8.61114375684966e-85 3.62973242588485e-85 7.31837134711237e-85 -6.8462325759024e-86 -1.93992458056551e-85 -9.79705696930249e-86 -3.18310060504408e-86
0.246237199655597 -2.12148812194965e-82 9.04766612305759e-84 -2.11161150870874e-84 -8.91200296145097e-85 -1.79913643881714e-84 1.685200864643e-85 4.78119729693133e-85 2.41769036730786e-85 7.86520556009709e-86
0.231646218482466 1.0469859438398e-82 -4.46214332064565e-84 1.04070373520894e-84 4.38928718979714e-85 8.85498428408169e-85 -8.28857408661032e-86 -2.35000456024783e-85 -1.18750662567651e-85 -3.86054119414659e-86
0.162711226386855 2.98594835394928e-82 -1.27278901247844e-83 2.96901046046618e-84 1.25242167699005e-84 2.52706602785782e-84 -2.36581667433321e-85 -6.70876677406084e-85 -3.39065037884474e-85 -1.10247410248149e-85
0.109166809124711 -1.20731547364175e-82 5.14990293324875e-84 -1.20215082046202e-84 -5.07461224138392e-85 -1.02464727385435e-84 9.59941696978803e-86 2.72403628496498e-85 1.37771722690591e-85 4.48283566559871e-86
-1.12636115075297 8.49473298768627e-81 -3.62163922390355e-82 8.44971303892981e-83 3.56502361831343e-83 7.1946582086336e-83 -6.73684487596236e-84 -1.91073374716946e-83 -9.658788397482e-84 -3.14116203367242e-84
0.0928579823756091 -2.26057920336325e-82 9.64812916892727e-84 -2.25345021485734e-84 -9.5178018265552e-85 -1.9228827717381e-84 1.80246873151574e-85 5.1177618639705e-85 2.58983094431228e-85 8.43156369490125e-86
0.0753342912704383 -1.44958277165059e-82 6.18493058021226e-84 -1.44413667861293e-84 -6.09769616141672e-85 -1.23154675360872e-84 1.15407754089015e-85 3.27579457980413e-85 1.65720990404521e-85 5.39366451489878e-86
-0.269768899325771 -1.69991378759417e-81 7.24933972008057e-83 -1.69180944727955e-83 -7.13983591738327e-84 -1.44129352919692e-83 1.34994285005566e-84 3.82979644642964e-84 1.93648870313074e-84 6.29940557536125e-85
0.0862095053427628 1.6989390997622e-82 -7.24126842335568e-84 1.68901078632423e-84 7.12415720023907e-85 1.43734653326761e-84 -1.34551244068886e-85 -3.81514290357196e-85 -1.92802368894343e-85 -6.26842945674575e-86
-1.16577594109585 4.79954931169526e-81 -2.04655675732958e-82 4.77560555156951e-83 2.01519360683087e-83 4.06754537468045e-83 -3.80931298709175e-84 -1.08058305168131e-83 -5.46321752860588e-84 -1.7769861434168e-84
-0.676341233166889 -5.10710530181012e-81 2.17789672281055e-82 -5.08254413728261e-83 -2.14490864083752e-83 -4.32976005633152e-83 4.05524942607991e-84 1.15045237924108e-83 5.81699458033293e-84 1.89223019670246e-84
-0.746168661392105 6.15712779534393e-81 -2.62565639213472e-82 6.12743844515001e-83 2.58585232479996e-83 5.21982334545432e-83 -4.88884801448343e-84 -1.38692997009353e-83 -7.01263766790765e-84 -2.28114817927071e-84
0.0768369305293759 -3.32264939457283e-82 1.41725476971435e-83 -3.30820804972424e-84 -1.39643759261772e-84 -2.81953641756989e-84 2.64139082323793e-85 7.4952310101888e-85 3.79067356901605e-85 1.23336925244625e-85
-2.19215840427997 1.0338914536496e-80 -4.40936125189962e-82 1.02910049590078e-82 4.34333790277275e-83 8.7683282715562e-83 -8.213129228106e-84 -2.33022472708942e-83 -1.17832707197228e-83 -3.83335608657852e-84
-1.33414002927721 -9.52817188942696e-81 4.0627704310407e-82 -9.48017314154652e-83 -4.00031228282138e-83 -8.07418675579377e-83 7.56140105312456e-84 2.14487983662115e-83 1.08438243406342e-83 3.52701376414057e-84
0.104324381783559 -8.21451958969173e-83 3.50289948435869e-84 -8.17437735216628e-85 -3.44957462449961e-85 -6.96312018700309e-85 6.52140307501318e-86 1.8500165979806e-85 9.35382497112743e-86 3.04262372306845e-86
0.09977790763611 -2.62659503902384e-82 1.12050204482312e-83 -2.61585559278507e-84 -1.1043298460333e-84 -2.23003364491651e-84 2.08940631495044e-85 5.92968871151003e-85 2.99930061207452e-85 9.76008424751723e-86
0.117050695451062 -2.02706445160494e-83 8.69557862105536e-85 -2.04126573763726e-85 -8.66509262325584e-86 -1.75939446043394e-85 1.65745220352793e-86 4.72939212003305e-86 2.40512617982171e-86 7.86873842960975e-87
0.0750187702120422 5.87921096584625e-83 -2.50423075676347e-84 5.83726491978126e-85 2.4605181147605e-85 4.96100259350166e-85 -4.64097659631568e-86 -1.31505813944159e-85 -6.6413715324518e-86 -2.15781495016684e-86
1.31150621021327 5.7182230218625e-82 -2.4397819661869e-83 5.69668917215889e-84 2.40534825883327e-84 4.85803867677567e-84 -4.55242557534139e-85 -1.29217771334063e-84 -6.53703406420243e-85 -2.12757422109852e-85
0.080207078951788 4.03046009808429e-83 -1.71617172026514e-84 3.9989530712222e-85 1.68505340456025e-85 3.3963031313878e-85 -3.17611300496042e-86 -8.99664913161617e-86 -4.54195212120955e-86 -1.47518878134181e-86
-1.8151014532183 1.78746606135486e-80 -7.62161169418553e-82 1.77843170933378e-82 7.50431892113983e-83 1.51465148405715e-82 -1.41844600980659e-83 -4.02355729677247e-83 -2.03416632192038e-83 -6.61619014571854e-84
0.0931837979754202 -1.11355565762825e-82 4.74691289037794e-84 -1.10736777270934e-84 -4.67149767785128e-85 -9.42643899993266e-85 8.82546858140581e-86 2.50279393897992e-85 1.26500205195537e-85 4.1134151099407e-86
-0.496173784958582 3.32365795749983e-81 -1.41728452208381e-82 3.30734216377161e-83 1.3956770181707e-83 2.8172025421474e-83 -2.63845615019044e-84 -7.48477891786686e-84 -3.78431225368138e-84 -1.23094940207082e-84
0.159449288443408 1.42741854309368e-82 -6.07788164145961e-84 1.41622797880401e-84 5.96755564323198e-85 1.20277884972484e-84 -1.12479247206382e-85 -3.18606732634721e-85 -1.60847762739108e-85 -5.22419022379317e-86
0.0774903268710754 -1.59244103670491e-82 6.79405897843844e-84 -1.58626907821555e-84 -6.69743261523987e-85 -1.35259389888121e-84 1.26743411712138e-85 3.59733499917273e-85 1.81976579610216e-85 5.92237083762516e-86
0.120709413370484 3.34776243166756e-83 -1.42309416088265e-84 3.31045669969855e-85 1.39257874593712e-85 2.80202992053096e-85 -2.61588230754393e-86 -7.3969831766716e-86 -3.7278945027734e-86 -1.20868033662533e-86
0.392474690061983 -7.41587255410365e-83 3.16485020706162e-84 -7.39138372026511e-85 -3.12163686150224e-85 -6.30618463521075e-85 5.91085049425847e-86 1.67815039938619e-85 8.49162886210477e-86 2.76437340508899e-86
0.0881509616454863 -4.60506181014195e-83 1.96394704325085e-84 -4.58359156587812e-85 -1.93448886822532e-85 -3.90529974258347e-85 3.65798269800744e-86 1.03783110064159e-85 5.2479668234844e-86 1.70726606300528e-86
0.09685716500483 1.47079341321868e-83 -6.25100403859815e-85 1.45385491532233e-85 6.11459679435052e-86 1.23008067969202e-85 -1.14812621036952e-86 -3.24589503004694e-86 -1.63549658222503e-86 -5.30153241044612e-87
0.650798776282006 -2.49566259532659e-82 1.06374173923974e-83 -2.48123588668457e-84 -1.04660736077077e-84 -2.11167472689043e-84 1.97682892508799e-85 5.60542572302425e-85 2.83287343879018e-85 9.21066863328792e-86
-0.0774311196937408 2.52694794874905e-81 -1.07778403593217e-82 2.51564145681401e-83 1.06181691684296e-83 2.14376939365028e-83 -2.00819250458275e-84 -5.69810029318063e-84 -2.88160144093948e-84 -9.37525679756618e-85
0.971933859698601 4.70999682913911e-82 -2.0101340127593e-83 4.69473356556725e-84 1.98280855295474e-84 4.00569741722341e-84 -3.75469220839247e-85 -1.06602652000624e-84 -5.39437020119707e-85 -1.75613911924423e-85
0.0771868049544878 -4.98063326906405e-82 2.12439216067863e-83 -4.95868242515941e-84 -2.093060272027e-84 -4.22595274682319e-84 3.9588251620403e-85 1.12332497002262e-84 5.68098331299209e-85 1.84836179906895e-85
0.160295390542014 -1.10242907929155e-82 4.70377046833334e-84 -1.09830558878147e-84 -4.63750330294218e-85 -9.36640353959254e-85 8.77728930183182e-86 2.49141169586426e-85 1.26040386741459e-85 4.10222481639504e-86
0.579611150785989 -5.95187594655159e-82 2.53947016648228e-83 -5.92944261063622e-84 -2.50362044747859e-84 -5.05650688794151e-84 4.73839793838246e-85 1.34496163038694e-84 6.80404692584533e-85 2.21447155829274e-85
0.0870316578847732 7.04322598585785e-84 -2.98445442098855e-85 6.92016518779871e-86 2.90153729591185e-86 5.81893232443148e-86 -5.41418212010632e-87 -1.52579105528512e-86 -7.66321725001479e-87 -2.47597950306812e-87
0.10069885968997 -1.4705699182514e-81 6.27328877604805e-83 -1.46448973172888e-83 -6.18245815899328e-84 -1.24842791989657e-83 1.16967312614644e-84 3.31942549763149e-84 1.67895987964501e-84 5.463400647612e-85
0.0637508362255581 -1.29258092643277e-82 5.51463956206336e-84 -1.28753217378638e-84 -5.43604411124427e-85 -1.09783078850024e-84 1.02869520033468e-85 2.91968175649736e-85 1.47694192641845e-85 4.80658672059788e-86
0.120390241763791 -1.92092887670153e-82 8.1949414430443e-84 -1.91320697550626e-84 -8.07722056676988e-85 -1.63113326022978e-84 1.52832521815645e-85 4.33750084204002e-85 2.19402931780769e-85 7.13987654315983e-86
0.1149073172326 -1.8544167170874e-82 7.91127651541137e-84 -1.84700164007899e-84 -7.79779544837733e-85 -1.5747218925552e-84 1.47548460295625e-85 4.18757801190508e-85 2.11821557260133e-85 6.89323015447113e-86
0.107265480259223 1.66987868570834e-82 -7.12026861241972e-84 1.66145640908131e-84 7.01075831308524e-85 1.41503811421194e-84 -1.3251642081495e-85 -3.75896511689906e-85 -1.90040224882131e-85 -6.18112856111193e-86
0.148344221408119 -3.44590453251955e-82 1.46956915808774e-83 -3.42971668418368e-84 -1.44747225292539e-84 -2.92206357606285e-84 2.73695594406562e-85 7.76503303138026e-85 3.92642916868593e-85 1.27731362844198e-85
-0.0453669036900052 1.29782742354207e-81 -5.53635417479098e-83 1.2924454872912e-83 5.45612621967225e-84 1.101752426281e-83 -1.03224402093957e-84 -2.92939618639099e-84 -1.4816745711193e-84 -4.82139687955832e-85
-2.36955254197244 -1.46385939083726e-80 6.24045091414801e-82 -1.45584070552675e-82 -6.14179585598806e-83 -1.23937906547973e-82 1.16041014120412e-83 3.29091054475974e-83 1.66341052545604e-83 5.40913697143687e-84
0.410416137111197 -3.86112986471566e-82 1.64748875518772e-83 -3.84691080975041e-84 -1.62437291086542e-84 -3.28085434681835e-84 3.07458903659235e-85 8.72739700643442e-85 4.41531333867773e-85 1.43708952915496e-85
-2.46021911615038 -1.83872297663226e-80 7.83834665508262e-82 -1.8285797241909e-82 -7.71413006653783e-83 -1.55663670304944e-82 1.45742477263309e-83 4.13316003981855e-83 2.08908973166068e-83 6.79324259570736e-84
2.11848641494211 5.8202702803068e-81 -2.48252180723526e-82 5.79461327237881e-83 2.44590542890963e-83 4.93835507332357e-83 -4.62619285201074e-84 -1.31269110963789e-83 -6.63865881952589e-84 -2.15994906388726e-84
0.268671573226318 -1.74722609457909e-83 7.47415841371988e-85 -1.74966153402649e-85 -7.40673345285705e-86 -1.4997675745075e-85 1.40901985645108e-86 4.00963477748907e-86 2.0336147799874e-86 6.63552225817317e-87
0.125577880528028 -3.06312293566182e-83 1.31118524582395e-84 -3.07143298582859e-85 -1.3010613607471e-85 -2.63619731792369e-85 2.47829382273538e-86 7.05701546147728e-86 3.58149515189656e-86 1.1693622658255e-86
-0.339412648334439 -3.70874570457899e-81 1.58156277470554e-82 -3.69085714267732e-83 -1.55758521011401e-83 -3.14415392591843e-83 2.94479122248655e-84 8.35415576913829e-84 4.22405515236618e-84 1.37404799722157e-84
0.164620367330591 5.49444646729329e-83 -2.33763995055081e-84 5.44264130387473e-85 2.2915142410665e-85 4.61487321440376e-85 -4.31213805501179e-86 -1.22044949677016e-85 -6.15634329205222e-86 -1.99787378198893e-86
0.081697312359402 -3.06507753417351e-83 1.31333451591254e-84 -3.07952443663154e-85 -1.30577625619751e-85 -2.64834391599938e-85 2.49213679475104e-86 7.10329630647037e-86 3.60844594778137e-86 1.17928591461734e-86
0.0792241726731744 -3.49676052320509e-82 1.49143680508815e-83 -3.48117041424811e-84 -1.46936444817617e-84 -2.96661518911467e-84 2.77901997982386e-85 7.8853233942234e-85 3.98773546840964e-85 1.29741383280063e-85
0.0901839317412502 -4.02886803507804e-82 1.71844542104041e-83 -4.01115926039816e-84 -1.69312056234849e-84 -3.41848207280558e-84 3.20241413524325e-85 9.08696945672896e-85 4.59557262678238e-85 1.49522156010514e-85
0.0771104517868097 -2.70672876540238e-82 1.15495749134639e-83 -2.69692452053342e-84 -1.1388210026701e-84 -2.30022149106385e-84 2.1556719900969e-85 6.11917898075593e-85 3.09586984134813e-85 1.00766842569232e-85
-0.308963865714664 -1.63115146742788e-81 6.95674293493679e-83 -1.62367483387051e-83 -6.85292464950535e-84 -1.38350354255506e-83 1.29593534998057e-84 3.67691645161811e-84 1.85935859475364e-84 6.04905979750289e-85
-0.534811196017639 2.79342798227605e-81 -1.19115860897691e-82 2.77960503382046e-83 1.17295221621976e-83 2.36758137051012e-83 -2.21731906644171e-84 -6.28997290248181e-84 -3.18015485011273e-84 -1.03441076102533e-84
0.0795120595083932 -2.65515745418391e-83 1.13559438971793e-84 -2.6578838687406e-85 -1.12494407113743e-85 -2.2774647473717e-85 2.13928933202453e-86 6.08671752201572e-86 3.08655584966936e-86 1.00695223499326e-86
0.105246312348877 -2.06538151231504e-82 8.81245021845581e-84 -2.05766463342828e-84 -8.68833162048019e-85 -1.75479218881448e-84 1.64442406812469e-85 4.66766208018125e-85 2.3613700217496e-85 7.68553489415684e-86
-1.22035527698072 6.7495947220942e-82 -2.87673629711905e-83 6.7097132939551e-84 2.83003484138385e-84 5.70961914515679e-84 -5.34467569406424e-85 -1.51542015838961e-84 -7.65814969899837e-85 -2.48977495313076e-85
-1.14902528636598 -9.02663671604153e-81 3.84882701154002e-82 -8.98074161289466e-83 -3.78948111434681e-83 -7.64847157264938e-83 7.16255964107105e-84 2.0316979960363e-83 1.02713839586861e-83 3.34075053228723e-84
0.157046892420149 4.16103838741168e-84 -1.72552629650654e-85 3.91262957888174e-86 1.60296628959135e-86 3.13840569740841e-86 -2.84818926532916e-87 -7.82122028048918e-87 -3.82364093426926e-87 -1.2011828843957e-87
0.162508120594817 4.31128856404366e-82 -1.83874797076904e-83 4.29159683371599e-84 1.81133832346418e-84 3.65685561935275e-84 -3.42542884683753e-85 -9.71895584725051e-85 -4.91477220597855e-85 -1.5989418288903e-85
-2.41539901053498 -1.4849149230082e-80 6.33087777877245e-82 -1.47709224362504e-82 -6.23210828534246e-83 -1.25773653553768e-82 1.17772256408991e-83 3.34036227190477e-83 1.68858529550847e-83 5.49158430097225e-84
-2.28343913281219 -1.45765670559975e-80 6.21417488173475e-82 -1.44974945226157e-82 -6.1162616382074e-83 -1.23425928931618e-82 1.15564733317481e-83 3.27749039572168e-83 1.65667121891252e-83 5.38736474221389e-84
0.10817640787352 -3.73446600624047e-82 1.5931382966554e-83 -3.71928887319916e-84 -1.57018261579725e-84 -3.17079283105353e-84 2.97087473102334e-85 8.43137107875864e-85 4.26472531147833e-85 1.38780765784934e-85
0.112312677736123 -1.62973667738258e-82 6.95268571148012e-84 -1.62319049069693e-84 -6.85283806684783e-85 -1.383882336524e-84 1.29666234963806e-85 3.68003793800888e-85 1.86147392350512e-85 6.0576927740381e-86
-1.44809919250023 -5.00055159931668e-82 2.13538079653155e-83 -4.99013864732437e-84 -2.10878405308907e-84 -4.26262819320098e-84 3.99778991964912e-85 1.1356860213087e-84 5.75008143348396e-85 1.87298144946204e-85
0.0805116721490887 -4.08543560314139e-82 1.74257805558971e-83 -4.06750072269597e-84 -1.71690758062854e-84 -3.46651997666961e-84 3.2474264731976e-85 9.21472542675671e-85 4.6601997107244e-85 1.51625440449863e-85
-0.045587259507895 -8.25545077863223e-83 3.52443179173097e-84 -8.23413577757065e-85 -3.47880342495622e-85 -7.03021057465059e-85 6.59180996678027e-86 1.87213665752744e-85 9.47651258125014e-86 3.08605760269788e-86
0.0751273811852912 -3.72123963422412e-83 1.59080870851979e-84 -3.72158635035548e-85 -1.5744193564092e-85 -3.18594706679727e-85 2.99125772993316e-86 8.50677377674324e-86 4.31174746180788e-86 1.40600057635292e-86
0.0912123313585122 3.66364149737221e-84 -1.56004223645013e-85 3.63523549938891e-86 1.5318062555297e-86 3.0874062587686e-86 -2.88717844085872e-87 -8.17790249215438e-87 -4.12838526066743e-87 -1.34077154899453e-87
-0.312737089980038 -1.53779920428567e-81 6.55879400567488e-83 -1.53083993505187e-83 -6.46129191136852e-84 -1.30447679092223e-83 1.22194620406097e-84 3.46709047102431e-84 1.75330400286873e-84 5.70419805290094e-85
0.0936299344401955 -3.00144104345411e-82 1.28029537067978e-83 -2.98862921475436e-84 -1.2615886070504e-84 -2.54736376085294e-84 2.38650847769174e-85 6.7722413397669e-85 3.42516033319616e-85 1.11448641540656e-85
-0.880625161559058 6.08255006132737e-81 -2.59387837393669e-82 6.05333697086436e-83 2.55460508499464e-83 5.15679660051325e-83 -4.82986352460464e-84 -1.37020947486084e-83 -6.92816029230363e-84 -2.25368960244323e-84
0.111688877166458 1.2525792631099e-82 -5.34185700137931e-84 1.24669601823113e-84 5.26153561311203e-85 1.06216432664736e-84 -9.94877211892005e-86 -2.82256824782326e-85 -1.42724398147246e-85 -4.64298358450276e-86
-0.67708976877256 4.77470766032075e-81 -2.0362963409314e-82 4.75243958654765e-83 2.00574635755991e-83 4.04914035822407e-83 -3.79269904604742e-84 -1.07604711562196e-83 -5.44118073119482e-84 -1.77011031643725e-84
0.153528355258519 8.55882961108605e-83 -3.64375064945537e-84 8.48911730431504e-85 3.57650125962306e-85 7.20741969318421e-85 -6.73904158129209e-86 -1.90858702925588e-85 -9.63391707841177e-86 -3.12850817963585e-86
0.0856633464425988 -3.59741460547202e-82 1.53449184535316e-83 -3.58195519943506e-84 -1.51202698634762e-84 -3.05299709698527e-84 2.86017111858848e-85 8.11624300110021e-85 4.10484789683262e-85 1.3356247556395e-85
-0.229993101236658 -2.31132070297758e-81 9.8578701706574e-83 -2.30084541488308e-83 -9.71126050524484e-84 -1.96060999370036e-83 1.83656196005269e-84 5.21095526056322e-84 2.63516671166353e-84 8.57322453181748e-85
-1.77094636114943 1.42555028086367e-80 -6.07871134692004e-82 1.41847548816877e-82 5.98571227672745e-83 1.20819533449904e-82 -1.13150664060287e-83 -3.20977298373596e-83 -1.62282014131155e-83 -5.27851405406198e-84
0.0837271688755382 -3.22288138119184e-82 1.37445806353961e-83 -3.20774676444713e-84 -1.35379349178337e-84 -2.73295298615602e-84 2.55982698212226e-85 7.26250424388552e-85 3.67232513567091e-85 1.19465127324094e-85
0.112149827535423 -1.11868814999122e-82 4.77381528331165e-84 -1.11481801589702e-84 -4.70789205170534e-85 -9.5099184465243e-85 8.91304683221219e-86 2.53030752142128e-85 1.28026464210366e-85 4.16746425645938e-86
-1.51003254053189 2.17131743975352e-81 -9.25909748236851e-83 2.16070459368171e-83 9.11813233333847e-84 1.84053369093898e-83 -1.72377412599424e-84 -4.8900609358785e-84 -2.47244771279364e-84 -8.04239226775327e-85
0.306587198029232 -2.13871780078226e-83 9.16735767376477e-85 -2.15033626222313e-85 -9.12100182369118e-86 -1.85053111173752e-85 1.74196465254681e-86 4.96672481981259e-86 2.52388968106556e-86 8.25100016338284e-87
-2.84808611798936 2.28630020379222e-80 -9.74668353273854e-82 2.27384976967554e-82 9.5929088479284e-83 1.93582521496182e-82 -1.81251062899896e-83 -5.14034417659884e-83 -2.59826029108039e-83 -8.4492526001172e-84
-0.51791499865308 3.55253571487895e-81 -1.51477892774769e-82 3.53460939455131e-83 1.49147962261418e-83 3.01037482451705e-83 -2.81917798477714e-84 -7.99690086077762e-84 -4.042963567627e-84 -1.3149922769005e-84
-0.856492522996034 -5.99599345692501e-81 2.55659506978314e-82 -5.96546126687228e-83 -2.51715380820252e-83 -5.08045658825155e-83 4.7576700943968e-84 1.34953176990864e-83 6.82261265713174e-84 2.2190316226389e-84
0.100614289023839 9.65389373297468e-83 -4.11583590560943e-84 9.60272773607196e-85 4.05148801829874e-85 8.17638830241726e-85 -7.65608563787667e-86 -2.17144584554215e-85 -1.09766488659399e-85 -3.56973064479833e-86
0.226163953678288 2.83370873177931e-82 -1.20783198871659e-83 2.81733863273179e-84 1.18837944495164e-84 2.39771962193309e-84 -2.24460625336962e-85 -6.36471653463808e-85 -3.21659730970575e-85 -1.04582594558285e-85
1.05026865932891 5.36092360728302e-82 -2.28724197324651e-83 5.34030725249611e-84 2.25478102123145e-84 4.55375979559597e-84 -4.26711953357337e-85 -1.21114757516602e-84 -6.12686750557412e-85 -1.99400132644832e-85
-1.62373090723866 -1.06266315709953e-80 4.53042009821779e-82 -1.05696980480733e-82 -4.459336997335e-83 -8.99922773447959e-83 8.42633548604196e-84 2.38984330903565e-83 1.20803325387216e-83 3.92856091831861e-84
-0.747148321902289 7.07217662444173e-81 -3.01615000413089e-82 7.0393757031377e-83 2.97097554270989e-83 5.99779144447809e-83 -5.6180075203656e-84 -1.59393484996517e-83 -8.06004960312729e-84 -2.62210525423732e-84
0.089108218049787 -1.64941472093816e-82 7.03669534214592e-84 -1.642817430954e-84 -6.93575721636765e-85 -1.40063868604958e-84 1.31237312532882e-85 3.72465573304196e-85 1.88405748509792e-85 6.13123164698013e-86
0.144155119415665 1.89689859068363e-82 -8.08185817092395e-84 1.88433928091699e-84 7.94493038981717e-85 1.60231476889872e-84 -1.49935211848309e-85 -4.24967895582365e-85 -2.14677679385371e-85 -6.97689688492435e-86
1.72364702607311 5.45313065189496e-82 -2.32794519781199e-83 5.4385229794449e-84 2.29759196787926e-84 4.64293058020167e-84 -4.35321529678678e-85 -1.23630434559593e-84 -6.25776921909057e-85 -2.03778775105164e-85
1.02263568375978 7.43431560511855e-82 -3.17187645483538e-83 7.40581967494502e-84 3.12689975549779e-84 6.31513105417518e-84 -5.91765553109296e-85 -1.67963347409637e-84 -8.49686058959779e-85 -2.76533630435788e-85
-1.78463117362003 1.24882266866263e-80 -5.32354333989216e-82 1.24188707881047e-82 5.23898398271187e-83 1.05715655884562e-82 -9.89760556464716e-84 -2.80684347231042e-83 -1.4186820311083e-83 -4.61314518842977e-84
