0.0772324073508937 1.0298081867017e-72 -4.56990566489561e-74 1.10979548562336e-74 4.87377917852991e-75 1.02381041765246e-74 -9.97873203384268e-76 -2.94599439456963e-75 -1.55013961043163e-75 -5.24757205602117e-76
0.182781847310533 -3.79331956094207e-72 1.68543285625573e-73 -4.09817278743604e-74 -1.80201424541326e-74 -3.79017231848339e-74 3.69882512984534e-75 1.09338064501613e-74 5.76054155330297e-75 1.95256707811891e-75
0.230792254004605 -1.21666144678609e-71 5.40490389431777e-73 -1.31399220745293e-73 -5.77678957440119e-74 -1.21482266685732e-73 1.18534052408849e-74 3.50328858336615e-74 1.84540988526873e-74 6.25403468125655e-75
0.128749106413375 5.27099851808575e-72 -2.34050955374105e-73 5.6874056931596e-74 2.49923229810128e-74 5.25328909628828e-74 -5.1234153438328e-75 -1.51352654609804e-74 -7.96900951873721e-75 -2.69940991840665e-75
0.103381174159969 -7.46834155231586e-72 3.31817130595109e-73 -8.06789117930771e-74 -3.5474004553524e-74 -7.46093051617355e-74 7.2808099168467e-75 2.15213216715883e-74 1.1338153812809e-74 3.84296364437758e-75
-1.11004373601047 1.67991077567501e-70 -7.46390513205754e-72 1.81481586987983e-72 7.97972545240574e-73 1.67832432434191e-72 -1.63782582253707e-73 -4.84130065038889e-73 -2.55058921462956e-73 -8.64508915073197e-74
0.138458969771104 1.78615656800876e-72 -7.94109807955334e-74 1.93209358944826e-74 8.50089563412859e-75 1.78909651257637e-74 -1.74705565761374e-75 -5.16752074050913e-75 -2.72421790199916e-75 -9.23957403241072e-76
0.0767025933876635 -3.35079524319635e-72 1.48910849443896e-73 -3.62152495245494e-74 -1.59274288557578e-74 -3.35067690468859e-74 3.27056996567981e-75 9.66978858522095e-75 5.09559341827911e-75 1.72752037283436e-75
-0.292602574124707 -3.08261860868107e-71 1.37002494824451e-72 -3.33214466638576e-73 -1.46557576303272e-73 -3.08336819966878e-73 3.00986155578237e-74 8.8995960779059e-74 4.69005924377712e-74 1.59014593969575e-74
0.105713951965957 5.50169652637352e-73 -2.44668346571047e-74 5.95449839910071e-75 2.62060266372097e-75 5.51682752826718e-75 -5.38866512203677e-76 -1.59431881398659e-75 -8.40723030496602e-76 -2.85220594599364e-76
-1.0529173418862 1.80537533628152e-70 -8.01973697752313e-72 1.94957170957527e-72 8.57051921858596e-73 1.80221880347549e-72 -1.75837577310931e-73 -5.19658800047726e-73 -2.73721500240115e-73 -9.2757692017961e-74
-0.670257587001492 -1.69784495685705e-70 7.54409668844405e-72 -1.83443810857579e-72 -8.06655025494666e-73 -1.69670062886826e-72 1.65587108304102e-73 4.89497385308235e-73 2.5790418827865e-73 8.74212364112178e-74
-0.777953540293814 1.88580399658915e-70 -8.37861591225769e-72 2.03720409885915e-72 8.95747675508675e-73 1.88394995695818e-72 -1.83847143441221e-73 -5.43434104274464e-73 -2.86299760241092e-73 -9.70388264538432e-74
0.0743813230801672 4.77474568408384e-73 -2.12324812158934e-74 5.16698566545173e-75 2.27385165723569e-75 4.7865102945727e-75 -4.67497387736623e-76 -1.38306098129785e-75 -7.29267784655427e-76 -2.47390291686993e-76
-2.31392838588359 3.27235565139203e-70 -1.45382011992494e-71 3.53465799704726e-72 1.55407878449311e-72 3.26836994004098e-72 -3.18928443753893e-73 -9.42665903862959e-73 -4.96599701868761e-73 -1.68308320610807e-73
-1.28832782209547 -1.9101913226021e-70 8.48691784710796e-72 -2.06352466735515e-72 -9.07315287183395e-73 -1.90826780631216e-72 1.86219123248728e-73 5.5044219649322e-73 2.89990158553093e-73 9.82890787636218e-74
0.121095795235788 -4.35288309506446e-72 1.93478504281995e-73 -4.7062505921727e-74 -2.07017159349612e-74 -4.35582322991421e-74 4.25243888269812e-75 1.25750139461469e-74 6.62770305863172e-75 2.24733672161426e-75
0.0881420599720497 -4.79947308549961e-72 2.13311550984868e-73 -5.18826100362305e-74 -2.28201370693428e-74 -4.80117246910041e-74 4.68684205689428e-75 1.38584899584748e-74 7.30357843722696e-75 2.47631588603599e-75
0.100399937499003 -4.43500294566907e-72 1.97058864241089e-73 -4.79164507019282e-74 -2.10698901425589e-74 -4.43172190791575e-74 4.32500542167431e-75 1.27850775771185e-74 6.73603361621594e-75 2.28326152051026e-75
0.0692708423887296 -2.18742588540177e-72 9.72760809965454e-74 -2.36736637114968e-74 -1.04187096091946e-74 -2.19328505388503e-74 2.14229975605553e-75 6.33823066470799e-75 3.34225896028591e-75 1.1338687160141e-75
1.30597466779008 1.11717326202141e-71 -4.96569825155156e-73 1.20788875414636e-73 5.31328034798295e-74 1.11797306822545e-73 -1.09145062976233e-74 -3.22759937955112e-74 -1.70113795991248e-74 -5.76833135329359e-75
0.110956342975302 -5.09012307357483e-72 2.26129642236301e-73 -5.49760087819462e-74 -2.41700627840809e-74 -5.08293837420298e-74 4.95970369532605e-75 1.46588219074968e-74 7.7219407769028e-75 2.61700342756141e-75
-1.5063241379439 3.92752683992313e-70 -1.7447854081145e-71 4.24181188776445e-72 1.86487477891646e-72 3.92175507374803e-72 -3.82661797099277e-73 -1.1309729640852e-72 -5.95762862554575e-73 -2.01904075791359e-73
0.119000819199945 -8.02072420083006e-72 3.56496750479529e-73 -8.67130076512189e-74 -3.81418687719004e-74 -8.02513530524806e-74 7.83441846041029e-75 2.31666800603676e-74 1.22097025295174e-74 4.1399679414951e-75
-0.613157606705561 9.46886317045789e-71 -4.20720788610817e-72 1.02300245133746e-72 4.49829889461833e-73 9.46133699238949e-73 -9.23337784385379e-74 -2.72942539311149e-73 -1.43802349508027e-73 -4.87428856753012e-74
0.119786272940188 -1.04473544601761e-71 4.64124894911649e-73 -1.12836590525009e-73 -4.96082565164584e-74 -1.0432551223723e-73 1.01796059620329e-74 3.00866558111712e-74 1.58489679791371e-74 5.37128930132794e-75
0.084224542522419 -1.24873020442303e-72 5.55311103674668e-74 -1.35142072444338e-74 -5.94748875648364e-75 -1.2520139215824e-74 1.22289307931047e-75 3.61801403148675e-75 1.90781407501813e-75 6.47220491932456e-76
0.0957995038267493 4.98964040539171e-72 -2.21679264801465e-73 5.38973344741493e-74 2.36972665187327e-74 4.983811448603e-74 -4.8632731750686e-75 -1.43746760457357e-74 -7.57271158900528e-75 -2.5665816388753e-75
0.491582802429479 -3.05711302985991e-72 1.3599635444426e-73 -3.3107716834372e-74 -1.45753755669269e-74 -3.06932211698586e-74 2.99894640474348e-75 8.87558710867331e-75 4.68176100423179e-75 1.58880837194982e-75
0.105336363557019 -3.36487736025108e-72 1.49516383693598e-73 -3.63575817290494e-74 -1.59878555326772e-74 -3.36293209616885e-74 3.28208606407274e-75 9.7025177310459e-75 5.11214483392398e-75 1.73289578316851e-75
0.102618710832527 -7.04807506856752e-72 3.13216962603573e-73 -7.61739837262935e-74 -3.35009457334198e-74 -7.04758146113415e-74 6.87902847856045e-75 2.03383962863764e-74 1.0717426382407e-74 3.63341400308654e-75
0.701819031126169 1.46582963823299e-72 -6.49169364941846e-74 1.57330947825855e-74 6.89531723919796e-75 1.44551264711882e-74 -1.40600991262503e-75 -4.14240260082631e-75 -2.17518019713464e-75 -7.3482431392541e-76
-0.00959910388525688 4.30056923740795e-71 -1.91116402655826e-72 4.64789861882377e-73 2.04411044830485e-73 4.30016115664204e-73 -4.19729114603904e-74 -1.24095512504841e-73 -6.53924017525365e-74 -2.21691527840048e-74
1.02385221347743 9.47791353189454e-72 -4.21452340966743e-73 1.02558336683823e-73 4.5131794116809e-74 9.50007413719582e-74 -9.27845113291953e-75 -2.74490108244419e-74 -1.44731228032702e-74 -4.90962698604136e-75
0.106581415103009 -8.89408127199961e-73 3.96560966358775e-74 -9.67614032475258e-75 -4.26952986057424e-75 -9.01129714610176e-75 8.82460491214302e-76 2.6175957873051e-75 1.38385592696194e-75 4.70680863097435e-76
0.20957647218366 -4.16699131119708e-72 1.85190011327875e-73 -4.50400797604841e-74 -1.98093275816724e-74 -4.16747441297289e-74 4.06799211783439e-75 1.20279010013504e-74 6.33846037450131e-75 2.14895971196475e-75
0.594083560764835 -1.49444989651773e-71 6.6409325241496e-73 -1.61496673978614e-73 -7.1021078876505e-74 -1.49397644997723e-73 1.45815727464348e-74 4.31089799280048e-74 2.2715144084777e-74 7.70041239302071e-75
0.0757844378304063 -4.38800867938033e-72 1.95040102360939e-73 -4.74424416647891e-74 -2.08688821808822e-74 -4.39100585367134e-74 4.28679629084554e-75 1.26766443706234e-74 6.68128517726315e-75 2.26551175413474e-75
-0.00712794157266031 -4.89559514825477e-71 2.17547633245169e-72 -5.29041656029471e-73 -2.32656063472474e-73 -4.89408510534983e-73 4.77675119929388e-74 1.41220035677468e-73 7.44122120824562e-74 2.52256684165052e-74
0.118617907222178 -1.90950485316146e-72 8.49221228189076e-74 -2.06684376502456e-74 -9.09669323852218e-75 -1.91510318458858e-74 1.87070308854452e-75 5.53503323798475e-75 2.9189045910971e-75 9.90307867695185e-76
0.0964744754432489 -6.39667379418788e-72 2.84223128101562e-73 -6.91116397018084e-74 -3.03900847224292e-74 -6.39212400496803e-74 6.23824412418213e-75 1.84408979133141e-74 9.71596395561387e-75 3.2933677366077e-75
0.103557880435235 -3.77433929522721e-72 1.67757373999334e-73 -4.08045898883971e-74 -1.79483898368546e-74 -3.77637126111159e-74 3.68661609689697e-75 1.090143867872e-74 5.74544932903252e-75 1.94811607298347e-75
0.11889632461276 -7.29255557528338e-72 3.24147822516321e-73 -7.88484498240539e-74 -3.4684246269202e-74 -7.29800319080239e-74 7.1249176626627e-75 2.10696971477764e-74 1.11050620640513e-74 3.76560105679226e-75
0.207851954987894 2.6269718830503e-72 -1.16684163844843e-73 2.83631756380083e-74 1.24677071521401e-74 2.62150547119958e-74 -2.55751805370736e-75 -7.55768941242477e-75 -3.98055268148074e-75 -1.34880162744618e-75
-0.0360474124226971 3.06376247624165e-71 -1.36173441298729e-72 3.31219875969445e-73 1.45689880056048e-73 3.0653144636784e-73 -2.99243457070455e-74 -8.8486476392658e-74 -4.66351480534699e-74 -1.58124951380644e-74
-2.52453653213193 -1.35323171217497e-70 6.01168787225994e-72 -1.46152839779269e-72 -6.42550152031489e-73 -1.35126141682068e-72 1.31848630272615e-73 3.89685636139204e-73 2.05275592409848e-73 6.95681953488227e-74
0.408483879687658 -1.32976029755113e-71 5.9096090946147e-73 -1.43724532579874e-73 -6.32109292705639e-74 -1.32979960577165e-73 1.29802873594924e-74 3.83782463036446e-74 2.02241495215464e-74 6.85655712942448e-75
-2.19947263481761 -4.87544864101974e-70 2.16554648077182e-71 -5.26389131934781e-72 -2.31384977612498e-72 -4.86514603501337e-72 4.74635704653767e-73 1.40257909296306e-72 7.38717452405479e-73 2.50310902967591e-73
2.19580829157853 1.21766095474506e-70 -5.41112145331361e-72 1.31593614753882e-72 5.78723803866114e-73 1.21742020293498e-72 -1.18826586012972e-73 -3.5130903592203e-73 -1.85118242178206e-73 -6.2756639283966e-74
0.304999942432137 -2.53462918908322e-72 1.12769122509393e-73 -2.74569411428947e-74 -1.20893415991189e-74 -2.54615786489843e-74 2.4881211004598e-75 7.36478107442414e-75 3.88536587283272e-75 1.31872464068201e-75
0.0913612743764516 3.90913308880414e-72 -1.73668736624728e-73 4.22230232654455e-74 1.85637564538967e-74 3.9040456420452e-74 -3.80949779378009e-75 -1.12596012607613e-74 -5.93147017812467e-75 -2.01025945472279e-75
-0.327527030865114 -9.52774630524717e-71 4.23377953003965e-72 -1.02956299168078e-72 -4.527584857562e-73 -9.52385776066096e-73 9.29529454031623e-74 2.74799534996742e-73 1.44794819813375e-73 4.90840755886957e-74
0.155916788583139 -1.00476412203189e-71 4.46391809427475e-73 -1.08531277474945e-73 -4.7718037320213e-74 -1.00355880357598e-73 9.79280259175866e-75 2.89450114569953e-74 1.52484118719455e-74 5.1680419615678e-75
0.0775034001679934 -3.54443384277685e-72 1.57598379736453e-73 -3.83480441014219e-74 -1.68742176052673e-74 -3.55170318521392e-74 3.4685950785887e-75 1.02606078739809e-74 5.40974429028512e-75 1.83497820249478e-75
0.0683089014589742 -4.15101272319216e-72 1.84395459914571e-73 -4.48263040635514e-74 -1.97062755865447e-74 -4.14389475509616e-74 4.04312114691105e-75 1.19488826041967e-74 6.29393056137917e-75 2.13288323178775e-75
0.106552377402111 3.50443933619531e-73 -1.55521912313508e-74 3.77702324625575e-75 1.65880414118694e-75 3.48474958871351e-75 -3.39664666658592e-76 -1.00283647778332e-75 -5.2770648623863e-76 -1.78650263061136e-76
0.107995557175704 -4.99280601821144e-72 2.21932411840311e-73 -5.39862919156246e-74 -2.37484544883538e-74 -4.9971217071991e-74 4.87874986258718e-75 1.44277914451527e-74 7.6045837998881e-75 2.57870522969046e-75
-0.319999513325929 -2.92753986150563e-71 1.30128031527024e-72 -3.1653778384543e-73 -1.39241684965172e-73 -2.9298516654644e-73 2.86039476226847e-74 8.4588032222842e-74 4.4583698008328e-74 1.5117982545217e-74
-0.439277339443127 6.4271936912137e-71 -2.8560255065515e-72 6.94527356733222e-73 3.05425697517106e-73 6.42472242839444e-73 -6.27057069910312e-74 -1.85379754088291e-73 -9.76791067219327e-74 -3.31124692528324e-74
0.0923425950277575 -2.42735879380261e-72 1.07956165130705e-73 -2.62752814018787e-74 -1.15647464955913e-74 -2.43476644744303e-74 2.37838565256417e-75 7.03735809615224e-75 3.71125711061123e-75 1.25916550936817e-75
0.0970647186867139 2.54062934996e-72 -1.12898195401151e-73 2.74548520820374e-74 1.20736892936461e-74 2.53976360877905e-74 -2.47885050794327e-75 -7.32840977109757e-75 -3.86147415269541e-75 -1.30902175278125e-75
-1.47157998731104 -3.32831605960003e-71 1.47813334455846e-72 -3.59243415075769e-73 -1.57889237004757e-73 -3.31931429773666e-73 3.23778266483038e-74 9.56641250515907e-74 5.03772222033991e-74 1.70674797946239e-74
-1.12453640198315 -2.57761305848269e-70 1.14517566177272e-71 -2.78428103852698e-72 -1.22417347499844e-72 -2.57457430414111e-72 2.51230170350039e-73 7.42575611012772e-73 3.91195370729909e-73 1.32585867972513e-73
0.196832017407269 -7.10066809540862e-72 3.15572117494966e-73 -7.675111053746e-74 -3.37566784168014e-74 -7.10178260319967e-74 6.93232631104241e-75 2.04971370810543e-74 1.08016875367802e-74 3.66218751138527e-75
0.148077117952434 -2.768199183611e-72 1.22870717984075e-73 -2.98459283119814e-74 -1.31102139746023e-74 -2.75464788551478e-74 2.68550121721501e-75 7.93023738127698e-75 4.17378623376347e-75 1.41326551085146e-75
-1.96547135330374 -4.18905524271772e-70 1.86077159053546e-71 -4.52331203409727e-72 -1.98842352119926e-72 -4.18113059963227e-72 4.07926950765627e-73 1.20551749736782e-72 6.34963413223802e-73 2.15166331826426e-73
-2.07076832964408 -3.25929498881848e-70 1.44778235368134e-71 -3.51940600150187e-72 -1.54712108046326e-72 -3.25320711806311e-72 3.17397080561584e-73 9.37986470260399e-73 4.9405382239249e-73 1.67418082268518e-73
0.0229037872209243 1.41379986191263e-72 -6.28005586306934e-74 1.52660020910033e-74 6.71082210095781e-75 1.41110186628572e-74 -1.37671664610302e-75 -4.06848712074893e-75 -2.14291587324892e-75 -7.26151865456706e-76
0.0995200642569 -1.80652324776051e-73 8.12436593721119e-75 -1.99924699954169e-75 -8.89565825142384e-76 -1.89308113428448e-75 1.86901315163333e-76 5.58865416944738e-76 2.97808141009176e-76 1.02086371930274e-76
-1.3275976613009 -8.33325892985123e-72 3.70448187704428e-73 -9.01209915557295e-74 -3.96472160573979e-74 -8.3431743096391e-74 8.14616396066411e-75 2.4092219728697e-74 1.26994213554706e-74 4.30666276462775e-75
0.0538018197708073 -5.42138926606591e-72 2.40967275561734e-73 -5.86127740306028e-74 -2.5781939147933e-74 -5.42464860752531e-74 5.29580152074318e-75 1.56600979716263e-74 8.25356444815494e-75 2.79859003248664e-75
-0.160561566114429 -5.59596072582491e-72 2.48790537663185e-73 -6.05312421014518e-74 -2.66326388441631e-74 -5.60507380727415e-74 5.47333865770791e-75 1.61892147118614e-74 8.53460319859362e-75 2.89461854604498e-75
0.0882534937969825 3.51170057440247e-73 -1.56132512428186e-74 3.79887267796888e-75 1.67149086709465e-75 3.51791054512429e-75 -3.43532963453496e-76 -1.01613990675042e-75 -5.35700038562382e-76 -1.81693458194773e-76
0.106713279973833 -3.4023841957241e-72 1.51262298669456e-73 -3.68014355735675e-74 -1.61915306588283e-74 -3.40756202695743e-74 3.3273897761021e-75 9.84161245699188e-75 5.1881571918623e-75 1.75958659285283e-75
-0.282186889772595 -3.44964716640093e-71 1.53336680425152e-72 -3.72995940794501e-73 -1.6407831368042e-73 -3.45247805920544e-73 3.37065779397051e-74 9.96783912677806e-74 5.25377670086446e-74 1.78152860380373e-74
0.0789972959274758 3.37796471392896e-73 -1.49457252214679e-74 3.61870506161709e-75 1.58440395356056e-75 3.31817035857173e-75 -3.22420510406461e-76 -9.48934746739285e-76 -4.97761394532759e-76 -1.67974541442453e-76
-0.900130907250163 1.90862453461802e-70 -8.47921739329432e-72 2.06147246291901e-72 9.06333779173912e-73 1.90603684054975e-72 -1.85985136173823e-73 -5.4970240181009e-73 -2.89575019318696e-73 -9.81397577482467e-74
0.108007771525902 -2.2126890626698e-72 9.8346324116955e-74 -2.39211770626496e-74 -1.05219441319545e-74 -2.2138189706919e-74 2.1611863341978e-75 6.39064870203083e-75 3.36807622984047e-75 1.14200888345817e-75
-0.565630468453999 1.24844990486874e-70 -5.5478004680892e-72 1.34914042376538e-72 5.9331106543496e-73 1.24807403160634e-72 -1.21815395306395e-73 -3.60136029913244e-73 -1.89764573857941e-73 -6.43301028777634e-74
0.152582633454029 1.58111850865137e-72 -7.01819701782681e-74 1.70479696720807e-74 7.48872886626131e-75 1.57353177700039e-74 -1.53407369149366e-75 -4.53021534939441e-75 -2.38437743307015e-75 -8.07385700961179e-76
0.0987371206466653 -2.25636375897025e-72 1.0029143434362e-73 -2.43952391783852e-74 -1.07308763411815e-74 -2.25786414485904e-74 2.20426729928901e-75 6.51828239676442e-75 3.43546999725237e-75 1.16490253185644e-75
-0.133043851384438 -4.84440350027734e-71 2.15279936518719e-72 -5.23544307433425e-73 -2.30246122760879e-73 -4.84355062245726e-73 4.72758473460901e-74 1.39771102264735e-73 7.3651171617859e-74 2.49685025730261e-74
-1.28628469066871 3.61472565785239e-70 -1.60582643113135e-71 3.90398712299592e-72 1.71635463162277e-72 3.60942636334829e-72 -3.52186887877402e-73 -1.0409039231809e-72 -5.48317598052469e-73 -1.85825010859657e-73
0.0946790878741101 1.13641953587516e-72 -5.04263054838772e-74 1.22450488922064e-74 5.37713775574561e-75 1.1294647844268e-74 -1.10076962729334e-75 -3.2495334583887e-75 -1.70973193021558e-75 -5.78740432043187e-76
0.0939195990263764 -3.54996839965613e-72 1.57888109694849e-73 -3.84291745941229e-74 -1.69146004052286e-74 -3.5611897776119e-74 3.478824429296e-75 1.02937247423559e-74 5.42871258025636e-75 1.8419242758223e-75
-2.09374205617516 1.49546817096008e-70 -6.64360253106932e-72 1.61516405767585e-72 7.1009840022507e-73 1.49332025024161e-72 -1.45710627758179e-73 -4.30657472795914e-73 -2.2685943195414e-73 -7.68833244213536e-74
0.3094133490041 -5.42254018291849e-72 2.40933493905112e-73 -5.85838878910253e-74 -2.57601373426689e-74 -5.41814677839405e-74 5.28758415571255e-75 1.56302664972116e-74 8.2349249967329e-75 2.79128032559771e-75
-3.12233106984163 3.93396050567041e-70 -1.74776146483372e-71 4.24933392201758e-72 1.86830793428645e-72 3.92924028689247e-72 -3.83418070779903e-73 -1.13328477709935e-72 -5.9702103332317e-73 -2.02344159805432e-73
-0.521288455039474 6.48454962976756e-71 -2.88156591115169e-72 7.00751250295507e-73 3.08168432929493e-73 6.48253691699658e-73 -6.32711538783025e-74 -1.870548818655e-73 -9.85635839929389e-74 -3.34129207719966e-74
-0.762179347371458 -1.05450132906077e-70 4.68538786094837e-72 -1.13928003508886e-72 -5.00961451306866e-73 -1.05368463625194e-72 1.02830235728639e-73 3.03971935127142e-73 1.6015121184337e-73 5.4284697309934e-74
0.0717401679067596 -1.87795564413419e-73 8.38566329760759e-75 -2.04912583722734e-75 -9.05485255294885e-76 -1.91390060705147e-75 1.8769556561832e-76 5.57550193654978e-76 2.95182719320454e-76 1.0054056349561e-76
0.241380345287338 -1.07861723160493e-71 4.7911784245742e-73 -1.16467272891676e-73 -5.11981656743443e-74 -1.07655807793782e-73 1.0503267385853e-74 3.10394418450844e-74 1.63488616877589e-74 5.54002389370863e-75
1.01573711783889 8.28660474157053e-72 -3.68396614274081e-73 8.96275331148705e-74 3.94326918001355e-74 8.29858810442203e-74 -8.10319191912352e-75 -2.39668413604565e-74 -1.26342611452962e-74 -4.28488959365791e-75
-1.86520366085278 -2.42258918266797e-70 1.07615443100036e-71 -2.61610941110081e-72 -1.15007469835266e-72 -2.41840298793435e-72 2.35958211146416e-73 6.9733899345688e-73 3.67313464315303e-73 1.24474432296072e-73
-0.706293656711313 2.14082335690124e-70 -9.51241786265562e-72 2.31306355912966e-72 1.01712220538364e-72 2.13939640663553e-72 -2.08791720265967e-73 -6.17216881662165e-73 -3.25196935026083e-73 -1.10231465651277e-73
0.075192240320584 6.79382632762971e-72 -3.01845081212352e-73 7.33905693736051e-74 3.22689818764118e-74 6.78676413474516e-74 -6.62283694625385e-75 -1.95761738001531e-74 -1.03132516432869e-74 -3.49553646331318e-75
0.177199288725004 -8.11491040470831e-72 3.60488636110486e-73 -8.76366986106086e-74 -3.85273714502822e-74 -8.10187106739103e-74 7.9050601418108e-75 2.33629436444032e-74 1.23064867274434e-74 4.17052879008085e-75
1.6312652829775 1.38734946124886e-71 -6.16766825668422e-73 1.5005238317003e-73 6.60167142436063e-74 1.38930520934485e-73 -1.35658028821623e-74 -4.01232448920082e-74 -2.11510004449502e-74 -7.17325825138422e-75
0.97303962671263 9.82593186811764e-72 -4.36911778161488e-73 1.06316452023935e-73 4.67838843301872e-74 9.84747290162198e-74 -9.6173927983654e-75 -2.845067571257e-74 -1.50007198416254e-74 -5.08841195982024e-75
-2.00656188400447 1.55949480004987e-70 -6.92964144598353e-72 1.68509407188853e-72 7.41014066981105e-73 1.55869557996595e-72 -1.52124804155101e-73 -4.49719030853685e-73 -2.36955403568572e-73 -8.03234679662136e-74
