0.0876818877664762 0.279213407071057 0.279212762738988 0.279212118289112 0.279211473720924 0.27921082903391 0.27921018422756 0.279209539301358 0.279208894254786 0.279208249087324
0.127636598676099 0.279959683622519 0.279960064324494 0.27996044484436 0.279960825181502 0.279961205335301 0.279961585305136 0.279961965090382 0.279962344690411 0.279962724104593
0.1085974777397 0.280523954811033 0.280524495729661 0.280525036488102 0.28052557708578 0.280526117522115 0.280526657796529 0.280527197908437 0.280527737857252 0.280528277642386
0.115032952249429 0.308829048970628 0.308828247756131 0.308827446401153 0.308826644905144 0.308825843267547 0.308825041487809 0.308824239565369 0.308823437499664 0.30882263529013
0.0404174285955898 0.227777823681989 0.227764396354364 0.227750961929548 0.227737520397718 0.227724071749029 0.227710615973617 0.227697153061593 0.227683683003046 0.227670205788044
0.1071249528067 0.281128973503576 0.28112958916011 0.281130204682491 0.281130820070187 0.281131435322661 0.281132050439376 0.281132665419791 0.281133280263362 0.281133894969542
0.0927519951547462 0.253410371664496 0.253403337866668 0.253396302614326 0.253389265906403 0.253382227741829 0.253375188119532 0.253368147038438 0.253361104497466 0.253354060495539
0.124930757569129 0.285340250169245 0.285338200236528 0.285336150087243 0.285334099720865 0.285332049136867 0.285329998334719 0.285327947313889 0.285325896073843 0.285323844614044
0.120605263737934 0.275095534916955 0.275094910140747 0.275094285224733 0.275093660168414 0.275093034971291 0.275092409632861 0.275091784152619 0.275091158530058 0.275090532764667
0.110436358648391 0.281782156566028 0.281782732901959 0.281783309038683 0.281783884975562 0.281784460711956 0.281785036247224 0.28178561158072 0.281786186711796 0.2817867616398
0.103195239347143 0.27935688506107 0.279356227588985 0.279355570059941 0.279354912473583 0.279354254829553 0.279353597127494 0.279352939367043 0.279352281547838 0.279351623669514
0.0924245928888937 0.289488011716708 0.289487441826248 0.289486871819854 0.289486301697015 0.289485731457215 0.289485161099939 0.289484590624667 0.28948402003088 0.289483449318052
0.1244625344296 0.257942577850058 0.257938994999677 0.257935411858428 0.257931828425813 0.257928244701329 0.257924660684476 0.257921076374746 0.257917491771634 0.257913906874629
0.107166597564682 0.280649462110223 0.280650157682657 0.280650853166153 0.280651548560196 0.280652243864268 0.280652939077847 0.280653634200411 0.280654329231433 0.280655024170382
0.11822337435564 0.280085256159109 0.28008582439763 0.280086392473748 0.280086960386865 0.280087528136382 0.280088095721695 0.280088663142198 0.280089230397283 0.280089797486338
0.104321941085198 0.281942039023701 0.281942659149172 0.281943279112516 0.281943898913131 0.281944518550412 0.281945138023749 0.281945757332532 0.281946376476146 0.281946995453973
0.0909902278018004 0.273652789839905 0.273652199960053 0.273651610007603 0.273651019982124 0.273650429883181 0.27364983971034 0.273649249463162 0.273648659141206 0.273648068744031
0.11124985339265 0.270214012393602 0.27021330071248 0.270212588870386 0.270211876866788 0.270211164701149 0.270210452372933 0.270209739881601 0.270209027226608 0.270208314407412
0.114826712471327 0.280594863817343 0.280595397817638 0.280595931655569 0.280596465330541 0.28059699884196 0.280597532189225 0.280598065371736 0.280598598388887 0.280599131240071
0.0798595525905749 0.243593630958472 0.243592112954276 0.243590594891817 0.243589076770737 0.243587558590677 0.243586040351274 0.243584522052162 0.243583003692975 0.243581485273346
0.131472281337634 0.284774181716895 0.284773237601956 0.284772293310868 0.28477134884311 0.284770404198161 0.284769459375498 0.284768514374594 0.28476756919492 0.284766623835946
0.121161856637083 0.276150166888466 0.276149153551006 0.276148140073395 0.276147126455138 0.276146112695737 0.276145098794691 0.276144084751498 0.276143070565652 0.276142056236646
0.111428236418803 0.282435615527964 0.282436156773854 0.282436697829123 0.282437238693138 0.282437779365261 0.282438319844855 0.282438860131276 0.282439400223879 0.282439940122016
0.117921759413255 0.281399577545112 0.28140005459431 0.28140053146692 0.281401008162329 0.281401484679922 0.281401961019082 0.281402437179188 0.281402913159616 0.28140338895974
0.109519470158596 0.279308695783805 0.279309308846344 0.279309921730539 0.279310534435759 0.279311146961371 0.279311759306737 0.279312371471217 0.27931298345417 0.279313595254948
0.102093859845761 0.278716666629682 0.278716019035552 0.278715371322802 0.278714723490906 0.278714075539332 0.27871342746755 0.278712779275023 0.278712130961215 0.278711482525586
0.0942884492794104 0.269284508103743 0.269282351788389 0.269280195263383 0.269278038528217 0.269275881582387 0.269273724425382 0.26927156705669 0.269269409475797 0.269267251682188
0.113658274118629 0.263703034209516 0.263700921033821 0.263698807710915 0.263696694240365 0.263694580621739 0.263692466854601 0.263690352938513 0.263688238873036 0.263686124657728
0.112037813822285 0.281544085481282 0.281542043808321 0.281540001910098 0.281537959786062 0.281535917435663 0.281533874858345 0.28153183205355 0.281529789020719 0.28152774575929
0.108535881593858 0.279378805966735 0.279379419382377 0.279380032677873 0.279380645852677 0.279381258906237 0.279381871838002 0.279382484647414 0.279383097333916 0.279383709896946
0.0657740960429867 0.279281322158251 0.279272488471923 0.279263652063669 0.279254812930284 0.279245971068556 0.279237126475265 0.279228279147185 0.279219429081078 0.279210576273702
0.0866062383964298 0.294036677447152 0.294036354301703 0.294036031274288 0.294035708364706 0.294035385572757 0.294035062898237 0.294034740340939 0.294034417900656 0.294034095577181
0.119348765601342 0.28890068135655 0.288898720206903 0.28889675889627 0.288894797424233 0.288892835790374 0.288890873994266 0.288888912035488 0.288886949913612 0.28888498762821
0.0781545277794557 0.281449131217462 0.281448534619998 0.281447937943836 0.281447341188463 0.281446744353365 0.281446147438022 0.281445550441915 0.28144495336452 0.281444356205312
0.105106500379725 0.289075266708584 0.28907452693857 0.28907378703282 0.289073046990787 0.289072306811922 0.289071566495675 0.28907082604149 0.289070085448811 0.289069344717079
0.118737098088736 0.278145205287408 0.278145632399318 0.278146059330214 0.27814648607947 0.278146912646455 0.278147339030535 0.278147765231075 0.278148191247433 0.278148617078968
0.0888495245546573 0.271329855047022 0.271329121035093 0.271328386924455 0.27132765271465 0.271326918405219 0.2713261839957 0.271325449485628 0.271324714874537 0.271323980161958
0.120272842188296 0.280271092132698 0.280271619006925 0.280272145740837 0.280272672333918 0.28027319878565 0.280273725095511 0.280274251262978 0.280274777287526 0.280275303168626
0.0962204489456883 0.280551429672268 0.280552152305787 0.280552874794248 0.280553597137026 0.280554319333493 0.280555041383018 0.280555763284969 0.280556485038705 0.28055720664359
0.145822556048736 0.290048668755973 0.290046255531226 0.29004384203634 0.290041428270741 0.290039014233851 0.29003659992509 0.290034185343875 0.290031770489622 0.29002935536174
0.107506565640788 0.251463714209782 0.251458045632521 0.251452375760891 0.251446704593525 0.251441032129055 0.251435358366107 0.251429683303304 0.251424006939265 0.251418329272607
0.118043716433648 0.317535766403679 0.317534594014836 0.317533421414096 0.31753224860084 0.317531075574446 0.31752990233429 0.317528728879745 0.317527555210182 0.317526381324967
0.119199560878675 0.279054429769474 0.279052348106982 0.279050266208714 0.279048184074109 0.279046101702608 0.279044019093645 0.279041936246654 0.279039853161068 0.279037769836314
0.113403167919027 0.280861292411492 0.280861894041199 0.280862495533369 0.280863096887439 0.280863698102845 0.280864299179017 0.280864900115386 0.280865500911376 0.280866101566412
0.0671999944520969 0.238047121106876 0.238041405004333 0.238035687782159 0.238029969439356 0.238024249974926 0.238018529387865 0.238012807677171 0.238007084841833 0.238001360880844
0.083259510048639 0.293926833505802 0.293920326359293 0.293913817374661 0.293907306550494 0.293900793885373 0.293894279377878 0.293887763026582 0.293881244830061 0.29387472478688
0.106485647726668 0.281936056747049 0.281936663908984 0.281937270932186 0.281937877816068 0.281938484560047 0.281939091163529 0.281939697625925 0.281940303946638 0.28194091012507
0.07638958396805 0.267359759598 0.267350522020624 0.267341281873097 0.267332039152802 0.267322793857115 0.267313545983409 0.26730429552905 0.267295042491399 0.267285786867812
0.113489006336475 0.284942614617375 0.284941895523088 0.284941176292062 0.284940456923828 0.284939737417917 0.284939017773853 0.284938297991162 0.284937578069366 0.284936858007983
0.0903556096314794 0.289776416639003 0.289775835474047 0.289775254260823 0.289774672998891 0.28977409168781 0.289773510327134 0.289772928916419 0.289772347455213 0.289771765943069
0.07590766946091 0.261161891543071 0.261157268979263 0.261152646079237 0.261148022842661 0.2611433992692 0.261138775358518 0.261134151110278 0.26112952652414 0.261124901599762
0.0970057377562962 0.311225213528698 0.311218263313813 0.311211311242664 0.311204357313437 0.311197401524314 0.311190443873473 0.311183484359087 0.311176522979326 0.311169559732354
0.102215375344434 0.279870703698694 0.279871252908251 0.279871801972506 0.279872350890901 0.279872899662872 0.279873448287852 0.279873996765275 0.27987454509457 0.279875093275162
0.116930911560978 0.281482023226562 0.281482688616065 0.281483353899487 0.281484019076324 0.281484684146067 0.281485349108207 0.281486013962231 0.281486678707625 0.281487343343869
0.121254367160476 0.262465526588291 0.26246468292358 0.26246383910283 0.262462995125552 0.262462150991256 0.262461306699448 0.262460462249632 0.262459617641311 0.262458772873983
0.106862015217923 0.26412925147061 0.264128773522456 0.26412829547894 0.264127817339603 0.264127339103985 0.264126860771626 0.26412638234206 0.264125903814822 0.264125425189443
0.0584398667284106 0.263829382265422 0.263804671203239 0.263779936535309 0.263755178210417 0.263730396177178 0.263705590384036 0.263680760779264 0.263655907310962 0.263631029927054
0.0900878199349066 0.280835940045438 0.28083666832995 0.280837396516417 0.280838124604316 0.280838852593122 0.280839580482307 0.280840308271341 0.28084103595969 0.28084176354682
0.0837947814548378 0.290193663738126 0.290191419759069 0.290189175541035 0.29018693108352 0.290184686386021 0.290182441448027 0.290180196269031 0.29017795084852 0.290175705185979
0.107631098393414 0.281092218568502 0.281092786817067 0.28109335492594 0.281093922894575 0.281094490722426 0.281095058408945 0.281095625953579 0.281096193355774 0.281096760614973
0.133470557816303 0.286462359926297 0.286456454530937 0.286450547942455 0.286444640159893 0.286438731182294 0.286432821008696 0.286426909638137 0.286420997069649 0.286415083302264
0.102119457554715 0.280856206090613 0.280853929311036 0.280851652391316 0.280849375331044 0.280847098129806 0.280844820787186 0.280842543302767 0.28084026567613 0.280837987906855
0.142224813192327 0.272903289568281 0.272902316180597 0.272901342578464 0.272900368761322 0.272899394728612 0.272898420479771 0.272897446014233 0.272896471331431 0.272895496430794
0.106497203079714 0.281701361345559 0.281701928820305 0.281702496160383 0.281703063365229 0.281703630434279 0.281704197366965 0.281704764162717 0.281705330820961 0.281705897341123
0.136182734609717 0.258328100651425 0.258323768119794 0.258319435042852 0.258315101420024 0.258310767250731 0.258306432534393 0.258302097270424 0.25829776145824 0.258293425097255
0.123357058085356 0.279310215991431 0.279310728646962 0.27931124111827 0.279311753404738 0.279312265505743 0.27931277742066 0.279313289148863 0.27931380068972 0.279314312042597
0.140996539378909 0.301140578230242 0.301139638537329 0.301138698629047 0.301137758504766 0.301136818163859 0.30113587760569 0.301134936829622 0.301133995835018 0.301133054621234
0.120624803824573 0.285030807377737 0.285029671759785 0.285028535872763 0.285027399716035 0.285026263288966 0.285025126590916 0.285023989621243 0.285022852379302 0.285021714864445
0.108195068613127 0.288028562410612 0.288027829345641 0.288027096163432 0.288026362863497 0.28802562944535 0.288024895908499 0.28802416225245 0.288023428476706 0.28802269458077
0.149301048619309 0.2765022524104 0.276501369160099 0.276500485683628 0.276499601980394 0.276498718049796 0.276497833891235 0.276496949504108 0.276496064887807 0.276495180041725
0.106995773243178 0.258737291052339 0.258736785931873 0.258736280635397 0.258735775162364 0.258735269512224 0.258734763684425 0.258734257678413 0.258733751493631 0.258733245129518
0.0775626765092834 0.282320099422813 0.282319503119642 0.282318906962326 0.282318310950679 0.282317715084513 0.282317119363637 0.282316523787858 0.282315928356982 0.282315333070813
0.107321226983887 0.280805874631518 0.280806478133908 0.280807081467665 0.280807684632177 0.280808287626829 0.280808890451006 0.280809493104086 0.280810095585447 0.280810697894463
0.12819096005672 0.28087489376699 0.280875341111818 0.280875788266613 0.280876235230754 0.28087668200362 0.280877128584584 0.280877574973017 0.280878021168289 0.280878467169765
0.115512901957164 0.280872234896885 0.280872686105604 0.280873137132875 0.280873587978078 0.280874038640588 0.280874489119777 0.280874939415015 0.280875389525669 0.280875839451101
0.103527046208007 0.270195019226244 0.270194502668569 0.270193985996694 0.270193469210113 0.270192952308314 0.270192435290784 0.270191918157009 0.27019140090647 0.270190883538646
0.0921505754792773 0.263903588633416 0.263903222679722 0.263902856696544 0.263902490683473 0.263902124640097 0.263901758566001 0.263901392460768 0.263901026323979 0.263900660155214
0.115268703692169 0.290587627121034 0.290586634641344 0.29058564193104 0.290584648989498 0.290583655816094 0.290582662410199 0.290581668771182 0.29058067489841 0.290579680791247
0.142121758165265 0.299107460116429 0.299106109598846 0.299104758810187 0.299103407749783 0.299102056416959 0.299100704811041 0.29909935293135 0.299098000777203 0.299096648347917
0.117947166526205 0.28152549789018 0.28152593531369 0.281526372550695 0.281526809600579 0.281527246462725 0.281527683136512 0.281528119621317 0.281528555916511 0.281528992021467
0.0941639996192895 0.272891217288948 0.272890396404578 0.272889575506276 0.27288875459373 0.272887933666622 0.272887112724632 0.272886291767442 0.272885470794727 0.272884649806163
0.0950282958909449 0.282209742876604 0.282210436153013 0.282211129342775 0.28221182244541 0.282212515460437 0.282213208387373 0.282213901225731 0.282214593975021 0.282215286634753
0.0984905644839037 0.268335604301291 0.268335170457101 0.268334736480008 0.268334302369433 0.268333868124801 0.268333433745528 0.268332999231031 0.268332564580722 0.268332129794014
0.0839442659769682 0.274202466491555 0.274201856937336 0.2742012473026 0.274200637586847 0.274200027789573 0.274199417910274 0.274198807948441 0.274198197903563 0.274197587775128
0.129219953890251 0.289665057479091 0.289663880744026 0.289662703806439 0.289661526665725 0.289660349321281 0.289659171772499 0.289657994018767 0.289656816059474 0.289655637894003
0.126438475833251 0.282206823320071 0.2822072827862 0.282207742070575 0.282208201172617 0.282208660091745 0.282209118827375 0.282209577378921 0.282210035745792 0.282210493927399
0.126243139400273 0.264733319614265 0.264732559407571 0.264731798998664 0.264731038386972 0.264730277571921 0.264729516552936 0.264728755329435 0.264727993900838 0.264727232266558
0.108187796594246 0.278872780669449 0.278869854598061 0.278866928294721 0.278864001758893 0.278861074990037 0.278858147987613 0.278855220751077 0.278852293279883 0.278849365573481
0.119138296917753 0.298406343038566 0.298405473533173 0.298404603834223 0.298403733941113 0.298402863853236 0.298401993569984 0.298401123090744 0.298400252414903 0.298399381541844
0.116017187781144 0.281076903764366 0.281077248921418 0.28107759390646 0.281077938718906 0.281078283358167 0.281078627823652 0.281078972114765 0.28107931623091 0.281079660171486
0.088357121316238 0.279622827534558 0.279619602529892 0.279616377320507 0.279613151905951 0.27960992628577 0.279606700459508 0.279603474426705 0.279600248186899 0.279597021739629
0.107591958848386 0.279253208524236 0.279253879295114 0.279254549942962 0.279255220467252 0.279255890867453 0.279256561143028 0.279257231293445 0.279257901318161 0.279258571216636
0.104799632674443 0.282103038404613 0.282103668619652 0.282104298663952 0.282104928536862 0.282105558237729 0.282106187765896 0.282106817120704 0.28210744630149 0.282108075307587
0.135463137498199 0.283721096474587 0.283720136376292 0.283719176110124 0.283718215675577 0.283717255072143 0.283716294299309 0.283715333356562 0.283714372243386 0.283713410959263
0.115224519963273 0.293897831988447 0.293895573034977 0.293893313888023 0.293891054547059 0.293888795011556 0.293886535280984 0.293884275354808 0.293882015232494 0.293879754913502
0.11473327366561 0.280031675463092 0.280032301132679 0.280032926662336 0.280033552051463 0.280034177299462 0.280034802405725 0.280035427369647 0.280036052190619 0.280036676868027
0.0875330948501286 0.277081717960352 0.277079629957277 0.277077541798705 0.277075453484196 0.277073365013303 0.277071276385584 0.27706918760059 0.27706709865787 0.277065009556975
0.111610239407519 0.28046954631274 0.280470236085702 0.280470925741759 0.28047161528035 0.280472304700911 0.280472994002875 0.280473683185672 0.28047437224873 0.280475061191472
0.0873872751128541 0.268005002029605 0.268004429089352 0.268003856034749 0.26800328286531 0.268002709580546 0.268002136179967 0.268001562663079 0.268000989029386 0.26800041527839
0.0434263620542409 0.211005989765199 0.211001049680674 0.210996108619162 0.210991166579653 0.210986223561131 0.210981279562581 0.210976334582984 0.210971388621315 0.210966441676553
