0.116369091751854 0.296211874823534 0.296211252950862 0.296210630924423 0.296210008743623 0.296209386407865 0.296208763916549 0.296208141269075 0.296207518464838 0.296206895503233
0.108167352563496 0.281874895126364 0.281875417509841 0.281875939732428 0.281876461793523 0.281876983692519 0.281877505428811 0.28187802700179 0.281878548410843 0.281879069655357
0.104551748755415 0.280500477371072 0.280500937976327 0.280501398387736 0.280501858604677 0.280502318626528 0.280502778452663 0.280503238082455 0.280503697515273 0.280504156750484
0.12825444721124 0.274822082198901 0.274821039247323 0.274819996068398 0.274818952661482 0.27481790902593 0.274816865161095 0.274815821066324 0.274814776740967 0.274813732184367
0.0449452478865982 0.246442525967149 0.246422952297496 0.246403354935693 0.246383733810301 0.246364088849555 0.246344419981356 0.246324727133278 0.246305010232559 0.246285269206102
0.110406643040533 0.280810901167167 0.280811515265425 0.280812129148317 0.280812742815174 0.280813356265327 0.280813969498106 0.280814582512837 0.280815195308843 0.280815807885445
0.0742414038174498 0.291419037832185 0.291409848905859 0.29140065664268 0.291391461038324 0.291382262088455 0.291373059788728 0.291363854134785 0.291354645122257 0.291345432746766
0.136981636176655 0.278410171540569 0.278407920663799 0.278405669446093 0.278403417886711 0.278401165984909 0.278398913739942 0.278396661151061 0.278394408217515 0.278392154938552
0.126150286099198 0.299619288480045 0.299618138431908 0.299616988156746 0.299615837653889 0.299614686922667 0.299613535962405 0.299612384772427 0.299611233352052 0.299610081700598
0.0984560824599584 0.28007731755119 0.280078049026888 0.280078780373856 0.280079511591514 0.280080242679281 0.280080973636572 0.280081704462801 0.280082435157375 0.280083165719705
0.141380486335728 0.314739014406297 0.314737660199828 0.31473630573905 0.314734951023294 0.314733596051882 0.314732240824137 0.314730885339378 0.314729529596922 0.314728173596085
0.124933761484136 0.300917997566407 0.300917096054892 0.300916194282475 0.300915292248409 0.300914389951948 0.300913487392341 0.300912584568835 0.300911681480673 0.300910778127097
0.137028975691696 0.297829729009415 0.297826226427331 0.297822723455483 0.297819220093166 0.297815716339675 0.297812212194301 0.297808707656334 0.29780520272506 0.297801697399763
0.113151243097071 0.278961265867853 0.278961694709208 0.278962123366514 0.278962551839169 0.278962980126566 0.278963408228101 0.278963836143161 0.278964263871136 0.27896469141141
0.0998426766100968 0.281468987379546 0.281469744591271 0.281470501693196 0.281471258684755 0.281472015565375 0.281472772334485 0.281473528991507 0.281474285535863 0.281475041966975
0.0819942545828252 0.281443293604976 0.281444126631447 0.281444959568066 0.281445792414272 0.281446625169502 0.281447457833191 0.281448290404772 0.281449122883675 0.281449955269325
0.120885267813852 0.264674361519797 0.264673466295108 0.264672570831581 0.264671675128581 0.264670779185468 0.2646698830016 0.264668986576334 0.264668089909024 0.264667192999021
0.0761539216257715 0.26516516122809 0.265164477566181 0.265163793770303 0.265163109839835 0.265162425774149 0.265161741572619 0.265161057234613 0.265160372759499 0.265159688146642
0.118282987044691 0.281452940439059 0.281453454036548 0.281453967410205 0.281454480559356 0.281454993483325 0.281455506181432 0.281456018652995 0.281456530897331 0.281457042913753
0.0745461281169736 0.279907895512432 0.279906076071122 0.279904256480916 0.279902436741239 0.279900616851515 0.279898796811166 0.279896976619609 0.27989515627626 0.279893335780533
0.118315247231377 0.279545644811877 0.279545056490242 0.279544467904071 0.279543879052645 0.279543289935244 0.279542700551142 0.279542110899613 0.279541520979925 0.279540930791349
0.104112576221639 0.25698584603599 0.256985465867409 0.256985085479768 0.2569847048724 0.256984324044637 0.25698394299581 0.256983561725244 0.256983180232264 0.256982798516193
0.0925128375489588 0.281858484805485 0.281859168950108 0.281859852921928 0.281860536720327 0.281861220344681 0.281861903794368 0.281862587068759 0.281863270167225 0.281863953089136
0.114961684102563 0.281331972172041 0.281332527581825 0.28133308287981 0.281333638065467 0.281334193138265 0.281334748097669 0.281335302943144 0.28133585767415 0.281336412290145
0.10065512765639 0.28190295897084 0.281903574885368 0.28190419067143 0.281904806328466 0.281905421855908 0.281906037253191 0.281906652519744 0.281907267654995 0.281907882658369
0.0927705506491082 0.284999597100149 0.284999076615381 0.284998556021401 0.284998035317654 0.284997514503582 0.284996993578624 0.284996472542215 0.284995951393793 0.284995430132786
0.118927917620309 0.28822176658689 0.288219535473933 0.288217304089038 0.288215072431555 0.288212840500833 0.288210608296215 0.288208375817045 0.288206143062663 0.288203910032406
0.112735507807831 0.245510292393718 0.245508435952404 0.245506579260773 0.245504722318175 0.245502865123958 0.245501007677468 0.245499149978049 0.245497292025041 0.245495433817783
0.11941471231409 0.319486355240094 0.319484307986139 0.319482260487201 0.319480212742513 0.319478164751305 0.319476116512802 0.31947406802623 0.319472019290808 0.319469970305753
0.0901366461429982 0.280229973520761 0.28023062569875 0.280231277704926 0.280231929538663 0.280232581199334 0.280233232686306 0.280233883998946 0.28023453513662 0.280235186098689
0.0890997792304503 0.267488977842926 0.267484287785965 0.267479596917709 0.267474905237304 0.267470212743896 0.267465519436626 0.267460825314634 0.267456130377058 0.267451434623032
0.112507260656593 0.273026962146252 0.273026305181594 0.273025648037295 0.273024990712722 0.273024333207243 0.27302367552022 0.273023017651013 0.273022359598982 0.273021701363482
0.104471673939362 0.298872329619186 0.298870557062707 0.298868784270404 0.298867011241639 0.29886523797577 0.298863464472151 0.298861690730136 0.298859916749076 0.298858142528319
0.0952294649806488 0.276311282168754 0.27631043049429 0.276309578612238 0.276308726521961 0.276307874222818 0.276307021714167 0.276306168995362 0.276305316065756 0.276304462924699
0.103213912483798 0.267070789515206 0.267069954611077 0.267069119473826 0.267068284102829 0.267067448497458 0.267066612657083 0.267065776581072 0.267064940268791 0.267064103719603
0.12577350763093 0.280394691868168 0.280395094055236 0.280395496003745 0.280395897713028 0.280396299182421 0.280396700411254 0.280397101398856 0.280397502144552 0.280397902647666
0.114921687422818 0.282525380990909 0.282524515432327 0.282523649691363 0.282522783767427 0.282521917659919 0.282521051368244 0.282520184891801 0.28251931822999 0.282518451382202
0.113009514377009 0.28135320055684 0.281353759553965 0.281354318368072 0.281354876998555 0.281355435444806 0.281355993706213 0.281356551782163 0.281357109672041 0.28135766737523
0.120019864617388 0.280138171368864 0.280138583417811 0.280138995250687 0.280139406866869 0.280139818265734 0.280140229446656 0.280140640409004 0.280141051152149 0.280141461675457
0.133394535684942 0.279873081731988 0.279871046991503 0.279869011962636 0.27986697664468 0.279864941036924 0.279862905138652 0.279860868949149 0.279858832467696 0.279856795693571
0.10795786046302 0.319771808401149 0.319765239832232 0.31975866975129 0.319752098156996 0.319745525048018 0.319738950423023 0.319732374280673 0.319725796619629 0.319719217438543
0.0983817232236969 0.289392607491115 0.28939190796904 0.289391208235218 0.289390508288984 0.289389808129673 0.289389107756617 0.289388407169146 0.289387706366586 0.289387005348261
0.132862970484784 0.28774535371604 0.287743312966534 0.287741271966662 0.287739230715808 0.287737189213357 0.287735147458692 0.287733105451192 0.287731063190235 0.287729020675194
0.0941431120265392 0.280622288179536 0.280623058405925 0.280623828489897 0.280624598430843 0.280625368228148 0.280626137881196 0.280626907389368 0.280627676752044 0.280628445968601
0.0949213789358145 0.268496229343606 0.268490515750532 0.268484800818504 0.268479084546199 0.268473366932291 0.268467647975448 0.268461927674338 0.268456206027625 0.268450483033969
0.0541144089130817 0.226649494793352 0.226637971333377 0.226626440324381 0.226614901752104 0.226603355602243 0.226591801860452 0.226580240512343 0.226568671543487 0.226557094939409
0.131934276102771 0.278881330218163 0.278881819395595 0.27888230841874 0.278882797287034 0.278883285999912 0.278883774556805 0.278884262957143 0.278884751200351 0.278885239285855
0.0850567294290046 0.302755577469674 0.302744783787721 0.302733987282475 0.302723187951266 0.302712385791421 0.302701580800258 0.302690772975092 0.302679962313233 0.302669148811983
0.109338091608221 0.280343215757131 0.28034276929576 0.280342322825016 0.280341876344465 0.280341429853669 0.280340983352187 0.280340536839575 0.280340090315388 0.280339643779176
0.107378414253888 0.267280566202953 0.267280133142025 0.267279699898424 0.267279266471557 0.267278832860829 0.267278399065645 0.267277965085405 0.267277530919507 0.267277096567348
0.0772017711529489 0.247818408512875 0.247814358086853 0.247810307274754 0.247806256075966 0.247802204489877 0.247798152515867 0.24779410015332 0.247790047401613 0.247785994260123
0.0950199817507636 0.265781433135482 0.265776332713495 0.26577123144617 0.265766129332601 0.265761026371879 0.265755922563094 0.265750817905333 0.265745712397677 0.26574060603921
0.129910813710503 0.279664526227926 0.27966492533755 0.279665324216934 0.279665722865452 0.279666121282476 0.279666519467378 0.279666917419526 0.279667315138284 0.279667712623018
0.094163072747902 0.282882797908259 0.282883651020151 0.282884504012735 0.282885356885433 0.28288620963766 0.282887062268832 0.28288791477836 0.282888767165653 0.28288961943012
0.107091152851605 0.295248331127491 0.295247218769622 0.295246106157858 0.295244993291521 0.295243880169927 0.295242766792395 0.295241653158237 0.295240539266764 0.295239425117284
0.0907450855299347 0.263708569118267 0.263708557928924 0.263708546677358 0.263708535363088 0.263708523985633 0.263708512544507 0.263708501039225 0.263708489469297 0.263708477834232
0.0758790104950921 0.253658442872206 0.253649357430161 0.253640266143855 0.253631169001796 0.253622065992454 0.253612957104265 0.253603842325626 0.253594721644899 0.253585595050409
0.105442399041273 0.28038022652613 0.280380850060546 0.280381473417869 0.280382096597458 0.280382719598666 0.280383342420844 0.280383965063344 0.28038458752551 0.280385209806689
0.0857930506360915 0.255757932067762 0.255755509477439 0.255753086659094 0.255750663612115 0.25574824033589 0.2557458168298 0.255743393093227 0.25574096912555 0.255738544926145
0.0969238262057477 0.28008498534343 0.280085652045466 0.280086318588078 0.280086984970662 0.280087651192616 0.280088317253331 0.2800889831522 0.280089648888611 0.28009031446195
0.149255355144784 0.310011911238799 0.310007072523539 0.310002232939152 0.309997392484761 0.309992551159491 0.309987708962461 0.30998286589279 0.309978021949591 0.309973177131977
0.113853335432755 0.266739077352688 0.26673714456078 0.266735211515817 0.266733278217142 0.266731344664103 0.266729410856039 0.266727476792289 0.266725542472189 0.266723607895073
0.141852162918324 0.280527259120147 0.280526462210067 0.280525665062391 0.280524867676479 0.280524070051687 0.280523272187372 0.280522474082885 0.280521675737576 0.280520877150793
0.115689660970097 0.280455979374491 0.280456442737159 0.280456905921602 0.280457368927234 0.280457831753466 0.280458294399708 0.280458756865364 0.280459219149841 0.280459681252541
0.121504304585763 0.283486699513644 0.283481267585056 0.28347583462457 0.283470400631232 0.283464965604086 0.28345952954217 0.283454092444522 0.283448654310178 0.28344321513817
0.103526275973337 0.280897734974062 0.280898408262783 0.280899081392806 0.280899754363497 0.28090042717422 0.280901099824338 0.28090177231321 0.280902444640194 0.280903116804643
0.0978015051756364 0.269067204544294 0.26906655106816 0.26906589738134 0.269065243483182 0.269064589373031 0.269063935050231 0.269063280514121 0.269062625764039 0.269061970799321
0.116689393087587 0.279770330944842 0.279769159554799 0.27976798787288 0.279766815898407 0.279765643630697 0.279764471069069 0.279763298212836 0.27976212506131 0.2797609516138
0.106427020274462 0.282938898175521 0.282937920176907 0.282936941978706 0.282935963580249 0.282934984980861 0.282934006179869 0.282933027176595 0.282932047970359 0.282931068560477
0.111116568099014 0.271452306608398 0.271451582828415 0.271450858813838 0.271450134563979 0.271449410078146 0.271448685355647 0.271447960395784 0.271447235197858 0.271446509761168
0.0962350659982951 0.273574005174058 0.27357312110523 0.273572236852402 0.273571352414942 0.273570467792215 0.273569582983584 0.273568697988409 0.273567812806048 0.273566927435858
0.108392876962143 0.289715615956626 0.289714665115489 0.289713714081499 0.289712762854019 0.289711811432411 0.289710859816033 0.28970990800424 0.289708955996386 0.289708003791823
0.0938081186506772 0.280096022948232 0.280096817764214 0.280097612513073 0.280098407194294 0.28009920180736 0.280099996351752 0.280100790826947 0.280101585232422 0.28010237956765
0.124094016557636 0.278738971680569 0.278739404159964 0.278739836438611 0.278740268515899 0.278740700391213 0.27874113206394 0.278741563533459 0.27874199479915 0.278742425860392
0.102642449910702 0.280802647412538 0.280803296568287 0.280803945568367 0.280804594412198 0.280805243099199 0.280805891628787 0.280806540000376 0.280807188213378 0.280807836267202
0.116343027462847 0.272711659649579 0.272710777081554 0.272709894283152 0.272709011253708 0.272708127992555 0.272707244499025 0.272706360772444 0.272705476812139 0.272704592617433
0.10587884993865 0.283071136983935 0.283070308890072 0.283069480601201 0.283068652116692 0.283067823435915 0.283066994558239 0.283066165483026 0.28306533620964 0.28306450673744
0.0898272580205788 0.283789142054624 0.28378863746466 0.283788132699761 0.283787627759307 0.283787122642678 0.283786617349248 0.283786111878391 0.28378560622948 0.283785100401881
0.0984934569731244 0.272342763186845 0.272342371260364 0.27234197912059 0.272341586766863 0.272341194198519 0.272340801414896 0.272340408415324 0.272340015199133 0.272339621765651
0.105386725814314 0.280099557242312 0.280100099926279 0.280100642420717 0.280101184724987 0.280101726838447 0.280102268760451 0.280102810490353 0.280103352027502 0.280103893371247
0.0851778166832585 0.272568664815691 0.272568355945749 0.2725680469346 0.272567737781617 0.272567428486171 0.272567119047634 0.272566809465371 0.272566499738746 0.272566189867122
0.111975221616445 0.280374645885397 0.280375107525456 0.280375568970857 0.280376030220979 0.280376491275197 0.280376952132884 0.280377412793409 0.28037787325614 0.280378333520444
0.115008378576738 0.285357475310167 0.285356664537769 0.285355853584924 0.285355042451018 0.285354231135434 0.285353419637553 0.285352607956754 0.285351796092412 0.2853509840439
0.109117759644135 0.287543461250175 0.287542704695266 0.287541947940337 0.287541190984712 0.287540433827711 0.287539676468655 0.287538918906857 0.28753816114163 0.287537403172285
0.115314108514107 0.29811994027006 0.298118976371314 0.298118012359597 0.298117048234406 0.298116083995237 0.298115119641584 0.298114155172937 0.298113190588785 0.298112225888615
0.111877063451848 0.279984353070889 0.279984843123398 0.279985332996182 0.279985822688619 0.279986312200081 0.279986801529941 0.279987290677569 0.27998777964233 0.279988268423589
0.0930382968375035 0.281931756985573 0.281931353952343 0.281930950862262 0.281930547714785 0.281930144509367 0.28192974124546 0.281929337922511 0.281928934539967 0.28192853109727
0.0800453078670607 0.248700402488059 0.248697936409478 0.248695470096946 0.248693003549805 0.248690536767392 0.248688069749045 0.248685602494095 0.248683135001876 0.248680667271715
0.124056068450184 0.270327147480608 0.270326406380892 0.270325665023821 0.27032492340874 0.270324181534989 0.270323439401908 0.270322697008831 0.270321954355093 0.270321211440027
0.123337421350587 0.280604630118243 0.280605148775121 0.280605667202186 0.280606185398787 0.280606703364269 0.280607221097977 0.280607738599252 0.280608255867434 0.280608772901859
0.0803376397503114 0.266195136122549 0.266190572258787 0.266186007870115 0.266181442955778 0.266176877515014 0.266172311547063 0.266167745051158 0.26616317802653 0.266158610472407
0.130097584192029 0.280249584217641 0.28025000030226 0.280250416139084 0.280250831727437 0.280251247066639 0.280251662156008 0.280252076994858 0.280252491582504 0.280252905918256
0.119728750427325 0.280769126993208 0.280769561762941 0.280769996343871 0.280770430735388 0.280770864936877 0.280771298947725 0.280771732767311 0.280772166395017 0.280772599830218
0.113543737837622 0.281835408062024 0.281834380004711 0.281833351716598 0.281832323197038 0.281831294445383 0.281830265460981 0.281829236243179 0.281828206791319 0.281827177104744
0.0868154827302257 0.276939025063612 0.276937132102751 0.276935239048967 0.276933345901744 0.276931452660568 0.27692955932492 0.276927665894277 0.276925772368116 0.276923878745909
0.125408927952186 0.28025927869941 0.280259666167958 0.280260053384265 0.28026044034764 0.280260827057393 0.280261213512827 0.280261599713246 0.280261985657951 0.28026237134624
0.0863254272116953 0.294903323901 0.294900604806947 0.294897885398174 0.294895165673948 0.294892445633535 0.294889725276196 0.294887004601192 0.294884283607777 0.294881562295207
0.142767323011539 0.280348404117548 0.280348876748813 0.280349349176273 0.280349821399301 0.28035029341727 0.280350765229548 0.280351236835501 0.280351708234494 0.280352179425888
0.108297966824995 0.287875659542335 0.287874619538469 0.287873579301378 0.28787253883038 0.287871498124788 0.287870457183913 0.287869416007064 0.287868374593546 0.287867332942662
0.065048983098009 0.250773544250337 0.250766990669628 0.250760435457267 0.250753878611537 0.250747320130717 0.250740760013078 0.250734198256892 0.25072763486042 0.250721069821924
