0.125267305799238 0.276746894176339 0.276745988947985 0.276745083535457 0.27674417793825 0.276743272155854 0.27674236618776 0.276741460033456 0.276740553692427 0.276739647164157
0.0998331350050844 0.281753290527393 0.281753999330202 0.281754708035365 0.281755416642444 0.281756125150999 0.281756833560587 0.281757541870764 0.281758250081084 0.281758958191097
0.107304490075631 0.2801509800878 0.280151436197513 0.280151892132296 0.280152347891595 0.280152803474857 0.280153258881522 0.280153714111036 0.280154169162833 0.280154624036351
0.12345733889635 0.265783514268573 0.265782619943915 0.265781725436321 0.265780830745304 0.265779935870377 0.265779040811053 0.265778145566838 0.265777250137241 0.265776354521765
0.0639274293387232 0.222272096693815 0.222262357578499 0.222252615101032 0.222242869258483 0.222233120047915 0.222223367466384 0.222213611510944 0.222203852178641 0.222194089466519
0.078414388693745 0.283051414813481 0.283052375618096 0.283053336346698 0.283054296998776 0.283055257573817 0.283056218071307 0.283057178490728 0.283058138831561 0.283059099093284
0.0772873083070023 0.25663444562531 0.25662575026184 0.256617050233916 0.256608345533602 0.256599636152936 0.256590922083937 0.256582203318601 0.256573479848902 0.25656475166679
0.119679694122379 0.29081436330606 0.290811822112962 0.290809280657549 0.290806738939307 0.290804196957719 0.290801654712265 0.290799112202423 0.290796569427669 0.290794026387479
0.128351169832973 0.300565742020856 0.300564805175039 0.300563868137947 0.300562930909039 0.300561993487774 0.300561055873606 0.30056011806599 0.300559180064376 0.300558241868214
0.102446939148235 0.280975241908357 0.280975922203807 0.280976602396959 0.280977282487349 0.280977962474512 0.280978642357983 0.28097932213729 0.280980001811963 0.280980681381528
0.138810024968427 0.285080436408298 0.285079402620118 0.285078368641361 0.285077334471517 0.28507630011007 0.285075265556504 0.285074230810302 0.285073195870942 0.285072160737902
0.140925450248803 0.285139498829797 0.285138534873832 0.285137570741313 0.285136606431742 0.285135641944614 0.285134677279426 0.285133712435669 0.285132747412834 0.28513178221041
0.152185311855292 0.281568450909245 0.281564918785267 0.281561386337495 0.281557853565432 0.281554320468583 0.281550787046446 0.28154725329852 0.281543719224303 0.281540184823287
0.128645716526512 0.28205556155455 0.282055992607765 0.282056423488817 0.282056854197169 0.28205728473228 0.282057715093606 0.282058145280603 0.282058575292724 0.28205900512942
0.0936465182357674 0.28285062757676 0.282851287526639 0.282851947305217 0.282852606911909 0.282853266346134 0.282853925607305 0.282854584694833 0.282855243608126 0.282855902346593
0.116352068916565 0.279550996302043 0.27955148746582 0.279551978443286 0.279552469233855 0.279552959836941 0.279553450251953 0.279553940478299 0.279554430515385 0.279554920362612
0.0813342545658133 0.265944107313218 0.265943636816542 0.265943166223216 0.265942695532803 0.265942224744862 0.265941753858951 0.265941282874625 0.265940811791439 0.265940340608943
0.108240580489003 0.276238071032468 0.276237416952503 0.276236762730177 0.276236108365006 0.276235453856503 0.276234799204182 0.276234144407552 0.276233489466122 0.276232834379396
0.104972106187647 0.280928628140634 0.280929350909741 0.280930073555792 0.280930796078275 0.280931518476678 0.280932240750482 0.280932962899172 0.280933684922225 0.28093440681912
0.0734886199438921 0.257895081632845 0.25789348579102 0.257891889873874 0.257890293881038 0.257888697812143 0.257887101666819 0.257885505444691 0.257883909145385 0.257882312768524
0.110223799562382 0.289974193265181 0.289973615651611 0.28997303786063 0.28997245989173 0.289971881744404 0.289971303418141 0.289970724912429 0.289970146226754 0.289969567360597
0.112894154307978 0.2822850455148 0.282284039109303 0.282283032544772 0.282282025820721 0.282281018936663 0.282280011892107 0.282279004686563 0.282277997319537 0.282276989790531
0.100050749749975 0.280536373172762 0.280537067112568 0.280537760966817 0.280538454735064 0.280539148416859 0.280539842011751 0.280540535519286 0.28054122893901 0.280541922270465
0.118809342684627 0.280140852055328 0.280141290014641 0.280141727795031 0.280142165395958 0.280142602816878 0.280143040057244 0.280143477116509 0.280143913994123 0.280144350689533
0.11208060192012 0.282314863268494 0.282315393283475 0.282315923151567 0.282316452872269 0.282316982445076 0.282317511869481 0.282318041144977 0.282318570271052 0.282319099247193
0.100525379803388 0.266829903347499 0.266829458810625 0.266829014132856 0.266828569313699 0.266828124352661 0.266827679249244 0.266827234002949 0.266826788613277 0.266826343079722
0.124185262485023 0.320390951646091 0.32038881562898 0.320386679383388 0.320384542908773 0.320382406204595 0.32038026927031 0.320378132105371 0.320375994709228 0.320373857081332
0.0655760642099343 0.249525166640442 0.249523427164659 0.249521687634552 0.249519948049756 0.249518208409903 0.249516468714625 0.24951472896355 0.249512989156308 0.249511249292522
0.0679534271372314 0.278579480062131 0.278577409979291 0.278575339846011 0.278573269661989 0.278571199426917 0.27856912914049 0.278567058802398 0.278564988412332 0.27856291796998
0.0991005950104972 0.280369298165879 0.280370005344534 0.2803707124251 0.280371419407092 0.280372126290028 0.280372833073421 0.28037353975678 0.280374246339616 0.280374952821435
0.064156474908593 0.277348311866879 0.277341316922176 0.277334320483002 0.277327322548146 0.277320323116392 0.277313322186526 0.277306319757328 0.277299315827575 0.277292310396045
0.109283988875849 0.280899607247423 0.280898986514385 0.28089836562593 0.280897744581523 0.280897123380628 0.280896502022704 0.280895880507209 0.2808952588336 0.28089463700133
0.12693337385739 0.293672524674019 0.293670414896561 0.293668304867921 0.293666194587561 0.29366408405494 0.293661973269518 0.293659862230749 0.293657750938085 0.29365563939098
0.091996485860777 0.253446972451757 0.253446567000008 0.25344616144411 0.253445755783621 0.253445350018095 0.253444944147086 0.253444538170145 0.253444132086821 0.253443725896661
0.140129008340477 0.289340065985011 0.289339051699707 0.289338037216691 0.289337022535454 0.289336007655489 0.289334992576284 0.289333977297325 0.289332961818096 0.289331946138081
0.0969966071664386 0.280516750432269 0.280517300289814 0.280517850007369 0.280518399584397 0.280518949020357 0.280519498314709 0.280520047466908 0.280520596476408 0.28052114534266
0.0774528645212727 0.26026898405592 0.260268428664205 0.26026787319092 0.260267317635624 0.260266761997879 0.26026620627724 0.260265650473264 0.260265094585503 0.260264538613508
0.0971882703676668 0.28043501665768 0.280435591271996 0.280436165750069 0.280436740091375 0.280437314295392 0.280437888361592 0.280438462289447 0.280439036078424 0.28043960972799
0.121575736080796 0.279442668027711 0.27944319918998 0.279443730210551 0.279444261088924 0.279444791824598 0.279445322417069 0.279445852865832 0.279446383170378 0.279446913330198
0.0779431314724002 0.301695950441963 0.301693441918078 0.301690933343196 0.30168842471695 0.30168591603897 0.301683407308885 0.30168089852632 0.301678389690901 0.30167588080225
0.0795206028957624 0.261829791392144 0.261822439723703 0.261815086596926 0.261807732010772 0.261800375964202 0.261793018456168 0.261785659485624 0.261778299051521 0.261770937152806
0.12203074130366 0.275600964246764 0.27560018131505 0.275599398164997 0.275598614796052 0.275597831207661 0.275597047399264 0.275596263370301 0.275595479120213 0.275594694648433
0.139199787612133 0.273111393938345 0.27310938477496 0.273107375407541 0.273105365835611 0.273103356058692 0.2731013460763 0.273099335887953 0.273097325493165 0.273095314891448
0.108538952791764 0.279743390982955 0.279743873143068 0.279744355126848 0.279744836933741 0.27974531856319 0.279745800014636 0.279746281287516 0.279746762381268 0.279747243295324
0.0942336617649483 0.285805632397683 0.285796899067681 0.28578816224904 0.285779421937194 0.285770678127565 0.285761930815566 0.285753179996599 0.285744425666057 0.285735667819322
0.0976599179879082 0.339375115126422 0.339364238157716 0.339353354235982 0.339342463350085 0.339331565488869 0.339320660641144 0.339309748795692 0.339298829941265 0.339287904066588
0.110183197512583 0.282498226925162 0.282498868480014 0.282499509884165 0.282500151137087 0.282500792238252 0.282501433187126 0.282502073983176 0.282502714625864 0.282503355114653
0.0777618055837832 0.278762944046499 0.278757879529306 0.278752814458904 0.278747748834761 0.278742682656339 0.2787376159231 0.278732548634504 0.278727480790008 0.278722412389067
0.118433033465788 0.274352499751589 0.274351571673412 0.274350643400409 0.274349714932071 0.274348786267886 0.274347857407342 0.274346928349921 0.274345999095107 0.274345069642379
0.131139632266259 0.287578630698078 0.287577865253547 0.287577099632448 0.287576333834296 0.287575567858606 0.287574801704887 0.287574035372651 0.287573268861404 0.287572502170652
0.121201747215678 0.333873782607099 0.333866772442346 0.333859761413236 0.333852749519057 0.333845736759093 0.333838723132625 0.333831708638934 0.3338246932773 0.333817677046998
0.0543378608521405 0.243950673320029 0.243945538911089 0.243940403619549 0.24393526744467 0.24393013038571 0.243924992441925 0.24391985361257 0.243914713896897 0.243909573294156
0.138300195008411 0.278536508410127 0.27853679982107 0.27853709103738 0.27853738205852 0.278537672883952 0.278537963513136 0.278538253945528 0.278538544180585 0.278538834217758
0.104597434408459 0.281185475318918 0.281186016237481 0.281186557019904 0.281187097665677 0.281187638174285 0.281188178545214 0.281188718777944 0.281189258871956 0.281189798826727
0.124420961488571 0.292185404510112 0.292184319018588 0.29218323333066 0.292182147445803 0.292181061363487 0.292179975083181 0.292178888604356 0.292177801926474 0.292176715048999
0.0967279151549433 0.273302790965119 0.273302253967021 0.273301716833806 0.273301179565011 0.273300642160174 0.273300104618828 0.273299566940506 0.273299029124738 0.273298491171053
0.0666123039594665 0.282412806908412 0.282398973378053 0.282385130883332 0.282371279409502 0.282357418941778 0.282343549465335 0.28232967096531 0.282315783426801 0.282301886834865
0.0989565938678242 0.278164603205867 0.278165330409019 0.278166057520133 0.278166784538765 0.278167511464469 0.278168238296798 0.2781689650353 0.278169691679525 0.278170418229019
0.117023365423408 0.294072861838683 0.294070378700433 0.29406789538231 0.294065411883897 0.294062928204774 0.294060444344521 0.294057960302716 0.294055476078932 0.294052991672744
0.116011561725796 0.280809676271232 0.280810121694075 0.280810566977973 0.280811012122414 0.280811457126882 0.280811901990861 0.280812346713831 0.280812791295271 0.280813235734657
0.0954973582025563 0.257092317637967 0.25708886623396 0.257085414381951 0.257081962081469 0.257078509332037 0.257075056133177 0.25707160248441 0.257068148385255 0.257064693835229
0.0784372023067528 0.279328551378916 0.27932609834387 0.279323645118351 0.279321191701889 0.279318738094008 0.279316284294234 0.279313830302089 0.279311376117091 0.279308921738759
0.130563929029779 0.276201096349901 0.276200129290751 0.276199162061461 0.276198194661548 0.276197227090521 0.276196259347893 0.276195291433171 0.276194323345861 0.276193355085466
0.0995525166576186 0.280175002896446 0.280175607412286 0.28017621177855 0.280176815994701 0.280177420060205 0.280178023974522 0.280178627737111 0.280179231347431 0.280179834804934
0.117666116475146 0.307078400878054 0.307074077332285 0.307069753080986 0.307065428123588 0.30706110245952 0.30705677608821 0.30705244900908 0.307048121221556 0.307043792725057
0.101071128420424 0.279214725615826 0.279215261172719 0.279215796607468 0.279216331919568 0.27921686710851 0.279217402173785 0.27921793711488 0.279218471931279 0.279219006622465
0.105872138918158 0.277390703206898 0.27739003668656 0.277389370025347 0.277388703222808 0.277388036278492 0.277387369191946 0.277386701962713 0.277386034590336 0.277385367074357
0.15135898185405 0.277246431413607 0.277245575772072 0.277244719890949 0.277243863769691 0.277243007407745 0.277242150804561 0.277241293959583 0.277240436872255 0.277239579542016
0.0798768731453503 0.282453256809423 0.282452661066361 0.282452065259493 0.282451469388417 0.282450873452725 0.282450277452007 0.282449681385853 0.28244908525385 0.282448489055582
0.0959687842559219 0.278055525981195 0.278054980509203 0.278054434931339 0.278053889247159 0.27805334345622 0.27805279755807 0.278052251552263 0.278051705438346 0.278051159215865
0.115663745761258 0.275345800178707 0.275345082382261 0.27534436439455 0.27534364621503 0.275342927843154 0.275342209278374 0.275341490520138 0.275340771567893 0.275340052421083
0.0757687106664699 0.25324470640431 0.253244122095014 0.253243537707888 0.253242953242491 0.253242368698378 0.253241784075106 0.253241199372228 0.253240614589294 0.253240029725854
0.121592422105706 0.27960215732615 0.279602637018913 0.279603116559359 0.279603595946995 0.279604075181326 0.279604554261856 0.279605033188086 0.279605511959515 0.279605990575639
0.0979361994260622 0.281124338214678 0.281125021871617 0.281125705383515 0.281126388749805 0.281127071969921 0.281127755043292 0.281128437969346 0.281129120747506 0.281129803377197
0.0889840010928743 0.280416523276288 0.280417340828451 0.280418158334305 0.280418975793439 0.280419793205441 0.280420610569896 0.280421427886388 0.280422245154498 0.280423062373805
0.0965303684022516 0.271774150367735 0.271773457835381 0.271772765169385 0.271772072369254 0.271771379434493 0.271770686364605 0.27176999315909 0.271769299817446 0.27176860633917
0.10376880280473 0.259717197484037 0.259716526311418 0.259715855001875 0.259715183554942 0.259714511970148 0.259713840247022 0.25971316838509 0.259712496383877 0.259711824242904
0.120243631863857 0.280894471040389 0.280893633861878 0.28089279648779 0.280891958917607 0.280891121150812 0.280890283186882 0.280889445025293 0.280888606665522 0.280887768107038
0.116655742050436 0.291229745587255 0.291228745466882 0.291227745183535 0.291226744736737 0.29122574412601 0.291224743350874 0.291223742410846 0.291222741305442 0.291221740034173
0.103646400320256 0.280528941603195 0.280529516434112 0.280530091105644 0.280530665617249 0.280531239968385 0.280531814158505 0.28053238818706 0.280532962053502 0.280533535757276
0.0910905193687807 0.267529787592132 0.26752920957538 0.267528631429426 0.26752805315379 0.26752747474799 0.267526896211541 0.267526317543957 0.26752573874475 0.26752515981343
0.110814757941603 0.280320651236383 0.280321167318911 0.280321683245516 0.280322199015675 0.280322714628862 0.280323230084549 0.280323745382205 0.280324260521299 0.280324775501294
0.117545894880945 0.299118233492702 0.299116908648915 0.299115583607724 0.299114258368615 0.299112932931072 0.299111607294579 0.299110281458617 0.299108955422665 0.299107629186198
0.088422279883875 0.255764593525066 0.255764139442896 0.255763685246842 0.25576323093644 0.255762776511224 0.255762321970726 0.255761867314477 0.255761412542005 0.255760957652835
0.100703661610173 0.278643241922701 0.278642272083662 0.278641302148328 0.278640332116272 0.278639361987067 0.278638391760281 0.278637421435483 0.278636451012238 0.27863548049011
0.0997195048072555 0.280055110825125 0.280055801078924 0.280056491225356 0.280057181263939 0.280057871194187 0.280058561015616 0.280059250727736 0.280059940330057 0.280060629822085
0.131986093438817 0.286179300863451 0.286178313569044 0.28617732606957 0.286176338364495 0.286175350453285 0.286174362335401 0.286173374010303 0.286172385477449 0.286171396736296
0.147548132211409 0.251864525483295 0.251861306279317 0.251858086802771 0.251854867053164 0.251851647030002 0.25184842673279 0.251845206161029 0.25184198531422 0.251838764191861
0.103623363727074 0.284730930640655 0.284730243948552 0.28472955713332 0.284728870194523 0.284728183131721 0.284727495944474 0.284726808632342 0.284726121194878 0.284725433631637
0.11176441535495 0.281819568206129 0.28182003218773 0.281820496026694 0.281820959722504 0.281821423274637 0.281821886682571 0.281822349945778 0.281822813063731 0.281823276035899
0.102100092434933 0.25707749197143 0.257074338135935 0.257071184002177 0.257068029569673 0.257064874837933 0.257061719806469 0.257058564474788 0.257055408842397 0.257052252908801
0.101064373906477 0.280230977280856 0.280231538982614 0.280232100603897 0.280232662144292 0.280233223603386 0.280233784980764 0.280234346276009 0.280234907488701 0.280235468618418
0.1149050462779 0.280901809554957 0.280902269802728 0.28090272987422 0.280903189768876 0.280903649486141 0.280904109025451 0.280904568386245 0.280905027567958 0.280905486570023
0.120225449973093 0.279383238120396 0.279382412173899 0.27938158604097 0.279380759721092 0.279379933213743 0.279379106518401 0.279378279634541 0.279377452561635 0.279376625299154
0.158478434916523 0.299243848007561 0.299241341166768 0.299238834065327 0.299236326702691 0.299233819078311 0.299231311191635 0.299228803042111 0.299226294629183 0.299223785952292
0.104336252451585 0.279495027473556 0.279495635861388 0.279496244151148 0.27949685234239 0.279497460434662 0.279498068427512 0.279498676320486 0.279499284113125 0.279499891804972
0.0629535543801415 0.284700056332104 0.284698395708492 0.284696735084118 0.284695074458631 0.28469341383168 0.284691753202909 0.284690092571961 0.284688431938479 0.284686771302102
0.101367507234111 0.281843128945695 0.281843762543544 0.281844395996142 0.281845029302963 0.281845662463473 0.281846295477139 0.281846928343427 0.281847561061798 0.281848193631712
0.0945743593414174 0.294944747993394 0.294944049506355 0.294943350919853 0.294942652233448 0.294941953446694 0.294941254559144 0.29494055557035 0.294939856479861 0.294939157287223
0.0728069133319292 0.235203958388873 0.235200101996836 0.235196245043288 0.235192387527664 0.235188529449396 0.235184670807913 0.235180811602643 0.23517695183301 0.23517309149844
