0.11047423193556 0.268703306599664 0.268702692492267 0.268702078238993 0.268701463839476 0.268700849293348 0.268700234600239 0.268699619759778 0.268699004771594 0.268698389635313
0.0990599530507322 0.28089975638302 0.280900415247727 0.280901074057978 0.280901732813467 0.280902391513889 0.280903050158939 0.280903708748308 0.280904367281688 0.280905025758769
0.104600026003515 0.279884976252982 0.279885633029443 0.279886289732565 0.279886946362044 0.279887602917572 0.279888259398841 0.279888915805541 0.279889572137363 0.279890228393992
0.14263813170731 0.278701027480243 0.278700065396186 0.278699103186838 0.278698140851877 0.278697178390979 0.278696215803815 0.278695253090061 0.278694290249387 0.278693327281465
0.102305514863772 0.269633953141249 0.26962805832348 0.269622162148564 0.269616264615398 0.269610365722876 0.269604465469892 0.269598563855334 0.26959266087809 0.269586756537045
0.123235961235621 0.28044899398879 0.28044963334982 0.280450272627925 0.280450911822788 0.280451550934088 0.280452189961506 0.280452828904722 0.280453467763411 0.280454106537252
0.0988728758569564 0.285158782239239 0.285151803354516 0.285144822326008 0.285137839150316 0.285130853824033 0.285123866343741 0.285116876706011 0.285109884907402 0.285102890944465
0.0950315442162045 0.295488831273818 0.295486769402803 0.295484707417953 0.295482645319007 0.295480583105699 0.295478520777768 0.295476458334949 0.295474395776974 0.295472333103579
0.108514914485994 0.273899794863461 0.27389904615635 0.273898297351623 0.273897548448957 0.273896799448023 0.273896050348495 0.273895301150042 0.273894551852334 0.273893802455041
0.123767473400851 0.281327474718938 0.281327876723526 0.281328278642435 0.281328680475344 0.281329082221936 0.281329483881888 0.281329885454878 0.281330286940584 0.28133068833868
0.0972656945645197 0.284027061064371 0.284026422432213 0.284025783705425 0.284025144883682 0.284024505966656 0.284023866954021 0.284023227845447 0.284022588640605 0.284021949339163
0.109019536708162 0.258510199190257 0.258509687471532 0.258509175630307 0.258508663666239 0.258508151578981 0.258507639368188 0.258507127033511 0.2585066145746 0.258506101991106
0.103173110147527 0.272725440531694 0.272721182476555 0.27271692406058 0.272712665283418 0.272708406144717 0.272704146644123 0.27269988678128 0.272695626555833 0.272691365967425
0.125443931127374 0.280711669269898 0.280712083717665 0.280712498037184 0.280712912228094 0.28071332629003 0.280713740222626 0.280714154025517 0.280714567698332 0.280714981240704
0.102124142036268 0.280862933593895 0.280863611428502 0.280864289200286 0.280864966908931 0.28086564455412 0.280866322135534 0.280866999652853 0.280867677105757 0.280868354493924
0.118171227810128 0.280166378544067 0.280166800252467 0.280167221845421 0.280167643322578 0.280168064683583 0.280168485928081 0.280168907055716 0.28016932806613 0.280169748958963
0.0807000862444229 0.287390917193476 0.287390348720851 0.287389780278591 0.287389211866452 0.287388643484193 0.28738807513157 0.287387506808338 0.287386938514251 0.287386370249064
0.101351025899167 0.30789122434056 0.307890184369814 0.307889144279098 0.307888104068035 0.307887063736249 0.307886023283363 0.307884982708997 0.307883942012771 0.307882901194303
0.123480781209479 0.278997602000885 0.278998044375249 0.278998486637886 0.278998928788452 0.278999370826602 0.278999812751994 0.279000254564279 0.27900069626311 0.27900113784814
0.0926487562018 0.289359235589272 0.289356179797002 0.289353123773755 0.289350067519216 0.289347011033071 0.289343954315006 0.289340897364704 0.289337840181845 0.289334782766112
0.118545334391142 0.269109937957318 0.269109047527352 0.269108156929465 0.269107266163289 0.269106375228452 0.269105484124584 0.269104592851311 0.26910370140826 0.269102809795055
0.122964984765747 0.27098296461086 0.2709821732119 0.270981381657108 0.270980589946103 0.270979798078501 0.270979006053917 0.270978213871967 0.270977421532262 0.270976629034415
0.0977640202410154 0.279660920702786 0.279661713078672 0.279662505449586 0.279663297815285 0.279664090175529 0.279664882530073 0.279665674878673 0.279666467221083 0.279667259557058
0.129093313213791 0.278627272924968 0.27862764654805 0.278628020052563 0.278628393438178 0.27862876670456 0.278629139851377 0.278629512878293 0.278629885784971 0.278630258571076
0.0944315759830152 0.281706246738257 0.281706915411714 0.281707584026073 0.28170825258103 0.281708921076278 0.281709589511511 0.281710257886421 0.281710926200699 0.281711594454035
0.115245319691766 0.286313715098291 0.286313203072438 0.28631269093203 0.286312178676711 0.28631166630612 0.286311153819898 0.286310641217684 0.286310128499113 0.286309615663825
0.0832824508875178 0.289412104524487 0.289410455220057 0.289408805875929 0.289407156491862 0.289405507067616 0.28940385760295 0.289402208097621 0.289400558551383 0.289398908963992
0.0971190081470669 0.310022958713418 0.310020828471529 0.310018698141521 0.310016567723076 0.310014437215873 0.310012306619594 0.310010175933915 0.310008045158513 0.310005914293066
0.0814398770540918 0.268793535384235 0.268791387370821 0.268789239348647 0.268787091317531 0.268784943277295 0.268782795227755 0.26878064716873 0.268778499100037 0.268776351021491
0.0970858684921233 0.280998895041395 0.280999516724717 0.281000138308624 0.28100075979275 0.281001381176734 0.281002002460211 0.281002623642813 0.281003244724176 0.281003865703928
0.0753980094866061 0.275388816453512 0.275382167546903 0.275375517233323 0.275368865511735 0.275362212381094 0.27535555784036 0.275348901888486 0.275342244524427 0.275335585747133
0.0910067595733283 0.281564969009233 0.281564313347635 0.281563657608387 0.281563001791167 0.281562345895653 0.281561689921521 0.281561033868448 0.281560377736107 0.281559721524172
0.122855398396243 0.294112142183831 0.294109706263515 0.294107270134085 0.294104833795162 0.294102397246367 0.29409996048732 0.294097523517639 0.294095086336941 0.294092648944843
0.0824687806191653 0.295740391333278 0.295739300021642 0.295738208749424 0.295737117516427 0.295736026322451 0.295734935167294 0.295733844050755 0.295732752972632 0.295731661932721
0.0965127411481381 0.295631293649029 0.295630500268965 0.295629706786222 0.295628913200441 0.295628119511265 0.295627325718334 0.295626531821288 0.295625737819765 0.295624943713401
0.0975918309580998 0.282231678436486 0.282232416046014 0.282233153562444 0.282233890985397 0.282234628314493 0.28223536554935 0.282236102689587 0.28223683973482 0.282237576684662
0.103519819306366 0.28551641538054 0.285515136104801 0.285513856650115 0.285512577016091 0.285511297202337 0.285510017208461 0.285508737034067 0.28550745667876 0.285506176142143
0.0896703731598754 0.280309520904976 0.280310208710288 0.280310896416979 0.280311584024677 0.280312271533013 0.280312958941617 0.280313646250114 0.280314333458131 0.280315020565293
0.112186562620372 0.27953282913802 0.279533300411778 0.279533771564017 0.279534242594359 0.279534713502429 0.279535184287847 0.279535654950235 0.27953612548921 0.279536595904392
0.0887570255954283 0.273399998128655 0.273398553696115 0.273397109122581 0.273395664407659 0.273394219550955 0.273392774552073 0.273391329410617 0.273389884126186 0.273388438698382
0.0742759806369067 0.270693317131863 0.270686467071482 0.270679615638526 0.270672762831972 0.270665908650797 0.270659053093978 0.270652196160487 0.270645337849298 0.270638478159378
0.102327127553713 0.268756057370075 0.268755480698528 0.268754903891164 0.268754326947607 0.268753749867476 0.26875317265039 0.26875259529597 0.268752017803831 0.268751440173589
0.116129327519345 0.281679053577769 0.281677195137111 0.281675336513838 0.281673477707584 0.28167161871798 0.281669759544659 0.28166790018725 0.281666040645382 0.281664180918682
0.0924764048699575 0.281253809635056 0.281254632327143 0.281255454992659 0.28125627763133 0.281257100242878 0.281257922827026 0.281258745383493 0.281259567912001 0.281260390412268
0.0714196621388682 0.271129801425661 0.27112365995568 0.27111751683734 0.271111372069101 0.271105225649422 0.271099077576757 0.271092927849559 0.271086776466279 0.271080623425362
0.0704544824724175 0.265840412525201 0.265830027531511 0.265819637168997 0.265809241430325 0.265798840308144 0.265788433795085 0.265778021883759 0.265767604566762 0.265757181836671
0.10973179935244 0.281820925701954 0.281821580153172 0.281822234496589 0.281822888731823 0.281823542858492 0.281824196876214 0.281824850784603 0.281825504583273 0.281826158271837
0.116978817525483 0.380354655460248 0.380340280055026 0.380325900491208 0.380311516765475 0.380297128874501 0.380282736814955 0.380268340583497 0.380253940176783 0.380239535591462
0.102375660993825 0.260486474334193 0.260485867633768 0.260485260835288 0.260484653938441 0.260484046942912 0.260483439848388 0.260482832654551 0.260482225361086 0.260481617967673
0.128941893268567 0.285714477413999 0.2857137041663 0.285712930812702 0.28571215735288 0.285711383786503 0.285710610113239 0.285709836332756 0.285709062444721 0.285708288448799
0.11050767059536 0.261596755325879 0.261591775142579 0.261586794555344 0.26158181356381 0.261576832167611 0.261571850366383 0.261566868159758 0.261561885547366 0.26155690252884
0.0635842190936105 0.280663160443471 0.280653778656502 0.280644394603311 0.280635008282121 0.280625619691155 0.280616228828631 0.280606835692765 0.280597440281771 0.280588042593857
0.0934494983745184 0.279673192737367 0.279673975434644 0.279674758058749 0.279675540609364 0.279676323086165 0.279677105488829 0.27967788781703 0.279678670070444 0.279679452248742
0.140503198898443 0.280321786507003 0.280322197937025 0.280322609220218 0.280323020356207 0.280323431344608 0.280323842185042 0.280324252877125 0.280324663420473 0.280325073814701
0.119654809315902 0.326884474667487 0.326883519429191 0.326882564104148 0.32688160869203 0.32688065319251 0.326879697605259 0.326878741929947 0.326877786166244 0.326876830313815
0.108240319378657 0.262047833315851 0.262047312166553 0.262046790868031 0.262046269419907 0.262045747821803 0.26204522607334 0.262044704174137 0.262044182123812 0.262043659921982
0.0889950713386268 0.242016395719415 0.242002861332928 0.241989321538944 0.24197577633227 0.241962225707703 0.241948669660034 0.241935108184041 0.241921541274497 0.241907968926165
0.105632024045731 0.280658095001185 0.280658646569206 0.280659198039935 0.28065974941304 0.280660300688187 0.28066085186504 0.280661402943264 0.280661953922519 0.280662504802467
0.0823605829066368 0.259795123476995 0.259793452141873 0.259791780715092 0.259790109196377 0.259788437585454 0.259786765882049 0.259785094085886 0.259783422196685 0.25978175021417
0.129935458415421 0.279534052612257 0.279534530262788 0.279535007788602 0.279535485189336 0.279535962464621 0.279536439614093 0.279536916637382 0.279537393534118 0.27953787030393
0.0956222621566039 0.294519421314946 0.29451255612897 0.294505688805338 0.29449881934227 0.294491947737984 0.294485073990697 0.294478198098621 0.294471320059967 0.294464439872941
0.0693759988820433 0.27849746585591 0.278495463719703 0.278493461502888 0.278491459205176 0.278489456826272 0.278487454365884 0.278485451823717 0.278483449199474 0.278481446492859
0.11109133006134 0.29384731214489 0.293846651443371 0.29384599069524 0.293845329900215 0.293844669058014 0.293844008168354 0.29384334723095 0.293842686245517 0.293842025211768
0.128855048430456 0.280569349100988 0.280569756972216 0.280570164688326 0.280570572248923 0.28057097965361 0.280571386901988 0.28057179399366 0.280572200928223 0.280572607705276
0.132759260485877 0.268139030663191 0.268134773068538 0.268130514957598 0.268126256329959 0.26812199718521 0.268117737522938 0.268113477342728 0.268109216644165 0.268104955426834
0.0832308421570267 0.282537718775071 0.282538584753249 0.282539450730738 0.282540316707257 0.282541182682525 0.28254204865626 0.28254291462818 0.282543780598 0.282544646565434
0.106945831724626 0.294089178064689 0.29408836486942 0.294087551562064 0.294086738142284 0.294085924609739 0.294085110964087 0.294084297204986 0.294083483332091 0.294082669345056
0.117331413874841 0.271484352162688 0.271483530291601 0.271482708234229 0.271481885990177 0.271481063559052 0.271480240940458 0.271479418133998 0.271478595139274 0.271477771955886
0.101708414040888 0.274349034386967 0.274348431212477 0.274347827934964 0.274347224554082 0.274346621069487 0.27434601748083 0.274345413787763 0.274344809989936 0.274344206087
0.10486532644471 0.297044364703573 0.297043555969991 0.297042747203696 0.29704193840441 0.297041129571853 0.297040320705744 0.297039511805801 0.297038702871742 0.297037893903281
0.0945299917970632 0.272460563946299 0.272460077708171 0.272459591385683 0.272459104978502 0.272458618486295 0.272458131908727 0.272457645245465 0.272457158496168 0.272456671660501
0.110463401118484 0.259966049311529 0.259965276748875 0.259964504040225 0.259963731185215 0.259962958183483 0.259962185034666 0.259961411738396 0.259960638294306 0.259959864702029
0.11276195261884 0.279290551370696 0.279291019809401 0.279291488109168 0.279291956269616 0.279292424290366 0.279292892171034 0.279293359911238 0.279293827510594 0.279294294968713
0.117670255854628 0.281481493208749 0.28148208524091 0.281482677167911 0.281483268989402 0.281483860705032 0.281484452314449 0.281485043817301 0.281485635213231 0.281486226501885
0.117571603303927 0.280082981102737 0.280083440145007 0.280083899044971 0.280084357802247 0.280084816416451 0.280085274887199 0.280085733214101 0.280086191396772 0.280086649434821
0.0997940590603656 0.288169620027517 0.28816888182903 0.288168143543406 0.288167405170364 0.28816666670962 0.288165928160891 0.288165189523894 0.288164450798342 0.288163711983949
0.121143143420945 0.267798753074397 0.267797999436196 0.267797245658506 0.267796491740969 0.267795737683226 0.267794983484918 0.267794229145683 0.267793474665159 0.267792720042983
0.116754449972692 0.284339067559609 0.28433807877606 0.284337089883153 0.284336100880565 0.284335111767975 0.28433412254506 0.284333133211493 0.28433214376695 0.284331154211104
0.0897180355144281 0.272263157410048 0.272262600922024 0.272262044338967 0.272261487660546 0.272260930886428 0.272260374016279 0.272259817049765 0.27225925998655 0.272258702826295
0.108012525374164 0.280552713743931 0.280553277801882 0.280553841775841 0.2805544056655 0.280554969470549 0.280555533190678 0.280556096825574 0.280556660374927 0.280557223838421
0.0728650198758887 0.270501156115996 0.270500725090168 0.270500294080336 0.27049986308628 0.270499432107781 0.270499001144616 0.270498570196562 0.270498139263398 0.270497708344898
0.0980801450067 0.281065913155383 0.281066568394406 0.281067223566562 0.281067878671552 0.281068533709073 0.281069188678823 0.281069843580497 0.28107049841379 0.281071153178396
0.111067178773119 0.291819879374524 0.29181887436051 0.291817869240524 0.291816864014217 0.291815858681243 0.291814853241251 0.291813847693891 0.29181284203881 0.291811836275656
0.0943091102108889 0.272616951248018 0.272616355321954 0.272615759287805 0.272615163145226 0.272614566893868 0.272613970533381 0.272613374063417 0.272612777483623 0.272612180793648
0.134677711794704 0.290247436234722 0.290246371211476 0.290245306004432 0.29024424061318 0.290243175037311 0.290242109276413 0.290241043330075 0.290239977197884 0.290238910879425
0.11973585155178 0.281692269372454 0.281692829170857 0.281693388844583 0.281693948393261 0.281694507816519 0.281695067113983 0.28169562628528 0.281696185330035 0.281696744247869
0.107508034576487 0.291426184401712 0.291425434619158 0.291424684711038 0.291423934676984 0.291423184516625 0.291422434229592 0.29142168381551 0.291420933274005 0.291420182604702
0.114575344761446 0.286033524421553 0.286030219145655 0.286026913591943 0.286023607759997 0.286020301649401 0.286016995259735 0.286013688590576 0.286010381641504 0.286007074412094
0.129876677408652 0.272793809248207 0.272793150304815 0.27279249122965 0.272791832022347 0.272791172682541 0.272790513209868 0.272789853603958 0.272789193864444 0.272788533990955
0.102520396240604 0.280910810936283 0.280911461610808 0.280912112215497 0.280912762750033 0.280913413214096 0.280914063607364 0.280914713929517 0.28091536418023 0.280916014359181
0.0684549737726471 0.273051536902269 0.273048775747737 0.273046014450417 0.273043253010004 0.273040491426196 0.273037729698687 0.273034967827172 0.273032205811344 0.273029443650894
0.101251872050234 0.279914669444853 0.27991525900306 0.279915848460841 0.279916437817849 0.279917027073739 0.279917616228163 0.27991820528077 0.279918794231211 0.279919383079134
0.0953948987939263 0.281584165628832 0.281584866234047 0.281585566793525 0.281586267306971 0.281586967774085 0.281587668194571 0.281588368568128 0.281589068894456 0.281589769173252
0.117403808400812 0.276714994728346 0.276714043234278 0.276713091554865 0.27671213968971 0.276711187638412 0.27671023540057 0.27670928297578 0.276708330363638 0.276707377563739
0.117488436541309 0.271871848938904 0.27187010670832 0.271868364320112 0.271866621773955 0.271864879069518 0.271863136206475 0.271861393184493 0.271859650003241 0.271857906662387
0.128328862521885 0.280447303270219 0.280447880587693 0.280448457816542 0.280449034956468 0.280449612007172 0.280450188968354 0.280450765839712 0.280451342620944 0.280451919311746
0.122506571309523 0.284528804349398 0.284526499929686 0.284524195287124 0.284521890421302 0.284519585331805 0.284517280018221 0.284514974480132 0.284512668717121 0.284510362728771
0.0954232191145895 0.281501909592776 0.281502574951683 0.281503240248841 0.281503905483936 0.281504570656649 0.281505235766658 0.281505900813646 0.281506565797289 0.281507230717264
0.128336590255042 0.280906371325404 0.280905433748757 0.28090449598852 0.280903558044287 0.280902619915654 0.280901681602213 0.280900743103556 0.280899804419274 0.280898865548956
0.0705388529024417 0.278966936673737 0.278961319981131 0.278955701553039 0.278950081387891 0.278944459484115 0.278938835840139 0.278933210454385 0.278927583325272 0.278921954451221
