0.122839738631939 0.284210082559456 0.284209101769371 0.284208120777413 0.284207139583056 0.284206158185771 0.284205176585029 0.284204194780297 0.284203212771043 0.28420223055673
0.109934539659455 0.281196400284479 0.281197100455718 0.281197800524015 0.281198500488963 0.281199200350157 0.281199900107187 0.281200599759643 0.281201299307113 0.281201998749185
0.116495978846204 0.280667294889538 0.280667834662446 0.280668374300684 0.28066891380378 0.280669453171264 0.280669992402665 0.280670531497507 0.280671070455314 0.280671609275607
0.0716482279812344 0.254659273937488 0.254659101333911 0.254658928658965 0.254658755912245 0.254658583093344 0.254658410201854 0.254658237237365 0.254658064199465 0.254657891087742
0.071584973793276 0.254448471990743 0.254437707603711 0.254426937104117 0.254416160482441 0.254405377729142 0.254394588834653 0.254383793789384 0.254372992583725 0.25436218520804
0.112654285466178 0.280954621570794 0.280955340163293 0.280956058616387 0.280956776929584 0.280957495102392 0.280958213134313 0.280958931024851 0.280959648773507 0.28096036637978
0.0807776124875228 0.272741978928396 0.272728722761581 0.272715459346768 0.272702188671833 0.272688910724616 0.272675625492924 0.272662332964525 0.272649033127152 0.272635725968503
0.106804813988098 0.260329782856652 0.260328593472232 0.260327403925363 0.26032621421556 0.260325024342334 0.260323834305192 0.260322644103643 0.260321453737192 0.260320263205343
0.0987413470242721 0.270375138450496 0.270374629458327 0.270374120402281 0.270373611282014 0.270373102097178 0.270372592847425 0.270372083532406 0.270371574151769 0.270371064705162
0.132822712904832 0.281757103250857 0.281757578666502 0.281758053930848 0.281758529043432 0.281759004003786 0.281759478811445 0.281759953465941 0.2817604279668 0.281760902313551
0.116652668268539 0.281536951174048 0.281536308986966 0.281535666613648 0.281535024053578 0.281534381306237 0.281533738371105 0.28153309524766 0.281532451935377 0.281531808433729
0.127584950348904 0.278794184901844 0.27879341550524 0.278792645959417 0.278791876263935 0.278791106418356 0.278790336422237 0.278789566275134 0.278788795976602 0.278788025526195
0.138276629796038 0.284119646705013 0.284116144223617 0.284112641381573 0.284109138178327 0.284105634613323 0.284102130686007 0.284098626395819 0.284095121742197 0.284091616724581
0.107293015050142 0.280433476058061 0.280434065668546 0.280434655183589 0.280435244602763 0.280435833925643 0.280436423151802 0.28043701228081 0.280437601312236 0.280438190245648
0.0976555772231297 0.280841508313292 0.280842306909111 0.280843105424492 0.280843903858974 0.280844702212095 0.280845500483391 0.280846298672397 0.280847096778646 0.280847894801668
0.12083693161497 0.28074808352298 0.280748550136905 0.280749016601695 0.280749482916874 0.280749949081965 0.280750415096491 0.280750880959972 0.280751346671924 0.280751812231864
0.0881861819655781 0.261022293569591 0.26102211263886 0.261021931681377 0.261021750696782 0.261021569684715 0.261021388644815 0.261021207576718 0.26102102648006 0.261020845354473
0.0875629165992222 0.271943953068396 0.271943157073163 0.27194236100349 0.271941564858918 0.271940768638983 0.271939972343216 0.271939175971153 0.271938379522322 0.271937582996253
0.161992601785249 0.280186149449307 0.280186363357486 0.280186577035272 0.280186790482101 0.280187003697413 0.280187216680641 0.280187429431218 0.280187641948575 0.28018785423214
0.0796182081888245 0.278886855012116 0.278884453831496 0.27888205253757 0.278879651130002 0.278877249608461 0.278874847972608 0.278872446222108 0.278870044356619 0.278867642375802
0.116942037154164 0.284010818363557 0.284009941897982 0.284009065219599 0.284008188327899 0.284007311222374 0.284006433902513 0.284005556367803 0.284004678617729 0.284003800651775
0.104608416959837 0.289510085989352 0.289509545931767 0.289509005754976 0.289508465458478 0.289507925041768 0.289507384504344 0.289506843845697 0.289506303065319 0.2895057621627
0.0988920599901163 0.28266553758094 0.282666305517474 0.282667073390392 0.282667841199264 0.282668608943658 0.282669376623139 0.282670144237272 0.282670911785619 0.28267167926774
0.125466754383991 0.281073209182154 0.281073757000385 0.281074304651511 0.281074852135014 0.281075399450376 0.281075946597075 0.281076493574589 0.281077040382391 0.281077587019955
0.100647126330455 0.281476808316922 0.281477582852176 0.281478357299676 0.281479131658948 0.281479905929517 0.28148068011091 0.281481454202647 0.281482228204247 0.281483002115229
0.120389250758825 0.289012562095846 0.289011729515064 0.289010896758913 0.289010063826874 0.289009230718429 0.289008397433056 0.289007563970231 0.28900673032943 0.289005896510125
0.123363849448426 0.299636378517206 0.299633969204005 0.299631559685161 0.299629149960206 0.299626740028673 0.299624329890091 0.299621919543989 0.299619508989892 0.299617098227327
0.104086084692079 0.269114856477286 0.269112522656458 0.269110188650465 0.269107854458849 0.269105520081154 0.26910318551692 0.269100850765686 0.269098515826989 0.269096180700366
0.132924817461807 0.292755452652491 0.292753499471942 0.292751546166352 0.292749592735339 0.292747639178517 0.292745685495498 0.292743731685894 0.292741777749315 0.292739823685366
0.123521262039386 0.280861582048166 0.280862186878199 0.280862791641635 0.280863396338163 0.280864000967475 0.280864605529258 0.280865210023201 0.280865814448988 0.280866418806304
0.0775574462872567 0.306721982478547 0.306716131430624 0.3067102793505 0.30670442623761 0.306698572091392 0.306692716911284 0.306686860696716 0.306681003447124 0.306675145161937
0.145889593216357 0.263971771311751 0.263971032385834 0.263970293236489 0.263969553863203 0.263968814265462 0.263968074442747 0.263967334394541 0.263966594120323 0.263965853619571
0.104060953313315 0.279259223425652 0.279257341846949 0.279255460141699 0.279253578309471 0.27925169634983 0.279249814262341 0.279247932046567 0.279246049702069 0.279244167228406
0.110850638129967 0.278232088890467 0.278231342711465 0.278230596373636 0.278229849876471 0.278229103219457 0.278228356402079 0.278227609423822 0.278226862284167 0.278226114982596
0.127522379340991 0.296389503345522 0.296388739689628 0.296387975862396 0.296387211863337 0.296386447691959 0.296385683347775 0.296384918830287 0.296384154139002 0.296383389273424
0.123789786876166 0.280531711309218 0.280532237334904 0.280532763182904 0.2805332888527 0.280533814343778 0.280534339655615 0.28053486478769 0.280535389739479 0.280535914510455
0.109663028865347 0.29209243386656 0.292091732088371 0.29209103018846 0.292090328166355 0.292089626021581 0.292088923753666 0.292088221362131 0.2920875188465 0.29208681620629
0.107211318627323 0.282051581432368 0.282052230754231 0.282052880004216 0.282053529181934 0.282054178286991 0.282054827318992 0.282055476277542 0.282056125162242 0.282056773972694
0.126855768649461 0.281539362581702 0.281539803855059 0.281540245034487 0.281540686119643 0.28154112711018 0.281541568005753 0.281542008806015 0.281542449510615 0.281542890119204
0.103154844346063 0.270824859998333 0.270822914285352 0.270820968397451 0.270819022334159 0.270817076095004 0.270815129679512 0.270813183087206 0.27081123631761 0.270809289370243
0.0477529335499426 0.244643957066649 0.244632863984409 0.244621766347926 0.244610664150987 0.244599557387361 0.244588446050802 0.244577330135047 0.244566209633815 0.244555084540811
0.0976259938451346 0.297599240711123 0.297598505110857 0.29759776939647 0.29759703356748 0.297596297623406 0.297595561563764 0.297594825388069 0.297594089095834 0.297593352686569
0.123841431434223 0.302591636839058 0.30258935627492 0.302587075523832 0.302584794585322 0.302582513458914 0.302580232144134 0.302577950640502 0.30257566894754 0.302573387064766
0.0965615570206616 0.281966008648989 0.281966807840647 0.281967606995228 0.281968406112366 0.281969205191694 0.281970004232845 0.28197080323545 0.281971602199137 0.281972401123534
0.0926663298381309 0.291896591557563 0.291888437960571 0.291880281142047 0.291872121097845 0.291863957823811 0.291855791315782 0.291847621569585 0.291839448581039 0.291831272345953
0.0417064184318326 0.23406477714678 0.234050469571266 0.234036150633297 0.234021820312002 0.234007478586452 0.233993125435659 0.233978760838581 0.233964384774115 0.233949997221101
0.12637421577542 0.2809198846912 0.2809203894914 0.280920894141294 0.280921398640383 0.280921902988168 0.280922407184144 0.280922911227807 0.28092341511865 0.280923918856164
0.0492708093598504 0.251502702351878 0.251493026252322 0.25148334740228 0.251473665799292 0.251463981440897 0.251454294324629 0.251444604448015 0.25143491180858 0.251425216403845
0.121095442290177 0.287014365440445 0.287013685681453 0.287013005749125 0.287012325642943 0.287011645362387 0.287010964906935 0.287010284276066 0.287009603469251 0.287008922485965
0.10863179186442 0.282883611705775 0.282883031189211 0.282882450523899 0.282881869709337 0.282881288745025 0.282880707630458 0.28288012636513 0.282879544948533 0.282878963380157
0.10910307884732 0.286146061410157 0.286141334730098 0.28613660757612 0.286131879947586 0.286127151843855 0.286122423264287 0.286117694208236 0.286112964675058 0.286108234664103
0.0502099771373169 0.251028910054057 0.251022351459938 0.251015791411389 0.251009229907342 0.251002666946731 0.250996102528484 0.25098953665153 0.250982969314795 0.2509764005172
0.104237169534637 0.282540738281575 0.282541465385817 0.282542192403157 0.282542919333163 0.282543646175399 0.282544372929431 0.282545099594819 0.282545826171124 0.282546552657905
0.106716363769175 0.280267274340031 0.280267855905421 0.280268437390903 0.280269018796073 0.280269600120523 0.280270181363844 0.280270762525627 0.280271343605459 0.280271924602927
0.0990741730578543 0.281828315451019 0.281827632860647 0.281826950142825 0.281826267297094 0.281825584322995 0.281824901220068 0.281824217987848 0.281823534625872 0.281822851133673
0.149219469279433 0.276952809370436 0.276951688048888 0.276950566481951 0.276949444669093 0.276948322609783 0.276947200303485 0.276946077749662 0.276944954947776 0.276943831897286
0.0638524556800855 0.287050731857436 0.287040176513619 0.287029614370022 0.287019045415258 0.287008469637908 0.286997887026526 0.286987297569631 0.286976701255714 0.286966098073234
0.110208547392821 0.280588317209201 0.280589020295566 0.280589723275452 0.280590426148413 0.280591128914006 0.280591831571783 0.280592534121294 0.280593236562089 0.280593938893716
0.0946152191700695 0.259561183417919 0.259558607129321 0.259556030598032 0.259553453823677 0.259550876805878 0.259548299544258 0.259545722038437 0.259543144288032 0.259540566292663
0.131406731881769 0.283055087099077 0.283055637306559 0.283056187347742 0.283056737222118 0.283057286929176 0.283057836468402 0.283058385839284 0.283058935041303 0.283059484073942
0.103524258408672 0.247049508470983 0.247046449933956 0.247043390887652 0.247040331331488 0.247037271264882 0.247034210687248 0.247031149598 0.247028087996547 0.247025025882301
0.115686524041729 0.283933947579261 0.28393208280501 0.283930217879461 0.283928352802209 0.283926487572847 0.283924622190966 0.283922756656157 0.283920890968007 0.283919025126105
0.135792250362628 0.257301523287645 0.257300690296401 0.257299857103779 0.257299023709296 0.257298190112468 0.25729735631281 0.257296522309835 0.257295688103053 0.257294853691974
0.116884352795272 0.279973971164124 0.279974569461791 0.279975167630118 0.279975765668604 0.279976363576748 0.279976961354047 0.279977558999992 0.279978156514079 0.279978753895796
0.128569606876697 0.287539719807748 0.28753354545055 0.287527369854595 0.287521193018909 0.287515014942518 0.287508835624448 0.287502655063718 0.28749647325935 0.287490290210359
0.105252769946216 0.279091808419691 0.279092436095783 0.279093063623848 0.279093691003373 0.279094318233843 0.279094945314742 0.279095572245551 0.27909619902575 0.279096825654816
0.101610205963154 0.298458004075031 0.298457246855836 0.298456489501062 0.298455732010243 0.298454974382912 0.298454216618599 0.298453458716835 0.298452700677146 0.298451942499059
0.129770198622971 0.286996952065977 0.286995725657104 0.286994498977391 0.286993272026278 0.286992044803207 0.286990817307617 0.286989589538943 0.286988361496621 0.286987133180084
0.0978126628510138 0.272938364905644 0.272937805396741 0.27293724573321 0.27293668591455 0.272936125940256 0.27293556580982 0.272935005522735 0.27293444507849 0.272933884476575
0.125652718597849 0.277646036702688 0.277645218942032 0.277644401052054 0.27764358303234 0.277642764882473 0.277641946602032 0.277641128190598 0.277640309647749 0.277639490973061
0.0869568115837225 0.283545526726023 0.283545049896357 0.283544572968979 0.283544095943327 0.283543618818837 0.283543141594943 0.283542664271075 0.283542186846666 0.28354170932114
0.0757557777742646 0.268646210944396 0.26864587627435 0.268645541651618 0.268645207075929 0.268644872547011 0.268644538064592 0.268644203628396 0.268643869238148 0.268643534893571
0.0953629066631817 0.280319064967521 0.280319712650182 0.280320360230917 0.280321007709273 0.280321655084797 0.280322302357031 0.28032294952552 0.280323596589802 0.280324243549418
0.128777132001551 0.281213504622968 0.281213981484119 0.281214458185221 0.281214934725783 0.281215411105316 0.281215887323323 0.281216363379311 0.281216839272781 0.281217315003234
0.114317227468058 0.281114572517518 0.281115104369369 0.281115636086628 0.281116167668828 0.281116699115498 0.281117230426166 0.281117761600357 0.281118292637598 0.28111882353741
0.109655347006722 0.272340755381618 0.272340329251848 0.272339903019009 0.272339476682676 0.272339050242427 0.272338623697837 0.272338197048478 0.272337770293921 0.272337343433736
0.0842662166567771 0.262798392590802 0.26279811211353 0.26279783159001 0.262797551019854 0.262797270402669 0.262796989738064 0.262796709025642 0.262796428265009 0.262796147455768
0.130877388688275 0.295657219867678 0.295656136585059 0.295655053112362 0.295653969449088 0.29565288559474 0.295651801548816 0.295650717310814 0.295649632880229 0.295648548256556
0.0903081263512876 0.284203986154398 0.28420369176115 0.284203397302132 0.284203102776919 0.284202808185084 0.284202513526198 0.284202218799829 0.284201924005545 0.284201629142911
0.132038741645928 0.280916216996961 0.280916666604476 0.280917116066899 0.280917565383765 0.280918014554608 0.280918463578956 0.280918912456341 0.280919361186289 0.280919809768324
0.092236040399055 0.273500796642296 0.273500211592689 0.273499626445238 0.273499041199487 0.273498455854977 0.273497870411245 0.27349728486783 0.273496699224267 0.273496113480089
0.125520771796279 0.280607386872589 0.280607879464948 0.280608371879294 0.280608864115106 0.280609356171859 0.280609848049024 0.280610339746073 0.280610831262475 0.280611322597698
0.105554255531544 0.285572998543193 0.285572406354158 0.285571814114684 0.285571221824383 0.285570629482867 0.285570037089744 0.285569444644621 0.285568852147102 0.285568259596794
0.0935751698059972 0.281285431697034 0.281284535721424 0.281283639665962 0.281282743530225 0.281281847313791 0.281280951016235 0.281280054637132 0.281279158176055 0.281278261632572
0.183399495355079 0.286706911711683 0.286705801968938 0.286704692023678 0.286703581875396 0.286702471523586 0.286701360967737 0.286700250207337 0.286699139241872 0.286698028070829
0.103461325521838 0.281822041457101 0.281822755385759 0.281823469176113 0.281824182827678 0.281824896339964 0.281825609712483 0.281826322944744 0.281827036036253 0.281827748986515
0.0988936403305797 0.302110629266201 0.302109854726464 0.302109080025759 0.302108305163552 0.302107530139306 0.302106754952483 0.302105979602544 0.302105204088947 0.302104428411149
0.0720429753719347 0.284248643410416 0.284245334515821 0.284242025523342 0.284238716432616 0.28423540724328 0.284232097954969 0.284228788567316 0.284225479079952 0.284222169492508
0.13647906072079 0.284016593182406 0.284015881872465 0.284015170361223 0.284014458648157 0.284013746732741 0.284013034614444 0.284012322292739 0.284011609767092 0.284010897036969
0.10192373372362 0.282052284115303 0.28205307074782 0.282053857276129 0.282054643699748 0.282055430018195 0.282056216230986 0.282057002337634 0.282057788337652 0.282058574230548
0.0931457577866402 0.256175261823105 0.256172339618518 0.256169417173455 0.256166494487472 0.256163571560127 0.256160648390972 0.256157724979562 0.256154801325444 0.256151877428171
0.140996345637799 0.280027167250769 0.28002761218869 0.280028056959442 0.280028501562513 0.280028945997391 0.280029390263559 0.280029834360501 0.280030278287698 0.280030722044628
0.0926903583781448 0.28116663581598 0.28116735656333 0.28116807724881 0.281168797871984 0.281169518432412 0.281170238929653 0.281170959363264 0.281171679732802 0.281172400037819
0.121739108465299 0.275746617520068 0.275745895839857 0.275745173998089 0.275744451994273 0.275743729827914 0.275743007498517 0.275742285005584 0.275741562348615 0.275740839527109
0.0965966331429657 0.282606874558987 0.282605028162439 0.282603181708716 0.282601335197452 0.282599488628286 0.282597642000849 0.282595795314777 0.282593948569698 0.282592101765243
0.119958907995285 0.279889620939345 0.279890188863519 0.279890756709843 0.279891324477948 0.279891892167466 0.279892459778026 0.279893027309256 0.27989359476078 0.279894162132224
0.111923962199437 0.2928918693041 0.292889324678107 0.2928867798908 0.29288423494177 0.292881689830606 0.292879144556897 0.292876599120228 0.292874053520185 0.29287150775635
0.110729958859404 0.281374461075098 0.281375091614236 0.281375722030443 0.28137635232322 0.281376982492065 0.281377612536473 0.281378242455939 0.281378872249956 0.281379501918013
0.112710622015944 0.269931956166902 0.269931343508951 0.269930730708934 0.269930117766389 0.269929504680849 0.269928891451848 0.269928278078916 0.269927664561582 0.269927050899374
0.073787151754126 0.297264346050651 0.297254237017623 0.297244123815382 0.297234006438681 0.297223884882262 0.297213759140855 0.297203629209177 0.297193495081936 0.297183356753824
