0.109842784250759 0.274778102069517 0.274777293117626 0.27477648395326 0.274775674575656 0.274774864984054 0.274774055177685 0.274773245155779 0.274772434917561 0.274771624462253
0.103038182435596 0.279449173260391 0.279449830232627 0.279450487010275 0.279451143592525 0.279451799978566 0.27945245616758 0.279453112158746 0.279453767951241 0.279454423544235
0.104864719369914 0.280191097320039 0.280191900831839 0.280192704296012 0.280193507712051 0.280194311079447 0.280195114397685 0.280195917666249 0.280196720884619 0.280197524052274
0.115293418217472 0.272642892514701 0.272642186587813 0.272641480408815 0.272640773976745 0.272640067290636 0.272639360349516 0.27263865315241 0.272637945698337 0.272637237986312
0.0839896234800241 0.231084261255509 0.231078780802039 0.231073298463416 0.231067814235391 0.231062328113692 0.231056840094026 0.23105135017208 0.231045858343516 0.231040364603977
0.100008176929814 0.280814210464521 0.280814836346439 0.280815462012262 0.280816087461167 0.280816712692327 0.280817337704912 0.280817962498086 0.280818587071012 0.280819211422846
0.0957694772861689 0.276350212968728 0.276343953705193 0.276337691998015 0.276331427843205 0.27632516123676 0.276318892174664 0.276312620652888 0.276306346667392 0.276300070214122
0.100781281846155 0.246058210258945 0.246056756036925 0.2460553016026 0.246053846955268 0.246052392094225 0.246050937018763 0.246049481728171 0.246048026221736 0.246046570498738
0.101175939862494 0.270961726647213 0.270961173846486 0.270960620806101 0.270960067525178 0.270959514002832 0.270958960238173 0.270958406230307 0.270957851978336 0.270957297481359
0.127156641319312 0.279567355566401 0.279567712002967 0.279568068165263 0.279568424052393 0.279568779663462 0.279569134997568 0.279569490053807 0.27956984483127 0.279570199329044
0.105254122468062 0.284783952158025 0.284783393693885 0.284782835013137 0.284782276115003 0.2847817169987 0.284781157663442 0.284780598108439 0.284780038332897 0.284779478336019
0.117722720159049 0.268303385568373 0.268302833899949 0.268302281976662 0.268301729797626 0.268301177361954 0.268300624668751 0.268300071717122 0.268299518506163 0.26829896503497
0.0994256712132016 0.263318010376587 0.263314874078802 0.263311737419659 0.263308600398358 0.263305463014093 0.263302325266057 0.263299187153438 0.263296048675421 0.263292909831186
0.125130663962722 0.279752585526121 0.279752939880927 0.279753293949957 0.279753647732306 0.279754001227069 0.279754354433333 0.279754707350184 0.279755059976703 0.279755412311968
0.114519488340482 0.280326315944707 0.280326753178004 0.280327190142374 0.280327626836908 0.280328063260697 0.280328499412822 0.280328935292365 0.280329370898402 0.280329806230005
0.101867860539968 0.279570641975786 0.279571391412426 0.279572140682695 0.279572889785861 0.279573638721189 0.279574387487942 0.279575136085376 0.279575884512748 0.279576632769308
0.105053255942898 0.290419345816815 0.290418422602906 0.29041749909414 0.290416575289499 0.290415651187958 0.290414726788489 0.29041380209006 0.290412877091633 0.290411951792166
0.0953486088622034 0.315208416624823 0.315207449756625 0.315206482721021 0.31520551551727 0.315204548144627 0.315203580602341 0.31520261288966 0.315201645005829 0.315200676950084
0.104350959250422 0.28007854862168 0.280079117838437 0.280079686908255 0.280080255830498 0.280080824604525 0.280081393229695 0.28008196170536 0.280082530030873 0.280083098205581
0.100572201408497 0.275276777249593 0.275274553743844 0.275272329939157 0.275270105834694 0.275267881429616 0.275265656723078 0.275263431714231 0.275261206402224 0.275258980786199
0.118509212590727 0.307212762867452 0.307211992913924 0.307211222801356 0.307210452529132 0.307209682096635 0.307208911503244 0.307208140748332 0.307207369831274 0.307206598751435
0.120493758519698 0.266256507124927 0.266255963534258 0.266255419680829 0.266254875563796 0.266254331182315 0.266253786535537 0.266253241622608 0.266252696442671 0.266252150994865
0.116421255279138 0.279007825263356 0.279008461894126 0.279009098333206 0.279009734579836 0.279010370633256 0.2790110064927 0.2790116421574 0.279012277626585 0.279012912899477
0.0988400095207986 0.281694631440912 0.281695309387765 0.281695987149864 0.281696664726439 0.281697342116719 0.281698019319927 0.281698696335287 0.281699373162014 0.281700049799322
0.109433252318288 0.27922844154639 0.279229024366985 0.279229606992891 0.279230189423362 0.27923077165765 0.279231353695003 0.279231935534666 0.27923251717588 0.279233098617883
0.107674377705246 0.259089329397293 0.259088781577843 0.259088233487426 0.259087685125225 0.259087136490421 0.259086587582188 0.2590860383997 0.259085488942125 0.25908493920863
0.150592752974348 0.309462905170784 0.309460060050349 0.30945721452803 0.309454368602856 0.309451522273849 0.309448675540027 0.309445828400407 0.309442980853999 0.309440132899808
0.121595790673291 0.276338931612518 0.276336439045644 0.276333946092155 0.276331452751091 0.276328959021482 0.276326464902357 0.276323970392739 0.276321475491649 0.276318980198101
0.0654967226405927 0.263595768660012 0.263594582416303 0.263593396246725 0.263592210150794 0.263591024128024 0.263589838177924 0.263588652300001 0.263587466493757 0.26358628075869
0.113010578291095 0.278806050478583 0.278806516267233 0.278806981805747 0.278807447093278 0.278807912128975 0.278808376911984 0.278808841441448 0.278809305716503 0.278809769736285
0.0573502969182902 0.253991500678856 0.253983841067195 0.25397617889154 0.253968514148362 0.253960846834124 0.25395317694528 0.253945504478271 0.25393782942953 0.253930151795479
0.122469378893175 0.292864884970712 0.29286387898219 0.292862872770983 0.292861866336367 0.292860859677614 0.292859852793996 0.292858845684776 0.292857838349219 0.292856830786584
0.128937052798891 0.308116436720401 0.308113870389446 0.308111303648052 0.308108736495186 0.308106168929811 0.308103600950885 0.308101032557363 0.308098463748194 0.308095894522322
0.102356535977184 0.268945579184666 0.268944899285819 0.268944219212375 0.268943538963581 0.26894285853868 0.268942177936911 0.26894149715751 0.268940816199708 0.268940135062733
0.121108081772849 0.296681963597626 0.296680905580504 0.296679847365789 0.29667878895277 0.296677730340736 0.296676671528967 0.296675612516746 0.296674553303346 0.296673493888042
0.126339509708008 0.278726054198641 0.278726513131336 0.278726971805357 0.278727430219837 0.278727888373904 0.278728346266682 0.278728803897292 0.278729261264851 0.278729718368471
0.0826808525550758 0.262430680534354 0.262430055221772 0.262429429766072 0.262428804166584 0.262428178422632 0.262427552533539 0.262426926498623 0.262426300317199 0.26242567398858
0.0936897106804352 0.278364974011859 0.27836571926687 0.278366464431093 0.27836720950399 0.278367954485019 0.278368699373635 0.27836944416929 0.278370188871434 0.278370933479514
0.104398293499806 0.280363391556043 0.280363972131948 0.280364552540551 0.280365132781128 0.280365712852948 0.280366292755282 0.280366872487392 0.28036745204854 0.280368031437984
0.0940109405064698 0.280309685649376 0.280307407999056 0.280305130076692 0.280302851881447 0.280300573412481 0.280298294668948 0.280296015649999 0.280293736354783 0.280291456782441
0.0669117460394427 0.246977979183677 0.246970522415311 0.246963063520173 0.246955602495758 0.246948139339557 0.24694067404905 0.246933206621712 0.246925737055013 0.246918265346412
0.105993499343227 0.285885288420409 0.285884720815875 0.28588415293194 0.285883584767616 0.285883016321906 0.28588244759381 0.285881878582323 0.285881309286437 0.285880739705137
0.105989768088263 0.294588357230689 0.29458602115226 0.294583684800185 0.294581348173673 0.29457901127193 0.29457667409416 0.294574336639561 0.294571998907329 0.294569660896655
0.124781832396106 0.279574818833948 0.27957517597119 0.279575532822008 0.279575889385528 0.279576245660875 0.279576601647169 0.279576957343525 0.279577312749057 0.279577667862871
0.0523715860108555 0.228116878448998 0.228111229322793 0.228105578932204 0.228099927275941 0.228094274352709 0.228088620161208 0.228082964700134 0.228077307968178 0.228071649964028
0.0676089776652286 0.262579066415265 0.262566462676666 0.2625538516991 0.262541233469074 0.262528607973056 0.262515975197471 0.262503335128704 0.262490687753096 0.262478033056951
0.123864922243224 0.280747275244446 0.28074774806558 0.2807482205794 0.28074869278497 0.280749164681344 0.280749636267578 0.280750107542722 0.280750578505819 0.280751049155912
0.124885109507165 0.300169235468564 0.300160455961097 0.300151674738997 0.300142891800671 0.300134107144522 0.300125320768948 0.300116532672339 0.300107742853084 0.300098951309565
0.124713583024713 0.281966954044274 0.281965988646286 0.281965022903861 0.281964056816043 0.28196309038187 0.281962123600379 0.281961156470601 0.281960188991564 0.28195922116229
0.118101927066671 0.276419908591604 0.276419215064353 0.276418521244803 0.276417827132105 0.276417132725403 0.27641643802384 0.276415743026553 0.276415047732678 0.276414352141345
0.0935811155819526 0.272475917520359 0.272470273506425 0.272464628693699 0.272458983081099 0.272453336667537 0.272447689451922 0.27244204143316 0.27243639261015 0.27243074298179
0.088148927684349 0.278925439546236 0.278919676542596 0.278913912441306 0.278908147241182 0.278902380941036 0.278896613539675 0.278890845035905 0.278885075428526 0.278879304716333
0.0996002685555572 0.279202862473361 0.279203349229021 0.279203835814793 0.279204322229925 0.279204808473661 0.279205294545243 0.279205780443911 0.279206266168899 0.279206751719437
0.109165818731338 0.279837317924249 0.279837816889646 0.279838315620249 0.279838814115244 0.279839312373806 0.279839810395113 0.279840308178334 0.279840805722639 0.279841303027191
0.132445358146239 0.273532946338916 0.273532094663624 0.273531242706113 0.273530390465492 0.273529537940873 0.273528685131357 0.273527832036045 0.273526978654034 0.273526124984415
0.107861425389648 0.266194372449324 0.266193850874405 0.266193329035931 0.266192806933024 0.266192284564804 0.266191761930387 0.266191239028884 0.266190715859403 0.266190192421047
0.065298752747384 0.275405953892357 0.275385357066549 0.275364734659435 0.275344086599912 0.275323412816589 0.275302713237779 0.275281987791502 0.27526123640548 0.275240459007138
0.121549585205908 0.279200673639284 0.279201179692972 0.279201685497257 0.279202191051293 0.279202696354234 0.279203201405228 0.279203706203418 0.279204210747946 0.27920471503795
0.0583995118011551 0.25832473320541 0.258322731271955 0.258320729323108 0.25831872735834 0.258316725377121 0.258314723378916 0.258312721363185 0.258310719329387 0.258308717276977
0.141283761321353 0.279436477150138 0.279436725877003 0.279436974298849 0.27943722241479 0.279437470223934 0.279437717725388 0.279437964918252 0.279438211801627 0.279438458374607
0.109112160540544 0.30627577277828 0.306270311962695 0.30626484976714 0.306259386190017 0.306253921229719 0.306248454884637 0.306242987153151 0.306237518033643 0.306232047524483
0.0819133003596116 0.26951191484445 0.269510012641412 0.269508110192941 0.269506207498244 0.269504304556528 0.269502401366993 0.269500497928839 0.269498594241259 0.269496690303444
0.140956892947895 0.279590328126362 0.279589488243544 0.279588648170039 0.279587807905198 0.279586967448366 0.279586126798886 0.279585285956098 0.279584444919339 0.279583603687941
0.113807034691665 0.280662334669541 0.280662857305465 0.280663379702345 0.280663901859343 0.28066442377562 0.280664945450331 0.280665466882626 0.280665988071653 0.280666509016556
0.17063199144003 0.306558571478808 0.306552606623159 0.306546640914321 0.306540674351447 0.306534706933687 0.30652873866019 0.306522769530098 0.306516799542554 0.306510828696694
0.116343916088915 0.279609271699472 0.279609612433828 0.279609952873822 0.279610293018584 0.279610632867236 0.279610972418898 0.279611311672688 0.27961165062772 0.279611989283102
0.111287173838167 0.268833975661824 0.268833304832571 0.268832633735934 0.268831962371058 0.268831290737085 0.268830618833153 0.268829946658396 0.268829274211944 0.268828601492924
0.115779492462804 0.259377859778226 0.259377109911902 0.259376359783195 0.259375609391373 0.259374858735706 0.259374107815458 0.259373356629889 0.259372605178256 0.259371853459816
0.0971704815946519 0.261450536681899 0.261449737831005 0.261448938699294 0.261448139285874 0.261447339589847 0.261446539610313 0.261445739346367 0.261444938797101 0.261444137961603
0.104179573245709 0.304074642871291 0.304073889140268 0.304073135188676 0.304072381015617 0.304071626620187 0.304070872001481 0.304070117158587 0.30406936209059 0.30406860679657
0.111265180321579 0.274544918652024 0.274543994401713 0.274543069948625 0.274542145291949 0.27454122043087 0.27454029536457 0.274539370092225 0.274538444613009 0.274537518926091
0.0955382703686688 0.26964886780334 0.269648245621906 0.269647623233881 0.269647000638429 0.269646377834706 0.269645754821867 0.269645131599062 0.269644508165438 0.269643884520137
0.113183291663627 0.279041993918319 0.279042487021643 0.27904297987965 0.279043472491503 0.279043964856361 0.279044456973379 0.27904494884171 0.279045440460504 0.279045931828901
0.105519506781307 0.280485038019922 0.280485597820873 0.280486157444785 0.280486716890988 0.280487276158811 0.280487835247579 0.280488394156612 0.28048895288523 0.280489511432747
0.10765486173962 0.279530974693384 0.279531545837742 0.279532116768887 0.279532687485989 0.279533257988215 0.27953382827473 0.279534398344694 0.279534968197261 0.279535537831584
0.120852402149642 0.284057095330878 0.28405619623932 0.284055296877553 0.284054397244698 0.284053497339874 0.284052597162195 0.284051696710772 0.28405079598471 0.284049894983113
0.101003089835524 0.28787201804122 0.287871316584161 0.287870615118259 0.287869913643105 0.287869212158288 0.287868510663396 0.287867809158014 0.287867107641723 0.287866406114102
0.10737017392099 0.287775407453845 0.287774718025628 0.287774028332774 0.287773338374406 0.287772648149642 0.287771957657593 0.287771266897371 0.28777057586808 0.287769884568824
0.0815539082655929 0.274977491801772 0.274977128332488 0.274976764655549 0.274976400770087 0.27497603667523 0.274975672370104 0.274975307853826 0.274974943125515 0.274974578184283
0.099648167556277 0.280874054955417 0.280874808018256 0.280875560890776 0.280876313572158 0.280877066061583 0.280877818358224 0.280878570461251 0.280879322369833 0.28088007408313
0.0876786272626016 0.266314242548156 0.26631362938942 0.266313016071036 0.266312402592268 0.266311788952374 0.26631117515061 0.266310561186227 0.266309947058476 0.266309332766598
0.0919814044271881 0.279332569190923 0.279333350818776 0.279334132330268 0.279334913724684 0.279335695001305 0.279336476159408 0.279337257198268 0.279338038117154 0.279338818915332
0.0995355770916076 0.252629129517132 0.252628489254669 0.252627848751517 0.252627208006903 0.252626567020049 0.252625925790174 0.252625284316493 0.252624642598219 0.25262400063456
0.101287692212578 0.278403093811924 0.278402436538545 0.278401779123215 0.278401121565277 0.278400463864069 0.278399806018926 0.278399148029182 0.278398489894165 0.278397831613199
0.101191689142567 0.264990356904757 0.264989656622822 0.264988956019224 0.264988255092987 0.264987553843132 0.264986852268673 0.264986150368622 0.264985448141987 0.26498474558777
0.104774805728625 0.280071229014498 0.280071994161772 0.28007275923363 0.280073524229518 0.280074289148878 0.280075053991146 0.280075818755762 0.280076583442156 0.28007734804976
0.109963321544717 0.274166215052534 0.274165651367371 0.274165087586762 0.274164523710205 0.274163959737198 0.274163395667236 0.274162831499811 0.274162267234412 0.274161702870525
0.0977887235945182 0.26933330949547 0.269330111342979 0.269326912901651 0.269323714170737 0.269320515149485 0.26931731583714 0.269314116232944 0.269310916336134 0.269307716145944
0.114689366592384 0.275573458406548 0.275572609993459 0.275571761363499 0.27557091251592 0.275570063449967 0.275569214164886 0.275568364659918 0.2755675149343 0.275566664987264
0.112913506005595 0.279744675372769 0.279745196212094 0.279745716843737 0.279746237266957 0.27974675748101 0.27974727748515 0.279747797278627 0.279748316860685 0.279748836230568
0.134816215655347 0.286584588504727 0.286580991916387 0.286577395040908 0.286573797877687 0.286570200426114 0.28656660268558 0.286563004655471 0.286559406335167 0.286555807724048
0.13703596891644 0.27978194168674 0.279782315914096 0.279782689874923 0.279783063568389 0.279783436993659 0.279783810149893 0.279784183036251 0.279784555651885 0.279784927995945
0.0988960629701334 0.280407762237089 0.280408334228256 0.280408906040708 0.280409477673716 0.280410049126546 0.280410620398463 0.280411191488725 0.280411762396589 0.280412333121308
0.124073231985581 0.272009256080567 0.272008315485453 0.272007374552798 0.272006433281611 0.272005491670902 0.272004549719675 0.272003607426928 0.272002664791658 0.272001721812855
0.129605932817338 0.261462211904886 0.261459776732288 0.261457341239142 0.261454905424578 0.261452469287727 0.261450032827715 0.261447596043663 0.261445158934688 0.261442721499904
0.0975821144865354 0.280554012876023 0.280554725396608 0.280555437838694 0.280556150201689 0.280556862484996 0.28055757468802 0.280558286810156 0.2805589988508 0.280559710809344
0.141531781066543 0.271805299075918 0.271802876579497 0.271800453707366 0.271798030458578 0.27179560683218 0.271793182827218 0.271790758442731 0.271788333677755 0.271785908531322
0.104613706706462 0.278761990767703 0.278762449538935 0.278762908088245 0.278763366414834 0.278763824517899 0.278764282396632 0.278764740050222 0.278765197477856 0.278765654678715
0.117165942981078 0.279861990791097 0.279861101437973 0.279860211843483 0.279859322006796 0.279858431927082 0.279857541603505 0.279856651035225 0.279855760221398 0.279854869161177
0.0780303679647848 0.260779358443779 0.260775427672479 0.260771496116968 0.260767563775964 0.260763630648186 0.260759696732342 0.26075576202714 0.26075182653128 0.260747890243458
