0.0983646928707898 0.283697898512537 0.283696955522011 0.283696012320921 0.28369506890847 0.283694125283855 0.283693181446269 0.283692237394905 0.283691293128947 0.28369034864758
0.139324356832135 0.278397503127913 0.278397827797091 0.278398152219985 0.27839847639584 0.278398800323896 0.278399124003391 0.278399447433559 0.27839977061363 0.278400093542831
0.0989013897244177 0.280987258518944 0.280988042889241 0.280988827120229 0.28098961121116 0.280990395161278 0.280991178969826 0.280991962636042 0.280992746159162 0.280993529538415
0.101245774107782 0.29447481585878 0.294474117512439 0.294473418893476 0.294472720000902 0.294472020833724 0.294471321390943 0.294470621671558 0.294469921674561 0.294469221398941
0.0868734178400843 0.258962216537596 0.258956026263262 0.258949834398412 0.258943640941059 0.258937445889207 0.258931249240856 0.258925050994 0.258918851146626 0.258912649696715
0.0943684609782809 0.281846430008384 0.281847158249501 0.281847886292506 0.281848614136546 0.281849341780762 0.281850069224294 0.281850796466277 0.281851523505841 0.281852250342112
0.0760600963431439 0.239177985276501 0.239171620353583 0.239165253566832 0.239158884913631 0.239152514391352 0.23914614199736 0.239139767729013 0.23913339158366 0.239127013558643
0.120201009281778 0.302028475602716 0.302026223958387 0.30202397201823 0.302021719781426 0.302019467247155 0.302017214414591 0.302014961282904 0.302012707851264 0.302010454118832
0.122061906076326 0.276340247303783 0.27633946132112 0.276338675054084 0.276337888501796 0.276337101663378 0.276336314537944 0.276335527124605 0.27633473942247 0.276333951430643
0.104357259185836 0.280153544834294 0.280154211891324 0.280154878748533 0.280155545405001 0.280156211859805 0.280156878112016 0.280157544160702 0.280158210004925 0.280158875643745
0.143793198509946 0.313789894395409 0.313788842139777 0.313787789561759 0.313786736660327 0.313785683434449 0.31378462988309 0.313783576005207 0.313782521799757 0.313781467265687
0.0985054994933787 0.261107776571401 0.26110738515599 0.261106993538297 0.26110660171758 0.261106209693094 0.261105817464088 0.261105425029812 0.261105032389509 0.261104639542422
0.16774197778978 0.287942825935681 0.287939772543057 0.287936718719778 0.287933664464908 0.287930609777503 0.287927554656618 0.287924499101303 0.287921443110605 0.287918386683567
0.108084401789471 0.280917101941703 0.280917656735283 0.280918211308632 0.280918765660944 0.280919319791409 0.280919873699215 0.280920427383545 0.28092098084358 0.280921534078494
0.137722490626365 0.279952237803921 0.279952683665599 0.279953129279929 0.279953574646118 0.27995401976337 0.279954464630884 0.279954909247856 0.279955353613479 0.279955797726942
0.114002249529457 0.281193607022446 0.281194175650116 0.281194744096745 0.281195312361564 0.281195880443803 0.281196448342689 0.281197016057444 0.281197583587287 0.281198150931433
0.0901669524922678 0.291181575296502 0.291180743773459 0.291179912041651 0.291179080100235 0.291178247948361 0.291177415585178 0.29117658300983 0.291175750221457 0.291174917219196
0.100516787769776 0.297535670009126 0.297534851839642 0.297534033427405 0.297533214771493 0.297532395870984 0.297531576724952 0.297530757332464 0.297529937692584 0.297529117804372
0.125310604148443 0.280227171783291 0.280227651570162 0.28022813110527 0.280228610387783 0.280229089416866 0.280229568191679 0.280230046711377 0.280230524975115 0.280231002982042
0.0920813519070196 0.264501869377135 0.264500269590948 0.264498669562185 0.264497069289992 0.26449546877351 0.264493868011874 0.26449226700422 0.264490665749675 0.264489064247366
0.121750765844168 0.290422389094655 0.290421600108595 0.290420810843709 0.290420021299131 0.290419231473996 0.290418441367431 0.290417650978561 0.290416860306508 0.290416069350388
0.106385263926835 0.286667987075781 0.286667471994914 0.286666956731148 0.286666441283622 0.286665925651478 0.286665409833848 0.286664893829864 0.286664377638652 0.286663861259334
0.129615644488666 0.280745692488484 0.280746189043042 0.280746685343793 0.280747181389905 0.280747677180543 0.280748172714868 0.280748667992035 0.280749163011198 0.280749657771507
0.0871488952400614 0.281517592837749 0.281518340486974 0.281519088045406 0.281519835512379 0.281520582887222 0.281521330169262 0.281522077357822 0.281522824452223 0.281523571451781
0.117690496354884 0.281008327345636 0.281008796548704 0.281009265525519 0.281009734275275 0.281010202797166 0.28101067109038 0.281011139154102 0.281011606987514 0.281012074589794
0.103988914031476 0.27706897021359 0.277068497066725 0.277068023633103 0.27706754991178 0.277067075901814 0.277066601602255 0.277066127012151 0.277065652130545 0.277065176956476
0.10308944884575 0.2657512528449 0.265749774403111 0.265748295724116 0.265746816807165 0.265745337651504 0.265743858256377 0.265742378621025 0.265740898744682 0.265739418626583
0.0858301115711851 0.282560237786695 0.282557844933093 0.28255545184798 0.282553058530551 0.282550664979997 0.282548271195506 0.282545877176262 0.282543482921446 0.282541088430233
0.0874540783343943 0.263015373797196 0.263013241623963 0.263011109195196 0.263008976510069 0.263006843567751 0.26300471036741 0.263002576908207 0.263000443189303 0.262998309209851
0.0911151991623638 0.282761033905045 0.282761856333744 0.282762678651655 0.282763500858026 0.282764322952098 0.28276514493311 0.282765966800294 0.282766788552884 0.282767610190104
0.087803625687507 0.30185487457654 0.30184734580827 0.301839815110489 0.301832282481076 0.301824747917901 0.301817211418833 0.301809672981732 0.301802132604454 0.301794590284849
0.0904293468385048 0.264479837886521 0.264479555386278 0.264479272657086 0.264478989698112 0.264478706508519 0.264478423087465 0.264478139434107 0.264477855547596 0.264477571427079
0.110133777199766 0.244010254699071 0.244008873452079 0.244007491930302 0.244006110132966 0.244004728059289 0.24400334570849 0.244001963079783 0.244000580172379 0.243999196985484
0.0838290201982565 0.258030439762241 0.258029877905081 0.258029315850864 0.258028753598804 0.258028191148107 0.258027628497979 0.258027065647621 0.25802650259623 0.258025939343
0.11490560826213 0.268813378871007 0.268812553847166 0.268811728562536 0.26881090301626 0.268810077207477 0.268809251135321 0.268808424798924 0.268807598197413 0.268806771329911
0.0910128499170469 0.281212793774702 0.281213537950639 0.281214281914323 0.281215025664886 0.281215769201449 0.281216512523134 0.281217255629057 0.281217998518331 0.281218741190064
0.0894930179413972 0.292716130892806 0.292715005943895 0.29271388080402 0.292712755472359 0.292711629948085 0.292710504230365 0.292709378318366 0.292708252211247 0.292707125908167
0.118372630236919 0.279501696786484 0.279502262146661 0.279502827293939 0.279503392227474 0.279503956946418 0.279504521449918 0.27950508573712 0.279505649807163 0.279506213659183
0.116072665006393 0.280856180787409 0.280856649513886 0.280857117986847 0.280857586205474 0.280858054168942 0.280858521876428 0.280858989327099 0.280859456520125 0.280859923454667
0.121591632509379 0.282371088134576 0.28236881592387 0.282366543438038 0.282364270676237 0.282361997637621 0.282359724321339 0.282357450726537 0.282355176852359 0.28235290269794
0.0628918291655231 0.262513690955679 0.262505967482457 0.262498241541337 0.262490513129366 0.262482782243589 0.262475048881041 0.262467313038749 0.262459574713735 0.262451833903015
0.0844510536699284 0.259327165216827 0.2593267063844 0.259326247365088 0.259325788158088 0.259325328762593 0.259324869177793 0.259324409402875 0.25932394943702 0.259323489279407
0.100434215129304 0.276880959100942 0.27687957806074 0.276878196820293 0.276876815378759 0.27687543373529 0.276874051889035 0.27687266983914 0.276871287584748 0.276869905124994
0.105956184650277 0.280753239059625 0.28075392953805 0.280754619795835 0.280755309832138 0.280755999646112 0.280756689236906 0.280757378603667 0.280758067745537 0.280758756661654
0.0735328827442362 0.246843604260275 0.246838903112541 0.246834201129104 0.24682949830878 0.246824794650384 0.246820090152727 0.246815384814613 0.246810678634844 0.246805971612216
0.0441080821310419 0.222875140807826 0.222862828132104 0.222850510782408 0.22283818875426 0.222825862043173 0.222813530644653 0.222801194554195 0.222788853767287 0.222776508279408
0.127325262301606 0.280559712707163 0.280560067347592 0.280560421727106 0.280560775844846 0.280561129699953 0.280561483291562 0.280561836618805 0.28056218968081 0.280562542476702
0.0703125575576665 0.262982417758934 0.262974342219268 0.262966264290874 0.262958183970885 0.262950101256429 0.26294201614463 0.262933928632599 0.262925838717446 0.262917746396271
0.109711265991061 0.292112539060785 0.292111865722804 0.292111192144482 0.292110518324922 0.292109844263223 0.292109169958483 0.292108495409791 0.292107820616236 0.292107145576899
0.0904093813908733 0.29183917383192 0.291838854994039 0.291838536044406 0.291838216982272 0.291837897806885 0.29183757851749 0.291837259113327 0.291836939593633 0.291836619957641
0.0843848894181222 0.234793911992898 0.234790189825096 0.234786467383171 0.23478274466649 0.234779021674419 0.234775298406319 0.234771574861551 0.234767851039469 0.234764126939429
0.0819665268229164 0.23260031806619 0.232595401647473 0.23259048436046 0.232585566204071 0.232580647177223 0.232575727278828 0.232570806507797 0.232565884863035 0.232560962343446
0.10490072500846 0.281323043980218 0.281323754517166 0.281324464865841 0.281325175025464 0.281325884995247 0.281326594774401 0.281327304362136 0.281328013757653 0.281328722960155
0.123581132232172 0.281222067066602 0.281222522431823 0.281222977525154 0.28122343234563 0.281223886892284 0.281224341164146 0.28122479516024 0.281225248879585 0.281225702321199
0.0952602962060403 0.272722543674851 0.272721989649799 0.272721435386183 0.272720880883182 0.27272032613997 0.272719771155718 0.272719215929595 0.272718660460764 0.272718104748386
0.105070506079672 0.262489751700886 0.262489122814711 0.262488493673058 0.262487864275062 0.262487234619853 0.262486604706556 0.262485974534294 0.262485344102184 0.262484713409343
0.0508389869129266 0.275950008645418 0.27592558638513 0.275901137226531 0.275876661105512 0.275852157957742 0.275827627718664 0.275803070323495 0.275778485707228 0.275753873804626
0.122691976583255 0.280343570512674 0.280344058845997 0.280344546954466 0.28034503483727 0.280345522493597 0.280346009922629 0.280346497123546 0.280346984095524 0.280347470837734
0.0900044372572427 0.279828704475883 0.279826389912625 0.279824075116166 0.279821760085806 0.279819444820846 0.279817129320582 0.279814813584307 0.279812497611311 0.27981018140088
0.109816530773733 0.280402060558035 0.280402491201204 0.280402921603248 0.280403351763353 0.280403781680699 0.280404211354461 0.280404640783814 0.280405069967926 0.280405498905965
0.137667294158386 0.327930810561411 0.327925908496603 0.327921005544687 0.327916101704712 0.32791119697572 0.327906291356752 0.327901384846846 0.327896477445034 0.327891569150344
0.0937470810248717 0.274065036857961 0.27406354048559 0.274062043875251 0.274060547025989 0.274059049936845 0.274057552606855 0.274056055035052 0.274054557220464 0.274053059162114
0.1183516809182 0.282117559480768 0.282116662055314 0.282115764346244 0.28211486635267 0.282113968073697 0.282113069508426 0.282112170655955 0.282111271515379 0.282110372085787
0.102338076971252 0.280190373733254 0.280191037193556 0.280191700468857 0.280192363558414 0.280193026461484 0.280193689177318 0.280194351705166 0.280195014044273 0.280195676193882
0.114435467006016 0.256937279681331 0.256933569517403 0.256929858845755 0.256926147665623 0.25692243597624 0.256918723776836 0.256915011066637 0.256911297844868 0.256907584110748
0.102050349870866 0.282165689953797 0.282166404735498 0.282167119343492 0.28216783377702 0.282168548035316 0.282169262117614 0.282169976023144 0.28217068975113 0.282171403300796
0.0910272329566165 0.269193460137152 0.269192927588707 0.269192394878774 0.269191862006577 0.26919132897134 0.269190795772282 0.269190262408616 0.269189728879555 0.269189195184306
0.131304623287161 0.320787962187195 0.320786225705768 0.32078448883396 0.32078275157084 0.320781013915472 0.320779275866914 0.320777537424223 0.320775798586451 0.320774059352644
0.099557744198636 0.27249739691275 0.272496348328376 0.272495299481791 0.27249425037213 0.272493200998522 0.272492151360094 0.272491101455968 0.272490051285263 0.272489000847095
0.102557498429945 0.267728107831022 0.267727533808377 0.267726959553915 0.267726385066765 0.267725810346052 0.267725235390896 0.267724660200415 0.267724084773721 0.267723509109925
0.114135606480146 0.275036956731176 0.275036378609552 0.275035800247677 0.275035221644717 0.275034642799833 0.275034063712182 0.275033484380919 0.275032904805192 0.27503232498415
0.092697857714031 0.275968446489797 0.275967598922698 0.275966751148842 0.275965903167364 0.275965054977396 0.275964206578066 0.275963357968497 0.275962509147808 0.275961660115115
0.112850819428767 0.280157097567958 0.280157648792627 0.280158199826011 0.280158750667375 0.280159301315981 0.280159851771089 0.280160402031955 0.280160952097833 0.280161501967971
0.11625676956639 0.280810855579509 0.280811454525677 0.280812053243273 0.280812651731434 0.280813249989295 0.280813848015987 0.280814445810635 0.280815043372363 0.280815640700289
0.140526803083225 0.280181811234731 0.280182198012127 0.280182584525946 0.28018297077534 0.280183356759458 0.280183742477447 0.280184127928447 0.280184513111596 0.280184898026029
0.126107880306418 0.292776819748898 0.292776122263737 0.292775424499341 0.292774726454775 0.292774028129095 0.292773329521356 0.29277263063061 0.292771931455902 0.292771231996273
0.0961276954405861 0.275971386775333 0.275970748039805 0.275970109109762 0.275969469984389 0.275968830662864 0.275968191144362 0.275967551428055 0.275966911513111 0.275966271398694
0.122762500002538 0.26766836142519 0.267667772515004 0.267667183318603 0.267666593835085 0.267666004063545 0.267665414003072 0.267664823652757 0.26766423301168 0.267663642078921
0.107814290258122 0.283137332430087 0.283136811512507 0.283136290400115 0.283135769092056 0.283135247587477 0.283134725885517 0.28313420398531 0.28313368188599 0.283133159586683
0.129330230757756 0.281135539996618 0.28113598863675 0.281136437025201 0.281136885161141 0.281137333043735 0.281137780672142 0.281138228045521 0.281138675163023 0.281139122023801
0.112560186127425 0.267027447849815 0.267026785615592 0.267026123153731 0.267025460463372 0.267024797543657 0.267024134393718 0.267023471012687 0.267022807399691 0.267022143553852
0.103193798990098 0.281115663624694 0.281116145131285 0.281116626384192 0.28111710738256 0.281117588125528 0.281118068612232 0.281118548841804 0.281119028813374 0.281119508526065
0.143282980031351 0.317651590927236 0.317650244187365 0.317648897157114 0.31764754983555 0.317646202221738 0.317644854314739 0.317643506113608 0.317642157617395 0.317640808825151
0.0722863593089041 0.271286115501635 0.271285739042791 0.271285362417324 0.271284985624314 0.271284608662838 0.271284231531968 0.271283854230771 0.271283476758311 0.271283099113646
0.114638336760561 0.285290126922552 0.285289458992449 0.285288790800826 0.285288122346767 0.285287453629347 0.28528678464764 0.285286115400712 0.28528544588763 0.285284776107454
0.100325034061991 0.280030690885874 0.280031292187495 0.280031893293119 0.280032494201974 0.280033094913288 0.280033695426284 0.280034295740181 0.280034895854195 0.280035495767541
0.14738935731718 0.303129019011817 0.303127765344452 0.303126511373568 0.303125257098323 0.303124002517877 0.303122747631383 0.30312149243799 0.303120236936846 0.303118981127093
0.0892605777535478 0.265780403929513 0.265776365253922 0.265772326201525 0.265768286771531 0.265764246963147 0.265760206775577 0.26575616620802 0.265752125259672 0.265748083929725
0.111424307359832 0.301211828493092 0.301211080507621 0.301210332307172 0.301209583890852 0.301208835257759 0.30120808640699 0.301207337337636 0.301206588048784 0.301205838539516
0.102209128428422 0.281284068919502 0.281284681158126 0.281285293180422 0.281285904985577 0.281286516572773 0.281287127941191 0.281287739090007 0.281288350018392 0.281288960725515
0.115691290918699 0.269288553945119 0.269285594549445 0.269282634781043 0.269279674639104 0.269276714122821 0.269273753231379 0.269270791963961 0.269267830319748 0.269264868297916
0.0954174647340453 0.281338199501299 0.281339076473973 0.281339953273079 0.281340829897729 0.281341706347027 0.281342582620073 0.281343458715965 0.281344334633795 0.281345210372651
0.150651179053213 0.279787957700198 0.279788224204469 0.279788490452379 0.279788756443144 0.279789022175971 0.279789287650067 0.279789552864637 0.279789817818877 0.279790082511987
0.0887168290082568 0.278027927387518 0.278027535811545 0.278027144043432 0.278026752082343 0.278026359927436 0.278025967577868 0.278025575032787 0.278025182291343 0.278024789352678
0.141576889070426 0.328262355665697 0.328259496048222 0.328256636071015 0.328253775733123 0.328250915033591 0.328248053971456 0.328245192545753 0.328242330755515 0.328239468599765
0.136026452468178 0.280495876163909 0.280496269797147 0.280496663161821 0.280497056257108 0.280497449082178 0.280497841636201 0.280498233918341 0.280498625927758 0.28049901766361
0.0633219280985144 0.270036635254276 0.270034802724746 0.270032970099499 0.270031137377837 0.27002930455906 0.270027471642463 0.270025638627338 0.270023805512975 0.270021972298659
0.110213235040657 0.28072399141562 0.280724615788339 0.280725239941198 0.280725863873368 0.280726487584015 0.280727111072302 0.280727734337387 0.280728357378426 0.280728980194571
0.137743019523519 0.285310451875599 0.285309459283724 0.285308466428067 0.285307473307793 0.285306479922061 0.285305486270029 0.285304492350849 0.28530349816367 0.285302503707638
0.0651008916336706 0.257255210884108 0.25725025533429 0.257245298986658 0.257240341840285 0.257235383894242 0.257230425147594 0.257225465599405 0.257220505248733 0.257215544094634
