0.285086989562153 0.285087754682409 0.285088519874921 0.285089285139712 0.285090050476803
0.283644552209665 0.283645301552699 0.283646051000443 0.283646800552934 0.283647550210207
0.285172927902326 0.285173793366437 0.285174658918465 0.285175524558435 0.285176390286371
0.242514801504648 0.242508931816804 0.242503061916797 0.242497191804621 0.242491321480269
0.283452287664163 0.283453055250691 0.283453822910199 0.283454590642704 0.283455358448226
0.261833537037267 0.261830344793187 0.261827152532223 0.261823960254391 0.261820767959705
0.290001656967354 0.289999412162754 0.289997167386063 0.289994922637301 0.289992677916491
0.278148241195881 0.278144244977878 0.278140248766151 0.278136252560763 0.278132256361776
0.285184361995268 0.285184838974671 0.285185315985391 0.285185793027435 0.285186270100815
0.278632706483496 0.278628798346832 0.278624890121086 0.278620981806266 0.27861707340238
0.285365215121627 0.28536603327318 0.285366851508211 0.285367669826742 0.285368488228796
0.28795621479305 0.287954203425865 0.28795219211681 0.287950180865909 0.287948169673185
0.285661438566352 0.285662584042959 0.285663729637336 0.285664875349511 0.285666021179511
0.282607926550677 0.282608677858878 0.282609429235971 0.282610180681973 0.282610932196903
0.283939571814147 0.283940713402434 0.283941855111638 0.283942996941788 0.283944138892916
0.28532262596871 0.285321158388391 0.285319690853565 0.285318223364249 0.28531675592046
0.283628763722095 0.283626940263645 0.283625116809425 0.283623293359446 0.28362146991372
0.282774883366367 0.282776218869211 0.282777554554116 0.282778890421132 0.282780226470314
0.284531817537901 0.284533006998814 0.284534196608577 0.284535386367231 0.284536576274817
0.288927915600015 0.288926230441442 0.288924545357163 0.288922860347202 0.288921175411581
0.283274712512418 0.283275473661057 0.283276234893452 0.283276996209626 0.283277757609603
0.283542825310661 0.283543558811603 0.283544292391513 0.283545026050413 0.283545759788324
0.322723144876029 0.32271641484267 0.322709684459984 0.32270295372794 0.322696222646507
0.285272443846793 0.285273340144998 0.285274236543876 0.285275133043459 0.28527602964378
0.312179355813367 0.312174925751837 0.312170495613329 0.312166065397873 0.312161635105504
0.274402996271229 0.274396993013897 0.274390989511893 0.274384985765207 0.274378981773837
0.321396865522314 0.321391421469848 0.321385977204065 0.321380532724951 0.321375088032495
0.282984648317383 0.282981292862761 0.282977937353409 0.282974581789331 0.282971226170533
0.321188350432613 0.321186166217977 0.321183981986629 0.321181797738579 0.321179613473841
0.283021422904767 0.283022338640767 0.28302325447839 0.283024170417665 0.283025086458615
0.283973552022268 0.283974345634225 0.283975139313836 0.283975933061119 0.28397672687609
0.313213848066822 0.313209004071507 0.313204159982529 0.313199315799908 0.31319447152366
0.285176869798313 0.285177776545898 0.285178683365145 0.285179590256071 0.285180497218698
0.284164019901913 0.284164447302108 0.284164874731255 0.284165302189365 0.284165729676445
0.283722528614074 0.28372372182777 0.283724915173228 0.283726108650483 0.283727302259574
0.283325921716772 0.283326928394622 0.283327935206726 0.283328942153125 0.283329949233861
0.284528476905235 0.284529603585901 0.284530730402537 0.284531857355187 0.284532984443891
0.283689658147497 0.283690562832012 0.28369146760896 0.283692372478367 0.28369327744026
0.28382646150982 0.283827208756354 0.283827956074567 0.28382870346448 0.283829450926115
0.281927333244025 0.281922889614098 0.281918445928678 0.281914002187795 0.281909558391482
0.31292926307606 0.312921180441532 0.312913097186843 0.312905013311892 0.31289692881658
0.305809587496968 0.30580728772861 0.305804987998072 0.305802688305376 0.305800388650546
0.284587160849966 0.284587881859182 0.284588602939124 0.284589324089809 0.284590045311258
0.279758301220297 0.279756204497574 0.27975410776745 0.279752011029938 0.279749914285053
0.282369285669948 0.282370514478848 0.282371743426705 0.282372972513555 0.282374201739434
0.286547018221317 0.286545710881129 0.286544403574215 0.286543096300586 0.286541789060258
0.284299149758179 0.284299846882008 0.284300544056201 0.284301241280769 0.284301938555726
0.283738227420504 0.283739120553964 0.283740013793996 0.283740907140632 0.283741800593904
0.284994909960843 0.28499583862155 0.284996767377711 0.284997696229347 0.284998625176484
0.283639736060981 0.283640536833718 0.283641337695728 0.283642138647037 0.283642939687674
0.276162336320692 0.276158497895087 0.276154659436694 0.276150820945533 0.276146982421622
0.284225249348709 0.284226127248506 0.284227005242661 0.284227883331199 0.284228761514147
0.284799053167797 0.284799628909315 0.284800204707212 0.284800780561503 0.284801356472205
0.284851388299395 0.284852018895183 0.284852649537694 0.28485328022694 0.284853910962934
0.264429363292892 0.264427935018603 0.264426506803044 0.264425078646234 0.264423650548192
0.270899112469009 0.270895021260281 0.2708909299579 0.270886838561878 0.270882747072222
0.284065052850796 0.284065978649035 0.284066904521728 0.284067830468889 0.284068756490538
0.284061019210405 0.284061700351439 0.284062381556396 0.284063062825296 0.284063744158158
0.284792878383954 0.284793538086853 0.28479419783589 0.284794857631076 0.284795517472425
0.284917629174258 0.284918387090829 0.284919145075673 0.284919903128809 0.284920661250252
0.315481066583677 0.315479006249881 0.315476945967565 0.315474885736757 0.315472825557486
0.325546426341689 0.325542453320243 0.325538480210654 0.325534507012926 0.32553053372707
0.283628663002996 0.28362926409476 0.283629865238789 0.283630466435095 0.283631067683693
0.302803619545268 0.302792525568782 0.302781430487643 0.30277033430165 0.3027592370106
0.284856613893912 0.28485724937891 0.284857884908924 0.284858520483967 0.284859156104051
0.28343633526622 0.283437005157467 0.283437675123981 0.283438345165782 0.283439015282892
0.3001485593287 0.300142390386305 0.300136221165709 0.300130051666891 0.30012388188983
0.284087837635472 0.284088599182728 0.284089360814776 0.284090122531642 0.284090884333349
0.283982409760512 0.283983233144892 0.283984056605639 0.283984880142776 0.283985703756322
0.284849594041113 0.284850234499263 0.284850875012301 0.284851515580244 0.284852156203106
0.284757335918267 0.284758220202288 0.284759104589905 0.284759989081152 0.284760873676063
0.281635681243375 0.281628054355409 0.281620427030117 0.281612799267463 0.281605171067409
0.303816862879989 0.303808730627032 0.30380059788913 0.30379246466624 0.303784330958324
0.285239040101412 0.285240226687219 0.285241413377223 0.285242600171451 0.285243787069925
0.28404573577331 0.284046691871251 0.284047648084708 0.284048604413719 0.284049560858324
0.284554704984572 0.284555358214634 0.284556011502253 0.284556664847444 0.284557318250225
0.284695465788026 0.284695928022523 0.284696390300414 0.28469685262171 0.284697314986426
0.282004816725902 0.282003242055925 0.282001667412719 0.282000092796301 0.281998518206682
0.284272471709159 0.284273217114533 0.284273962573855 0.284274708087135 0.284275453654385
0.28950574856522 0.289504382112813 0.289503015768637 0.289501649532737 0.289500283405161
0.283927853088258 0.283928561016232 0.283929269011184 0.283929977073129 0.283930685202086
0.271680330635064 0.271678751870452 0.271677173176088 0.27167559455201 0.271674015998255
0.272966965212823 0.272965674608794 0.272964384057377 0.272963093558596 0.272961803112472
0.273722624758302 0.273720546741977 0.273718468807738 0.273716390955633 0.273714313185707
0.2842630335063 0.284263727098316 0.284264420747232 0.284265114453066 0.284265808215831
0.282899882636868 0.282900793393646 0.282901704257109 0.282902615227288 0.282903526304216
0.295048810371492 0.295046493519861 0.295044176672295 0.295041859828808 0.295039542989416
0.288644267086548 0.288641895607311 0.288639524141936 0.288637152690438 0.288634781252836
0.283770689076778 0.283771929695786 0.28377317044368 0.283774411320488 0.283775652326243
0.284317012896426 0.284317782411075 0.28431855199831 0.284319321658149 0.284320091390612
0.259644189461208 0.259640671261141 0.259637152993963 0.259633634659683 0.259630116258309
0.283430175510465 0.283430861251754 0.283431547059438 0.283432232933538 0.28343291887407
0.297772883774047 0.29777102557526 0.297769167374246 0.297767309171013 0.29776545096557
0.282936106054182 0.282936648560617 0.282937191120576 0.282937733734073 0.282938276401123
0.283749953722609 0.283750930146092 0.283751906664335 0.283752883277361 0.283753859985193
0.320271317305326 0.320268841454616 0.320266365584779 0.320263889695825 0.320261413787763
0.313181230183273 0.313178770806414 0.313176311431505 0.313173852058564 0.313171392687611
0.283479491789785 0.283480363600918 0.283481235501955 0.283482107492918 0.283482979573831
0.283261471357394 0.283262410081957 0.283263348894898 0.28326428779624 0.283265226786004
0.291332706772803 0.291327794177738 0.291322881415434 0.291317968485895 0.291313055389124
