0.120597284688513 0.287711255620889 0.287712554799191 0.287713854441291 0.287715154548058 0.287716455120365 0.287717756159087 0.287719057665101 0.28772035963929 0.287721662082537
0.160799034082678 0.286952304945365 0.286951979710039 0.286951654818359 0.286951330270962 0.286951006068487 0.286950682211573 0.286950358700865 0.286950035537007 0.286949712720646
0.164102983066155 0.307064176337407 0.307063559733369 0.307062943462978 0.307062327526965 0.307061711926065 0.307061096661012 0.307060481732547 0.30705986714141 0.307059252888347
0.173824216655601 0.276452990531403 0.276452394212586 0.276451798122246 0.276451202260881 0.276450606628993 0.276450011227088 0.27644941605567 0.276448821115245 0.276448226406324
0.139943987272143 0.286771017938573 0.286772140365452 0.286773263188273 0.286774386407768 0.286775510024672 0.28677663403972 0.286777758453651 0.286778883267207 0.286780008481131
0.109208664848067 0.300585388567586 0.300583434110693 0.300581480700295 0.300579528338327 0.30057757702673 0.30057562676745 0.300573677562437 0.300571729413648 0.300569782323043
0.169204281478947 0.285865752467806 0.285866630800302 0.285867509425861 0.285868388345105 0.285869267558658 0.285870147067147 0.285871026871198 0.285871906971444 0.285872787368516
0.15299343265279 0.285014981214341 0.285015873526798 0.285016766180517 0.285017659176176 0.285018552514458 0.28501944619605 0.285020340221637 0.28502123459191 0.28502212930756
0.145890673184224 0.298280791345656 0.298278803209961 0.298276815308383 0.298274827641436 0.298272840209633 0.298270853013491 0.298268866053526 0.298266879330259 0.298264892844209
0.13545977973538 0.286021683855977 0.28602280694564 0.286023930498426 0.286025054515331 0.28602617899735 0.286027303945483 0.286028429360738 0.286029555244119 0.28603068159664
0.118254406913927 0.279860284706254 0.279858674102511 0.279857063860349 0.27985545398057 0.279853844463983 0.279852235311393 0.279850626523614 0.279849018101458 0.279847410045742
0.179300896147804 0.27600212953812 0.276001612668854 0.276001096033218 0.276000579631704 0.276000063464802 0.275999547533007 0.275999031836814 0.275998516376721 0.275998001153226
0.127769258203219 0.294100299728357 0.294100147202862 0.294099995060513 0.294099843302047 0.294099691928204 0.294099540939725 0.294099390337356 0.294099240121843 0.294099090293935
0.14950334322339 0.288072464001873 0.288073454691992 0.288074445740132 0.288075437146979 0.288076428913219 0.28807742103954 0.288078413526633 0.288079406375192 0.288080399585912
0.0935097310103857 0.25982004195421 0.259812808356537 0.259805573499137 0.259798337381919 0.259791100004793 0.259783861367672 0.259776621470469 0.259769380313101 0.259762137895486
0.0947310459669809 0.264023845380624 0.264022823805969 0.264021802974996 0.264020782889218 0.264019763550158 0.26401874495934 0.264017727118294 0.264016710028553 0.264015693691658
0.127296530998585 0.287619455362275 0.287620650187036 0.28762184538788 0.287623040965525 0.287624236920689 0.287625433254096 0.28762662996647 0.287627827058537 0.287629024531027
0.13338551991317 0.286124160979285 0.286125344544088 0.286126528483818 0.286127712799196 0.286128897490944 0.286130082559791 0.286131268006463 0.286132453831691 0.286133640036209
0.142922561188335 0.285749887525566 0.285750951545746 0.285752015981046 0.285753080832267 0.285754146100215 0.285755211785698 0.285756277889527 0.285757344412516 0.28575841135548
0.154426705168605 0.285927517354175 0.285928429157294 0.285929341308624 0.285930253808881 0.28593116665878 0.285932079859043 0.285932993410393 0.285933907313554 0.285934821569253
0.162150719656931 0.294539075958493 0.294536988787079 0.294534901707553 0.294532814720364 0.294530727825962 0.294528641024801 0.294526554317333 0.294524467704016 0.294522381185306
0.171763385956467 0.285571381622475 0.285572306097692 0.285573230893795 0.285574156011471 0.285575081451402 0.28557600721428 0.285576933300793 0.285577859711637 0.285578786447508
0.134192935832528 0.284607709406273 0.284601446533629 0.284595183403136 0.284588920015578 0.284582656371739 0.284576392472411 0.284570128318384 0.284563863910455 0.284557599249421
0.141675977704872 0.285730463989414 0.285731488212039 0.285732512734296 0.285733537556738 0.28573456267992 0.285735588104397 0.285736613830729 0.285737639859475 0.285738666191198
0.16718769715466 0.289706959032356 0.289706429632841 0.289705900492785 0.289705371612717 0.289704842993164 0.289704314634656 0.289703786537727 0.28970325870291 0.289702731130742
0.130769417254852 0.302149531964524 0.302149515960249 0.302149500341145 0.302149485107899 0.302149470261199 0.302149455801736 0.302149441730203 0.302149428047296 0.302149414753713
0.130456243993991 0.287689498443243 0.287690676102312 0.287691854206009 0.287693032755207 0.287694211750776 0.287695391193594 0.28769657108454 0.287697751424496 0.287698932214347
0.137081999608322 0.287181225536168 0.287182364165366 0.287183503186394 0.287184642600022 0.287185782407018 0.287186922608157 0.287188063204215 0.287189204195969 0.287190345584202
0.13898396961833 0.287097697901244 0.287096508392515 0.287095319211834 0.287094130359889 0.28709294183737 0.287091753644968 0.287090565783379 0.2870893782533 0.28708819105543
0.172192127014232 0.285478702328864 0.285479477247793 0.285480252401919 0.285481027791746 0.285481803417775 0.285482579280511 0.285483355380462 0.285484131718135 0.285484908294041
0.144002972857321 0.28702709774523 0.287028196084808 0.287029294799222 0.287030393889195 0.287031493355453 0.287032593198723 0.287033693419735 0.287034794019222 0.287035894997921
0.130276470704381 0.26309218777869 0.263089317389253 0.263086447082387 0.263083576858483 0.263080706717931 0.263077836661123 0.263074966688452 0.263072096800313 0.263069226997103
0.169528386322884 0.252871082049502 0.252868320418491 0.25286555888491 0.252862797449138 0.252860036111556 0.252857274872547 0.252854513732493 0.252851752691781 0.252848991750797
0.152918211181071 0.28308774377254 0.28308736415488 0.283086984885896 0.283086605966356 0.283086227397028 0.283085849178688 0.28308547131211 0.283085093798072 0.283084716637356
0.139825308265163 0.286789808931494 0.286790792409822 0.286791776197149 0.286792760294045 0.286793744701082 0.286794729418833 0.286795714447871 0.286796699788776 0.286797685442125
0.14016742590282 0.278085158154458 0.278084798057647 0.278084438402378 0.278084079189589 0.27808372042022 0.278083362095214 0.278083004215517 0.27808264678208 0.278082289795855
0.144804957315707 0.286084447753545 0.286082375458345 0.286080303312317 0.286078231315875 0.286076159469434 0.286074087773408 0.286072016228216 0.286069944834276 0.286067873592007
0.13102856984084 0.286876178581999 0.286877454916434 0.286878731764111 0.286880009126054 0.28688128700329 0.286882565396849 0.286883844307766 0.286885123737077 0.286886403685823
0.134544310854117 0.283353916448063 0.283352754523282 0.283351593145134 0.283350432314712 0.283349272033113 0.283348112301437 0.283346953120789 0.283345794492276 0.283344636417008
0.159672220030848 0.286581096342514 0.286582050865025 0.286583005686487 0.286583960807494 0.28658491622864 0.286585871950521 0.286586827973733 0.286587784298879 0.286588740926561
0.14156973842152 0.285214590373215 0.285215623206518 0.285216656469028 0.285217690161622 0.285218724285181 0.285219758840588 0.285220793828728 0.285221829250493 0.285222865106774
0.145376930249582 0.287390978793226 0.287392009487 0.287393040542449 0.287394071960283 0.287395103741212 0.287396135885951 0.287397168395216 0.287398201269727 0.287399234510203
0.179861306390935 0.285929029206494 0.285929834105613 0.285930639287522 0.285931444752831 0.285932250502156 0.285933056536112 0.285933862855318 0.285934669460394 0.285935476351964
0.139662456755585 0.293789932577249 0.293789987422416 0.2937900425795 0.29379009804905 0.293790153831615 0.293790209927746 0.293790266337998 0.293790323062926 0.293790380103085
0.196355332949208 0.297684920003739 0.297683240765148 0.297681561705454 0.297679882825111 0.297678204124578 0.29767652560431 0.297674847264768 0.297673169106414 0.297671491129711
0.0947505073466314 0.269606505477795 0.269599754243439 0.269593002161532 0.269586249232456 0.269579495456597 0.269572740834341 0.26956598536608 0.269559229052204 0.26955247189311
0.140415066929999 0.276848012611107 0.276846875726643 0.276845739092203 0.276844602708324 0.276843466575543 0.276842330694401 0.276841195065438 0.2768400596892 0.27683892456623
0.0818949503472531 0.277120056827763 0.277110139732616 0.277100221299048 0.277090301537531 0.277080380458613 0.277070458072916 0.277060534391137 0.277050609424048 0.277040683182497
0.153774864251452 0.318538156288133 0.318533699407538 0.318529242227775 0.31852478474921 0.31852032697221 0.318515868897145 0.318511410524384 0.318506951854301 0.318502492887269
0.168053099226911 0.27181153698052 0.27181104720889 0.271810557700386 0.271810068455619 0.271809579475199 0.27180909075974 0.271808602309862 0.27180811412618 0.271807626209317
0.150072792388138 0.285424862189372 0.285425844219076 0.285426826597741 0.285427809326037 0.285428792404635 0.285429775834205 0.285430759615425 0.28543174374897 0.285432728235521
0.0962196853477302 0.285534193016269 0.285534045944759 0.285533899249977 0.285533752932525 0.285533606993005 0.285533461432025 0.28553331625019 0.285533171448111 0.285533027026399
0.137132770171003 0.276595894722736 0.276595315636734 0.276594736827442 0.276594158295428 0.276593580041262 0.276593002065518 0.276592424368768 0.27659184695159 0.27659126981456
0.17370321184212 0.287436250759495 0.287437088953477 0.287437927420343 0.28743876616065 0.287439605174959 0.287440444463832 0.287441284027833 0.287442123867528 0.287442963983485
0.149096926789383 0.286112376842277 0.286113362955755 0.286114349385858 0.28611533613319 0.286116323198355 0.286117310581963 0.286118298284623 0.286119286306946 0.286120274649548
0.178215373283319 0.285551735645367 0.285552500201559 0.285553264989167 0.285554030008699 0.28555479526067 0.285555560745593 0.285556326463986 0.285557092416366 0.285557858603253
0.149111871559533 0.284279450228181 0.284280433578603 0.28428141726267 0.284282401281016 0.284283385634272 0.284284370323076 0.284285355348063 0.284286340709874 0.284287326409152
0.14253778704895 0.286771797046816 0.286771543816361 0.286771291000362 0.286771038599578 0.286770786614768 0.286770535046695 0.286770283896123 0.286770033163818 0.286769782850552
0.138529205383291 0.301884800399115 0.301884535694677 0.301884271587545 0.301884008078968 0.301883745170202 0.301883482862504 0.301883221157137 0.301882960055368 0.301882699558469
0.115591310662079 0.288284325301139 0.288285695859014 0.288287066940662 0.288288438547041 0.288289810679114 0.288291183337845 0.288292556524202 0.288293930239156 0.288295304483682
0.138848139328175 0.286413189740548 0.286414228235904 0.286415267150851 0.286416306486303 0.286417346243175 0.28641838642239 0.286419427024869 0.286420468051541 0.286421509503334
0.0889002232636406 0.222438849685333 0.222436977942696 0.222435106634222 0.222433235760791 0.222431365323284 0.222429495322587 0.222427625759586 0.222425756635171 0.222423887950233
0.102587887924429 0.28076058793491 0.280758002457098 0.280755417292512 0.280752832441894 0.280750247905994 0.28074766368556 0.280745079781345 0.280742496194102 0.280739912924589
0.169425734608829 0.287775481157907 0.287775217715367 0.287774954622076 0.287774691878752 0.287774429486117 0.287774167444893 0.287773905755808 0.28777364441959 0.287773383436968
0.136371458783762 0.261388698078666 0.26138869486592 0.261388691961689 0.261388689366567 0.261388687081151 0.261388685106039 0.261388683441834 0.261388682089137 0.261388681048553
0.153316429185321 0.234194662113465 0.234188525378962 0.234182387993191 0.234176249956207 0.234170111268063 0.234163971928816 0.234157831938524 0.234151691297243 0.234145550005034
0.0873884131896326 0.284014640249445 0.284005873636071 0.283997104358603 0.283988332415378 0.28397955780473 0.283970780524994 0.283962000574506 0.283953217951598 0.283944432654601
0.134825442087266 0.286027272497197 0.286028308055157 0.286029343935417 0.286030380138594 0.286031416665302 0.286032453516159 0.286033490691788 0.28603452819281 0.28603556601985
0.13448830528291 0.285777301060386 0.285778269934201 0.285779239221219 0.28578020892222 0.285781179037988 0.28578214956931 0.285783120516974 0.285784091881772 0.285785063664498
0.108148598544297 0.295614233837551 0.295611249563077 0.29560826580716 0.295605282571562 0.295602299858054 0.295599317668413 0.295596336004422 0.295593354867871 0.295590374260555
0.152331641418847 0.286713655026275 0.286714587609796 0.286715520548678 0.28671645384361 0.286717387495283 0.286718321504393 0.286719255871635 0.286720190597708 0.286721125683312
0.150085860285437 0.279974764648198 0.279974493998347 0.279974223712674 0.279973953791881 0.279973684236668 0.279973415047741 0.279973146225808 0.279972877771578 0.279972609685763
0.160352532209255 0.286505969146564 0.28650682492697 0.286507680969575 0.28650853727491 0.286509393843505 0.286510250675897 0.28651110777262 0.286511965134215 0.286512822761219
0.160520967404785 0.286278608481532 0.286279443732773 0.286280279255543 0.286281115050393 0.286281951117881 0.286282787458563 0.286283624072999 0.286284460961749 0.286285298125378
0.153158315146033 0.272513895731789 0.272513714935242 0.272513534416654 0.272513354176543 0.272513174215431 0.272512994533839 0.272512815132291 0.272512636011311 0.272512457171428
0.126707235509689 0.286209230473383 0.286210412872578 0.286211595687556 0.286212778919058 0.286213962567829 0.286215146634613 0.286216331120161 0.286217516025222 0.286218701350549
0.114799044646179 0.283820637544472 0.283819201482327 0.283817765895746 0.283816330785722 0.283814896153251 0.283813461999334 0.283812028324975 0.283810595131181 0.28380916241896
0.187076589693137 0.285582898020985 0.285583675493534 0.285584453252197 0.285585231297562 0.285586009630218 0.285586788250754 0.285587567159765 0.285588346357846 0.285589125845592
0.095716424342581 0.244802820589988 0.244800722216944 0.244798624220329 0.244796526600971 0.244794429359701 0.244792332497354 0.244790236014768 0.244788139912781 0.244786044192235
0.179182234476263 0.29181266298499 0.291812002769008 0.291811342799678 0.291810683077533 0.291810023603109 0.291809364376939 0.291808705399562 0.291808046671517 0.291807388193346
0.153509596739253 0.287051242397169 0.28705215059775 0.287053059083396 0.287053967854675 0.287054876912158 0.287055786256417 0.287056695888023 0.287057605807555 0.28705851601559
0.109823039636413 0.260143743341778 0.260142744421145 0.26014174589187 0.260140747754715 0.260139750010446 0.26013875265983 0.260137755703636 0.260136759142639 0.260135762977613
0.0835682146389983 0.263676635838517 0.263673144026538 0.263669652508111 0.263666161285507 0.263662670361007 0.263659179736901 0.263655689415486 0.26365219939907 0.26364870968997
0.153041630214841 0.285562132832415 0.285563213990173 0.285564295596105 0.285565377651142 0.285566460156218 0.28556754311227 0.285568626520241 0.285569710381074 0.285570794695717
0.139845915097278 0.285703673932955 0.285704779867597 0.28570588616768 0.285706992833882 0.285708099866888 0.285709207267383 0.285710315036055 0.285711423173593 0.285712531680691
0.108763119192027 0.263929823574075 0.263925293419186 0.263920762938613 0.263916232132871 0.263911701002473 0.263907169547939 0.263902637769788 0.263898105668542 0.263893573244727
0.132328717927004 0.293051863378458 0.29305037618935 0.293048889249107 0.293047402558252 0.293045916117314 0.293044429926819 0.293042943987296 0.293041458299278 0.293039972863297
0.109460621625663 0.279572051570228 0.279558446812535 0.279544836048252 0.279531219270925 0.279517596474089 0.279503967651266 0.279490332795968 0.279476691901694 0.279463044961933
0.139230735430668 0.280156286706954 0.280156128143786 0.28015596986689 0.280155811876789 0.280155654174009 0.280155496759078 0.280155339632524 0.280155182794879 0.280155026246675
0.12352418980831 0.281008503677931 0.281008364783197 0.28100822624028 0.281008088049783 0.281007950212311 0.281007812728471 0.281007675598872 0.281007538824125 0.281007402404843
0.141331366645107 0.286200146091011 0.286201247347174 0.286202348953045 0.286203450909315 0.28620455321668 0.286205655875838 0.286206758887487 0.286207862252331 0.286208965971074
0.158977231287434 0.259801158367201 0.259799701659081 0.259798245239204 0.259796789108203 0.259795333266709 0.259793877715357 0.259792422454785 0.259790967485632 0.259789512808539
0.145941093483976 0.293890745502724 0.293890041821055 0.293889338326172 0.293888635018546 0.293887931898651 0.293887228966962 0.293886526223956 0.293885823670113 0.293885121305912
0.108560117338729 0.242075891629099 0.242073534577536 0.242071177625237 0.242068820772709 0.242066464020462 0.242064107369009 0.242061750818862 0.242059394370538 0.242057038024552
0.164167640978952 0.273697395832675 0.273697030851821 0.273696666161527 0.273696301762418 0.273695937655118 0.273695573840255 0.273695210318458 0.273694847090358 0.273694484156589
0.119536962312407 0.287109206419576 0.287110393437524 0.287111580837383 0.287112768619835 0.287113956785565 0.28711514533526 0.287116334269609 0.287117523589304 0.287118713295038
0.137980159131633 0.292822989683834 0.292822558826012 0.292822128406658 0.292821698426714 0.292821268887123 0.292820839788833 0.292820411132795 0.292819982919963 0.292819555151294
0.139245335391281 0.300959241607636 0.300957470493454 0.300955699491914 0.300953928603529 0.300952157828813 0.300950387168282 0.300948616622457 0.300946846191856 0.300945075877002
0.170994033710325 0.287722284516861 0.287721880565932 0.287721476930837 0.287721073612277 0.287720670610956 0.287720267927579 0.287719865562853 0.287719463517489 0.287719061792201
0.152277817493689 0.283156220324003 0.283151817588696 0.283147414622517 0.283143011425859 0.283138607999113 0.283134204342676 0.283129800456942 0.28312539634231 0.28312099199918
