0.136163455217792 0.285942749750409 0.285943976664854 0.285945204019453 0.285946431815048 0.285947660052483 0.285948888732605 0.285950117856263 0.285951347424312 0.285952577437606
0.128111570607911 0.282447514518217 0.282447411995014 0.282447309867055 0.282447208135195 0.282447106800296 0.282447005863219 0.282446905324833 0.282446805186005 0.282446705447609
0.184456185410059 0.324307454146199 0.324306647296736 0.324305840839175 0.324305034774438 0.32430422910345 0.324303423827142 0.324302618946446 0.324301814462299 0.324301010375639
0.108880671543597 0.290521011608142 0.290521236849178 0.290521462609355 0.290521688889652 0.29052191569105 0.290522143014538 0.290522370861105 0.290522599231742 0.290522828127449
0.184657925452893 0.284888247103651 0.284888921082282 0.28488959529375 0.284890269738622 0.28489094441747 0.284891619330866 0.284892294479386 0.284892969863607 0.284893645484109
0.0939009141094896 0.302593412122554 0.302591978734594 0.302590546057798 0.302589114093532 0.302587682843168 0.302586252308081 0.302584822489653 0.302583393389268 0.302581965008314
0.143454377643957 0.285055615488696 0.285056497541541 0.285057379948605 0.285058262710668 0.285059145828508 0.285060029302911 0.285060913134663 0.285061797324555 0.285062681873381
0.15067349560259 0.284967999415633 0.284968927646159 0.284969856217528 0.28497078513045 0.284971714385638 0.284972643983805 0.284973573925669 0.284974504211949 0.284975434843368
0.114937054906878 0.280659692839846 0.280658344870004 0.280656997371156 0.280655650344175 0.28065430378994 0.280652957709332 0.280651612103234 0.280650266972534 0.280648922318119
0.143106413293322 0.284643966825921 0.284644991927077 0.284646017503567 0.284647043556395 0.284648070086571 0.284649097095108 0.284650124583022 0.284651152551333 0.284652181001065
0.140806782076619 0.286884668230571 0.286883084757648 0.286881501694635 0.286879919042517 0.286878336802286 0.286876754974934 0.286875173561458 0.28687359256286 0.286872011980144
0.147120689290323 0.288594954715714 0.288594586110298 0.288594217888633 0.288593850051544 0.288593482599855 0.288593115534398 0.288592748856004 0.288592382565509 0.288592016663754
0.131470487166704 0.292155777350645 0.292155535364238 0.29215529383513 0.292155052764311 0.292154812152774 0.292154572001516 0.292154332311537 0.292154093083842 0.292153854319439
0.1232430271884 0.287421173516038 0.287422625114116 0.287424077461805 0.287425530560969 0.287426984413483 0.287428439021229 0.287429894386098 0.28743135050999 0.28743280739481
0.0873341468347518 0.249086425822629 0.249079400206996 0.249072373303533 0.249065345112116 0.24905831563262 0.249051284864925 0.249044252808914 0.249037219464471 0.249030184831483
0.114104250469547 0.278726482606482 0.278724863985583 0.2787232459673 0.278721628552756 0.278720011743076 0.278718395539392 0.278716779942834 0.27871516495454 0.278713550575649
0.146363515920496 0.285461109794515 0.285462194257543 0.285463279148126 0.285464364467119 0.285465450215387 0.285466536393795 0.28546762300321 0.285468710044504 0.285469797518551
0.122767049634868 0.285369430617786 0.285370697374838 0.285371964613997 0.285373232336191 0.285374500542354 0.285375769233421 0.28537703841033 0.285378308074025 0.28537957822545
0.142295160479883 0.286793286618912 0.286794340863507 0.286795395521994 0.286796450595249 0.28679750608415 0.286798561989577 0.286799618312417 0.286800675053556 0.286801732213885
0.132115067678369 0.286031095388684 0.286032119332636 0.286033143699991 0.286034168491666 0.286035193708577 0.286036219351647 0.2860372454218 0.286038271919967 0.286039298847078
0.181406039808164 0.285129341376596 0.285127312519685 0.285125283886912 0.285123255478946 0.285121227296462 0.285119199340133 0.285117171610637 0.285115144108653 0.285113116834863
0.136056093997994 0.286219575649568 0.286220757656045 0.286221940142801 0.286223123110853 0.286224306561217 0.286225490494916 0.286226674912975 0.286227859816423 0.286229045206295
0.0717637683550889 0.242262585843671 0.242256416495774 0.242250246755164 0.24224407662265 0.242237906099046 0.242231735185168 0.242225563881838 0.242219392189881 0.242213220110125
0.141439642824497 0.285871505236167 0.285872577396992 0.285873650031713 0.285874723141389 0.28587579672708 0.285876870789855 0.285877945330783 0.285879020350938 0.285880095851399
0.131887079928902 0.27626997556026 0.276269957035508 0.276269938941264 0.276269921278357 0.276269904047617 0.27626988724988 0.276269870885984 0.276269854956769 0.276269839463077
0.113214712814128 0.287805726120555 0.287805656667184 0.287805587614075 0.287805518961998 0.287805450711721 0.287805382864022 0.287805315419673 0.287805248379456 0.287805181744151
0.153313401869124 0.285753654728233 0.285754746975994 0.28575583962742 0.285756932683317 0.285758026144496 0.285759120011769 0.285760214285952 0.285761308967863 0.285762404058324
0.169403581239101 0.285428191237569 0.285429027738418 0.28542986458331 0.285430701773005 0.285431539308266 0.285432377189862 0.285433215418562 0.285434053995139 0.285434892920368
0.162227749148971 0.266899538477211 0.266897901566177 0.266896264925078 0.266894628554592 0.266892992455399 0.266891356628182 0.266889721073626 0.266888085792418 0.266886450785249
0.190274615846766 0.284384219561624 0.284384915432983 0.284385611556281 0.284386307932136 0.284387004561165 0.28438770144399 0.284388398581232 0.284389095973518 0.284389793621476
0.153030450873462 0.28526007394625 0.285261093649881 0.285262113745957 0.285263134235308 0.285264155118765 0.285265176397166 0.285266198071351 0.28526722014216 0.285268242610441
0.21770691101495 0.289878374112236 0.289875327969817 0.289872281977748 0.289869236136697 0.289866190447333 0.289863144910328 0.289860099526356 0.289857054296092 0.289854009220218
0.163749943519348 0.266052059444889 0.266048375265713 0.26604469124417 0.266041007380872 0.266037323676431 0.266033640131463 0.266029956746584 0.266026273522414 0.266022590459574
0.164660510853413 0.286078990071897 0.286078589662714 0.286078189515122 0.28607778962979 0.286077390007389 0.286076990648593 0.286076591554078 0.286076192724526 0.286075794160617
0.146203355439782 0.2851827067337 0.285183700831892 0.285184695347854 0.28518569028247 0.285186685636628 0.285187681411218 0.285188677607134 0.285189674225274 0.285190671266538
0.12967838499306 0.269342663056938 0.269342394684007 0.269342126606516 0.269341858825093 0.269341591340368 0.269341324152975 0.269341057263548 0.269340790672726 0.269340524381146
0.134465774677881 0.307517775722825 0.307514701343411 0.307511627182627 0.307508553241246 0.307505479520042 0.307502406019794 0.307499332741283 0.307496259685294 0.307493186852613
0.155522873103381 0.284216223379847 0.284217343893582 0.284218465088923 0.284219586967773 0.284220709532046 0.284221832783666 0.284222956724563 0.284224081356678 0.284225206681959
0.250906266234461 0.304416056662497 0.304413745723435 0.304411434902871 0.304409124201309 0.304406813619258 0.304404503157228 0.304402192815732 0.304399882595281 0.304397572496394
0.11549444213813 0.285483777695981 0.285485162743089 0.285486548339721 0.285487934486954 0.285489321185868 0.285490708437547 0.285492096243079 0.285493484603555 0.285494873520071
0.153596211321498 0.28627959838405 0.286280668118899 0.286281738346494 0.286282809067916 0.286283880284254 0.286284951996596 0.28628602420604 0.286287096913682 0.286288170120627
0.157450742335659 0.284493392308201 0.284494289662849 0.284495187451705 0.284496085675685 0.284496984335708 0.284497883432695 0.284498782967574 0.284499682941273 0.284500583354723
0.157745117817313 0.285253101863503 0.285254023514309 0.285254945528508 0.285255867906899 0.285256790650287 0.285257713759477 0.28525863723528 0.285259561078508 0.285260485289978
0.114599460076981 0.276714523548033 0.276714230232206 0.276713937266874 0.27671364465273 0.276713352390475 0.276713060480807 0.276712768924432 0.276712477722055 0.276712186874385
0.0994114351537623 0.281365356645111 0.281364499556303 0.281363643005699 0.281362786994426 0.281361931523614 0.281361076594399 0.281360222207921 0.281359368365323 0.281358515067754
0.128292601447318 0.289765699768286 0.289757591772481 0.289749482486741 0.289741371911902 0.289733260048806 0.289725146898299 0.289717032461238 0.289708916738484 0.289700799730908
0.150230356770101 0.308788826276822 0.30878682307599 0.308784820229874 0.308782817739355 0.308780815605316 0.308778813828646 0.308776812410235 0.308774811350978 0.308772810651771
0.130760116912428 0.273649056471932 0.273640622804105 0.273632187412891 0.273623750298031 0.273615311459265 0.273606870896338 0.273598428608994 0.27358998459698 0.273581538860047
0.118253729514117 0.297761174772193 0.297756424156791 0.29775167334864 0.297746922348435 0.297742171156879 0.297737419774676 0.297732668202531 0.297727916441156 0.297723164491262
0.128007290437319 0.278218496689909 0.278218615219125 0.278218734335345 0.278218854039796 0.278218974333708 0.278219095218316 0.27821921669486 0.278219338764583 0.278219461428734
0.122963721030399 0.287262640675929 0.287263836826398 0.287265033421229 0.287266230461285 0.287267427947433 0.287268625880539 0.287269824261475 0.287271023091117 0.287272222370342
0.202182468051176 0.284101869071969 0.284101536558448 0.284101204294885 0.284100872281877 0.284100540520024 0.284100209009929 0.284099877752195 0.284099546747431 0.284099215996245
0.102971427765947 0.267667278886383 0.267667559332377 0.267667840474206 0.26766812231384 0.267668404853255 0.26766868809444 0.267668972039393 0.26766925669012 0.267669542048636
0.154340505221623 0.285078268665142 0.285079261374747 0.285080254401007 0.285081247744607 0.285082241406239 0.285083235386593 0.285084229686365 0.28508522430625 0.285086219246951
0.141354459422351 0.287802990255193 0.287804195407943 0.287805400943124 0.287806606861488 0.287807813163792 0.287809019850798 0.287810226923268 0.287811434381967 0.287812642227664
0.149549107120771 0.286547420046608 0.286548440663559 0.286549461809075 0.286550483484328 0.286551505690496 0.286552528428763 0.286553551700312 0.286554575506337 0.286555599848032
0.148867280818687 0.285453409863599 0.285454378430798 0.285455347539476 0.285456317191143 0.285457287387313 0.28545825812951 0.285459229419263 0.285460201258108 0.285461173647589
0.163008293225732 0.28288783848405 0.282887308407367 0.282886778632884 0.282886249161236 0.28288571999306 0.282885191128995 0.282884662569681 0.282884134315765 0.28288360636789
0.150975271174756 0.265772564820764 0.26577218785958 0.265771811229308 0.26577143493064 0.265771058964274 0.26577068333091 0.265770308031251 0.265769933066 0.265769558435864
0.150511956228624 0.28567825304544 0.285679217218117 0.285680181801845 0.285681146797504 0.285682112205978 0.285683078028157 0.28568404426493 0.28568501091719 0.285685977985839
0.126313959276918 0.286622949593004 0.286624216221352 0.286625483541995 0.286626751556712 0.286628020267291 0.286629289675525 0.286630559783217 0.286631830592178 0.286633102104225
0.107410595735493 0.260621433741436 0.260618540460647 0.260615647471739 0.260612754775706 0.260609862373543 0.26060697026625 0.26060407845483 0.260601186940288 0.260598295723636
0.1527627868668 0.314883279476265 0.314880071975095 0.31487686475859 0.31487365782753 0.314870451182692 0.31486724482486 0.314864038754816 0.31486083297335 0.31485762748125
0.150195535516618 0.273685807300954 0.273685649652902 0.273685492315539 0.273685335289528 0.273685178575533 0.273685022174221 0.273684866086261 0.273684710312325 0.273684554853087
0.1506049044541 0.266471585728556 0.266471339157722 0.266471092819228 0.266470846713603 0.266470600841377 0.266470355203083 0.266470109799255 0.266469864630432 0.266469619697151
0.160653052802519 0.296593180101185 0.296583268588426 0.296573355184565 0.296563439889308 0.296553522702363 0.296543603623439 0.296533682652248 0.296523759788504 0.29651383503192
0.114108189130163 0.298577096289868 0.298569951742826 0.298562806156109 0.298555659530442 0.298548511866554 0.298541363165179 0.298534213427054 0.298527062652924 0.298519910843537
0.151997154092541 0.286451821424139 0.286452877398782 0.286453933968366 0.286454991134447 0.286456048898585 0.286457107262351 0.28645816622732 0.286459225795077 0.286460285967209
0.155698771292288 0.285800284569368 0.285801271111692 0.285802258006633 0.285803245254936 0.285804232857353 0.285805220814636 0.28580620912754 0.285807197796826 0.285808186823253
0.0860606181208529 0.234665583876625 0.234663929152528 0.234662274999885 0.234660621419894 0.234658968413758 0.234657315982681 0.234655664127876 0.234654012850554 0.234652362151936
0.164658252874916 0.284633029337019 0.284633863298428 0.284634697597283 0.28463553223433 0.284636367210317 0.284637202525998 0.284638038182126 0.284638874179457 0.284639710518754
0.166535015913091 0.282849262149157 0.28284863996769 0.282848018090709 0.282847396518876 0.282846775252857 0.28284615429332 0.282845533640936 0.282844913296376 0.282844293260318
0.148072785877337 0.284527172238701 0.28452818886292 0.284529205935364 0.284530223456974 0.284531241428697 0.284532259851481 0.28453327872628 0.284534298054048 0.284535317835745
0.144820791525265 0.285605847141726 0.285607009391293 0.2856081720906 0.285609335240528 0.285610498841958 0.285611662895778 0.285612827402878 0.285613992364147 0.285615157780483
0.180978084239621 0.287453937439657 0.287453615902551 0.287453294692572 0.287452973810465 0.287452653256979 0.287452333032868 0.287452013138886 0.287451693575793 0.287451374344347
0.202950657814626 0.283394847050536 0.283395508839531 0.283396170897485 0.283396833225061 0.283397495822924 0.283398158691742 0.283398821832185 0.283399485244926 0.283400148930643
0.151668015694096 0.29135440710661 0.291352890307299 0.291351374186088 0.291349858744608 0.291348343984494 0.29134682990739 0.291345316514944 0.291343803808811 0.291342291790651
0.17137516577036 0.284735680388128 0.284736432115163 0.284737184137278 0.284737936455165 0.284738689069519 0.28473944198104 0.28474019519043 0.284740948698393 0.284741702505634
0.153230870955224 0.327875948103642 0.327872050151511 0.327868152489741 0.327864255119182 0.327860358040689 0.327856461255118 0.327852564763331 0.327848668566189 0.327844772664559
0.118402190467228 0.273892709552536 0.273892875189006 0.273893041286709 0.273893207846605 0.273893374869658 0.273893542356837 0.273893710309112 0.273893878727459 0.273894047612856
0.149798860882433 0.286565792225134 0.286567016775902 0.286568241830468 0.286569467389913 0.28657069345532 0.286571920027775 0.286573147108373 0.286574374698208 0.286575602798381
0.117541685835252 0.284372446170853 0.284371215240988 0.284369984768202 0.284368754753373 0.28436752519738 0.284366296101107 0.284365067465439 0.284363839291266 0.28436261157948
0.0991815414727148 0.257896788464172 0.257894625547747 0.257892463169109 0.257890301329646 0.257888140030754 0.257885979273832 0.257883819060286 0.257881659391525 0.257879500268963
0.147466687953492 0.28519700246947 0.28519810964141 0.285199217219213 0.285200325203743 0.285201433595866 0.285202542396452 0.285203651606375 0.28520476122651 0.285205871257739
0.126312059724236 0.284778273087514 0.284779477066464 0.284780681524545 0.284781886462703 0.284783091881889 0.284784297783052 0.284785504167151 0.284786711035144 0.284787918387993
0.0956737089700777 0.258426783087653 0.25842100224098 0.258415220856531 0.258409438935164 0.258403656477741 0.25839787348513 0.258392089958205 0.258386305897843 0.258380521304927
0.13842940178934 0.272572309459969 0.272571003054765 0.272569696896375 0.272568390985384 0.272567085322379 0.272565779907948 0.272564474742682 0.272563169827175 0.272561865162023
0.113326022949936 0.236333759365139 0.236325184349531 0.236316607014877 0.23630802735923 0.236299445380642 0.236290861077162 0.23628227444684 0.236273685487719 0.236265094197844
0.143546484008732 0.287881369920415 0.287881201766284 0.287881034088318 0.287880866887513 0.287880700164866 0.28788053392138 0.287880368158061 0.287880202875916 0.28788003807596
0.11931103955151 0.292229876504833 0.292229617065031 0.292229358078662 0.292229099546608 0.292228841469757 0.292228583848995 0.292228326685216 0.292228069979314 0.292227813732188
0.15290567991509 0.286084251207633 0.286085288525066 0.28608632627156 0.286087364448045 0.286088403055454 0.286089442094724 0.286090481566794 0.28609152147261 0.286092561813117
0.140922010761383 0.282448342703887 0.282446683644144 0.282445024867497 0.282443366374669 0.282441708166391 0.282440050243394 0.282438392606412 0.282436735256182 0.282435078193445
0.14626733935652 0.301953598183077 0.301953155327233 0.301952712780931 0.301952270544887 0.301951828619816 0.301951387006439 0.301950945705477 0.301950504717654 0.301950064043699
0.106385298544748 0.267440068162765 0.2674373172956 0.267434566906857 0.26743181699798 0.26742906757042 0.26742631862563 0.26742357016507 0.267420822190205 0.267418074702503
0.106913815924448 0.27796597734611 0.277966255939946 0.277966535259918 0.277966815307396 0.277967096083755 0.277967377590376 0.277967659828643 0.277967942799947 0.277968226505682
0.148512449699376 0.284860384883777 0.284861348677543 0.284862312818461 0.28486327730725 0.284864242144632 0.284865207331335 0.284866172868087 0.284867138755618 0.284868104994663
0.124851021012918 0.275704936208755 0.275704837718236 0.275704739721363 0.275704642219156 0.275704545212639 0.27570444870284 0.27570435269079 0.275704257177523 0.275704162164079
0.150092154370489 0.282572012480476 0.282570224652036 0.282568436969206 0.28256664943264 0.282564862042995 0.282563074800931 0.28256128770711 0.282559500762197 0.282557713966858
0.179480062793572 0.302577437867381 0.302577018011346 0.302576598553535 0.302576179494955 0.302575760836613 0.302575342579522 0.302574924724702 0.302574507273169 0.30257409022595
0.0972518110023813 0.292187295231142 0.292181738517891 0.29217618337469 0.292170629814297 0.292165077849542 0.292159527493328 0.292153978758627 0.292148431658486 0.292142886206022
