0.125809320291365 0.284407465908479 0.284408711820736 0.284409958237659 0.284411205160181 0.28441245258924 0.284413700525776 0.284414948970733 0.284416197925056 0.284417447389698
0.105146399084296 0.288277661037573 0.288277594438933 0.288277528275929 0.288277462549423 0.28827739726028 0.288277332409368 0.288277267997558 0.288277204025724 0.288277140494744
0.128007095683986 0.287757577311192 0.287757456935628 0.287757336942551 0.287757217332694 0.287757098106799 0.287756979265606 0.287756860809858 0.287756742740302 0.287756625057686
0.161368669022335 0.282323815265599 0.282323578549317 0.282323342222262 0.282323106285354 0.282322870739513 0.282322635585665 0.282322400824738 0.282322166457665 0.282321932485383
0.176280640800085 0.282181419083848 0.282182193648889 0.282182968461178 0.282183743521286 0.282184518829785 0.282185294387249 0.282186070194257 0.282186846251387 0.282187622559221
0.0931029743449334 0.265964505551138 0.265963797602371 0.2659630904081 0.265962383969852 0.265961678289156 0.265960973367547 0.265960269206569 0.265959565807765 0.265958863172688
0.143339589133747 0.285181675990359 0.285182788367947 0.285183901131514 0.285185014281789 0.285186127819506 0.285187241745398 0.285188356060205 0.285189470764666 0.285190585859524
0.10749454436031 0.284943182481919 0.284944654134076 0.284946126293951 0.284947598962455 0.284949072140503 0.284950545829015 0.284952020028912 0.284953494741118 0.284954969966561
0.149629864329139 0.303082309394286 0.303080576551754 0.303078844210569 0.303077112371837 0.303075381036667 0.30307365020617 0.303071919881463 0.303070190063666 0.303068460753903
0.158875447344237 0.282067621861605 0.282068507422568 0.282069393239314 0.282070279312428 0.282071165642499 0.282072052230115 0.282072939075869 0.282073826180356 0.282074713544174
0.151156141644573 0.304802725310201 0.304800749311595 0.304798774132182 0.304796799773922 0.304794826238785 0.304792853528746 0.304790881645788 0.3047889105919 0.304786940369078
0.158130321108269 0.27862819427542 0.278628134468081 0.278628075119977 0.27862801623212 0.278627957805528 0.27862789984122 0.278627842340221 0.27862778530356 0.278627728732268
0.143344391449925 0.277814703474627 0.277814495688714 0.277814288232142 0.277814081105628 0.277813874309895 0.277813667845668 0.277813461713673 0.277813255914641 0.277813050449304
0.127591865373421 0.28512170545409 0.285123082862314 0.285124460898109 0.285125839562862 0.285127218857968 0.285128598784826 0.285129979344842 0.285131360539427 0.285132742369997
0.143253371146927 0.235605187127666 0.235600017598475 0.235594847752916 0.235589677591412 0.235584507114388 0.235579336322271 0.235574165215492 0.235568993794481 0.235563822059672
0.119503433087308 0.251262364095178 0.251261118187058 0.251259872690232 0.251258627605677 0.251257382934373 0.251256138677307 0.251254894835466 0.251253651409842 0.251252408401431
0.157077578045828 0.283763120947565 0.283764005061735 0.283764889507702 0.283765774286192 0.283766659397936 0.283767544843663 0.283768430624111 0.283769316740015 0.283770203192117
0.113144984441529 0.283819444078091 0.283820596168433 0.283821748650172 0.283822901524072 0.283824054790906 0.283825208451443 0.28382636250646 0.283827516956734 0.283828671803047
0.148355218964657 0.283095334870761 0.283096287342214 0.283097240274822 0.283098193669604 0.283099147527586 0.283100101849796 0.283101056637264 0.283102011891029 0.283102967612129
0.144066851176889 0.284777056862601 0.284778051250487 0.284779045979991 0.284780041051753 0.284781036466413 0.284782032224615 0.284783028327005 0.28478402477423 0.284785021566939
0.146744392590811 0.277266822548081 0.277265467398641 0.27726411243476 0.277262757656965 0.277261403065787 0.277260048661757 0.27725869444541 0.277257340417283 0.277255986577913
0.169164056956842 0.284355182481584 0.284356114437209 0.28435704676568 0.284357979467802 0.284358912544383 0.284359845996233 0.284360779824168 0.284361714029004 0.28436264861156
0.130143934756505 0.248126840393809 0.248122580312624 0.248118320191357 0.248114060030699 0.248109799831343 0.248105539593987 0.248101279319328 0.248097019008069 0.248092758660916
0.169123503130246 0.283315049787404 0.283315779814243 0.28331651017849 0.283317240880966 0.283317971922498 0.283318703303916 0.283319435026051 0.283320167089741 0.283320899495825
0.114608009219537 0.294514412158257 0.294514279175194 0.294514146766475 0.294514014933235 0.294513883676607 0.294513752997737 0.294513622897767 0.294513493377847 0.294513364439133
0.134726371952396 0.278460678557395 0.278460186299034 0.278459694458982 0.278459203038136 0.278458712037393 0.278458221457655 0.278457731299828 0.278457241564819 0.27845675225354
0.150473650864273 0.283514886082177 0.283515893052751 0.283516900383981 0.283517908076621 0.283518916131429 0.283519924549166 0.283520933330594 0.28352194247648 0.283522951987593
0.163459834918134 0.282885515763476 0.282886429389318 0.282887343392284 0.282888257773209 0.282889172532929 0.282890087672284 0.282891003192115 0.282891919093268 0.282892835376594
0.142231302781883 0.325523120138586 0.325520764465822 0.325518409101128 0.325516054045362 0.325513699299389 0.325511344864075 0.325508990740289 0.325506636928904 0.325504283430796
0.141610346231786 0.28727220053052 0.28727343428686 0.287274668502982 0.287275903179791 0.287277138318198 0.287278373919113 0.287279609983451 0.28728084651213 0.287282083506071
0.167571139320835 0.283783632181386 0.283784621188658 0.283785610536761 0.283786600226422 0.283787590258373 0.283788580633346 0.283789571352075 0.283790562415301 0.283791553823762
0.197205577294062 0.303454385837937 0.303450116964108 0.303445848126123 0.303441579324553 0.303437310559969 0.303433041832945 0.303428773144057 0.303424504493885 0.303420235883009
0.134515806996238 0.319705634412215 0.319700960857707 0.319696287411358 0.319691614074033 0.3196869408466 0.31968226772993 0.319677594724899 0.319672921832386 0.31966824905327
0.154709144794404 0.278679733869328 0.278679232349364 0.278678731121298 0.278678230185822 0.278677729543632 0.278677229195426 0.278676729141903 0.278676229383767 0.278675729921723
0.114755464519684 0.286972304016743 0.286973852977231 0.286975402532457 0.286976952683528 0.286978503431554 0.286980054777649 0.286981606722932 0.286983159268524 0.28698471241555
0.1378007306998 0.278298323611387 0.278298122196268 0.278297921134219 0.278297720425999 0.278297520072371 0.278297320074102 0.27829712043196 0.278296921146718 0.278296722219149
0.186129946685925 0.30084052098154 0.300836895863447 0.300833270852778 0.3008296459502 0.300826021156385 0.300822396472004 0.300818771897737 0.30081514743426 0.300811523082256
0.194042080442174 0.284361550652338 0.284362310696875 0.284363071112016 0.284363831898827 0.284364593058376 0.284365354591737 0.284366116499991 0.284366878784221 0.284367641445517
0.166746632898386 0.269315786294482 0.269314348773257 0.269312911541528 0.269311474600015 0.26931003794944 0.269308601590531 0.269307165524014 0.26930572975062 0.269304294271085
0.145965956152493 0.284982781738581 0.284983792168536 0.28498480309159 0.284985814508879 0.284986826421538 0.284987838830711 0.284988851737546 0.284989865143193 0.28499087904881
0.147624343754782 0.283119344008493 0.283120374438136 0.283121405339389 0.283122436713279 0.283123468560834 0.28312450088309 0.283125533681084 0.283126566955857 0.283127600708455
0.145579016749069 0.283843347063491 0.283844243878307 0.283845141001606 0.283846038434017 0.283846936176176 0.283847834228717 0.283848732592279 0.283849631267501 0.283850530255025
0.154876131670652 0.283982723495012 0.283983667481135 0.28398461178085 0.28398555639478 0.283986501323552 0.283987446567796 0.283988392128141 0.283989338005222 0.283990284199673
0.140750899651954 0.296293500492557 0.296293192094049 0.296292884084634 0.296292576465196 0.296292269236628 0.296291962399822 0.296291655955675 0.29629134990509 0.296291044248969
0.132768291325498 0.249496343743841 0.249495331983141 0.249494320452298 0.24949330915192 0.24949229808262 0.249491287245012 0.249490276639714 0.249489266267346 0.24948825612853
0.140228205740646 0.293539434361948 0.293530715557553 0.293521995232011 0.293513273385352 0.293504550017606 0.293495825128807 0.29348709871899 0.293478370788195 0.293469641336462
0.202531174346231 0.300101679564552 0.300100005912189 0.300098332632067 0.300096659725299 0.300094987193002 0.300093315036301 0.300091643256321 0.300089971854195 0.300088300831059
0.106069217619527 0.316582013744168 0.316571007694173 0.316559997885034 0.316548984314204 0.316537966979131 0.316526945877263 0.316515921006048 0.316504892362929 0.31649385994535
0.15419351314143 0.272137827456096 0.272132109781628 0.272126391670578 0.272120673123292 0.272114954140118 0.272109234721406 0.272103514867507 0.272097794578775 0.272092073855565
0.134796953629631 0.278707980186116 0.278707929355969 0.278707879110677 0.278707829451452 0.278707780379506 0.278707731896058 0.278707684002332 0.278707636699552 0.278707589988951
0.146237492675666 0.284909673183639 0.284910576811604 0.284911480707143 0.284912384870805 0.284913289303143 0.284914194004712 0.284915098976069 0.284916004217772 0.284916909730382
0.13055461507704 0.277505296060447 0.277505154674552 0.277505013654769 0.277504873001827 0.277504732716456 0.277504592799386 0.277504453251353 0.277504314073094 0.277504175265349
0.178256859377866 0.305140996954225 0.305140450542319 0.305139904508882 0.305139358854764 0.305138813580823 0.30513826868792 0.305137724176916 0.305137180048678 0.305136636304075
0.15270129679482 0.283347875977925 0.283348967550412 0.283350059518181 0.283351151882071 0.283352244642925 0.283353337801586 0.283354431358904 0.283355525315727 0.283356619672912
0.154113678827636 0.28271264656361 0.28271353921739 0.282714432188356 0.282715325477194 0.282716219084586 0.282717113011223 0.282718007257795 0.282718901824995 0.282719796713519
0.15284336531844 0.284949836145473 0.284950890216438 0.284951944662326 0.284952999483835 0.284954054681667 0.284955110256523 0.284956166209111 0.284957222540139 0.284958279250316
0.137095975542336 0.285620606804131 0.285621746264647 0.285622886143183 0.28562402644059 0.28562516715772 0.28562630829543 0.28562744985458 0.285628591836031 0.285629734240648
0.123119404899483 0.281947853658392 0.281947702167791 0.281947551053081 0.281947400314977 0.281947249954195 0.281947099971457 0.281946950367483 0.281946801142999 0.281946652298733
0.11747699133395 0.296433172726606 0.296433080676554 0.296432989086421 0.296432897957053 0.296432807289296 0.296432717084002 0.296432627342023 0.296432538064216 0.29643244925144
0.178795823126911 0.283801081227222 0.283801786230992 0.283802491477143 0.283803196966221 0.283803902698771 0.283804608675342 0.283805314896482 0.283806021362743 0.283806728074679
0.162486507264001 0.284601053032403 0.284601975595789 0.284602898512073 0.284603821782051 0.284604745406526 0.2846056693863 0.284606593722181 0.284607518414977 0.284608443465504
0.107186917584326 0.264542332837928 0.264538874042909 0.264535415510586 0.264531957241899 0.264528499237792 0.264525041499209 0.264521584027102 0.264518126822422 0.264514669886127
0.0990592784583633 0.288331715682969 0.2883290763441 0.288326437524709 0.288323799225938 0.288321161448929 0.28831852419483 0.288315887464791 0.288313251259966 0.288310615581513
0.143289315764702 0.283821465657623 0.283821275108661 0.283821084928789 0.2838208951189 0.283820705679891 0.283820516612662 0.283820327918117 0.283820139597166 0.283819951650721
0.146148191788298 0.282307116952965 0.282307105336136 0.282307094134014 0.282307083347615 0.282307072977956 0.282307063026063 0.282307053492961 0.282307044379684 0.282307035687267
0.135262790016636 0.236111159703821 0.236105777928891 0.236100395675469 0.236095012943852 0.236089629734338 0.236084246047224 0.236078861882814 0.236073477241408 0.236068092123313
0.11915778099175 0.299929111515057 0.299921243572496 0.299913374202821 0.299905503406249 0.299897631183 0.299889757533296 0.299881882457365 0.299874005955439 0.299866128027754
0.137649806465096 0.28450200174024 0.284502990053038 0.28450397869075 0.284504967654083 0.284505956943747 0.284506946560453 0.284507936504917 0.284508926777857 0.284509917379995
0.150100205162721 0.281922157970863 0.281922975137802 0.281923792537656 0.281924610170931 0.281925428038136 0.281926246139782 0.281927064476381 0.281927883048449 0.281928701856501
0.119864000334691 0.288743059406891 0.288738037109259 0.288733015156186 0.288727993549312 0.288722972290283 0.288717951380749 0.288712930822365 0.288707910616795 0.288702890765703
0.149505957829209 0.283384742009792 0.283385765146673 0.283386788607221 0.283387812392099 0.283388836501976 0.283389860937517 0.283390885699395 0.283391910788282 0.283392936204855
0.149977555327184 0.273709898576949 0.273709502739115 0.273709107162629 0.27370871184806 0.273708316795982 0.273707922006968 0.273707527481595 0.273707133220439 0.273706739224083
0.139846610918105 0.285204290093063 0.285205331007403 0.285206372342935 0.285207414100475 0.28520845628084 0.28520949888485 0.285210541913328 0.2852115853671 0.285212629246997
0.155408848726763 0.283847738524742 0.283848538604853 0.283849338935185 0.283850139516295 0.283850940348736 0.283851741433068 0.283852542769849 0.283853344359641 0.283854146203008
0.167615241092242 0.284941590227242 0.284941075615689 0.284940561271716 0.284940047196004 0.28493953338924 0.284939019852111 0.28493850658531 0.28493799358953 0.284937480865467
0.159812573889397 0.284113660544735 0.284114568563671 0.28411547697176 0.284116385769906 0.284117294959015 0.284118204539994 0.284119114513756 0.284120024881217 0.284120935643298
0.134980687361902 0.299039139944729 0.299037026097125 0.299034912524726 0.299032799228293 0.299030686208589 0.299028573466379 0.299026461002431 0.299024348817517 0.299022236912408
0.145030645862847 0.283702141987307 0.283703162812357 0.283704184142883 0.283705205980139 0.283706228325387 0.283707251179892 0.283708274544926 0.283709298421766 0.283710322811694
0.138030797030778 0.30132655614962 0.301323368701822 0.301320181492918 0.301316994523741 0.301313807795133 0.301310621307935 0.301307435062994 0.301304249061162 0.301301063303291
0.121028991428173 0.285933715085778 0.285933868471871 0.285934022423651 0.285934176942201 0.285934332028613 0.285934487683976 0.285934643909387 0.285934800705946 0.285934958074756
0.118737128758608 0.285595741702604 0.285596996978817 0.285598252758516 0.285599509042753 0.285600765832587 0.285602023129079 0.285603280933296 0.285604539246306 0.285605798069186
0.111217524705506 0.262201061857926 0.262200224267175 0.262199387267138 0.262198550859005 0.262197715043969 0.262196879823231 0.262196045197992 0.26219521116946 0.262194377738846
0.0934055467152027 0.24993074211449 0.249927217356906 0.249923692962648 0.249920168933072 0.24991664526954 0.249913121973418 0.249909599046078 0.249906076488896 0.249902554303251
0.131677512978629 0.284209963681535 0.28421134358591 0.284212723990189 0.284214104895397 0.284215486302564 0.284216868212723 0.28421825062691 0.284219633546168 0.284221016971541
0.140893185798395 0.284246835103608 0.28424783369451 0.284248832624089 0.284249831893002 0.284250831501906 0.284251831451464 0.28425283174234 0.284253832375198 0.284254833350707
0.143175009271674 0.289144764012492 0.289140008464112 0.289135252702815 0.289130496729456 0.289125740544892 0.289120984149984 0.289116227545595 0.289111470732594 0.289106713711852
0.225610122977755 0.338383371514719 0.338380567776727 0.338377764194628 0.338374960769009 0.338372157500459 0.338369354389569 0.338366551436934 0.338363748643148 0.338360946008809
0.119569660332756 0.233893941160385 0.233887134114755 0.23388032576304 0.233873516104755 0.233866705139419 0.233859892866549 0.233853079285665 0.233846264396288 0.23383944819794
0.16348339136717 0.262595876126867 0.26259545052474 0.262595025109496 0.26259459988159 0.262594174841481 0.262593749989631 0.262593325326503 0.262592900852561 0.26259247656827
0.135727666515197 0.27048052490272 0.270480425094147 0.270480325664538 0.270480226614636 0.270480127945179 0.270480029656914 0.270479931750589 0.270479834226951 0.270479737086753
0.130030740271741 0.285284637653065 0.285285970642547 0.28528730426406 0.285288638519084 0.285289973409108 0.285291308935625 0.285292645100134 0.285293981904141 0.285295319349158
0.168656337286357 0.305172057958672 0.305170218997784 0.305168380291301 0.305166541839908 0.305164703644293 0.305162865705145 0.305161028023156 0.305159190599022 0.305157353433442
0.135119831302525 0.291327658376928 0.291327492309132 0.291327326569757 0.291327161159525 0.291326996079155 0.291326831329374 0.291326666910908 0.291326502824487 0.291326339070844
0.101188127493442 0.266875339879007 0.266872232101618 0.266869124567354 0.266866017277298 0.266862910232543 0.266859803434181 0.26685669688331 0.266853590581034 0.266850484528458
0.132239433032367 0.299128437180993 0.299127785047926 0.299127133253345 0.299126481797985 0.299125830682585 0.299125179907887 0.299124529474632 0.299123879383568 0.299123229635443
0.12161034502995 0.285333192813211 0.285334506568215 0.285335820863173 0.285337135699164 0.285338451077275 0.285339766998593 0.285341083464212 0.285342400475226 0.285343718032738
0.122821114626718 0.266267263791282 0.266267155815783 0.266267048194958 0.266266940929494 0.266266834020081 0.266266727467411 0.26626662127218 0.266266515435083 0.266266409956822
0.155280415255234 0.281209934203394 0.281208601973678 0.281207269888236 0.281205937947594 0.281204606152279 0.28120327450282 0.281201942999747 0.281200611643595 0.281199280434897
0.175075961560637 0.261235291920148 0.261235054986942 0.261234818222102 0.261234581626084 0.261234345199346 0.261234108942347 0.261233872855549 0.261233636939416 0.261233401194412
0.103018078210023 0.268612937520373 0.268608346486553 0.268603755389139 0.268599164229255 0.268594573008029 0.268589981726595 0.268585390386092 0.268580798987658 0.268576207532441
