0.1457504513909 0.284595494335353 0.284596428671226 0.284597363299621 0.284598298221085 0.284599233436167 0.284600168945417 0.284601104749385 0.284602040848628 0.284602977243701
0.132210624317979 0.300539249321168 0.300538919684805 0.300538590523552 0.300538261838302 0.300537933629953 0.300537605899405 0.300537278647558 0.30053695187532 0.300536625583598
0.12255870971911 0.29234450061452 0.292344464079205 0.292344428118444 0.292344392733331 0.292344357924969 0.292344323694465 0.292344290042925 0.292344256971463 0.292344224481194
0.141284924006334 0.282657329300616 0.282657051505484 0.282656774059224 0.282656496962506 0.282656220216002 0.282655943820384 0.282655667776328 0.282655392084512 0.282655116745615
0.12986736308414 0.285359423660932 0.285360582057459 0.285361740799156 0.28536289988664 0.285364059320531 0.28536521910145 0.285366379230018 0.285367539706862 0.285368700532609
0.136044743502676 0.299390015210393 0.299388380709984 0.299386746678015 0.299385113115422 0.299383480023142 0.299381847402116 0.29938021525329 0.299378583577609 0.299376952376021
0.140529769583313 0.285599450473059 0.285600665259444 0.285601880461204 0.285603096079077 0.285604312113802 0.285605528566123 0.285606745436784 0.285607962726535 0.285609180436123
0.130982994223343 0.286053431778618 0.286054511264329 0.286055591160743 0.286056671468624 0.286057752188741 0.286058833321868 0.286059914868776 0.286060996830245 0.286062079207052
0.174673945284679 0.281702710510608 0.281701551684722 0.281700393263886 0.281699235249035 0.281698077641102 0.281696920441029 0.281695763649756 0.281694607268229 0.281693451297396
0.161007796134878 0.28540564134416 0.285406704417666 0.285407767918871 0.285408831848626 0.285409896207783 0.285410960997198 0.285412026217727 0.285413091870233 0.28541415795558
0.146833257723172 0.291314146551243 0.291312363185577 0.291310580302542 0.291308797903232 0.291307015988749 0.291305234560195 0.291303453618676 0.291301673165303 0.291299893201189
0.117840633539967 0.259900241567645 0.259900024319751 0.259899807446772 0.259899590949428 0.259899374828443 0.259899159084543 0.259898943718456 0.259898728730914 0.259898514122648
0.137690968518288 0.279212795670821 0.279212445247076 0.279212095245222 0.279211745666097 0.279211396510542 0.279211047779402 0.279210699473521 0.279210351593749 0.279210004140938
0.154245049757663 0.28535283803838 0.285353794388031 0.285354751134979 0.285355708280024 0.285356665823961 0.285357623767597 0.285358582111737 0.285359540857187 0.285360500004758
0.0876820335860089 0.263424763701098 0.263418794362198 0.263412824584803 0.263406854369843 0.263400883718255 0.263394912630977 0.263388941108951 0.263382969153123 0.263376996764445
0.0893309615502463 0.254980883444771 0.254979576295418 0.25497826986084 0.254976964142485 0.254975659141803 0.254974354860247 0.254973051299276 0.254971748460354 0.254970446344947
0.137378631950598 0.286438265739374 0.286439418438347 0.286440571592081 0.286441725201406 0.286442879267159 0.286444033790179 0.286445188771305 0.286446344211382 0.286447500111255
0.162275043375698 0.284955016531835 0.28495591718187 0.284956818113734 0.28495771932798 0.284958620825165 0.284959522605846 0.284960424670584 0.284961327019939 0.284962229654475
0.152440385008531 0.284070204621178 0.284071278252454 0.284072352294019 0.284073426746669 0.284074501611197 0.284075576888403 0.284076652579087 0.284077728684053 0.284078805204106
0.156990253208388 0.286121429596499 0.286122408027053 0.286123386838778 0.286124366032437 0.286125345608795 0.286126325568617 0.286127305912676 0.286128286641744 0.286129267756595
0.113129538776304 0.281551454119228 0.281549599973791 0.281547746119116 0.28154589255601 0.281544039285278 0.28154218630773 0.281540333624178 0.281538481235436 0.281536629142322
0.132759439419504 0.284693483650379 0.284694540879933 0.284695598580451 0.28469665675284 0.284697715398009 0.28469877451687 0.284699834110339 0.284700894179334 0.284701954724775
0.125686771673833 0.300356184617789 0.300349066005286 0.300341946687528 0.300334826665306 0.300327705939418 0.300320584510663 0.300313462379845 0.300306339547772 0.300299216015255
0.141471266513688 0.285439970423003 0.285441150448902 0.285442330912915 0.285443511815862 0.285444693158572 0.285445874941872 0.285447057166595 0.285448239833574 0.285449422943646
0.118944205575588 0.258960460258594 0.258960557434085 0.258960654978965 0.258960752893906 0.258960851179583 0.258960949836673 0.258961048865855 0.258961148267811 0.258961248043224
0.150851355973571 0.284969720147157 0.284969472113897 0.284969224431918 0.28496897710193 0.284968730124646 0.28496848350078 0.284968237231049 0.284967991316174 0.284967745756876
0.125122037495813 0.283731674684092 0.283732711489583 0.28373374865704 0.283734786187131 0.283735824080529 0.283736862337909 0.283737900959949 0.283738939947325 0.28373997930072
0.172976863639552 0.283688538170107 0.283689284267415 0.283690030637269 0.283690777280224 0.283691524196828 0.283692271387639 0.283693018853211 0.283693766594103 0.283694514610876
0.148700043188545 0.282945007701309 0.282943487286741 0.282941967043597 0.282940446972283 0.282938927073206 0.282937407346774 0.282935887793397 0.282934368413484 0.28293284920745
0.151281026378367 0.2847521411108 0.284753163060202 0.284754185387036 0.284755208092022 0.284756231175888 0.284757254639357 0.284758278483159 0.284759302708026 0.284760327314692
0.120378649906246 0.286346425102394 0.286347847078571 0.28634926971743 0.286350693020174 0.286352116988012 0.286353541622155 0.286354966923819 0.286356392894222 0.286357819534588
0.149498278171607 0.297797322887211 0.29779448751129 0.297791652404277 0.297788817566913 0.297785982999946 0.297783148704123 0.297780314680193 0.297777480928911 0.297774647451032
0.187889946799801 0.288860063383814 0.288855403163591 0.288850742992982 0.288846082872583 0.28884142280299 0.288836762784807 0.288832102818633 0.288827442905073 0.288822783044734
0.152346714122133 0.295476768894011 0.295476241405432 0.295475714177257 0.295475187210065 0.295474660504435 0.29547413406095 0.295473607880192 0.295473081962749 0.295472556309207
0.11739882051059 0.285260996444482 0.285262348935467 0.285263701991354 0.285265055613098 0.285266409801658 0.285267764557994 0.285269119883071 0.285270475777857 0.28527183224332
0.134841207472081 0.272330763159315 0.27233062045027 0.272330478195388 0.272330336395565 0.2723301950517 0.272330054164694 0.272329913735451 0.272329773764879 0.272329634253887
0.150248316545371 0.299353147243876 0.299350523942739 0.299347900840416 0.29934527793746 0.299342655234427 0.299340032731875 0.29933741043036 0.299334788330445 0.299332166432692
0.14766563441359 0.285073894022061 0.285074892853701 0.285075892037514 0.285076891574188 0.285077891464409 0.285078891708869 0.285079892308261 0.28508089326328 0.285081894574623
0.12451190876682 0.283121114999846 0.283119678934417 0.283118243351312 0.28311680825155 0.283115373636156 0.283113939506155 0.283112505862577 0.283111072706454 0.283109640038824
0.151131188343868 0.284422216819164 0.284423214930038 0.284424213478211 0.284425212464568 0.284426211890002 0.284427211755405 0.284428212061672 0.284429212809704 0.284430214000403
0.14250488296833 0.284959893154741 0.284960970749423 0.284962048746359 0.284963127146309 0.284964205950032 0.284965285158292 0.284966364771856 0.284967444791491 0.284968525217969
0.150255320958601 0.285103351889166 0.285104326682743 0.28510530183904 0.285106277358728 0.285107253242479 0.285108229490968 0.285109206104872 0.28511018308487 0.285111160431642
0.127630218647654 0.286290912825207 0.286292127156645 0.286293342058998 0.286294557533325 0.286295773580687 0.28629699020215 0.286298207398781 0.286299425171653 0.286300643521842
0.154864306432257 0.278691933385663 0.278691565850385 0.278691198609404 0.278690831663281 0.278690465012574 0.278690098657843 0.278689732599651 0.278689366838563 0.278689001375147
0.149039929416553 0.275620874911412 0.275619509573011 0.275618144546721 0.275616779833199 0.2756154154331 0.275614051347084 0.275612687575811 0.275611324119945 0.275609960980149
0.123141971479764 0.277537110569271 0.277528944583109 0.277520776651201 0.277512606772775 0.277504434947054 0.277496261173264 0.277488085450632 0.277479907778384 0.277471728155747
0.150389369198133 0.29325788244074 0.293256347524144 0.293254812980363 0.293253278810225 0.293251745014559 0.2932502115942 0.293248678549985 0.29324714588275 0.293245613593337
0.086054345476395 0.262289307737395 0.262282308288276 0.262275307204586 0.262268304485669 0.262261300130865 0.262254294139516 0.262247286510966 0.262240277244557 0.262233266339633
0.168479913005126 0.327319063888998 0.327310921798286 0.32730277866977 0.32729463450374 0.32728648930049 0.327278343060313 0.327270195783507 0.32726204747037 0.327253898121201
0.178939970519509 0.27041295955461 0.270412435444059 0.270411911539268 0.270411387840673 0.270410864348711 0.270410341063819 0.270409817986436 0.270409295117004 0.270408772455966
0.165775132405454 0.284577698176602 0.284578681199979 0.284579664599973 0.284580648377318 0.28458163253275 0.284582617067013 0.284583601980847 0.284584587274999 0.284585572950216
0.181174308300565 0.294777903110151 0.294777543110154 0.294777183495132 0.294776824265887 0.294776465423227 0.294776106967958 0.294775748900892 0.294775391222843 0.294775033934627
0.107223018896646 0.269767817257308 0.269767831450505 0.269767846016519 0.269767860955985 0.269767876269536 0.269767891957811 0.269767908021448 0.269767924461088 0.269767941277375
0.146181126260209 0.285733172845048 0.28573417469545 0.285735176897012 0.285736179450373 0.285737182356179 0.285738185615073 0.285739189227703 0.285740193194719 0.285741197516771
0.138280014103512 0.285512111660222 0.285513198969197 0.285514286732146 0.285515374949915 0.285516463623349 0.285517552753299 0.285518642340618 0.28551973238616 0.285520822890782
0.151139342706343 0.285003281208616 0.285004258767316 0.285005236674094 0.285006214929627 0.285007193534599 0.285008172489691 0.285009151795589 0.285010131452983 0.285011111462562
0.149889506431344 0.284338088483141 0.284339171702015 0.28434025531479 0.284341339322255 0.284342423725196 0.284343508524407 0.28434459372068 0.284345679314813 0.284346765307605
0.150502601470099 0.295005614846695 0.2950054469454 0.295005279458288 0.295005112386145 0.295004945729756 0.295004779489912 0.295004613667404 0.295004448263027 0.295004283277577
0.137439364477671 0.258107750433107 0.258107693672944 0.258107637223764 0.258107581086157 0.258107525260714 0.258107469748026 0.258107414548689 0.258107359663299 0.258107305092454
0.152328637018192 0.284993210907247 0.284994315066878 0.284995419676802 0.284996524737899 0.284997630251054 0.284998736217154 0.284999842637087 0.285000949511747 0.28500205684203
0.133940581474777 0.285462154992525 0.285463256438729 0.285464358201049 0.285465460280081 0.285466562676425 0.285467665390681 0.285468768423454 0.285469871775348 0.285470975446972
0.101553265942668 0.245733186168261 0.245730675599432 0.245728165409697 0.245725655599941 0.245723146171055 0.245720637123929 0.245718128459458 0.24571562017854 0.245713112282075
0.139285684442651 0.241876218210646 0.241873536370088 0.241870854839246 0.241868173618826 0.241865492709537 0.241862812112089 0.241860131827196 0.241857451855572 0.241854772197935
0.159227409907333 0.301876650774655 0.301876137580944 0.301875624682507 0.301875112079935 0.301874599773823 0.301874087764766 0.301873576053363 0.301873064640213 0.301872553525917
0.151326716339249 0.293682640544871 0.293682280259256 0.293681920382315 0.293681560914866 0.293681201857728 0.293680843211726 0.293680484977684 0.293680127156431 0.293679769748797
0.118538408316383 0.280499896297411 0.280491912013469 0.280483925330599 0.280475936246538 0.280467944759023 0.280459950865787 0.280451954564557 0.280443955853058 0.280435954729015
0.0846314028992684 0.248443713609387 0.248434645811567 0.248425575983437 0.248416504124281 0.248407430233388 0.248398354310047 0.248389276353547 0.248380196363181 0.248371114338239
0.140603339292757 0.284314328999671 0.284315393645706 0.284316458617912 0.28431752391692 0.284318589543364 0.284319655497879 0.284320721781102 0.284321788393673 0.284322855336232
0.143256812565312 0.284188854314784 0.284189820880504 0.284190787832354 0.284191755171073 0.2841927228974 0.28419369101208 0.284194659515855 0.284195628409476 0.284196597693691
0.120919414319366 0.28489596217752 0.284893305734797 0.284890649723438 0.28488799414453 0.284885338999163 0.284882684288431 0.284880030013429 0.284877376175258 0.284874722775021
0.143039854956702 0.284854726292028 0.284855815953115 0.284856905993212 0.284857996413039 0.284859087213321 0.284860178394782 0.28486126995815 0.284862361904156 0.284863454233532
0.17508346476009 0.30167915394008 0.301678571558165 0.301677989393114 0.30167740744538 0.301676825715419 0.301676244203688 0.301675662910644 0.301675081836748 0.301674500982461
0.147555879979744 0.284797271241815 0.284798459069078 0.284799647405159 0.284800836250993 0.284802025607519 0.284803215475682 0.284804405856424 0.284805596750695 0.284806788159444
0.139671047167648 0.284772234945727 0.284773437417998 0.284774640353017 0.284775843751673 0.284777047614861 0.284778251943474 0.284779456738414 0.284780662000583 0.284781867730884
0.117608305250831 0.259269972843684 0.259270150376486 0.259270328457695 0.259270507088379 0.259270686269608 0.259270866002456 0.259271046288001 0.259271227127323 0.259271408521506
0.156969022504844 0.284919132557508 0.284920250236684 0.284921368318754 0.284922486804446 0.284923605694491 0.284924724989624 0.284925844690581 0.2849269647981 0.284928085312922
0.116494149786957 0.270880674165429 0.270879588145611 0.270878502455504 0.270877417095743 0.27087633206696 0.270875247369794 0.270874163004881 0.270873078972862 0.27087199527438
0.152844715760618 0.284381194439294 0.284382273306603 0.284383352600676 0.284384432322333 0.284385512472398 0.284386593051697 0.284387674061059 0.284388755501315 0.2843898373733
0.116554757972481 0.278277554116705 0.278275476641815 0.278273399753091 0.278271323451706 0.278269247738836 0.278267172615659 0.278265098083357 0.278263024143118 0.278260950796128
0.168038485669085 0.286421406270702 0.286420839223407 0.28642027235456 0.286419705664561 0.286419139153812 0.286418572822719 0.286418006671686 0.28641744070112 0.28641687491143
0.130037681459872 0.284007545150257 0.284008555766376 0.284009566780674 0.284010578193885 0.28401159000675 0.284012602220008 0.284013614834404 0.284014627850684 0.284015641269595
0.182721211948573 0.30354942018636 0.303547685768695 0.303545951709846 0.303544218010648 0.303542484671936 0.303540751694552 0.303539019079335 0.303537286827131 0.303535554938787
0.116868286737861 0.286680913908684 0.286676692302857 0.286672470940892 0.286668249823929 0.286664028953112 0.286659808329589 0.28665558795451 0.286651367829032 0.28664714795431
0.165102628124306 0.28419190626351 0.284192790769489 0.284193675604285 0.284194560768567 0.284195446263006 0.284196332088273 0.284197218245045 0.284198104733999 0.284198991555813
0.150204610262411 0.285749374740433 0.285750291167364 0.285751207934485 0.285752125042469 0.285753042491988 0.285753960283723 0.28575487841835 0.285755796896551 0.285756715719009
0.0815020010042994 0.258515228161505 0.258507894760284 0.258500560405255 0.258493225097582 0.258485888838435 0.258478551628991 0.25847121347043 0.258463874363943 0.258456534310725
0.147929077612306 0.277214012487727 0.277212446314745 0.277210880481494 0.277209314988638 0.277207749836844 0.277206185026781 0.27720462055912 0.277203056434535 0.277201492653701
0.0989701288992851 0.273839255403137 0.273825266452308 0.273811271146535 0.273797269479917 0.273783261446545 0.273769247040506 0.27375522625588 0.273741199086741 0.273727165527153
0.148094846725761 0.273441743781306 0.27344150104011 0.273441258695582 0.273441016748443 0.27344077519941 0.273440534049206 0.273440293298556 0.273440052948185 0.273439812998823
0.129299926123722 0.271964322095767 0.271964289817055 0.271964257991285 0.271964226619319 0.271964195702021 0.271964165240258 0.271964135234899 0.271964105686816 0.271964076596885
0.142981649547513 0.28571432005805 0.285715271293864 0.285716222838117 0.285717174691398 0.2857181268543 0.285719079327416 0.285720032111342 0.285720985206675 0.285721938614015
0.165156390903871 0.283233306929943 0.283231695738457 0.283230084870382 0.283228474326446 0.283226864107374 0.283225254213898 0.283223644646752 0.28322203540667 0.283220426494388
0.143875909700631 0.274348299916676 0.274348080877987 0.274347862179732 0.274347643822637 0.274347425807432 0.274347208134847 0.274346990805614 0.274346773820469 0.27434655718015
0.104154802748214 0.262406278283723 0.262403236378082 0.262400194767442 0.262397153452873 0.262394112435447 0.262391071716239 0.262388031296329 0.262384991176799 0.262381951358734
0.140169950764902 0.267727421196301 0.267727501547415 0.267727582301468 0.267727663459253 0.267727745021563 0.267727826989198 0.267727909362954 0.267727992143636 0.267728075332048
0.151868671176974 0.283906377906023 0.283907255137673 0.283908132652341 0.283909010450568 0.283909888532901 0.283910766899886 0.283911645552074 0.283912524490013 0.283913403714259
0.116834033298035 0.256838963807719 0.256838910099321 0.256838856734881 0.256838803715044 0.256838751040454 0.25683869871176 0.25683864672961 0.256838595094656 0.256838543807552
0.152044970443102 0.299335384833376 0.299333741433155 0.299332098229041 0.299330455221743 0.299328812411976 0.299327169800452 0.299325527387889 0.299323885175007 0.299322243162527
0.175402272965946 0.285909119077841 0.285908639921953 0.285908161023211 0.285907682382186 0.285907203999449 0.285906725875575 0.28590624801114 0.285905770406724 0.285905293062903
0.0787288312803486 0.273492695372505 0.273486436800852 0.273480177898552 0.273473918667299 0.273467659108797 0.273461399224753 0.273455139016883 0.273448878486907 0.273442617636555
