0.136072173736053 0.285701169985254 0.285702161457474 0.285703153326132 0.285704145592104 0.285705138256265 0.285706131319495 0.285707124782678 0.2857081186467 0.285709112912451
0.112807585361612 0.276122799877362 0.276123067262343 0.276123335295317 0.276123603977725 0.276123873311011 0.276124143296626 0.276124413936023 0.276124685230667 0.27612495718202
0.123330655120569 0.272032512957902 0.272032629054555 0.272032745810172 0.272032863226189 0.272032981304046 0.272033100045189 0.272033219451071 0.272033339523148 0.272033460262881
0.148221346306676 0.277556413315935 0.277555986845162 0.277555560759355 0.27755513505947 0.277554709746467 0.277554284821307 0.277553860284958 0.277553436138391 0.277553012382578
0.135625236473462 0.287737238985865 0.287738368174894 0.287739497802163 0.287740627868587 0.287741758375085 0.287742889322578 0.287744020711991 0.287745152544253 0.287746284820296
0.14695392036051 0.295702025307933 0.295699163326655 0.29569630157207 0.29569344004495 0.295690578746072 0.295687717676213 0.295684856836153 0.295681996226678 0.295679135848572
0.117868230839391 0.286706093403257 0.286707309613182 0.286708526346779 0.286709743605143 0.286710961389372 0.286712179700568 0.286713398539838 0.286714617908293 0.286715837807048
0.147041436749116 0.285368850384737 0.285369761951167 0.285370673843214 0.285371586061581 0.285372498606976 0.285373411480106 0.285374324681684 0.285375238212425 0.285376152073046
0.159824272928338 0.271602143332948 0.271600926166791 0.271599709418503 0.271598493089113 0.271597277179657 0.271596061691172 0.2715948466247 0.271593631981287 0.271592417761983
0.151411258596138 0.286093970470662 0.286094863253758 0.286095756376359 0.286096649839233 0.286097543643149 0.286098437788881 0.286099332277205 0.2861002271089 0.286101122284747
0.119740712076546 0.288179005462255 0.288177386445745 0.288175768034521 0.288174150229944 0.288172533033384 0.288170916446215 0.288169300469816 0.288167685105568 0.28816607035486
0.152748226403164 0.309297272466964 0.309296806963364 0.309296341799436 0.309295876975913 0.309295412493531 0.309294948353026 0.309294484555139 0.309294021100613 0.309293557990193
0.108024686195795 0.284141233993019 0.284141268998968 0.284141304565205 0.284141340692746 0.284141377382608 0.284141414635811 0.284141452453381 0.284141490836346 0.284141529785735
0.159854974606246 0.284201131955875 0.284201974453302 0.284202817301231 0.284203660500503 0.284204504051961 0.284205347956451 0.284206192214823 0.28420703682793 0.28420788179663
0.135032768656961 0.29026554176422 0.290259093511257 0.290252644711363 0.290246195365313 0.290239745473889 0.290233295037872 0.290226844058051 0.290220392535218 0.290213940470166
0.0907133789381196 0.277484375947299 0.277482821324678 0.277481267271223 0.277479713788233 0.277478160877012 0.277476608538866 0.277475056775109 0.277473505587057 0.277471954976033
0.136496854113523 0.286221490318203 0.28622256413724 0.28622363846097 0.286224713290546 0.286225788627125 0.286226864471872 0.28622794082595 0.286229017690532 0.286230095066794
0.126923812492351 0.28654572843732 0.286546900087198 0.286548072151929 0.286549244632324 0.286550417529195 0.286551590843357 0.286552764575629 0.286553938726834 0.286555113297796
0.168757233233255 0.285994421698645 0.285995310875865 0.285996200399491 0.285997090270308 0.285997980489102 0.285998871056661 0.285999761973779 0.286000653241251 0.286001544859874
0.162377353282311 0.286247527986257 0.286248445041023 0.286249362403367 0.286250280073998 0.286251198053627 0.28625211634297 0.286253034942745 0.286253953853672 0.286254873076476
0.139865441627841 0.298726659707904 0.298724609602647 0.298722559674761 0.298720509924909 0.298718460353755 0.298716410961964 0.298714361750207 0.298712312719152 0.298710263869475
0.128505799139655 0.286260050979498 0.286261261727988 0.286262472985612 0.286263684753341 0.286264897032151 0.286266109823018 0.286267323126924 0.286268536944854 0.286269751277795
0.0911284305622461 0.241134977598875 0.241130127729935 0.241125277555828 0.241120427077293 0.241115576295074 0.241110725209923 0.241105873822591 0.241101022133837 0.241096170144426
0.149955581212382 0.287963957906177 0.287964957991116 0.287965958531083 0.287966959527063 0.287967960980045 0.28796896289102 0.287969965260986 0.287970968090941 0.287971971381889
0.16401532252716 0.295269611172996 0.295269102245968 0.295268593743832 0.295268085667647 0.295267578018478 0.295267070797392 0.295266564005462 0.295266057643764 0.295265551713378
0.216239391740248 0.294457125927974 0.294456135556693 0.294455145460456 0.294454155639976 0.294453166095972 0.294452176829162 0.294451187840269 0.294450199130018 0.294449210699137
0.136336315499906 0.286357710765133 0.286358743382519 0.286359776349156 0.286360809665762 0.286361843333059 0.28636287735177 0.286363911722622 0.286364946446346 0.286365981523673
0.166003795948918 0.286841050740843 0.286841924985515 0.286842799631631 0.286843674680092 0.2868445501318 0.286845425987662 0.286846302248587 0.286847178915487 0.28684805598928
0.136665116161869 0.294316195732433 0.294314928499014 0.29431366164875 0.294312395182528 0.294311129101241 0.294309863405782 0.294308598097047 0.294307333175939 0.294306068643359
0.171384466347994 0.285815129176392 0.285816062452555 0.285816996102475 0.285817930126972 0.28581886452687 0.285819799302993 0.285820734456172 0.285821669987238 0.285822605897026
0.16449292397434 0.286649703332437 0.286650644419195 0.286651585868655 0.286652527681594 0.286653469858788 0.286654412401018 0.286655355309067 0.286656298583721 0.286657242225769
0.182215589202602 0.293432109552392 0.293428304309871 0.293424499142954 0.293420694052235 0.293416889038307 0.293413084101769 0.29340927924322 0.293405474463261 0.293401669762498
0.129959846641444 0.270720984990331 0.270717194812478 0.270713404849982 0.270709615103624 0.270705825574186 0.27070203626245 0.270698247169206 0.270694458295245 0.270690669641359
0.159148720903436 0.297935776681557 0.297935308982929 0.297934841581368 0.297934374477642 0.29793390767252 0.297933441166774 0.297932974961182 0.29793250905652 0.29793204345357
0.108570830262131 0.288085328057359 0.28808656252194 0.288087797472036 0.288089032908625 0.288090268832685 0.288091505245202 0.28809274214716 0.288093979539551 0.288095217423367
0.113281363530164 0.27299986630835 0.272999851637874 0.272999837492632 0.272999823873807 0.272999810782583 0.272999798220149 0.272999786187698 0.272999774686429 0.272999763717543
0.166637089853982 0.350419507410509 0.350416321173934 0.350413135228863 0.350409949576317 0.350406764217321 0.350403579152904 0.350400394384098 0.350397209911939 0.350394025737469
0.182254599627887 0.284980561070699 0.284981365926909 0.284982171195276 0.284982976876757 0.284983782972315 0.284984589482914 0.284985396409523 0.284986203753117 0.28498701151467
0.189195972146353 0.290377094209383 0.290375054985555 0.290373016015803 0.290370977300843 0.290368938841394 0.290366900638177 0.290364862691918 0.290362825003342 0.290360787573178
0.109050682639319 0.288350890090232 0.288352202237873 0.288353514849585 0.28835482792624 0.288356141468714 0.288357455477884 0.288358769954631 0.288360084899839 0.288361400314395
0.148334901800133 0.287894103052961 0.287895138621847 0.287896174627965 0.28789721107226 0.287898247955681 0.28789928527918 0.287900323043715 0.287901361250245 0.287902399899733
0.163167179810748 0.286573549053115 0.286574533630397 0.286575518563508 0.286576503853258 0.28657748950046 0.286578475505929 0.286579461870485 0.286580448594951 0.286581435680151
0.128979419172226 0.287388379151485 0.287389573296468 0.287390767971937 0.287391963179033 0.287393158918903 0.287394355192694 0.287395552001563 0.287396749346666 0.287397947229166
0.141019508139647 0.299891382108911 0.299891131277131 0.299890880869357 0.299890630886507 0.299890381329501 0.299890132199263 0.299889883496721 0.299889635222803 0.299889387378444
0.160369123161236 0.262954078913921 0.262952936972885 0.262951795325867 0.262950653973538 0.262949512916575 0.262948372155658 0.262947231691465 0.262946091524681 0.262944951655991
0.100381012078319 0.246462206902315 0.246457370113303 0.246452532799072 0.246447694960045 0.246442856596645 0.246438017709303 0.246433178298446 0.246428338364507 0.24642349790792
0.104666007799906 0.307170621732603 0.307169622797378 0.307168624533441 0.307167626942149 0.307166630024865 0.307165633782956 0.307164638217794 0.307163643330753 0.307162649123214
0.0726914955406638 0.243037439026168 0.243029803278897 0.24302216585559 0.243014526755939 0.243006885979641 0.242999243526393 0.242991599395894 0.242983953587849 0.24297630610196
0.174340978561057 0.303385450634671 0.303379357600492 0.303373263928594 0.303367169619372 0.303361074673219 0.303354979090531 0.303348882871707 0.303342786017149 0.30333668852726
0.119557364015591 0.296767304345248 0.296766799525215 0.296766295093991 0.296765791052449 0.296765287401465 0.296764784141919 0.296764281274693 0.296763778800674 0.29676327672075
0.158600778248533 0.285616033204192 0.285617053755462 0.285618074727628 0.285619096121623 0.285620117938385 0.285621140178856 0.285622162843979 0.285623185934704 0.285624209451981
0.147348963031211 0.30075364280092 0.30075349236263 0.300753342525011 0.300753193289468 0.300753044657413 0.300752896630264 0.300752749209442 0.300752602396374 0.300752456192493
0.128502803482011 0.284415516023187 0.284415516882299 0.284415518221433 0.284415520041564 0.284415522343668 0.284415525128728 0.28441552839773 0.28441553215166 0.28441553639151
0.133084326975711 0.285331139586279 0.285332142363806 0.285333145577712 0.28533414922893 0.285335153318399 0.285336157847061 0.285337162815862 0.285338168225748 0.285339174077674
0.126938987450399 0.286189641832237 0.286190987237447 0.286192333272668 0.286193679939111 0.286195027237998 0.286196375170549 0.28619772373799 0.286199072941552 0.28620042278247
0.172945272121593 0.286358743978436 0.286359586181615 0.286360428699982 0.286361271534257 0.286362114685164 0.286362958153427 0.286363801939776 0.28636464604494 0.286365490469655
0.126166530351199 0.28693244089033 0.286933690480071 0.286934940662969 0.286936191440246 0.286937442813127 0.286938694782839 0.286939947350619 0.286941200517703 0.286942454285333
0.145433106501195 0.282339280336343 0.282338895664308 0.282338511289001 0.282338127211121 0.28233774343137 0.282337359950454 0.28233697676908 0.282336593887961 0.282336211307807
0.0983197353619574 0.268643927594902 0.268643977720134 0.268644028215021 0.268644079080314 0.268644130316768 0.26864418192514 0.268644233906189 0.268644286260679 0.268644338989376
0.143803242522738 0.286264326868933 0.286265394315439 0.286266462221602 0.286267530588445 0.286268599416996 0.286269668708288 0.286270738463355 0.286271808683236 0.286272879368975
0.158050753929068 0.286069680456951 0.28607065613729 0.286071632178806 0.286072608582288 0.286073585348525 0.286074562478313 0.286075539972445 0.286076517831723 0.28607749605695
0.105779297940952 0.280942050972253 0.280937436010557 0.280932820946536 0.280928205781036 0.280923590514902 0.280918975148989 0.28091435968415 0.280909744121244 0.280905128461134
0.175678753974798 0.297158623038863 0.297155419426184 0.297152216002252 0.29714901276775 0.297145809723368 0.297142606869795 0.297139404207724 0.29713620173785 0.297132999460872
0.139210108457756 0.279891769300431 0.279891777568303 0.279891786246012 0.279891795334375 0.279891804834209 0.27989181474634 0.279891825071591 0.279891835810791 0.27989184696477
0.134236778657644 0.278669409907942 0.278669556738612 0.27866970416132 0.278669852177426 0.278670000788292 0.278670149995289 0.278670299799789 0.278670450203173 0.278670601206824
0.113463545312759 0.252141742138166 0.252136958690467 0.252132174999938 0.252127391067292 0.252122606893247 0.252117822478523 0.252113037823844 0.252108252929936 0.252103467797531
0.0902149072739997 0.262391055438898 0.262386915704109 0.262382776188479 0.262378636893846 0.262374497822059 0.26237035897497 0.262366220354439 0.262362081962332 0.26235794380052
0.139583631873948 0.286174429438597 0.28617536570823 0.28617630229935 0.286177239212673 0.286178176448919 0.286179114008811 0.286180051893073 0.286180990102434 0.286181928637624
0.140781394803008 0.285263075093647 0.285264087339706 0.285265099984725 0.28526611302961 0.285267126475268 0.285268140322613 0.285269154572559 0.285270169226026 0.285271184283936
0.09457412488749 0.247611617305283 0.247609510390472 0.247607403752339 0.247605297391578 0.247603191308888 0.247601085504969 0.247598979980524 0.247596874736258 0.247594769772878
0.133905249560748 0.28403073167176 0.284031687181453 0.28403264306397 0.284033599320115 0.284034555950698 0.284035512956529 0.284036470338422 0.284037428097196 0.284038386233668
0.16384000428436 0.302409966707531 0.302408775347367 0.302407584281928 0.302406393511936 0.302405203038116 0.302404012861193 0.302402822981897 0.302401633400961 0.302400444119119
0.155084970997061 0.286204860107069 0.286205917750761 0.286206975850818 0.286208034408176 0.286209093423773 0.286210152898553 0.286211212833461 0.286212273229446 0.286213334087458
0.126388241909019 0.285537578614435 0.285538690668423 0.285539803216702 0.285540916260306 0.285542029800269 0.285543143837634 0.285544258373444 0.285545373408748 0.285546488944595
0.153783930940969 0.296118674633763 0.29611843227439 0.296118190347029 0.29611794885261 0.296117707792071 0.29611746716635 0.296117226976387 0.29611698722313 0.296116747907525
0.141660277675201 0.287089463850361 0.287090496104857 0.287091528782077 0.287092561882915 0.287093595408273 0.287094629359053 0.287095663736161 0.287096698540507 0.287097733773002
0.128665669043022 0.276817824626951 0.276816108765583 0.276814393316171 0.276812678279582 0.276810963656682 0.276809249448343 0.276807535655439 0.276805822278847 0.276804109319445
0.135932213612956 0.28667926886699 0.286680319289838 0.286681370153976 0.286682421460341 0.286683473209879 0.286684525403533 0.286685578042254 0.286686631126992 0.286687684658707
0.131672153753726 0.300446380394961 0.300442870356598 0.300439360518298 0.300435850880745 0.300432341444626 0.300428832210628 0.300425323179443 0.300421814351763 0.300418305728284
0.15504332088096 0.275341376897064 0.27534095842279 0.275340540268978 0.275340122436369 0.275339704925702 0.275339287737723 0.275338870873178 0.275338454332818 0.275338038117393
0.128013988108878 0.285979184420254 0.285980447970331 0.285981712032921 0.285982976609023 0.28598424169964 0.28598550730578 0.285986773428454 0.285988040068673 0.285989307227457
0.138969922063025 0.296301196032035 0.296299298880022 0.296297401985169 0.296295505348136 0.29629360896959 0.296291712850198 0.29628981699063 0.296287921391556 0.296286026053654
0.0928919743413533 0.263489329623588 0.263486772400755 0.263484215537468 0.263481659034999 0.263479102894625 0.263476547117626 0.263473991705286 0.263471436658895 0.263468881979746
0.152780319120114 0.287045868591296 0.287046878335747 0.287047888413989 0.287048898826736 0.287049909574701 0.287050920658603 0.287051932079161 0.2870529438371 0.287053955933143
0.135236646341504 0.285895113142415 0.285896222385626 0.285897332157738 0.285898442459956 0.285899553293493 0.285900664659563 0.285901776559386 0.285902888994188 0.285904001965196
0.149164885380864 0.302293995120292 0.302289430659419 0.302284866030482 0.302280301234232 0.30227573627142 0.302271171142801 0.302266605849136 0.302262040391181 0.302257474769703
0.104667060117868 0.264426902811494 0.264426216381437 0.264425530334908 0.264424844672705 0.264424159395627 0.264423474504478 0.264422790000064 0.264422105883192 0.264421422154674
0.149710328111838 0.276920633154764 0.27691028368194 0.276899931628635 0.276889576993836 0.276879219776535 0.276868859975722 0.276858497590385 0.276848132619517 0.276837765062107
0.133779389304556 0.281658862759144 0.281658646212493 0.281658430180379 0.281658214663845 0.281657999663944 0.281657785181728 0.281657571218254 0.281657357774583 0.28165714485178
0.157459183953217 0.277396216735408 0.277395945517228 0.277395674629276 0.27739540407232 0.27739513384713 0.277394863954477 0.277394594395139 0.277394325169893 0.277394056279521
0.154423372944815 0.285013557342406 0.285014453477973 0.2850153499886 0.285016246875133 0.285017144138419 0.285018041779309 0.285018939798657 0.28501983819732 0.285020736976159
0.134716101369364 0.303943525486493 0.303941922734673 0.303940320250125 0.303938718033505 0.303937116085477 0.303935514406702 0.303933912997845 0.303932311859574 0.30393071099256
0.160440773825482 0.280846037073695 0.280845551821087 0.280845066839948 0.280844582130987 0.280844097694915 0.280843613532447 0.280843129644298 0.28084264603119 0.280842162693843
0.109017393428613 0.273269313797656 0.273267264596584 0.273265215993816 0.27326316799098 0.27326112058971 0.273259073791646 0.273257027598428 0.273254982011708 0.27325293703314
0.136458098902952 0.309222151939483 0.309221885556238 0.309221619519155 0.309221353828954 0.309221088486356 0.309220823492084 0.309220558846865 0.309220294551427 0.309220030606502
0.147288155357669 0.286101668728534 0.286102759642867 0.286103850978904 0.286104942737533 0.286106034919646 0.286107127526139 0.286108220557909 0.28610931401586 0.286110407900896
0.142500478990284 0.27978702348349 0.279787247909684 0.279787472914909 0.279787698500296 0.279787924666978 0.279788151416094 0.279788378748783 0.279788606666192 0.279788835169468
0.146863352277165 0.263425638710411 0.263424078779287 0.263422518995505 0.263420959359652 0.263419399872315 0.263417840534087 0.263416281345559 0.263414722307325 0.263413163419984
0.141863204275766 0.293189840169447 0.293189187920319 0.29318853599385 0.293187884390849 0.29318723311213 0.29318658215851 0.293185931530806 0.293185281229841 0.29318463125644
0.109360097490815 0.260767342314773 0.260763582006898 0.260759822240546 0.260756063017511 0.260752304339591 0.260748546208589 0.260744788626313 0.260741031594576 0.260737275115198
