0.152501572373757 0.285569991657881 0.285570946839843 0.285571902400926 0.285572858341882 0.285573814663464 0.285574771366429 0.285575728451535 0.285576685919544 0.285577643771219
0.172552466784185 0.276710658146732 0.276710240316383 0.27670982278497 0.276709405553235 0.27670898862192 0.276708571991775 0.27670815566355 0.276707739637997 0.276707323915874
0.128255859702927 0.306444049573501 0.306444324753301 0.306444600469794 0.306444876724039 0.306445153517101 0.306445430850049 0.306445708723954 0.306445987139892 0.306446266098942
0.128130338088278 0.26941627469567 0.269416361539177 0.269416448768787 0.269416536385259 0.269416624389353 0.269416712781832 0.269416801563462 0.269416890735011 0.269416980297251
0.146596661403369 0.283301995768043 0.283302904279589 0.283303813173408 0.283304722450327 0.283305632111172 0.283306542156774 0.283307452587969 0.283308363405593 0.283309274610484
0.122053549018105 0.264442220640333 0.264440855464905 0.264439490743219 0.264438126476245 0.264436762664956 0.264435399310328 0.264434036413339 0.264432673974971 0.26443131199621
0.151787458931972 0.284122016840687 0.284122967522048 0.284123918565159 0.284124869970789 0.284125821739711 0.284126773872704 0.284127726370546 0.284128679234017 0.284129632463905
0.151476484268951 0.282751601195293 0.282752560767301 0.282753520724836 0.282754481068706 0.282755441799721 0.282756402918696 0.282757364426445 0.28275832632379 0.282759288611552
0.15539864985846 0.27348194859134 0.27348066929583 0.273479390443448 0.273478112035312 0.273476834072541 0.27347555655626 0.273474279487599 0.273473002867691 0.273471726697672
0.153011610735783 0.285841783297705 0.285842857013789 0.285843931113298 0.285845005597014 0.285846080465723 0.285847155720212 0.285848231361273 0.285849307389697 0.285850383806283
0.165172924958719 0.292073561785222 0.292071061572305 0.292068561628944 0.29206606195597 0.292063562554213 0.292061063424511 0.292058564567702 0.292056065984625 0.292053567676126
0.135097878667717 0.284697786423947 0.284697608091709 0.28469743028372 0.28469725300106 0.284697076244814 0.284696900016069 0.284696724315917 0.284696549145454 0.284696374505779
0.166741183812675 0.314848102910181 0.314847444380285 0.314846786550482 0.314846129422333 0.314845472997406 0.314844817277272 0.31484416226351 0.314843507957702 0.31484285436144
0.17596751094765 0.285431840171214 0.28543253242313 0.2854332249087 0.285433917628466 0.285434610582968 0.285435303772754 0.285435997198366 0.285436690860356 0.285437384759271
0.107557705678965 0.279239465595963 0.279232269456232 0.279225072126564 0.27921787360712 0.279210673898058 0.279203472999543 0.279196270911741 0.279189067634824 0.279181863168962
0.127155821626449 0.266836768205532 0.266835596993989 0.266834426902638 0.26683325793455 0.266832090092809 0.266830923380509 0.26682975780076 0.266828593356684 0.266827430051413
0.16869399721571 0.28500880818161 0.285009662187489 0.285010516562109 0.285011371306291 0.285012226420859 0.285013081906642 0.285013937764469 0.285014793995174 0.285015650599594
0.141794096069774 0.284712324489271 0.284713189790252 0.284714055425513 0.284714921395754 0.284715787701677 0.284716654343985 0.284717521323386 0.284718388640589 0.284719256296305
0.135240566490533 0.28433786229654 0.284338927326322 0.284339992879858 0.284341058958256 0.284342125562627 0.284343192694089 0.284344260353759 0.284345328542762 0.284346397262225
0.155761867982562 0.284039944886235 0.28404088185389 0.284041819179494 0.284042756863773 0.284043694907458 0.284044633311281 0.284045572075977 0.284046511202283 0.284047450690941
0.141315519766865 0.306122928062542 0.306121246251695 0.306119564831548 0.306117883803168 0.306116203167629 0.306114522926005 0.306112843079376 0.306111163628824 0.306109484575435
0.139842258903808 0.284817444301865 0.284818526582749 0.284819609381678 0.284820692699844 0.284821776538445 0.284822860898679 0.284823945781753 0.284825031188878 0.284826117121268
0.0551831618065753 0.201762681584735 0.201758596464036 0.201754511927156 0.201750427976665 0.201746344615146 0.201742261845192 0.201738179669405 0.201734098090401 0.201730017110806
0.117949871949422 0.2866066202074 0.286608016988169 0.286609414361708 0.286610812329221 0.286612210891917 0.286613610051007 0.286615009807709 0.286616410163243 0.286617811118837
0.151303272589316 0.279100593032244 0.279100023993548 0.279099455327277 0.279098887034264 0.279098319115341 0.279097751571348 0.279097184403124 0.279096617611513 0.279096051197361
0.112087448372916 0.270902612558699 0.270902858104062 0.270903104191062 0.270903350820812 0.270903597994433 0.270903845713046 0.270904093977779 0.270904342789761 0.270904592150126
0.131741894401254 0.285865495133659 0.285866681353338 0.285867868015242 0.28586905512016 0.285870242668884 0.285871430662207 0.285872619100925 0.285873807985836 0.285874997317741
0.161398212245796 0.28438084434664 0.284381675256553 0.28438250643597 0.284383337885484 0.284384169605687 0.284385001597174 0.284385833860543 0.284386666396394 0.284387499205327
0.124980258912323 0.272552760529722 0.272551480992957 0.272550201804632 0.272548922965561 0.272547644476565 0.272546366338466 0.272545088552087 0.272543811118257 0.272542534037806
0.145610142719299 0.286724340411569 0.286725493883613 0.286726647928293 0.286727802546858 0.286728957740558 0.28673011351065 0.286731269858393 0.286732426785053 0.286733584291898
0.134927622027748 0.285229380848195 0.285230530050747 0.285231679772262 0.285232830013781 0.285233980776351 0.285235132061018 0.285236283868836 0.28523743620086 0.28523858905815
0.166296867626004 0.280656956416211 0.28065403336324 0.280651110462472 0.280648187714533 0.280645265120053 0.280642342679664 0.280639420394 0.280636498263696 0.280633576289393
0.123567418424537 0.286134510260271 0.286130330070704 0.286126150258648 0.286121970825188 0.286117791771411 0.286113613098408 0.286109434807271 0.286105256899099 0.286101079374991
0.17106218804903 0.285791984920595 0.285791442960298 0.285790901318805 0.285790359996902 0.285789818995379 0.285789278315028 0.285788737956645 0.285788197921027 0.285787658208976
0.152631304048987 0.283908687968665 0.283909598700187 0.283910509859901 0.283911421448722 0.283912333467568 0.28391324591736 0.283914158799024 0.283915072113486 0.283915985861677
0.130668042141767 0.283460558340023 0.283460168843617 0.283459779680483 0.283459390851313 0.283459002356806 0.28345861419766 0.283458226374576 0.283457838888259 0.283457451739416
0.148964969878861 0.284394643252382 0.284391518313978 0.284388393679694 0.284385269350429 0.284382145327084 0.284379021610561 0.284375898201768 0.284372775101614 0.284369652311012
0.157816871285058 0.284810336670285 0.284811193901698 0.284812051408698 0.284812909191882 0.284813767251846 0.284814625589192 0.284815484204522 0.28481634309844 0.284817202271555
0.179068424502182 0.277443967629642 0.277442254604231 0.277440541885188 0.277438829473294 0.277437117369333 0.27743540557409 0.277433694088355 0.277431982912918 0.277430272048575
0.150238523354179 0.283240753892906 0.283241660807727 0.283242568056564 0.283243475640113 0.283244383559073 0.283245291814143 0.283246200406028 0.283247109335432 0.283248018603064
0.136630742174349 0.286636728245745 0.286637830315632 0.2866389328598 0.286640035879221 0.286641139374871 0.286642243347727 0.286643347798772 0.286644452728992 0.286645558139375
0.149290586509601 0.283652801853539 0.28365364383168 0.283654486181172 0.283655328902816 0.283656171997417 0.283657015465782 0.283657859308721 0.283658703527046 0.283659548121573
0.143982318249278 0.284883224003313 0.284884239269994 0.284885254942362 0.284886271021279 0.284887287507612 0.284888304402229 0.284889321706003 0.284890339419809 0.284891357544526
0.122594284678928 0.268753665463942 0.268753892277042 0.268754119910273 0.268754348365668 0.26875457764527 0.268754807751129 0.268755038685305 0.268755270449863 0.268755503046879
0.151999143212509 0.260473701713163 0.260472582301792 0.260471463282251 0.26047034465536 0.260469226421941 0.260468108582822 0.26046699113883 0.260465874090798 0.260464757439558
0.112052915683451 0.258430554848484 0.258418547901603 0.258406535614081 0.258394517981331 0.258382494998781 0.258370466661863 0.25835843296602 0.258346393906704 0.258334349479378
0.210106707524659 0.279343125936921 0.279341184318689 0.279339242857727 0.279337301554591 0.279335360409841 0.279333419424037 0.279331478597744 0.279329537931525 0.27932759742595
0.103522772934039 0.257960870508338 0.257952675145364 0.25794447832231 0.25793628003956 0.257928080297503 0.257919879096534 0.25791167643705 0.257903472319457 0.257895266744161
0.139102987894977 0.28137782523512 0.281373017378763 0.281368209536301 0.281363401709425 0.281358593899832 0.28135378610923 0.281348978339334 0.281344170591864 0.281339362868553
0.155420175867982 0.29174734719671 0.291747162387556 0.291746978051441 0.291746794189353 0.291746610802281 0.291746427891221 0.29174624545717 0.291746063501128 0.291745882024099
0.138470979884973 0.284181622910926 0.284183006189683 0.284184390191612 0.284185774918424 0.284187160371836 0.284188546553572 0.28418993346536 0.284191321108942 0.284192709486059
0.0915690983752134 0.265680716018868 0.265680953846274 0.265681192209171 0.265681431108531 0.265681670545334 0.265681910520563 0.265682151035201 0.265682392090236 0.26568263368666
0.115847488406635 0.283912351428032 0.283912424016234 0.283912497205299 0.283912570996557 0.283912645391343 0.283912720390997 0.283912795996862 0.283912872210289 0.283912949032631
0.135907095063261 0.284377531684494 0.284378694260541 0.284379857242006 0.284381020629671 0.284382184424327 0.284383348626762 0.28438451323777 0.284385678258147 0.284386843688692
0.14176723457626 0.284598920620592 0.284600061267221 0.284601202532605 0.284602344418045 0.284603486924841 0.284604630054303 0.28460577380774 0.284606918186469 0.284608063191809
0.132963761625069 0.283729177971457 0.28373012911882 0.283731080642604 0.283732032543556 0.283732984822422 0.283733937479953 0.283734890516902 0.283735843934023 0.283736797732075
0.111845479570595 0.284876099402449 0.284877478608807 0.284878858359657 0.284880238656017 0.284881619498909 0.284883000889359 0.284884382828395 0.284885765317052 0.284887148356364
0.122652466953277 0.267490375037468 0.267490487756275 0.267490601192823 0.267490715348908 0.267490830226331 0.267490945826903 0.267491062152442 0.267491179204769 0.26749129698572
0.107457649479461 0.27513521172439 0.275135498433449 0.275135785913399 0.275136074165862 0.275136363192469 0.275136652994853 0.275136943574658 0.275137234933528 0.275137527073119
0.139935655483614 0.284216338934921 0.28421744124091 0.284218543976864 0.284219647143636 0.284220750742084 0.284221854773069 0.284222959237454 0.284224064136106 0.284225169469895
0.147146326325333 0.283896675795901 0.283897830085303 0.283898984883876 0.283900140192633 0.283901296012593 0.283902452344775 0.283903609190204 0.283904766549908 0.283905924424917
0.107722647835398 0.262257300140553 0.262255533384526 0.262253767454049 0.262252002351072 0.262250238077555 0.262248474635463 0.262246712026771 0.262244950253457 0.262243189317507
0.157141246678289 0.296339037774846 0.296336216483485 0.296333395481808 0.296330574770653 0.29632775435086 0.296324934223272 0.296322114388737 0.296319294848102 0.296316475602219
0.166917998506825 0.294090485112896 0.294090145243797 0.294089805884957 0.294089467037458 0.294089128702385 0.294088790880825 0.29408845357387 0.294088116782616 0.294087780508161
0.116585319213435 0.277105128035965 0.277105474278039 0.277105821166721 0.277106168703294 0.277106516889043 0.277106865725258 0.277107215213233 0.277107565354266 0.27710791614966
0.0994399351880687 0.278878898906059 0.278869678370871 0.278860456184082 0.278851232346342 0.27884200685831 0.278832779720655 0.27882355093405 0.278814320499181 0.278805088416736
0.121767010027993 0.270023103904338 0.270017977792056 0.270012851417127 0.270007724780733 0.270002597884061 0.269997470728304 0.26999234331466 0.269987215644331 0.269982087718526
0.154765392030948 0.283930338112911 0.283931280395277 0.283932223091722 0.283933166203121 0.283934109730354 0.283935053674302 0.283935998035849 0.283936942815883 0.283937888015295
0.1530492514923 0.283873898614571 0.283874883926467 0.283875869635257 0.283876855741742 0.283877842246724 0.283878829151009 0.283879816455405 0.283880804160725 0.283881792267781
0.0886432750188039 0.292769882867873 0.292766498825858 0.292763115507487 0.292759732914677 0.292756351049351 0.292752969913438 0.292749589508873 0.292746209837596 0.292742830901555
0.128668474781335 0.285278638081807 0.285279852960109 0.285281068296897 0.285282284093029 0.285283500349371 0.285284717066787 0.285285934246145 0.285287151888319 0.285288369994181
0.153294621471901 0.287785481907509 0.287785321466099 0.287785161355559 0.287785001576601 0.287784842129941 0.287784683016296 0.287784524236386 0.287784365790935 0.287784207680666
0.154174755611369 0.284599656661149 0.284600645222962 0.284601634120683 0.284602623355022 0.284603612926695 0.284604602836418 0.284605593084911 0.284606583672896 0.284607574601099
0.166019034217356 0.28395484961615 0.283955667006326 0.283956484674294 0.283957302620647 0.283958120845981 0.283958939350894 0.283959758135986 0.283960577201861 0.283961396549122
0.130117214049645 0.290811665371349 0.290811510771323 0.290811356593668 0.290811202839261 0.290811049508982 0.290810896603716 0.290810744124347 0.290810592071768 0.290810440446868
0.147112915301105 0.284234020472479 0.284235035403465 0.284236050679318 0.284237066300732 0.284238082268403 0.28423909858303 0.284240115245315 0.284241132255959 0.28424214961567
0.124644202350385 0.287828504401799 0.287826524372823 0.287824544766705 0.287822565584335 0.287820586826607 0.287818608494418 0.287816630588668 0.287814653110259 0.287812676060097
0.147061622156081 0.283876969893514 0.283878104026011 0.283879238639793 0.283880373735867 0.283881509315245 0.283882645378941 0.283883781927974 0.283884918963365 0.283886056486139
0.0929507674681829 0.299964307124279 0.299962507648691 0.299960709338084 0.29995891219476 0.299957116221023 0.299955321419188 0.299953527791575 0.299951735340513 0.299949944068336
0.20260611743263 0.312065468155913 0.312064759428807 0.312064050962708 0.312063342758206 0.312062634815895 0.312061927136366 0.31206121972022 0.312060512568054 0.312059805680469
0.158926542450373 0.285231025006106 0.285231981186905 0.285232937726931 0.285233894626931 0.285234851887656 0.285235809509857 0.285236767494289 0.28523772584171 0.285238684552881
0.166012690816212 0.311602904787699 0.311600797085296 0.311598689633887 0.311596582434101 0.311594475486566 0.311592368791917 0.311590262350789 0.31158815616382 0.311586050231648
0.152566505750616 0.277513373024397 0.277509994879471 0.277506616905245 0.277503239102568 0.277499861472291 0.277496484015267 0.277493106732355 0.277489729624412 0.277486352692303
0.152293274463097 0.285099811845039 0.28510084401957 0.285101876619183 0.285102909644716 0.285103943097015 0.285104976976924 0.285106011285292 0.285107046022971 0.285108081190816
0.137496139406441 0.286265907041062 0.28626721802962 0.286268529727438 0.286269842136353 0.286271155258213 0.286272469094873 0.286273783648194 0.286275098920047 0.28627641491231
0.114721060751583 0.278207320318119 0.278201735455146 0.278196150319462 0.278190564912156 0.278184979234322 0.278179393287058 0.278173807071468 0.278168220588659 0.278162633839744
0.126924354580914 0.283371407276859 0.28337005138278 0.28336869597293 0.283367341048402 0.283365986610295 0.283364632659709 0.28336327919775 0.283361926225527 0.283360573744152
0.136263286937202 0.276266452401171 0.276258756012967 0.276251057416254 0.276243356609697 0.27623565359196 0.276227948361709 0.276220240917612 0.276212531258334 0.276204819382546
0.142260199914498 0.281337470199454 0.281337292571521 0.28133711530945 0.281336938414053 0.281336761886146 0.281336585726547 0.281336409936077 0.28133623451556 0.281336059465823
0.116147394015426 0.271351217317311 0.271351511597126 0.271351806413811 0.271352101768381 0.271352397661857 0.271352694095261 0.271352991069621 0.271353288585968 0.271353586645334
0.129521194968372 0.286156563623422 0.286157690120547 0.286158817159602 0.286159944741779 0.286161072868278 0.2861622015403 0.28616333075905 0.28616446052574 0.286165590841585
0.163976621391547 0.295751647613545 0.295749629687673 0.295747612038491 0.29574559466673 0.295743577573125 0.295741560758413 0.295739544223335 0.295737527968632 0.295735511995048
0.166759458926544 0.282404931986652 0.282404372253183 0.282403812794709 0.282403253611909 0.282402694705468 0.28240213607607 0.282401577724404 0.282401019651161 0.282400461857031
0.119728578156354 0.300189953719626 0.300186757207964 0.300183561196985 0.300180365688884 0.300177170685863 0.300173976190137 0.300170782203924 0.300167588729453 0.300164395768961
0.152284681690721 0.291433453698827 0.291432911450233 0.2914323696427 0.291431828277147 0.291431287354495 0.291430746875666 0.291430206841588 0.291429667253191 0.291429128111409
0.145015478450041 0.285320250355729 0.285321239290462 0.285322228590355 0.285323218256188 0.285324208288739 0.285325198688791 0.285326189457131 0.285327180594548 0.285328172101834
0.141596324649314 0.279571298556421 0.279571289937112 0.27957128167773 0.279571273779025 0.279571266241752 0.279571259066664 0.279571252254521 0.279571245806083 0.279571239722115
0.137163353394205 0.308231394390639 0.308229238233704 0.308227082185851 0.308224926247877 0.308222770420584 0.308220614704774 0.308218459101254 0.308216303610833 0.308214148234325
0.140687914976948 0.27719277172564 0.27719255962121 0.277192347842104 0.277192136389046 0.277191925262763 0.277191714463987 0.277191503993449 0.277191293851885 0.277191084040032
0.103419087362638 0.272563958341001 0.272559888303418 0.272555818723728 0.27255174960436 0.272547680947754 0.272543612756354 0.272539545032615 0.272535477779002 0.272531410997986
