0.149735970476464 0.284207887177592 0.284208783718252 0.284209680577906 0.284210577757257 0.284211475257012 0.284212373077883 0.284213271220581 0.284214169685823 0.284215068474326
0.177099473121844 0.273242549221769 0.273241960010831 0.273241370977384 0.273240782121931 0.273240193444976 0.273239604947025 0.273239016628585 0.273238428490167 0.273237840532284
0.14734033154315 0.28172123664574 0.281720849848985 0.28172046364777 0.281720078043461 0.281719693037426 0.28171930863104 0.281718924825683 0.281718541622738 0.281718159023595
0.151680696815703 0.303662207478629 0.303661830687197 0.303661454364179 0.303661078510654 0.303660703127708 0.30366032821643 0.303659953777912 0.303659579813253 0.303659206323553
0.12882837507541 0.28447054516121 0.28447162428828 0.284472703797326 0.28447378368916 0.284474863964593 0.284475944624441 0.284477025669524 0.284478107100663 0.284479188918682
0.15004795260888 0.281781478750473 0.281779398881728 0.281777319463466 0.28177524049695 0.281773161983442 0.281771083924212 0.281769006320535 0.281766929173688 0.281764852484954
0.137408220855153 0.283608957091363 0.283609979985166 0.283611003272366 0.283612026953855 0.283613051030526 0.283614075503276 0.283615100373009 0.28361612564063 0.283617151307045
0.125096993470101 0.283705321949378 0.283706396004534 0.283707470551972 0.283708545592709 0.283709621127764 0.283710697158162 0.283711773684931 0.283712850709103 0.283713928231713
0.150998377816414 0.283410898911283 0.283409001711639 0.283407104878 0.28340520841125 0.283403312312273 0.283401416581961 0.283399521221205 0.283397626230902 0.28339573161195
0.148274563102657 0.283893705993381 0.283894682856565 0.283895660085953 0.283896637682367 0.283897615646631 0.283898593979574 0.283899572682027 0.283900551754825 0.283901531198804
0.111649011033359 0.269849216451797 0.26984802525503 0.269846834571022 0.269845644400839 0.26984445474555 0.26984326560623 0.269842076983955 0.269840888879806 0.269839701294867
0.141076591714771 0.287369336005816 0.287369016220907 0.28736869673948 0.287368377562174 0.287368058689633 0.287367740122501 0.287367421861428 0.287367103907063 0.287366786260059
0.13262101539435 0.282545898558158 0.282545571252955 0.282545244462326 0.282544918187382 0.282544592429238 0.282544267189015 0.282543942467837 0.282543618266829 0.282543294587126
0.17296189066837 0.283075505909319 0.283076355057998 0.28307720448615 0.283078054194413 0.28307890418343 0.283079754453846 0.283080605006307 0.283081455841463 0.283082306959966
0.101647612110564 0.26760466249759 0.267596247179522 0.267587829981328 0.267579410902323 0.267570989941828 0.267562567099163 0.267554142373651 0.267545715764615 0.26753728727138
0.159105696642308 0.283204649553932 0.283203352190631 0.283202055189132 0.283200758550281 0.283199462274928 0.283198166363928 0.283196870818133 0.283195575638406 0.283194280825606
0.137880781233955 0.284705866697862 0.284706789079319 0.284707711782084 0.284708634806884 0.284709558154448 0.284710481825508 0.2847114058208 0.284712330141061 0.284713254787034
0.172562076766729 0.283316105394728 0.28331686770992 0.283317630337601 0.283318393278521 0.283319156533433 0.283319920103092 0.283320683988258 0.283321448189692 0.283322212708159
0.103422233361058 0.284590702924325 0.284592203332478 0.284593704340127 0.284595205948513 0.284596708158878 0.284598210972473 0.284599714390549 0.284601218414365 0.284602723045183
0.162401266885023 0.284170357891809 0.284171235588244 0.284172113599599 0.284172991926559 0.284173870569811 0.284174749530048 0.284175628807961 0.284176508404248 0.284177388319606
0.164690478691287 0.27618411498607 0.276182362852681 0.276180610966201 0.276178859327396 0.276177107937036 0.276175356795894 0.276173605904744 0.276171855264363 0.276170104875534
0.114052627187615 0.285707378201392 0.285708785442079 0.285710193292079 0.285711601752605 0.285713010824876 0.285714420510116 0.28571583080955 0.285717241724412 0.285718653255934
0.0935175662189241 0.293780124687989 0.2937737004614 0.293767275880456 0.293760850946469 0.293754425660757 0.293748000024643 0.293741574039455 0.293735147706528 0.293728721027201
0.131786145076925 0.283558425258052 0.283559482827617 0.283560540816047 0.283561599224266 0.283562658053202 0.283563717303783 0.283564776976945 0.283565837073625 0.283566897594764
0.140423433632883 0.287878184779074 0.287877995094624 0.287877805682645 0.287877616543743 0.287877427678528 0.287877239087609 0.2878770507716 0.287876862731118 0.287876674966778
0.199580586586524 0.305434053191481 0.305433290069193 0.30543252729523 0.305431764870484 0.305431002795852 0.305430241072233 0.305429479700532 0.305428718681654 0.305427958016513
0.135747611761552 0.283455258097925 0.283456407277457 0.283457556977888 0.28345870720039 0.283459857946144 0.283461009216332 0.283462161012142 0.283463313334766 0.283464466185403
0.157005283710025 0.28352233079252 0.283523132487217 0.283523934521334 0.283524736895647 0.283525539610939 0.283526342667993 0.283527146067597 0.283527949810541 0.283528753897618
0.12275568702427 0.306251304394929 0.306249773906424 0.306248243860414 0.306246714257983 0.30624518510022 0.306243656388217 0.30624212812307 0.306240600305879 0.306239072937748
0.124917619483958 0.284338377809464 0.284339539380696 0.284340701368624 0.284341863774084 0.284343026597912 0.284344189840951 0.284345353504043 0.284346517588037 0.284347682093783
0.13226322043116 0.283206735773951 0.283207719722206 0.283208704111688 0.283209688943416 0.283210674218412 0.283211659937703 0.28321264610232 0.283213632713298 0.283214619771674
0.180542836540152 0.30818722756028 0.308183423379861 0.308179619636012 0.308175816330173 0.308172013463786 0.308168211038303 0.308164409055175 0.308160607515865 0.308156806421836
0.151097957763922 0.276850586734459 0.276846702142576 0.276842817659913 0.276838933287055 0.276835049024595 0.276831164873128 0.276827280833246 0.276823396905551 0.276819513090641
0.132711390217664 0.27765638749749 0.277655876861622 0.277655366591805 0.277654856688935 0.277654347153909 0.277653837987631 0.277653329191006 0.277652820764942 0.277652312710351
0.131247004416291 0.285283300774138 0.285284403741098 0.285285507141029 0.285286610974848 0.285287715243475 0.285288819947834 0.285289925088852 0.285291030667459 0.285292136684588
0.149696973970655 0.273772699584099 0.273772546038373 0.273772392887457 0.273772240132252 0.273772087773668 0.273771935812611 0.273771784249995 0.273771633086736 0.273771482323754
0.185555557545207 0.288960228690766 0.288956751664188 0.288953274806319 0.288949798117911 0.288946321599717 0.288942845252496 0.288939369077005 0.28893589307401 0.288932417244273
0.141681345000629 0.283880740697051 0.283881798453434 0.283882856633245 0.283883915237379 0.283884974266736 0.28388603372222 0.283887093604738 0.283888153915199 0.283889214654516
0.141973804648471 0.307525222837892 0.307523895115867 0.30752256804204 0.30752124161778 0.307519915844463 0.307518590723467 0.307517266256175 0.307515942443974 0.307514619288259
0.136906384288377 0.282835667021643 0.282836703424606 0.282837740201515 0.28283877735316 0.282839814880334 0.282840852783833 0.282841891064458 0.282842929723011 0.282843968760297
0.137400971108181 0.28407390930862 0.284074972835226 0.284076036835644 0.284077101310908 0.284078166262056 0.284079231690129 0.284080297596174 0.284081363981239 0.284082430846376
0.123510119699266 0.284605478089457 0.284606776605604 0.284608075726328 0.284609375452895 0.284610675786579 0.284611976728655 0.284613278280407 0.28461458044312 0.284615883218084
0.154876543187251 0.282154047945221 0.282154803918594 0.282155560174406 0.282156316713327 0.282157073536029 0.28215783064319 0.282158588035488 0.282159345713605 0.282160103678223
0.130688549793769 0.269251525664267 0.269251233573979 0.269250941857606 0.269250650516 0.269250359550014 0.269250068960505 0.26924977874833 0.269249488914354 0.269249199459442
0.122799237086318 0.275935027774953 0.275933497551281 0.275931967626796 0.275930438002153 0.275928908678011 0.275927379655033 0.27592585093388 0.275924322515221 0.275922794399722
0.0891744737739607 0.243200261888793 0.243191641025387 0.243183018770135 0.243174395124 0.243165770087951 0.243157143662965 0.243148515850021 0.243139886650108 0.243131256064219
0.117253800490914 0.259025435277821 0.259024398984069 0.259023362961377 0.259022327210354 0.25902129173161 0.25902025652576 0.259019221593418 0.259018186935202 0.259017152551731
0.0980291184324658 0.275308503267907 0.275300326069964 0.275292147054865 0.275283966222128 0.275275783571274 0.275267599101823 0.275259412813299 0.275251224705224 0.275243034777125
0.137366858419822 0.27852304431317 0.27851875142953 0.278514458298363 0.278510164920136 0.278505871295315 0.278501577424372 0.278497283307776 0.278492988946003 0.278488694339529
0.130756217296282 0.286657380477464 0.28665700757644 0.286656635050816 0.286656262901373 0.286655891128895 0.286655519734166 0.286655148717977 0.286654778081118 0.286654407824383
0.150086695826126 0.282800845455926 0.282801583210439 0.282802321284412 0.282803059678618 0.282803798393837 0.282804537430848 0.282805276790436 0.282806016473389 0.282806756480496
0.150859685669071 0.290351004528575 0.290350625738942 0.290350247329598 0.2903498693013 0.290349491654806 0.29034911439088 0.290348737510284 0.290348361013786 0.290347984902156
0.123075224910713 0.290583850080057 0.290583734277006 0.290583618941957 0.290583504075885 0.290583389679771 0.290583275754599 0.290583162301356 0.290583049321033 0.290582936814624
0.14694294936905 0.283591210829728 0.283592223974139 0.283593237490811 0.283594251380563 0.283595265644213 0.283596280282584 0.283597295296504 0.283598310686801 0.283599326454308
0.142969547037679 0.286034232967298 0.286035288375669 0.286036344231767 0.286037400536533 0.286038457290912 0.28603951449585 0.286040572152299 0.286041630261213 0.286042688823549
0.139394978230842 0.28454950669004 0.284550466746301 0.284551427156475 0.284552387921321 0.284553349041604 0.284554310518087 0.284555272351541 0.284556234542735 0.284557197092446
0.12922384134171 0.284811551039293 0.284812653098114 0.284813755617531 0.284814858598519 0.284815962042059 0.284817065949132 0.284818170320726 0.284819275157831 0.28482038046144
0.142071702497691 0.276399828435711 0.276399610472906 0.276399392781973 0.276399175363491 0.276398958218044 0.276398741346213 0.276398524748588 0.276398308425756 0.276398092378307
0.126968476193816 0.273731313774779 0.273731106437089 0.273730899483592 0.273730692915103 0.273730486732442 0.27373028093643 0.273730075527894 0.27372987050766 0.273729665876561
0.167734866997684 0.284277074018172 0.284277996559179 0.284278919456585 0.28427984271122 0.284280766323916 0.284281690295512 0.284282614626846 0.284283539318762 0.284284464372107
0.172942519793098 0.283912766184243 0.283913558212028 0.283914350501319 0.283915143052732 0.283915935866888 0.283916728944405 0.28391752228591 0.283918315892028 0.283919109763388
0.0820116537445436 0.262558739009578 0.262555886329871 0.262553034534603 0.26255018362625 0.2625473336073 0.262544484480249 0.262541636247598 0.262538788911859 0.262535942475552
0.168991303518475 0.269863446338593 0.269860701665945 0.269857957088441 0.269855212606558 0.269852468220777 0.26984972393158 0.269846979739451 0.269844235644877 0.269841491648346
0.148102861908401 0.280400720509549 0.280400190086879 0.280399659969182 0.280399130157204 0.280398600651692 0.280398071453397 0.280397542563072 0.280397013981473 0.280396485709359
0.145123785307946 0.270747661148793 0.270747424777034 0.27074718873861 0.270746953034246 0.270746717664671 0.270746482630616 0.270746247932815 0.270746013572005 0.270745779548925
0.102836060710227 0.252353773796966 0.252344890505483 0.252336005743785 0.25232711951225 0.252318231811263 0.252309342641211 0.252300452002484 0.252291559895477 0.252282666320587
0.0955226913765313 0.259419822608006 0.259414095768167 0.259408368485237 0.259402640760262 0.259396912594294 0.259391183988389 0.259385454943608 0.259379725461017 0.259373995541685
0.139394934387324 0.285421142236895 0.285422217352011 0.285423292875708 0.285424368808868 0.285425445152376 0.285426521907119 0.285427599073989 0.285428676653881 0.285429754647691
0.138209335190137 0.283762764341927 0.283763758451678 0.283764752991342 0.283765747961888 0.283766743364291 0.283767739199526 0.283768735468576 0.283769732172423 0.283770729312057
0.151743876050826 0.300072835315572 0.300069707636586 0.300066580221381 0.300063453070809 0.300060326185723 0.300057199566982 0.300054073215445 0.300050947131976 0.300047821317442
0.136636953004607 0.283548754827355 0.28354967021874 0.28355058595239 0.283551502029062 0.283552418449512 0.283553335214502 0.283554252324794 0.283555169781156 0.283556087584356
0.18556106022439 0.285087068259745 0.285086511996529 0.285085955999211 0.285085400268468 0.285084844804974 0.285084289609407 0.28508373468245 0.285083180024787 0.285082625637104
0.123783888577851 0.283162415410869 0.283163479425473 0.283164543776661 0.283165608465115 0.283166673491519 0.283167738856559 0.283168804560927 0.283169870605314 0.283170936990415
0.168288829299448 0.283975564940816 0.283976350558851 0.283977136482648 0.283977922712871 0.283978709250184 0.283979496095253 0.283980283248751 0.28398107071135 0.283981858483724
0.129989288871281 0.276655952220169 0.276656012721259 0.276656073695319 0.276656135143356 0.27665619706638 0.276656259465407 0.276656322341454 0.276656385695543 0.276656449528701
0.157738896243917 0.28297210763457 0.282972903935607 0.282973700543076 0.282974497457691 0.282975294680171 0.282976092211235 0.282976890051609 0.282977688202019 0.282978486663193
0.112557572709923 0.285381144413226 0.285379281830197 0.285377419745156 0.285375558159176 0.285373697073335 0.285371836488715 0.285369976406399 0.285368116827475 0.285366257753036
0.143354190070379 0.283963861944134 0.283964821451856 0.283965781283686 0.283966741440325 0.283967701922471 0.283968662730829 0.283969623866104 0.283970585329006 0.283971547120244
0.144673720867685 0.265172155550358 0.26516926444208 0.265166373565704 0.265163482921835 0.265160592511079 0.265157702334048 0.265154812391351 0.265151922683603 0.265149033211419
0.137019197026631 0.280975255892746 0.28097486561397 0.280974475677459 0.28097408608403 0.280973696834504 0.280973307929705 0.280972919370461 0.280972531157603 0.280972143291965
0.128979570278967 0.286434665188152 0.28643584765726 0.286437030542646 0.286438213845106 0.286439397565442 0.286440581704455 0.28644176626295 0.286442951241739 0.28644413664163
0.116383098676042 0.274826150923673 0.274824894164154 0.27482363772164 0.274822381596783 0.274821125790238 0.274819870302662 0.274818615134716 0.27481736028706 0.274816105760359
0.111980989995408 0.2626002636282 0.262597039996464 0.262593816445815 0.262590592977025 0.262587369590868 0.262584146288122 0.262580923069567 0.262577699935989 0.262574476888172
0.124895561916064 0.284699330523474 0.284700441287507 0.284701552500878 0.284702664164548 0.284703776279484 0.284704888846659 0.284706001867045 0.284707115341622 0.284708229271371
0.1411649770118 0.283083895052489 0.283084950922006 0.283086007203803 0.283087063898773 0.283088121007811 0.283089178531817 0.283090236471692 0.283091294828342 0.283092353602676
0.105658065603449 0.302766905608409 0.302762253980811 0.302757602487876 0.302752951131956 0.30274829991541 0.302743648840607 0.302738997909924 0.302734347125746 0.302729696490469
0.130406995812904 0.268611841863906 0.268610377470867 0.26860891338209 0.268607449598341 0.268605986120386 0.268604522948995 0.268603060084943 0.268601597529005 0.268600135281959
0.0649015360706668 0.27255942492202 0.272544924231363 0.272530417007363 0.272515903244524 0.272501382937349 0.272486856080335 0.272472322667975 0.272457782694755 0.272443236155156
0.154019923914647 0.27714130727506 0.277140902004299 0.277140497006446 0.277140092282131 0.277139687831987 0.277139283656648 0.277138879756751 0.277138476132935 0.277138072785842
0.118992607677311 0.26828643245076 0.268286429747669 0.26828642745204 0.268286425564708 0.268286424086509 0.268286423018283 0.268286422360872 0.268286422115121 0.268286422281879
0.169502248347854 0.284516564048632 0.28451744908138 0.284518334432518 0.284519220102794 0.284520106092958 0.28452099240376 0.284521879035958 0.284522765990309 0.284523653267573
0.149370294691484 0.304874396642125 0.304872970639529 0.304871544878984 0.304870119361109 0.304868694086526 0.304867269055856 0.304865844269727 0.304864419728766 0.304862995433604
0.157620787889263 0.30500408751119 0.305003871640046 0.305003656141808 0.305003441017411 0.305003226267801 0.305003011893921 0.30500279789672 0.305002584277151 0.305002371036169
0.119772560475517 0.282720070830008 0.282716589764753 0.282713108725987 0.282709627714572 0.282706146731371 0.282702665777255 0.282699184853092 0.282695703959757 0.282692223098127
0.163410500768319 0.293350804698767 0.293350340401308 0.293349876391294 0.293349412669357 0.293348949236129 0.293348486092247 0.29334802323835 0.293347560675076 0.29334709840307
0.147223801244602 0.286256449227674 0.286257482978418 0.286258517035445 0.286259551399416 0.286260586070996 0.286261621050853 0.286262656339654 0.286263691938072 0.286264727846783
0.133192211619343 0.304150019195424 0.304149521378039 0.304149023921298 0.304148526825942 0.304148030092717 0.304147533722368 0.304147037715646 0.304146542073304 0.304146046796096
0.174442975086375 0.268308539173989 0.268306629363486 0.268304719637499 0.268302809996593 0.268300900441335 0.268298990972294 0.268297081590041 0.268295172295149 0.268293263088195
0.129031770515036 0.309482983340062 0.30948259632072 0.309482209753823 0.309481823640415 0.309481437981544 0.309481052778259 0.309480668031617 0.309480283742675 0.309479899912497
0.146933902513497 0.297076307891699 0.297071538541567 0.297066769114255 0.29706199961107 0.297057230033324 0.297052460382332 0.297047690659421 0.297042920865919 0.297038151003162
