0.13188012855364 0.286356739403553 0.286357884330413 0.286359029655456 0.28636017537943 0.286361321503087 0.286362468027182 0.286363614952473 0.286364762279719 0.286365910009682
0.15113609987331 0.286046461046076 0.286046054422134 0.286045648100433 0.286045242081572 0.286044836366154 0.286044430954782 0.286044025848063 0.286043621046604 0.286043216551015
0.126070454802301 0.284268531735124 0.284268100799375 0.284267670101388 0.284267239641618 0.28426680942052 0.284266379438551 0.284265949696169 0.284265520193835 0.284265090932009
0.12412835235992 0.280118695312243 0.280118541042489 0.280118387082515 0.280118233432832 0.280118080093952 0.280117927066388 0.280117774350656 0.280117621947272 0.280117469856755
0.129536714715813 0.284558835210049 0.284560032079614 0.284561229398081 0.284562427166223 0.284563625384814 0.284564824054631 0.284566023176451 0.284567222751055 0.284568422779227
0.117756057186911 0.262354448514552 0.26235330311631 0.262352158262517 0.262351013954356 0.262349870193019 0.2623487269797 0.262347584315596 0.26234644220191 0.262345300639848
0.162210378506445 0.283383086033408 0.28338388737774 0.283384688977134 0.283385490832059 0.283386292942988 0.283387095310394 0.283387897934751 0.283388700816536 0.283389503956226
0.141031284255061 0.285338822154283 0.2853399597448 0.285341097732923 0.285342236119304 0.285343374904599 0.285344514089466 0.285345653674564 0.285346793660555 0.285347934048101
0.106374309144161 0.244073516042251 0.244072651023443 0.244071786478768 0.24407092240913 0.244070058815443 0.244069195698621 0.24406833305958 0.244067470899241 0.244066609218527
0.143886082081333 0.286907844687024 0.286908964704264 0.286910085089865 0.286911205844442 0.286912326968608 0.286913448462978 0.286914570328172 0.286915692564807 0.286916815173508
0.107965882516567 0.274857144678414 0.274855468650979 0.274853793165714 0.274852118223675 0.27485044382592 0.274848769973512 0.274847096667515 0.274845423908999 0.274843751699033
0.134308816036551 0.287788154355189 0.287787961781213 0.287787769684885 0.28778757806721 0.287787386929194 0.28778719627185 0.28778700609619 0.287786816403231 0.287786627193998
0.10710796468365 0.294883014097646 0.294883035075858 0.294883056550771 0.294883078523161 0.294883100993812 0.294883123963507 0.294883147433029 0.294883171403167 0.294883195874711
0.150526123502871 0.286856099985302 0.286857374796237 0.28685865017874 0.286859926134044 0.286861202663383 0.286862479767998 0.286863757449136 0.286865035708044 0.286866314545978
0.13102315354644 0.242626554340244 0.242621129239953 0.242615703774294 0.242610277943736 0.242604851748753 0.24259942518982 0.242593998267414 0.242588570982015 0.242583143334103
0.153681214880788 0.281664019725162 0.281662653096534 0.281661286920198 0.281659921197045 0.28165855592797 0.281657191113871 0.281655826755648 0.281654462854204 0.281653099410445
0.146215657167628 0.286565326255777 0.286566350053657 0.286567374192518 0.286568398672942 0.286569423495515 0.286570448660822 0.286571474169452 0.286572500021994 0.286573526219041
0.175102743808861 0.286248391036485 0.286249213222876 0.286250035658708 0.286250858344467 0.286251681280644 0.286252504467728 0.286253327906214 0.286254151596593 0.286254975539362
0.146716636388436 0.284670536390795 0.284671440627856 0.284672345142286 0.28467324993458 0.284674155005237 0.284675060354756 0.284675965983638 0.284676871892387 0.284677778081507
0.141130324230963 0.286936010956179 0.286937107839119 0.286938205053628 0.286939302600337 0.286940400479883 0.2869414986929 0.286942597240028 0.286943696121909 0.286944795339184
0.121210752518938 0.300452044756281 0.300450180600178 0.300448316558929 0.300446452633057 0.300444588823086 0.300442725129544 0.300440861552957 0.300438998093855 0.300437134752771
0.137124938501943 0.284917181565282 0.284918182170172 0.284919183169421 0.284920184563703 0.284921186353698 0.284922188540085 0.284923191123547 0.284924194104768 0.284925197484434
0.119533459041994 0.26766418574312 0.26765733526422 0.267650483757154 0.267643631221809 0.267636777658069 0.267629923065824 0.267623067444959 0.267616210795366 0.267609353116934
0.137609428275603 0.287671056862515 0.28767219184012 0.28767332716926 0.287674462850522 0.287675598884496 0.287676735271772 0.287677872012943 0.287679009108604 0.287680146559351
0.143253984230477 0.271543810752776 0.271543421688904 0.27154303292231 0.27154264445357 0.271542256283265 0.271541868411973 0.271541480840279 0.271541093568766 0.271540706598022
0.146824963874336 0.298652752975522 0.298652365579921 0.298651978547913 0.298651591880257 0.298651205577717 0.298650819641058 0.29865043407105 0.298650048868464 0.298649664034073
0.155495557600584 0.286231058189634 0.286232138761593 0.286233219655332 0.286234300871423 0.286235382410436 0.286236464272944 0.286237546459523 0.286238628970747 0.286239711807196
0.13797180602704 0.286597207539891 0.286598293344561 0.286599379506466 0.286600466026237 0.286601552904507 0.286602640141909 0.28660372773908 0.286604815696658 0.286605904015283
0.17061025023039 0.280799300855192 0.280797623532395 0.280795946421172 0.280794269522035 0.280792592835502 0.28079091636209 0.280789240102315 0.2807875640567 0.280785888225765
0.127777497631091 0.286680813047087 0.286681893891051 0.286682975078002 0.28668405660854 0.286685138483263 0.286686220702773 0.286687303267671 0.286688386178566 0.286689469436061
0.12704160178008 0.287940505343368 0.287941662463543 0.287942820019096 0.287943978010758 0.287945136439264 0.287946295305349 0.287947454609751 0.287948614353212 0.287949774536474
0.150790903887209 0.302976784461178 0.302973995952889 0.30297120764471 0.302968419537177 0.302965631630826 0.302962843926197 0.302960056423827 0.302957269124259 0.302954482028037
0.159284790005356 0.277686593641716 0.277682974206645 0.277679355035061 0.277675736127685 0.277672117485239 0.277668499108449 0.277664880998039 0.27766126315474 0.277657645579284
0.176391452141613 0.273779627845961 0.273779017795387 0.273778407986729 0.273777798420597 0.273777189097604 0.273776580018367 0.273775971183504 0.273775362593634 0.27377475424938
0.146267171264639 0.284603710103686 0.284604629310899 0.284605548901656 0.284606468876757 0.284607389237003 0.284608309983198 0.28460923111615 0.284610152636669 0.284611074545566
0.124961753588546 0.268985743148636 0.268985571217402 0.268985399604524 0.268985228310562 0.26898505733608 0.268984886681638 0.268984716347802 0.26898454633514 0.268984376644219
0.156567735553458 0.287636966259252 0.287634428463136 0.287631891086885 0.287629354131724 0.287626817598883 0.2876242814896 0.287621745805112 0.287619210546667 0.28761667571551
0.146289912920566 0.285756418477071 0.285757304357941 0.285758190480228 0.285759076844383 0.285759963450859 0.28576085030011 0.285761737392592 0.285762624728761 0.285763512309075
0.146289241869021 0.285868061852313 0.285866684132867 0.285865306704349 0.285863929567344 0.285862552722438 0.285861176170218 0.285859799911274 0.285858423946199 0.285857048275584
0.136591594215459 0.285844555433482 0.285845707403024 0.285846859814331 0.285848012668164 0.285849165965283 0.285850319706451 0.285851473892437 0.285852628524006 0.285853783601932
0.155719301979026 0.28685696398373 0.286857969738405 0.286858975885147 0.286859982424733 0.286860989357945 0.286861996685565 0.286863004408378 0.286864012527174 0.286865021042743
0.151635547369049 0.286119747992153 0.286120737261093 0.286121726847523 0.286122716751996 0.286123706975068 0.286124697517294 0.286125688379234 0.286126679561447 0.286127671064495
0.131952350915411 0.286759480226066 0.286760712823373 0.286761945883204 0.286763179406318 0.286764413393478 0.286765647845449 0.286766882762997 0.286768118146893 0.286769353997906
0.135192719022552 0.268041134652052 0.268041030198263 0.26804092609011 0.268040822328238 0.268040718913299 0.26804061584594 0.268040513126817 0.268040410756583 0.268040308735895
0.137320779272912 0.286173161733158 0.286171762912635 0.286170364395834 0.286168966183313 0.286167568275629 0.286166170673344 0.286164773377018 0.286163376387215 0.2861619797045
0.121698999376991 0.225717256413952 0.225709987283503 0.225702716514522 0.225695444105964 0.225688170056788 0.225680894365947 0.225673617032398 0.225666338055093 0.225659057432985
0.132201550181357 0.302129177924859 0.302127769145687 0.302126360797118 0.302124952880238 0.302123545396141 0.302122138345922 0.302120731730681 0.302119325551524 0.302117919809556
0.109632378660844 0.230081780937267 0.230074988008591 0.230068193718709 0.230061398067064 0.230054601053101 0.230047802676264 0.230041002936 0.230034201831754 0.230027399362974
0.134243448431219 0.256625705979496 0.256622740300101 0.256619774821159 0.25661680954369 0.256613844468724 0.256610879597288 0.256607914930419 0.256604950469155 0.256601986214537
0.117421247847786 0.279453072280633 0.279453212570026 0.279453353313915 0.279453494513094 0.279453636168361 0.279453778280515 0.279453920850358 0.279454063878693 0.279454207366327
0.154273297073504 0.285137310318511 0.285138300078703 0.285139290179625 0.285140280621844 0.285141271405927 0.285142262532446 0.285143254001969 0.285144245815073 0.28514523797233
0.129272046093661 0.274346930272884 0.274346796796467 0.274346663696859 0.274346530974715 0.274346398630693 0.274346266665451 0.274346135079652 0.27434600387396 0.274345873049038
0.160780099389422 0.280246500007364 0.280246090884568 0.280245681962433 0.280245273241371 0.280244864721794 0.280244456404115 0.28024404828875 0.280243640376114 0.280243232666625
0.153371359765249 0.285773182277056 0.285774120181455 0.285775058384224 0.285775996885904 0.285776935687035 0.28577787478816 0.285778814189823 0.285779753892572 0.285780693896952
0.158397210798355 0.285379176760771 0.285380118150788 0.285381059863054 0.285382001898214 0.285382944256913 0.2853838869398 0.285384829947528 0.285385773280748 0.285386716940117
0.150788467239533 0.286963254503256 0.286964239712338 0.286965225269034 0.286966211173998 0.286967197427884 0.286968184031348 0.286969170985048 0.286970158289645 0.2869711459458
0.178905869913243 0.283683015567594 0.28368377007179 0.283684524817629 0.283685279805574 0.283686035036089 0.283686790509639 0.283687546226691 0.283688302187713 0.283689058393175
0.136142697404617 0.272888407712338 0.272888252686132 0.272888097878343 0.27288794328938 0.272887788919655 0.272887634769578 0.272887480839562 0.272887327130021 0.272887173641371
0.119693248253605 0.282586165298781 0.282586272409583 0.282586379888245 0.282586487735325 0.282586595951379 0.282586704536966 0.282586813492645 0.28258692281898 0.282587032516531
0.156288914181761 0.285833533536621 0.28583440478442 0.285835276300395 0.285836148085054 0.285837020138904 0.285837892462454 0.285838765056216 0.285839637920701 0.285840511056426
0.139033535894983 0.284947824723857 0.284948898718835 0.284949973101355 0.284951047872098 0.28495212303175 0.284953198580994 0.28495427452052 0.284955350851017 0.284956427573177
0.14849234508537 0.322373455095657 0.322369051574474 0.322364648201358 0.322360244977289 0.322355841903248 0.322351438980223 0.3223470362092 0.322342633591172 0.322338231127135
0.170368727305805 0.299916077023334 0.299913252610965 0.299910428437958 0.299907604504876 0.299904780812282 0.29990195736074 0.299899134150815 0.299896311183076 0.29989348845809
0.127464864209046 0.267021324661321 0.26702137022744 0.267021416187948 0.267021462543544 0.267021509294931 0.267021556442814 0.2670216039879 0.267021651930896 0.267021700272513
0.136207560774541 0.265525839864862 0.26552562362927 0.265525407725894 0.265525192155412 0.26552497691851 0.26552476201587 0.265524547448183 0.265524333216136 0.265524119320422
0.138337795686432 0.248829038564713 0.248822511980209 0.248815984531526 0.248809456218734 0.248802927041904 0.248796397001107 0.248789866096419 0.248783334327916 0.248776801695675
0.127590813238703 0.239975314368494 0.23997063071247 0.239965946677698 0.239961262264576 0.23995657747351 0.239951892304906 0.239947206759171 0.239942520836715 0.239937834537951
0.169723459148521 0.285530214143546 0.285530985863306 0.285531757840919 0.285532530076886 0.285533302571709 0.285534075325892 0.285534848339942 0.285535621614365 0.28553639514967
0.156968411231239 0.28505287277013 0.28505391234633 0.285054952281583 0.285055992576512 0.285057033231746 0.285058074247913 0.285059115625645 0.285060157365573 0.285061199468332
0.111788946646454 0.276952970844119 0.276949704474175 0.276946438352115 0.276943172478661 0.276939906854538 0.276936641480473 0.276933376357192 0.276930111485427 0.276926846865909
0.141180296311805 0.285505181666196 0.285506140529174 0.285507099739207 0.285508059296972 0.285509019203153 0.285509979458429 0.28551094006349 0.285511901019021 0.285512862325712
0.151072432766731 0.306639389302816 0.30663914602564 0.306638903118907 0.306638660583211 0.306638418419144 0.306638176627303 0.306637935208284 0.306637694162686 0.306637453491111
0.163373490569976 0.28488597887646 0.284886742195675 0.284887505731914 0.284888269485588 0.28488903345711 0.284889797646891 0.284890562055347 0.284891326682894 0.284892091529947
0.137351957530663 0.286422033967861 0.286423177270475 0.286424320944489 0.286425464990541 0.286426609409277 0.286427754201341 0.286428899367378 0.286430044908038 0.286431190823971
0.133568451332469 0.294413051193514 0.294412529737953 0.294412008721156 0.29441148814394 0.294410968007121 0.294410448311521 0.294409929057962 0.29440941024727 0.29440889188027
0.164009477718591 0.287306080515577 0.287307011833372 0.287307943494648 0.28730887550004 0.287309807850186 0.287310740545724 0.287311673587296 0.287312606975544 0.287313540711113
0.150047477438763 0.296374515417564 0.296372930977163 0.296371346942971 0.29636976331578 0.296368180096387 0.296366597285591 0.29636501488419 0.296363432892989 0.29636185131279
0.151479924954992 0.285846977044509 0.285847789883341 0.285848602952939 0.285849416253737 0.285850229786171 0.285851043550681 0.285851857547704 0.285852671777682 0.285853486241057
0.113299397871162 0.287489992128954 0.287487599702159 0.287485207583685 0.287482815774175 0.287480424274276 0.287478033084635 0.287475642205899 0.28747325163872 0.287470861383752
0.184611828673172 0.291726071741084 0.291725327794812 0.291724584038511 0.291723840472576 0.291723097097405 0.291722353913396 0.29172161092095 0.291720868120465 0.291720125512346
0.133477475429621 0.286196808684786 0.286197899047277 0.286198989794897 0.286200080928336 0.286201172448282 0.286202264355429 0.286203356650472 0.286204449334108 0.286205542407034
0.160016348604925 0.301396327936854 0.301394133856943 0.301391940215806 0.301389747014689 0.301387554254843 0.301385361937526 0.301383170063996 0.301380978635522 0.301378787653373
0.112946642979794 0.262362777735582 0.262360205235588 0.262357632968456 0.262355060934865 0.262352489135494 0.262349917571026 0.262347346242145 0.262344775149536 0.262342204293887
0.138795177143645 0.285602866281781 0.285603908867999 0.285604951864799 0.285605995273023 0.285607039093518 0.285608083327131 0.285609127974714 0.285610173037123 0.285611218515214
0.130894366992816 0.287297026287843 0.28729828106235 0.287299536207956 0.287300791725283 0.28730204761496 0.287303303877615 0.28730456051388 0.287305817524385 0.287307074909766
0.126830917565407 0.303553957553779 0.30354915596746 0.30354435417973 0.303539552191555 0.303534750003901 0.303529947617741 0.303525145034048 0.303520342253801 0.303515539277983
0.148309163018356 0.26212746073018 0.262126197032194 0.262124933653974 0.262123670596173 0.262122407859446 0.26212114544445 0.262119883351844 0.262118621582288 0.262117360136444
0.0826861422955224 0.319196450870657 0.319177440453176 0.319158421691246 0.319139394579161 0.319120359111219 0.319101315281723 0.319082263084978 0.319063202515296 0.319044133566991
0.126858303225129 0.27749633863086 0.277495977213313 0.27749561610314 0.277495255300871 0.277494894807036 0.277494534622169 0.277494174746802 0.277493815181471 0.277493455926714
0.114955390044406 0.297620072738401 0.297620153438653 0.297620235048776 0.297620317570366 0.297620401005024 0.297620485354355 0.29762057061997 0.297620656803484 0.297620743906515
0.142704886106145 0.286087428235722 0.286088605936426 0.28608978403617 0.286090962535646 0.286092141435545 0.286093320736561 0.286094500439392 0.286095680544736 0.286096861053292
0.141694878146543 0.265180089669425 0.265178752795508 0.26517741620578 0.265176079900828 0.26517474388124 0.265173408147605 0.265172072700514 0.265170737540562 0.265169402668342
0.182944465377939 0.307055059659371 0.307054431638702 0.307053803866324 0.307053176342773 0.307052549068587 0.307051922044304 0.307051295270466 0.307050668747613 0.307050042476292
0.0982873288413844 0.278018335832594 0.278014538474001 0.278010741333182 0.278006944411707 0.27800314771115 0.277999351233092 0.277995554979119 0.277991758950824 0.277987963149805
0.122748848124113 0.295143254336677 0.29514346107806 0.295143668741434 0.295143877328859 0.295144086842404 0.295144297284147 0.295144508656171 0.295144720960567 0.295144934199435
0.136607719124515 0.28557179811886 0.285572915518421 0.285574033386425 0.285575151723801 0.285576270531481 0.285577389810401 0.285578509561498 0.285579629785713 0.285580750483992
0.175598429804127 0.292365947436174 0.292365721279984 0.29236549543198 0.292365269892769 0.29236504466296 0.292364819743163 0.292364595133988 0.292364370836052 0.292364146849969
0.163112531311441 0.261585889361176 0.26158407261801 0.261582255923526 0.261580439278038 0.261578622681863 0.261576806135318 0.261574989638721 0.261573173192393 0.261571356796652
0.130644293138031 0.275193261962855 0.275193076773842 0.275192891999337 0.275192707640133 0.275192523697023 0.275192340170806 0.27519215706228 0.275191974372247 0.275191792101512
0.108726390530973 0.266331310085882 0.266327914710143 0.266324519548673 0.266321124602415 0.266317729872315 0.26631433535932 0.266310941064382 0.266307546988454 0.266304153132492
