-0.47134 -0.00215914 0.00262392 -0.00240808 -0.00027791 -0.0175902 -0.00283748 -0.00236723 0.498827 -0.0118915 
-0.498137 -0.00150155 0.00183313 -0.00110198 0.000714171 -0.0158099 -0.00197955 -0.00235534 0.490511 -0.00678457 
-0.498137 -0.00150155 0.00183313 -0.00110198 0.000714171 -0.0158099 -0.00197955 -0.00235534 0.490511 -0.00678457 
-0.47134 -0.00215914 0.00262392 -0.00240808 -0.00027791 -0.0175902 -0.00283748 -0.00236723 0.498827 -0.0118915 
-0.935611 -0.202058 -0.172875 0.138024 -0.101929 0.0854783 -0.0835856 -0.0469384 -0.116009 0.00538868 
-0.498137 -0.00150155 0.00183313 -0.00110198 0.000714171 -0.0158099 -0.00197955 -0.00235534 0.490511 -0.00678457 
-0.812332 0.276056 -0.0551702 0.035225 -0.0777945 0.102618 0.0402382 0.0650868 0.0417493 -0.0280011 
-0.461753 -0.00391639 0.00961365 0.000567982 0.00589916 -0.0482509 -0.0180632 0.00409168 0.486444 -0.104219 
-0.46833 -0.00240876 0.00322286 -0.00293436 -0.000313979 -0.0188267 -0.0038148 -0.0027199 0.50244 -0.0165818 
-0.498137 -0.00150155 0.00183313 -0.00110198 0.000714171 -0.0158099 -0.00197955 -0.00235534 0.490511 -0.00678457 
-0.352431 -0.000372545 0.00553087 -0.00725482 -0.0389304 0.0819583 -0.0343867 0.0244714 0.64166 0.044728 
-0.413598 -0.00350133 -0.00115164 -0.014831 -0.0170477 0.010242 0.0262313 -0.0307682 0.566094 0.035903 
-0.295449 -0.0100944 -0.0143368 -0.0312208 -0.0531464 0.030558 0.0832296 -0.0759569 0.656918 0.0982312 
-0.498137 -0.00150155 0.00183313 -0.00110198 0.000714171 -0.0158099 -0.00197955 -0.00235534 0.490511 -0.00678457 
-0.498137 -0.00150155 0.00183313 -0.00110198 0.000714171 -0.0158099 -0.00197955 -0.00235534 0.490511 -0.00678457 
-0.498137 -0.00150155 0.00183313 -0.00110198 0.000714171 -0.0158099 -0.00197955 -0.00235534 0.490511 -0.00678457 
-0.559909 -0.0601627 -0.0248419 0.0132959 0.0210274 0.060179 -0.00702426 -0.0255366 0.411995 -0.0252106 
-0.594845 0.0860111 -0.0474992 -0.0551929 0.0286616 -0.0287509 -0.00617644 0.0123436 0.364877 0.0192562 
-0.498137 -0.00150155 0.00183313 -0.00110198 0.000714171 -0.0158099 -0.00197955 -0.00235534 0.490511 -0.00678457 
-0.570285 0.0968757 -0.0535864 -0.0562943 0.0194541 -0.0247829 -0.0269424 0.0188231 0.372209 0.0231674 
-0.515915 0.00954929 0.0197302 0.0920309 0.0649424 -0.029116 0.0112848 0.0110833 0.449974 0.0242367 
-0.47134 -0.00215914 0.00262392 -0.00240808 -0.00027791 -0.0175902 -0.00283748 -0.00236723 0.498827 -0.0118915 
-0.498137 -0.00150155 0.00183313 -0.00110198 0.000714171 -0.0158099 -0.00197955 -0.00235534 0.490511 -0.00678457 
-0.498137 -0.00150155 0.00183313 -0.00110198 0.000714171 -0.0158099 -0.00197955 -0.00235534 0.490511 -0.00678457 
-0.498137 -0.00150155 0.00183313 -0.00110198 0.000714171 -0.0158099 -0.00197955 -0.00235534 0.490511 -0.00678457 
-0.352431 -0.000372545 0.00553087 -0.00725482 -0.0389304 0.0819583 -0.0343867 0.0244714 0.64166 0.044728 
-0.455645 -0.00337059 0.00682699 -0.00113038 0.0026947 -0.0355156 -0.0116972 0.00188583 0.493643 -0.0667153 
-0.527189 0.0443393 0.0262604 0.00254173 -0.0281422 -0.0132139 0.0116175 0.00201094 0.418345 -0.0417348 
-0.429975 0.0393076 0.00980372 0.0531553 -0.0969434 0.138577 -0.0684909 0.0268322 0.543839 0.055154 
-0.498137 -0.00150155 0.00183313 -0.00110198 0.000714171 -0.0158099 -0.00197955 -0.00235534 0.490511 -0.00678457 
-0.605671 0.125665 -0.152574 -0.124871 0.110474 0.0420995 0.0271957 0.0415475 0.300731 0.0223354 
-0.487706 -0.00577453 0.0204687 -0.0124587 0.00279387 -0.037016 -0.00242466 -0.0270107 0.479096 -0.00409474 
-0.290958 -0.00128619 0.00671773 -0.0122818 -0.0489766 0.108252 -0.0419958 0.0328247 0.691139 0.0577344 
-0.53251 0.0117033 0.0234941 -0.0298111 0.0255714 0.0433481 0.0205407 -0.00598395 0.439789 -0.0120393 
-0.481126 -0.00280731 0.00623212 7.84864e-05 0.00397625 -0.0344495 -0.0112044 0.0011233 0.487142 -0.0621898 
-0.498137 -0.00150155 0.00183313 -0.00110198 0.000714171 -0.0158099 -0.00197955 -0.00235534 0.490511 -0.00678457 
-0.594845 0.0860111 -0.0474992 -0.0551929 0.0286616 -0.0287509 -0.00617644 0.0123436 0.364877 0.0192562 
-0.498137 -0.00150155 0.00183313 -0.00110198 0.000714171 -0.0158099 -0.00197955 -0.00235534 0.490511 -0.00678457 
-0.498137 -0.00150155 0.00183313 -0.00110198 0.000714171 -0.0158099 -0.00197955 -0.00235534 0.490511 -0.00678457 
-0.571936 -0.0530044 -0.0660739 0.0251043 -0.0672425 -0.0910365 0.0759724 -0.0235528 0.361459 -0.000378996 
-0.815397 -0.193196 0.0441137 -0.0602568 -0.088499 -0.169073 0.0549675 0.111932 0.0270279 0.0702662 
-0.46833 -0.00240876 0.00322286 -0.00293436 -0.000313979 -0.0188267 -0.0038148 -0.0027199 0.50244 -0.0165818 
-0.442849 -0.00297205 0.00381772 -0.00414323 -0.00159552 -0.0198929 -0.00430752 -0.00195737 0.508941 -0.0211073 
-0.498137 -0.00150155 0.00183313 -0.00110198 0.000714171 -0.0158099 -0.00197955 -0.00235534 0.490511 -0.00678457 
-0.707301 -0.115325 -0.173931 0.0374896 -0.0121552 0.103069 0.10939 -0.0350602 0.196134 -0.0406884 
-0.837767 -0.234566 0.05648 -0.0973683 0.128633 0.265576 -0.00267402 -0.00336475 0.0122028 -0.010956 
-0.498137 -0.00150155 0.00183313 -0.00110198 0.000714171 -0.0158099 -0.00197955 -0.00235534 0.490511 -0.00678457 
-0.680794 0.112354 -0.166022 -0.0848257 0.0758305 -0.155043 -0.156171 -0.0568919 0.173837 0.0744389 
-0.47134 -0.00215914 0.00262392 -0.00240808 -0.00027791 -0.0175902 -0.00283748 -0.00236723 0.498827 -0.0118915 
-0.47134 -0.00215914 0.00262392 -0.00240808 -0.00027791 -0.0175902 -0.00283748 -0.00236723 0.498827 -0.0118915 
-0.588058 -0.0466611 0.137163 -0.0776563 0.0163184 -0.0845224 0.00433484 -0.0885234 0.303225 0.0292896 
-0.622393 0.140783 -0.0928449 -0.115601 0.0787903 0.086256 0.0859059 0.0426761 0.287332 -0.00156949 
-0.498137 -0.00150155 0.00183313 -0.00110198 0.000714171 -0.0158099 -0.00197955 -0.00235534 0.490511 -0.00678457 
-0.498137 -0.00150155 0.00183313 -0.00110198 0.000714171 -0.0158099 -0.00197955 -0.00235534 0.490511 -0.00678457 
-0.413598 -0.00350133 -0.00115164 -0.014831 -0.0170477 0.010242 0.0262313 -0.0307682 0.566094 0.035903 
-0.47134 -0.00215914 0.00262392 -0.00240808 -0.00027791 -0.0175902 -0.00283748 -0.00236723 0.498827 -0.0118915 
-1.03928 0.261973 0.201058 -0.041619 -0.0782426 0.0820254 0.0163031 -0.0477559 -0.269221 0.0175269 
-0.498137 -0.00150155 0.00183313 -0.00110198 0.000714171 -0.0158099 -0.00197955 -0.00235534 0.490511 -0.00678457 
-0.656283 -0.0167425 0.123764 -0.0555624 0.00123355 -0.0391545 0.00771706 -0.0475467 0.275231 0.0239504 
-0.498137 -0.00150155 0.00183313 -0.00110198 0.000714171 -0.0158099 -0.00197955 -0.00235534 0.490511 -0.00678457 
-0.479287 0.012259 0.0360621 0.185275 0.161758 -0.0595448 0.0381882 0.0254195 0.424481 0.0627436 
-0.551121 0.0490431 1.87097e-05 0.0582067 -0.0665064 0.0447768 -0.0568498 0.00648491 0.400022 0.0075527 
-0.47134 -0.00215914 0.00262392 -0.00240808 -0.00027791 -0.0175902 -0.00283748 -0.00236723 0.498827 -0.0118915 
-0.498137 -0.00150155 0.00183313 -0.00110198 0.000714171 -0.0158099 -0.00197955 -0.00235534 0.490511 -0.00678457 
-0.479405 0.0123506 0.0351274 0.181281 0.155926 -0.0568515 0.0366916 0.0253859 0.424229 0.0626655 
-0.498137 -0.00150155 0.00183313 -0.00110198 0.000714171 -0.0158099 -0.00197955 -0.00235534 0.490511 -0.00678457 
-0.432112 -0.00311198 -0.000564944 -0.010969 -0.0127137 0.0013138 0.0191451 -0.0226862 0.544358 0.0228293 
-0.515915 0.00954929 0.0197302 0.0920309 0.0649424 -0.029116 0.0112848 0.0110833 0.449974 0.0242367 
-0.572931 0.0541564 0.0323999 0.0368976 -0.0281424 -0.00166443 0.00648206 0.00643242 0.390666 -0.0242827 
-0.473577 0.00936296 -0.00425414 -0.00220341 -0.00849334 -0.0118419 -0.0227455 0.00412414 0.497843 -0.00287333 
-0.572931 0.0541564 0.0323999 0.0368976 -0.0281424 -0.00166443 0.00648206 0.00643242 0.390666 -0.0242827 
-0.618547 -0.0347426 0.0861072 -0.0467391 0.0108782 -0.0297841 0.00458314 -0.0258627 0.338235 0.019537 
-0.498137 -0.00150155 0.00183313 -0.00110198 0.000714171 -0.0158099 -0.00197955 -0.00235534 0.490511 -0.00678457 
-0.498137 -0.00150155 0.00183313 -0.00110198 0.000714171 -0.0158099 -0.00197955 -0.00235534 0.490511 -0.00678457 
-0.498137 -0.00150155 0.00183313 -0.00110198 0.000714171 -0.0158099 -0.00197955 -0.00235534 0.490511 -0.00678457 
-0.47134 -0.00215914 0.00262392 -0.00240808 -0.00027791 -0.0175902 -0.00283748 -0.00236723 0.498827 -0.0118915 
-0.512218 -0.0254215 0.0100774 -0.0195063 -0.0244795 -0.0725685 0.00349628 0.0692635 0.448389 0.00840584 
-0.46833 -0.00240876 0.00322286 -0.00293436 -0.000313979 -0.0188267 -0.0038148 -0.0027199 0.50244 -0.0165818 
-0.476969 0.00137727 0.00631592 -0.0014496 -0.00433242 -0.0209516 -0.00035887 -0.00129688 0.492724 -0.0244912 
-0.498137 -0.00150155 0.00183313 -0.00110198 0.000714171 -0.0158099 -0.00197955 -0.00235534 0.490511 -0.00678457 
-0.586088 -0.0748065 0.00604688 -0.0113301 -0.00312902 -0.0100846 -0.0275504 0.0554388 0.375551 0.00615671 
-0.498137 -0.00150155 0.00183313 -0.00110198 0.000714171 -0.0158099 -0.00197955 -0.00235534 0.490511 -0.00678457 
-0.523699 0.0190439 0.0286097 -0.00411942 -0.0107903 -0.0187082 -7.92055e-05 -0.0169986 0.441613 -0.00927679 
-0.584755 -0.0485237 -0.0575958 0.0231352 -0.0550707 -0.0699323 0.0582859 -0.0167685 0.370264 0.00513077 
-0.482898 -0.0107156 -0.0101913 -0.029319 0.0412843 0.0361816 0.00364372 0.00764204 0.493048 -0.00828448 
-0.498137 -0.00150155 0.00183313 -0.00110198 0.000714171 -0.0158099 -0.00197955 -0.00235534 0.490511 -0.00678457 
-0.46833 -0.00240876 0.00322286 -0.00293436 -0.000313979 -0.0188267 -0.0038148 -0.0027199 0.50244 -0.0165818 
-0.668253 0.104887 0.0545698 0.190441 -0.0219272 0.0416482 -0.0143579 0.0222318 0.252308 0.0171646 
-0.482402 -0.00100286 0.00658996 0.024327 0.0279682 -0.0251464 0.00546353 0.00137611 0.486148 0.00235287 
-0.498137 -0.00150155 0.00183313 -0.00110198 0.000714171 -0.0158099 -0.00197955 -0.00235534 0.490511 -0.00678457 
-0.582293 -0.107016 0.0167769 -0.0363953 -0.035495 -0.0805727 -0.0278433 0.16142 0.330526 0.022023 
-0.498137 -0.00150155 0.00183313 -0.00110198 0.000714171 -0.0158099 -0.00197955 -0.00235534 0.490511 -0.00678457 
-0.498137 -0.00150155 0.00183313 -0.00110198 0.000714171 -0.0158099 -0.00197955 -0.00235534 0.490511 -0.00678457 
-0.481126 -0.00280731 0.00623212 7.84864e-05 0.00397625 -0.0344495 -0.0112044 0.0011233 0.487142 -0.0621898 
-0.547337 -0.00938984 -0.0469694 0.0144711 0.000509314 -0.0685358 -0.0823438 -0.0496817 0.389548 0.00309188 
-0.498137 -0.00150155 0.00183313 -0.00110198 0.000714171 -0.0158099 -0.00197955 -0.00235534 0.490511 -0.00678457 
-0.532632 -0.0535063 -0.0683829 0.0166124 -0.0777416 -0.0667401 0.0941596 -0.0416263 0.407242 0.0378452 
-0.498137 -0.00150155 0.00183313 -0.00110198 0.000714171 -0.0158099 -0.00197955 -0.00235534 0.490511 -0.00678457 
-0.485317 -0.0059823 -0.00664495 0.000867189 -0.0114576 -0.036914 0.0157069 -0.00913959 0.481706 -0.0122943 
-0.773827 -0.198763 0.080326 -0.0575196 0.0557787 0.100689 -0.0344624 0.00976438 0.123657 0.0100384 
