1.14898 -0.0181285 0.0235155 -0.0302925 -0.0107807 0.318702 -0.0289766 -0.0124105 -0.876141 -0.204662 
1.16053 -0.0326095 0.0625855 -0.0374784 -0.00495455 0.26806 -0.0874575 -0.0383472 -0.829865 -0.52405 
1.16053 -0.0326095 0.0625855 -0.0374784 -0.00495455 0.26806 -0.0874575 -0.0383472 -0.829865 -0.52405 
1.15381 -0.0282564 0.0485663 -0.0354177 -0.0027746 0.281136 -0.066515 -0.0439218 -0.833428 -0.381922 
1.14898 -0.0181285 0.0235155 -0.0302925 -0.0107807 0.318702 -0.0289766 -0.0124105 -0.876141 -0.204662 
0.94993 0.876524 -2.04775 -1.31317 1.49901 0.0203997 -1.58767 -0.240338 -1.09776 1.12541 
1.14898 -0.0181285 0.0235155 -0.0302925 -0.0107807 0.318702 -0.0289766 -0.0124105 -0.876141 -0.204662 
1.14898 -0.0181285 0.0235155 -0.0302925 -0.0107807 0.318702 -0.0289766 -0.0124105 -0.876141 -0.204662 
1.08333 -0.21649 1.03383 -0.55175 0.171926 0.01268 0.030517 -1.37432 -0.942456 0.0150492 
1.14898 -0.0181285 0.0235155 -0.0302925 -0.0107807 0.318702 -0.0289766 -0.0124105 -0.876141 -0.204662 
0.713729 0.916957 2.0833 -0.594172 -0.63394 0.354217 0.27175 -1.29442 -1.29718 0.404652 
1.00434 -0.731896 0.257512 -0.515216 -0.832756 -0.158362 0.652718 1.47117 -1.13193 0.792266 
0.804424 0.977826 1.30001 -0.257975 -0.644323 0.464922 0.165096 -0.684967 -1.20711 0.0710042 
1.14898 -0.0181285 0.0235155 -0.0302925 -0.0107807 0.318702 -0.0289766 -0.0124105 -0.876141 -0.204662 
0.189699 2.00299 0.261788 2.63532 -3.6954 1.64242 -2.01965 0.33183 -1.42029 0.835626 
0.750441 -1.65587 0.920042 -0.921969 1.52777 1.2842 -0.473322 -0.0191221 -1.00271 -0.180177 
1.14898 -0.0181285 0.0235155 -0.0302925 -0.0107807 0.318702 -0.0289766 -0.0124105 -0.876141 -0.204662 
1.14898 -0.0181285 0.0235155 -0.0302925 -0.0107807 0.318702 -0.0289766 -0.0124105 -0.876141 -0.204662 
1.14898 -0.0181285 0.0235155 -0.0302925 -0.0107807 0.318702 -0.0289766 -0.0124105 -0.876141 -0.204662 
1.14898 -0.0181285 0.0235155 -0.0302925 -0.0107807 0.318702 -0.0289766 -0.0124105 -0.876141 -0.204662 
1.10494 0.0325081 0.249824 1.23806 1.5371 0.200251 0.51329 0.36536 -0.876199 0.78326 
1.14898 -0.0181285 0.0235155 -0.0302925 -0.0107807 0.318702 -0.0289766 -0.0124105 -0.876141 -0.204662 
0.354376 2.83362 1.72611 1.617 -1.89761 0.831937 0.604691 0.59958 -1.47435 -0.695166 
1.14898 -0.0181285 0.0235155 -0.0302925 -0.0107807 0.318702 -0.0289766 -0.0124105 -0.876141 -0.204662 
1.07542 0.518315 -0.597912 -0.762973 0.61637 0.56369 0.990421 0.574978 -0.849243 -0.31136 
1.15381 -0.0282564 0.0485663 -0.0354177 -0.0027746 0.281136 -0.066515 -0.0439218 -0.833428 -0.381922 
1.14898 -0.0181285 0.0235155 -0.0302925 -0.0107807 0.318702 -0.0289766 -0.0124105 -0.876141 -0.204662 
1.14898 -0.0181285 0.0235155 -0.0302925 -0.0107807 0.318702 -0.0289766 -0.0124105 -0.876141 -0.204662 
1.14354 -0.0669456 0.226781 0.0758489 0.155686 0.102592 -0.385059 0.144233 -0.848822 -2.48622 
1.14898 -0.0181285 0.0235155 -0.0302925 -0.0107807 0.318702 -0.0289766 -0.0124105 -0.876141 -0.204662 
1.14898 -0.0181285 0.0235155 -0.0302925 -0.0107807 0.318702 -0.0289766 -0.0124105 -0.876141 -0.204662 
1.13072 -0.0825145 0.29541 0.120406 0.230198 0.0238122 -0.511472 0.176765 -0.837402 -3.24396 
1.57146 0.108539 0.177106 -0.177649 -2.11798 1.7674 -2.10045 1.67774 0.204059 2.26197 
1.1103 0.0365763 0.203891 1.05941 1.25298 0.251697 0.429391 0.340606 -0.902063 0.749983 
1.14898 -0.0181285 0.0235155 -0.0302925 -0.0107807 0.318702 -0.0289766 -0.0124105 -0.876141 -0.204662 
1.15381 -0.0282564 0.0485663 -0.0354177 -0.0027746 0.281136 -0.066515 -0.0439218 -0.833428 -0.381922 
1.4015 -0.0479102 -0.253791 -0.598022 -0.901184 0.605233 1.59255 -2.22625 -0.355536 2.61954 
1.14898 -0.0181285 0.0235155 -0.0302925 -0.0107807 0.318702 -0.0289766 -0.0124105 -0.876141 -0.204662 
1.27821 -0.216977 -0.665043 -0.278746 -1.2231 0.314204 2.10569 -1.78225 -0.630858 1.96407 
1.14898 -0.0181285 0.0235155 -0.0302925 -0.0107807 0.318702 -0.0289766 -0.0124105 -0.876141 -0.204662 
1.14898 -0.0181285 0.0235155 -0.0302925 -0.0107807 0.318702 -0.0289766 -0.0124105 -0.876141 -0.204662 
1.14898 -0.0181285 0.0235155 -0.0302925 -0.0107807 0.318702 -0.0289766 -0.0124105 -0.876141 -0.204662 
1.14898 -0.0181285 0.0235155 -0.0302925 -0.0107807 0.318702 -0.0289766 -0.0124105 -0.876141 -0.204662 
1.15381 -0.0282564 0.0485663 -0.0354177 -0.0027746 0.281136 -0.066515 -0.0439218 -0.833428 -0.381922 
1.10722 0.149158 0.268149 0.0308684 -0.223594 0.203407 0.0845361 -0.0161993 -0.864189 -1.17287 
0.0440905 -1.73968 4.63177 -2.71914 0.313785 0.548695 0.659476 -1.18428 -1.81402 2.00909 
1.32888 -0.0423951 -0.195116 -0.428055 -0.675558 0.507832 1.19567 -1.59002 -0.516349 1.79809 
0.229535 -3.81199 0.208435 -0.896284 -0.500423 0.748699 -1.46896 3.56802 -1.59435 1.39595 
0.879078 0.569551 0.952745 4.46308 3.44294 0.252869 1.02342 1.27626 -1.01305 2.77672 
1.15003 -0.0393317 0.105969 0.00605268 0.0498898 0.228578 -0.170224 0.0410123 -0.853127 -1.10239 
1.14898 -0.0181285 0.0235155 -0.0302925 -0.0107807 0.318702 -0.0289766 -0.0124105 -0.876141 -0.204662 
1.12033 -0.425263 0.133086 -0.338117 -0.370375 0.0948839 -0.368538 2.0379 -0.924282 0.164379 
1.15381 -0.0282564 0.0485663 -0.0354177 -0.0027746 0.281136 -0.066515 -0.0439218 -0.833428 -0.381922 
1.14898 -0.0181285 0.0235155 -0.0302925 -0.0107807 0.318702 -0.0289766 -0.0124105 -0.876141 -0.204662 
1.14898 -0.0181285 0.0235155 -0.0302925 -0.0107807 0.318702 -0.0289766 -0.0124105 -0.876141 -0.204662 
1.14898 -0.0181285 0.0235155 -0.0302925 -0.0107807 0.318702 -0.0289766 -0.0124105 -0.876141 -0.204662 
1.14898 -0.0181285 0.0235155 -0.0302925 -0.0107807 0.318702 -0.0289766 -0.0124105 -0.876141 -0.204662 
1.08608 -0.193306 0.896702 -0.489684 0.13536 0.0992211 0.0543488 -1.05798 -0.963354 0.112271 
1.01352 0.40079 -1.04586 -0.52106 0.61838 -0.11758 -1.90665 -0.813164 -1.1083 0.882963 
1.14898 -0.0181285 0.0235155 -0.0302925 -0.0107807 0.318702 -0.0289766 -0.0124105 -0.876141 -0.204662 
1.14898 -0.0181285 0.0235155 -0.0302925 -0.0107807 0.318702 -0.0289766 -0.0124105 -0.876141 -0.204662 
0.65224 -0.389404 -2.42879 0.525189 -0.144125 -0.126076 -3.90415 -2.12879 -1.46085 1.03501 
0.979413 -1.23562 0.429443 -0.985249 -1.42481 -0.570999 0.353862 4.41742 -1.17868 1.28826 
1.15381 -0.0282564 0.0485663 -0.0354177 -0.0027746 0.281136 -0.066515 -0.0439218 -0.833428 -0.381922 
1.29507 -0.0273342 0.0581256 -0.19743 -0.491389 0.70892 -0.510173 0.498515 -0.549994 0.489234 
0.447932 -2.43945 -3.31667 0.998308 -3.38346 -0.290591 3.71774 -0.51817 -1.61688 0.705994 
0.242974 -3.05189 -1.45957 0.380104 0.866493 1.91422 -0.257715 -1.36351 -1.31483 -1.14918 
1.14898 -0.0181285 0.0235155 -0.0302925 -0.0107807 0.318702 -0.0289766 -0.0124105 -0.876141 -0.204662 
1.14898 -0.0181285 0.0235155 -0.0302925 -0.0107807 0.318702 -0.0289766 -0.0124105 -0.876141 -0.204662 
0.858365 -0.47133 -0.66689 -1.5518 2.29124 1.28008 0.293555 0.562864 -0.823181 -0.245299 
1.14898 -0.0181285 0.0235155 -0.0302925 -0.0107807 0.318702 -0.0289766 -0.0124105 -0.876141 -0.204662 
1.09028 -0.0577361 -0.259086 0.107298 0.0288883 0.120817 -1.02265 -0.694524 -0.953978 -0.140086 
1.14898 -0.0181285 0.0235155 -0.0302925 -0.0107807 0.318702 -0.0289766 -0.0124105 -0.876141 -0.204662 
1.14898 -0.0181285 0.0235155 -0.0302925 -0.0107807 0.318702 -0.0289766 -0.0124105 -0.876141 -0.204662 
1.08608 -0.193306 0.896702 -0.489684 0.13536 0.0992211 0.0543488 -1.05798 -0.963354 0.112271 
1.14898 -0.0181285 0.0235155 -0.0302925 -0.0107807 0.318702 -0.0289766 -0.0124105 -0.876141 -0.204662 
0.779048 1.04901 1.48895 -0.267764 -0.719102 0.413836 0.160512 -0.919918 -1.20404 -0.0572491 
1.14898 -0.0181285 0.0235155 -0.0302925 -0.0107807 0.318702 -0.0289766 -0.0124105 -0.876141 -0.204662 
1.07977 0.56011 -0.330988 -0.0552896 -0.495016 0.387012 -1.30997 0.365667 -0.800695 0.168156 
1.15381 -0.0282564 0.0485663 -0.0354177 -0.0027746 0.281136 -0.066515 -0.0439218 -0.833428 -0.381922 
1.14898 -0.0181285 0.0235155 -0.0302925 -0.0107807 0.318702 -0.0289766 -0.0124105 -0.876141 -0.204662 
1.09951 -0.226098 -0.465666 0.132624 -0.644089 -0.0242116 1.07497 -0.361891 -0.935346 -0.478883 
0.562276 2.19009 1.135 0.00397818 -1.48757 0.656589 0.757309 0.201674 -1.35736 -0.970346 
1.14898 -0.0181285 0.0235155 -0.0302925 -0.0107807 0.318702 -0.0289766 -0.0124105 -0.876141 -0.204662 
1.14898 -0.0181285 0.0235155 -0.0302925 -0.0107807 0.318702 -0.0289766 -0.0124105 -0.876141 -0.204662 
0.474358 0.672054 1.20295 -1.7158 1.28134 1.53876 1.38881 -0.285789 -1.17154 -0.365565 
1.1582 -0.0414563 0.0878304 -0.0364522 0.0147132 0.228763 -0.131103 -0.085175 -0.795184 -0.70346 
0.190425 4.46954 -2.7267 -3.12812 1.43008 0.468873 -0.387898 1.10078 -1.60521 1.6979 
1.01352 0.40079 -1.04586 -0.52106 0.61838 -0.11758 -1.90665 -0.813164 -1.1083 0.882963 
0.846405 -0.768714 -1.0768 0.878365 -0.812954 0.508091 -1.0328 -0.645919 -1.15086 -0.117194 
1.14898 -0.0181285 0.0235155 -0.0302925 -0.0107807 0.318702 -0.0289766 -0.0124105 -0.876141 -0.204662 
1.1582 -0.0414563 0.0878304 -0.0364522 0.0147132 0.228763 -0.131103 -0.085175 -0.795184 -0.70346 
1.10892 0.0362883 0.209678 1.08574 1.30279 0.244803 0.447163 0.342793 -0.905679 0.748443 
0.467611 -2.07224 -1.83868 0.596141 0.201851 1.48524 0.240436 -1.11424 -1.25388 -0.957623 
0.946235 1.02926 -0.330761 0.18264 -0.65554 0.568231 0.437605 0.857845 -1.00962 -0.639373 
1.14898 -0.0181285 0.0235155 -0.0302925 -0.0107807 0.318702 -0.0289766 -0.0124105 -0.876141 -0.204662 
1.15381 -0.0282564 0.0485663 -0.0354177 -0.0027746 0.281136 -0.066515 -0.0439218 -0.833428 -0.381922 
1.07025 0.0909931 0.390054 2.17545 2.56655 0.177798 0.90553 0.69581 -0.931601 1.70309 
1.1103 0.0365763 0.203891 1.05941 1.25298 0.251697 0.429391 0.340606 -0.902063 0.749983 
0.659547 1.62382 -3.08823 -1.07107 0.788183 1.22424 3.08521 1.6444 -1.03484 -1.19296 
