-0.450016 -0.00334422 0.00409334 0.0145644 0.00257307 -0.203859 -0.00349012 -0.00363438 0.461159 -0.014089 
-0.474596 -0.00248939 0.00275979 0.014527 0.00255341 -0.19709 -0.00235933 -0.00317109 0.459058 -0.00797551 
-0.474596 -0.00248939 0.00275979 0.014527 0.00255341 -0.19709 -0.00235933 -0.00317109 0.459058 -0.00797551 
-0.450016 -0.00334422 0.00409334 0.0145644 0.00257307 -0.203859 -0.00349012 -0.00363438 0.461159 -0.014089 
-0.959961 -0.216405 -0.173245 0.188641 -0.119608 0.134292 -0.0807827 -0.038252 -0.0820705 0.0159972 
-0.474596 -0.00248939 0.00275979 0.014527 0.00255341 -0.19709 -0.00235933 -0.00317109 0.459058 -0.00797551 
-0.819854 0.291686 -0.0535335 0.0362761 -0.0905841 0.129924 0.0365201 0.0704831 0.111888 -0.028546 
-0.433568 -0.0085905 0.0178922 0.029212 0.0117575 -0.255273 -0.0168665 0.00457825 0.432466 -0.0935521 
-0.448697 -0.00380607 0.00520873 0.0152965 0.00321139 -0.210275 -0.00465554 -0.00418983 0.459887 -0.0194584 
-0.474596 -0.00248939 0.00275979 0.014527 0.00255341 -0.19709 -0.00235933 -0.00317109 0.459058 -0.00797551 
-0.32789 -0.0010848 0.00560184 -0.00381191 -0.0411141 0.0336059 -0.0335236 0.0278236 0.713406 0.0258727 
-0.382898 -0.0013142 -0.00669621 -0.0116455 -0.0178759 -0.143961 0.0226985 -0.0420564 0.56808 0.042658 
-0.246815 -0.00295206 -0.0298886 -0.0447144 -0.0579505 -0.100775 0.0758561 -0.100036 0.700264 0.114017 
-0.474596 -0.00248939 0.00275979 0.014527 0.00255341 -0.19709 -0.00235933 -0.00317109 0.459058 -0.00797551 
-0.474596 -0.00248939 0.00275979 0.014527 0.00255341 -0.19709 -0.00235933 -0.00317109 0.459058 -0.00797551 
-0.474596 -0.00248939 0.00275979 0.014527 0.00255341 -0.19709 -0.00235933 -0.00317109 0.459058 -0.00797551 
-0.576741 -0.0655946 -0.0226788 0.034379 0.0215111 -0.0136432 -0.00697846 -0.0253789 0.412301 -0.026558 
-0.558534 0.0905443 -0.0487892 -0.0740845 0.0276564 -0.206464 -0.00856389 0.0131362 0.355461 0.0171214 
-0.474596 -0.00248939 0.00275979 0.014527 0.00255341 -0.19709 -0.00235933 -0.00317109 0.459058 -0.00797551 
-0.533017 0.10158 -0.0542496 -0.0759782 0.0182468 -0.196995 -0.0298999 0.0192037 0.367522 0.0199724 
-0.493275 0.0105454 0.0172555 0.140683 0.0634616 -0.182934 0.0142 0.0156367 0.408403 0.0356173 
-0.450016 -0.00334422 0.00409334 0.0145644 0.00257307 -0.203859 -0.00349012 -0.00363438 0.461159 -0.014089 
-0.474596 -0.00248939 0.00275979 0.014527 0.00255341 -0.19709 -0.00235933 -0.00317109 0.459058 -0.00797551 
-0.474596 -0.00248939 0.00275979 0.014527 0.00255341 -0.19709 -0.00235933 -0.00317109 0.459058 -0.00797551 
-0.474596 -0.00248939 0.00275979 0.014527 0.00255341 -0.19709 -0.00235933 -0.00317109 0.459058 -0.00797551 
-0.32789 -0.0010848 0.00560184 -0.00381191 -0.0411141 0.0336059 -0.0335236 0.0278236 0.713406 0.0258727 
-0.431102 -0.00662572 0.0123958 0.0229156 0.0075893 -0.234645 -0.0113779 0.001492 0.444934 -0.0619013 
-0.514944 0.0453972 0.0300241 0.0229625 -0.0252561 -0.200513 0.0101298 -0.000442024 0.369689 -0.0429464 
-0.418548 0.0405166 0.0105603 0.0740418 -0.105845 0.185772 -0.0667058 0.0325263 0.656588 0.0389696 
-0.474596 -0.00248939 0.00275979 0.014527 0.00255341 -0.19709 -0.00235933 -0.00317109 0.459058 -0.00797551 
-0.592185 0.13261 -0.155489 -0.183668 0.109022 -0.0267695 0.0217572 0.0456404 0.357299 0.00895476 
-0.458217 -0.00703137 0.0218736 0.00088935 0.0060539 -0.23576 -0.00058803 -0.0234223 0.439107 -0.0105734 
-0.266459 -0.00200151 0.00668508 -0.0129186 -0.0517015 0.0949895 -0.0409069 0.0371918 0.790014 0.0329776 
-0.533465 0.0115768 0.0243215 -0.030884 0.0265488 -0.0622846 0.0196868 -0.00849141 0.444807 -0.0138574 
-0.454461 -0.00589024 0.0113082 0.0230258 0.00797748 -0.229949 -0.0106238 0.00112792 0.443628 -0.0563185 
-0.474596 -0.00248939 0.00275979 0.014527 0.00255341 -0.19709 -0.00235933 -0.00317109 0.459058 -0.00797551 
-0.558534 0.0905443 -0.0487892 -0.0740845 0.0276564 -0.206464 -0.00856389 0.0131362 0.355461 0.0171214 
-0.474596 -0.00248939 0.00275979 0.014527 0.00255341 -0.19709 -0.00235933 -0.00317109 0.459058 -0.00797551 
-0.474596 -0.00248939 0.00275979 0.014527 0.00255341 -0.19709 -0.00235933 -0.00317109 0.459058 -0.00797551 
-0.512587 -0.0538984 -0.069437 0.0482674 -0.068249 -0.341971 0.07806 -0.0155135 0.30184 -0.00978367 
-0.679825 -0.202589 0.0362162 -0.111331 -0.104174 -0.474043 0.0616475 0.116924 0.0142418 0.0833721 
-0.448697 -0.00380607 0.00520873 0.0152965 0.00321139 -0.210275 -0.00465554 -0.00418983 0.459887 -0.0194584 
-0.425339 -0.00454155 0.00629633 0.0151863 0.0028232 -0.214971 -0.00540959 -0.00382575 0.461193 -0.0250412 
-0.474596 -0.00248939 0.00275979 0.014527 0.00255341 -0.19709 -0.00235933 -0.00317109 0.459058 -0.00797551 
-0.733743 -0.121076 -0.176128 0.057239 -0.0176068 0.126514 0.110506 -0.0227664 0.242777 -0.0567346 
-0.927333 -0.252393 0.0578564 -0.155759 0.117667 0.505353 0.000995775 -0.00579742 0.17895 -0.00213498 
-0.474596 -0.00248939 0.00275979 0.014527 0.00255341 -0.19709 -0.00235933 -0.00317109 0.459058 -0.00797551 
-0.621332 0.116501 -0.168267 -0.114361 0.0760113 -0.453994 -0.160738 -0.0546348 0.0874752 0.0790078 
-0.450016 -0.00334422 0.00409334 0.0145644 0.00257307 -0.203859 -0.00349012 -0.00363438 0.461159 -0.014089 
-0.450016 -0.00334422 0.00409334 0.0145644 0.00257307 -0.203859 -0.00349012 -0.00363438 0.461159 -0.014089 
-0.53512 -0.0498395 0.137525 -0.0990057 0.0178138 -0.297607 0.0145636 -0.0741148 0.2754 0.0173952 
-0.624803 0.149578 -0.0953082 -0.17124 0.0764802 0.0618643 0.0811381 0.0453833 0.362191 -0.0159569 
-0.474596 -0.00248939 0.00275979 0.014527 0.00255341 -0.19709 -0.00235933 -0.00317109 0.459058 -0.00797551 
-0.474596 -0.00248939 0.00275979 0.014527 0.00255341 -0.19709 -0.00235933 -0.00317109 0.459058 -0.00797551 
-0.382898 -0.0013142 -0.00669621 -0.0116455 -0.0178759 -0.143961 0.0226985 -0.0420564 0.56808 0.042658 
-0.450016 -0.00334422 0.00409334 0.0145644 0.00257307 -0.203859 -0.00349012 -0.00363438 0.461159 -0.014089 
-1.04847 0.277259 0.201435 -0.0837665 -0.0957309 0.116167 0.0205426 -0.0441918 -0.19231 0.0321544 
-0.474596 -0.00248939 0.00275979 0.014527 0.00255341 -0.19709 -0.00235933 -0.00317109 0.459058 -0.00797551 
-0.618641 -0.0179069 0.122986 -0.074442 -0.00130579 -0.214376 0.0133341 -0.0438365 0.26344 0.0264632 
-0.474596 -0.00248939 0.00275979 0.014527 0.00255341 -0.19709 -0.00235933 -0.00317109 0.459058 -0.00797551 
-0.455269 0.0152637 0.0291927 0.267901 0.158648 -0.198891 0.0449852 0.0369854 0.361237 0.0853423 
-0.539737 0.0501479 0.00225777 0.090487 -0.0715871 -0.0354557 -0.0568775 0.00759911 0.414301 0.00797232 
-0.450016 -0.00334422 0.00409334 0.0145644 0.00257307 -0.203859 -0.00349012 -0.00363438 0.461159 -0.014089 
-0.474596 -0.00248939 0.00275979 0.014527 0.00255341 -0.19709 -0.00235933 -0.00317109 0.459058 -0.00797551 
-0.455102 0.0153472 0.0282733 0.261839 0.152583 -0.193953 0.043331 0.0365243 0.364148 0.0851526 
-0.474596 -0.00248939 0.00275979 0.014527 0.00255341 -0.19709 -0.00235933 -0.00317109 0.459058 -0.00797551 
-0.403375 -0.00183705 -0.00419084 -0.00394577 -0.0125972 -0.162273 0.016546 -0.0308165 0.535296 0.0268662 
-0.493275 0.0105454 0.0172555 0.140683 0.0634616 -0.182934 0.0142 0.0156367 0.408403 0.0356173 
-0.560023 0.0563334 0.0344961 0.0658797 -0.0290278 -0.158163 0.00612405 0.00495737 0.356759 -0.0186834 
-0.449079 0.0085465 -0.00270066 0.0126333 -0.00685617 -0.187621 -0.0236954 0.00289643 0.47112 -0.00512453 
-0.560023 0.0563334 0.0344961 0.0658797 -0.0290278 -0.158163 0.00612405 0.00495737 0.356759 -0.0186834 
-0.582251 -0.0372945 0.0855358 -0.0605083 0.009056 -0.200334 0.00900983 -0.0226252 0.329711 0.0206576 
-0.474596 -0.00248939 0.00275979 0.014527 0.00255341 -0.19709 -0.00235933 -0.00317109 0.459058 -0.00797551 
-0.474596 -0.00248939 0.00275979 0.014527 0.00255341 -0.19709 -0.00235933 -0.00317109 0.459058 -0.00797551 
-0.474596 -0.00248939 0.00275979 0.014527 0.00255341 -0.19709 -0.00235933 -0.00317109 0.459058 -0.00797551 
-0.450016 -0.00334422 0.00409334 0.0145644 0.00257307 -0.203859 -0.00349012 -0.00363438 0.461159 -0.014089 
-0.449904 -0.0275431 0.0096166 -0.0206176 -0.0255834 -0.325694 0.00276775 0.0663015 0.407748 0.0122028 
-0.448697 -0.00380607 0.00520873 0.0152965 0.00321139 -0.210275 -0.00465554 -0.00418983 0.459887 -0.0194584 
-0.45848 5.64736e-05 0.00884121 0.0183708 -0.000500524 -0.217674 -0.00141631 -0.00315137 0.44514 -0.0269564 
-0.474596 -0.00248939 0.00275979 0.014527 0.00255341 -0.19709 -0.00235933 -0.00317109 0.459058 -0.00797551 
-0.553823 -0.0810863 0.00642963 -0.0123053 -0.00676245 -0.173938 -0.0280217 0.0509778 0.366551 0.0153359 
-0.474596 -0.00248939 0.00275979 0.014527 0.00255341 -0.19709 -0.00235933 -0.00317109 0.459058 -0.00797551 
-0.503327 0.0193829 0.0298223 0.0101792 -0.00919421 -0.202405 -0.000196958 -0.0185406 0.404142 -0.00897323 
-0.531137 -0.0496236 -0.0608481 0.0431827 -0.0571362 -0.294621 0.0599722 -0.0106403 0.326172 -0.000506985 
-0.478983 -0.0126538 -0.00922194 -0.0287522 0.0432902 -0.0778724 0.00235465 0.00586774 0.496641 -0.0117876 
-0.474596 -0.00248939 0.00275979 0.014527 0.00255341 -0.19709 -0.00235933 -0.00317109 0.459058 -0.00797551 
-0.448697 -0.00380607 0.00520873 0.0152965 0.00321139 -0.210275 -0.00465554 -0.00418983 0.459887 -0.0194584 
-0.66936 0.11097 0.0539503 0.26989 -0.0328506 0.00815816 -0.0104987 0.0284679 0.249286 0.0380063 
-0.459084 -0.00149917 0.0064624 0.04982 0.0296848 -0.204608 0.00609744 0.00244234 0.446521 0.0039183 
-0.474596 -0.00248939 0.00275979 0.014527 0.00255341 -0.19709 -0.00235933 -0.00317109 0.459058 -0.00797551 
-0.501611 -0.115223 0.0159511 -0.0592425 -0.0426 -0.338093 -0.0295619 0.152378 0.308122 0.0387912 
-0.474596 -0.00248939 0.00275979 0.014527 0.00255341 -0.19709 -0.00235933 -0.00317109 0.459058 -0.00797551 
-0.474596 -0.00248939 0.00275979 0.014527 0.00255341 -0.19709 -0.00235933 -0.00317109 0.459058 -0.00797551 
-0.454461 -0.00589024 0.0113082 0.0230258 0.00797748 -0.229949 -0.0106238 0.00112792 0.443628 -0.0563185 
-0.524119 -0.012286 -0.0449046 0.0422414 0.00333355 -0.303092 -0.0834202 -0.0502845 0.307428 0.00629981 
-0.474596 -0.00248939 0.00275979 0.014527 0.00255341 -0.19709 -0.00235933 -0.00317109 0.459058 -0.00797551 
-0.466275 -0.0519138 -0.0770899 0.0285866 -0.0820602 -0.286252 0.0942243 -0.0409746 0.382118 0.0360107 
-0.474596 -0.00248939 0.00275979 0.014527 0.00255341 -0.19709 -0.00235933 -0.00317109 0.459058 -0.00797551 
-0.456046 -0.00676422 -0.00582909 0.0196117 -0.00855939 -0.24444 0.0157285 -0.00804424 0.434726 -0.0172522 
-0.79062 -0.213735 0.0811637 -0.0910044 0.0466489 0.119029 -0.0296611 0.00827496 0.196859 0.0235128 
