1.17799 -0.0217478 0.0156918 -0.0519468 -0.0622353 -0.0255347 -0.0121726 0.0198466 -0.866529 -0.146867 
1.19858 -0.0357852 0.0382482 -0.11719 -0.10573 -0.0109764 -0.0538826 0.0180672 -0.795771 -0.415638 
1.19858 -0.0357852 0.0382482 -0.11719 -0.10573 -0.0109764 -0.0538826 0.0180672 -0.795771 -0.415638 
1.18734 -0.0319303 0.0317687 -0.0940159 -0.0846781 -0.0237699 -0.0401033 0.00409668 -0.808577 -0.296476 
1.17799 -0.0217478 0.0156918 -0.0519468 -0.0622353 -0.0255347 -0.0121726 0.0198466 -0.866529 -0.146867 
0.969096 0.911989 -2.0512 -1.35352 1.55965 -1.1372 -1.50927 -0.315801 -1.03532 1.08681 
1.17799 -0.0217478 0.0156918 -0.0519468 -0.0622353 -0.0255347 -0.0121726 0.0198466 -0.866529 -0.146867 
1.17799 -0.0217478 0.0156918 -0.0519468 -0.0622353 -0.0255347 -0.0121726 0.0198466 -0.866529 -0.146867 
1.10851 -0.223491 1.04058 -0.682143 0.0726671 -0.843943 -0.0253006 -1.68524 -0.861121 0.358085 
1.17799 -0.0217478 0.0156918 -0.0519468 -0.0622353 -0.0255347 -0.0121726 0.0198466 -0.866529 -0.146867 
0.742256 0.949837 2.10563 -0.511428 -0.578737 -0.39313 0.169032 -1.35502 -1.31521 0.241156 
0.972267 -0.757234 0.314539 -0.314215 -0.696341 -1.59531 0.600387 1.41587 -1.07521 0.668797 
0.838735 1.0102 1.30208 -0.164871 -0.606166 -0.0137592 0.113922 -0.671048 -1.24277 -0.0717777 
1.17799 -0.0217478 0.0156918 -0.0519468 -0.0622353 -0.0255347 -0.0121726 0.0198466 -0.866529 -0.146867 
0.228037 2.08007 0.196078 3.42488 -3.31695 2.20059 -2.13381 0.116672 -1.77195 0.62377 
0.791072 -1.66958 0.89362 -0.936462 1.60957 2.01841 -0.528946 0.122561 -1.25635 -0.312973 
1.17799 -0.0217478 0.0156918 -0.0519468 -0.0622353 -0.0255347 -0.0121726 0.0198466 -0.866529 -0.146867 
1.17799 -0.0217478 0.0156918 -0.0519468 -0.0622353 -0.0255347 -0.0121726 0.0198466 -0.866529 -0.146867 
1.17799 -0.0217478 0.0156918 -0.0519468 -0.0622353 -0.0255347 -0.0121726 0.0198466 -0.866529 -0.146867 
1.17799 -0.0217478 0.0156918 -0.0519468 -0.0622353 -0.0255347 -0.0121726 0.0198466 -0.866529 -0.146867 
1.16347 0.0197524 0.302067 1.42439 1.60346 -0.460018 0.423775 0.17332 -0.793505 0.479842 
1.17799 -0.0217478 0.0156918 -0.0519468 -0.0622353 -0.0255347 -0.0121726 0.0198466 -0.866529 -0.146867 
0.434047 2.92113 1.67862 2.08392 -1.73226 0.657533 0.506018 0.565785 -1.55831 -1.30952 
1.17799 -0.0217478 0.0156918 -0.0519468 -0.0622353 -0.0255347 -0.0121726 0.0198466 -0.866529 -0.146867 
1.08662 0.52658 -0.580516 -0.782417 0.615737 0.477135 1.05884 0.582984 -0.934911 -0.0619192 
1.18734 -0.0319303 0.0317687 -0.0940159 -0.0846781 -0.0237699 -0.0401033 0.00409668 -0.808577 -0.296476 
1.17799 -0.0217478 0.0156918 -0.0519468 -0.0622353 -0.0255347 -0.0121726 0.0198466 -0.866529 -0.146867 
1.17799 -0.0217478 0.0156918 -0.0519468 -0.0622353 -0.0255347 -0.0121726 0.0198466 -0.866529 -0.146867 
1.2039 -0.0527933 0.0906439 -0.166655 -0.0879233 -0.32287 -0.370446 0.0993357 -0.743314 -2.77174 
1.17799 -0.0217478 0.0156918 -0.0519468 -0.0622353 -0.0255347 -0.0121726 0.0198466 -0.866529 -0.146867 
1.17799 -0.0217478 0.0156918 -0.0519468 -0.0622353 -0.0255347 -0.0121726 0.0198466 -0.866529 -0.146867 
1.2004 -0.062058 0.116177 -0.192727 -0.0742882 -0.450496 -0.502177 0.0983382 -0.699965 -3.67318 
1.41841 0.108787 0.222041 0.0477434 -1.94576 3.53399 -2.04839 1.57925 -0.389771 3.9157 
1.16079 0.0255293 0.252077 1.24108 1.32252 -0.374855 0.349555 0.179234 -0.84341 0.475532 
1.17799 -0.0217478 0.0156918 -0.0519468 -0.0622353 -0.0255347 -0.0121726 0.0198466 -0.866529 -0.146867 
1.18734 -0.0319303 0.0317687 -0.0940159 -0.0846781 -0.0237699 -0.0401033 0.00409668 -0.808577 -0.296476 
1.33584 -0.105628 -0.0272326 -0.539983 -0.824766 0.797771 1.65652 -1.37089 -0.536214 2.37723 
1.17799 -0.0217478 0.0156918 -0.0519468 -0.0622353 -0.0255347 -0.0121726 0.0198466 -0.866529 -0.146867 
1.22908 -0.278594 -0.464059 -0.157908 -1.14572 -0.098475 2.1476 -1.32666 -0.713939 1.90577 
1.17799 -0.0217478 0.0156918 -0.0519468 -0.0622353 -0.0255347 -0.0121726 0.0198466 -0.866529 -0.146867 
1.17799 -0.0217478 0.0156918 -0.0519468 -0.0622353 -0.0255347 -0.0121726 0.0198466 -0.866529 -0.146867 
1.17799 -0.0217478 0.0156918 -0.0519468 -0.0622353 -0.0255347 -0.0121726 0.0198466 -0.866529 -0.146867 
1.17799 -0.0217478 0.0156918 -0.0519468 -0.0622353 -0.0255347 -0.0121726 0.0198466 -0.866529 -0.146867 
1.18734 -0.0319303 0.0317687 -0.0940159 -0.0846781 -0.0237699 -0.0401033 0.00409668 -0.808577 -0.296476 
1.16289 0.152765 0.21628 -0.0963834 -0.382781 -0.0399995 0.135084 0.0827648 -0.792877 -1.08043 
0.00831708 -1.74254 4.73474 -2.47524 0.694398 -0.84199 0.309177 -1.55877 -1.99622 1.66546 
1.29017 -0.0854359 -0.0342072 -0.389174 -0.63514 0.513705 1.24535 -0.9893 -0.638472 1.65682 
0.193236 -3.86308 0.204147 -0.36583 -0.00777346 -0.0725006 -1.62646 3.76133 -1.81279 0.541556 
0.9975 0.557181 1.09882 5.23766 3.82004 -0.828051 0.691162 0.684545 -0.860634 1.5473 
1.19207 -0.0364495 0.0480417 -0.108688 -0.0821439 -0.130615 -0.150707 0.0504768 -0.803609 -1.15906 
1.17799 -0.0217478 0.0156918 -0.0519468 -0.0622353 -0.0255347 -0.0121726 0.0198466 -0.866529 -0.146867 
1.11139 -0.430491 0.124319 -0.240173 -0.315502 -0.661577 -0.361011 2.2238 -0.903357 -0.0305446 
1.18734 -0.0319303 0.0317687 -0.0940159 -0.0846781 -0.0237699 -0.0401033 0.00409668 -0.808577 -0.296476 
1.17799 -0.0217478 0.0156918 -0.0519468 -0.0622353 -0.0255347 -0.0121726 0.0198466 -0.866529 -0.146867 
1.17799 -0.0217478 0.0156918 -0.0519468 -0.0622353 -0.0255347 -0.0121726 0.0198466 -0.866529 -0.146867 
1.17799 -0.0217478 0.0156918 -0.0519468 -0.0622353 -0.0255347 -0.0121726 0.0198466 -0.866529 -0.146867 
1.17799 -0.0217478 0.0156918 -0.0519468 -0.0622353 -0.0255347 -0.0121726 0.0198466 -0.866529 -0.146867 
1.108 -0.199647 0.907997 -0.573161 0.0697825 -0.685577 0.00358645 -1.2972 -0.908318 0.362894 
1.05246 0.421423 -1.06714 -0.563111 0.611686 -1.32271 -1.87988 -0.833715 -0.976888 0.705754 
1.17799 -0.0217478 0.0156918 -0.0519468 -0.0622353 -0.0255347 -0.0121726 0.0198466 -0.866529 -0.146867 
1.17799 -0.0217478 0.0156918 -0.0519468 -0.0622353 -0.0255347 -0.0121726 0.0198466 -0.866529 -0.146867 
0.747081 -0.376711 -2.51336 0.59623 -0.115343 -1.56315 -3.8908 -2.24316 -1.26385 0.5966 
0.889664 -1.26419 0.490463 -0.62422 -1.14887 -2.69304 0.291726 4.55973 -1.08504 0.847497 
1.18734 -0.0319303 0.0317687 -0.0940159 -0.0846781 -0.0237699 -0.0401033 0.00409668 -0.808577 -0.296476 
1.26972 -0.031968 0.0695524 -0.169801 -0.486692 0.954091 -0.478308 0.494365 -0.709184 1.03505 
0.430743 -2.56246 -3.15139 1.56071 -3.11215 -2.4104 3.69072 -1.09242 -1.51515 0.931331 
0.351212 -3.10457 -1.52815 0.522301 0.993888 3.29897 -0.285085 -1.48968 -1.66373 -1.15136 
1.17799 -0.0217478 0.0156918 -0.0519468 -0.0622353 -0.0255347 -0.0121726 0.0198466 -0.866529 -0.146867 
1.17799 -0.0217478 0.0156918 -0.0519468 -0.0622353 -0.0255347 -0.0121726 0.0198466 -0.866529 -0.146867 
0.879425 -0.464759 -0.671871 -1.62735 2.36186 2.08627 0.352811 0.644124 -1.10173 -0.0323546 
1.17799 -0.0217478 0.0156918 -0.0519468 -0.0622353 -0.0255347 -0.0121726 0.0198466 -0.866529 -0.146867 
1.1436 -0.056298 -0.29644 0.035741 -0.0629286 -0.465578 -1.00224 -0.662841 -0.862807 -0.188464 
1.17799 -0.0217478 0.0156918 -0.0519468 -0.0622353 -0.0255347 -0.0121726 0.0198466 -0.866529 -0.146867 
1.17799 -0.0217478 0.0156918 -0.0519468 -0.0622353 -0.0255347 -0.0121726 0.0198466 -0.866529 -0.146867 
1.108 -0.199647 0.907997 -0.573161 0.0697825 -0.685577 0.00358645 -1.2972 -0.908318 0.362894 
1.17799 -0.0217478 0.0156918 -0.0519468 -0.0622353 -0.0255347 -0.0121726 0.0198466 -0.866529 -0.146867 
0.820295 1.08342 1.48556 -0.206119 -0.708475 -0.0715764 0.109888 -0.884452 -1.21882 -0.20924 
1.17799 -0.0217478 0.0156918 -0.0519468 -0.0622353 -0.0255347 -0.0121726 0.0198466 -0.866529 -0.146867 
1.09141 0.582491 -0.369593 -0.0295327 -0.506705 0.125841 -1.26857 0.428276 -0.834806 0.276947 
1.18734 -0.0319303 0.0317687 -0.0940159 -0.0846781 -0.0237699 -0.0401033 0.00409668 -0.808577 -0.296476 
1.17799 -0.0217478 0.0156918 -0.0519468 -0.0622353 -0.0255347 -0.0121726 0.0198466 -0.866529 -0.146867 
1.12891 -0.252115 -0.446231 0.117866 -0.728853 -0.816274 1.10478 -0.494286 -0.834183 -0.226645 
0.611719 2.25963 1.09168 0.190784 -1.43568 0.413749 0.74987 0.2231 -1.43328 -1.11714 
1.17799 -0.0217478 0.0156918 -0.0519468 -0.0622353 -0.0255347 -0.0121726 0.0198466 -0.866529 -0.146867 
1.17799 -0.0217478 0.0156918 -0.0519468 -0.0622353 -0.0255347 -0.0121726 0.0198466 -0.866529 -0.146867 
0.506286 0.712649 1.22008 -1.67429 1.42143 2.4237 1.37402 -0.177544 -1.51961 -0.31835 
1.20159 -0.0443857 0.0539874 -0.151764 -0.115681 -0.0189635 -0.0887897 -0.0153398 -0.744583 -0.57366 
0.162728 4.6184 -2.69714 -2.88076 1.80424 -0.889747 -0.254699 0.927452 -1.75921 1.6212 
1.05246 0.421423 -1.06714 -0.563111 0.611686 -1.32271 -1.87988 -0.833715 -0.976888 0.705754 
0.906996 -0.785331 -1.11839 1.01971 -0.788571 0.17407 -1.03302 -0.706912 -1.15721 -0.214425 
1.17799 -0.0217478 0.0156918 -0.0519468 -0.0622353 -0.0255347 -0.0121726 0.0198466 -0.866529 -0.146867 
1.20159 -0.0443857 0.0539874 -0.151764 -0.115681 -0.0189635 -0.0887897 -0.0153398 -0.744583 -0.57366 
1.16117 0.0251096 0.258166 1.26853 1.37198 -0.390611 0.365929 0.174136 -0.842905 0.471919 
0.556987 -2.11698 -1.87947 0.75709 0.295201 2.33882 0.250075 -1.28037 -1.50176 -0.84201 
0.974013 1.05661 -0.357443 0.306999 -0.633828 0.404971 0.479766 0.85657 -1.07444 -0.592223 
1.17799 -0.0217478 0.0156918 -0.0519468 -0.0622353 -0.0255347 -0.0121726 0.0198466 -0.866529 -0.146867 
1.18734 -0.0319303 0.0317687 -0.0940159 -0.0846781 -0.0237699 -0.0401033 0.00409668 -0.808577 -0.296476 
1.14397 0.0723866 0.494551 2.56156 2.75674 -0.739932 0.727657 0.333524 -0.819786 1.09432 
1.16079 0.0255293 0.252077 1.24108 1.32252 -0.374855 0.349555 0.179234 -0.84341 0.475532 
0.666865 1.65515 -3.06046 -0.907809 0.930175 1.69304 3.26578 1.38574 -1.31974 -0.560171 
