-0.472326 -0.00224114 0.00234284 -0.00443307 -0.00177595 -0.00273741 -0.00245283 -0.00175678 0.501594 -0.0105626 
-0.500304 -0.00155285 0.00168031 -0.00251392 -0.000269857 -0.00268059 -0.00175297 -0.00196044 0.491629 -0.00604127 
-0.500304 -0.00155285 0.00168031 -0.00251392 -0.000269857 -0.00268059 -0.00175297 -0.00196044 0.491629 -0.00604127 
-0.472326 -0.00224114 0.00234284 -0.00443307 -0.00177595 -0.00273741 -0.00245283 -0.00175678 0.501594 -0.0105626 
-0.937586 -0.200451 -0.174608 0.141989 -0.0966801 0.0456583 -0.0841646 -0.0504919 -0.131706 -8.60108e-05 
-0.500304 -0.00155285 0.00168031 -0.00251392 -0.000269857 -0.00268059 -0.00175297 -0.00196044 0.491629 -0.00604127 
-0.833131 0.275289 -0.0561846 0.0426727 -0.0731326 0.0612217 0.0407363 0.0626799 0.00424886 -0.0283374 
-0.447849 -0.00379465 0.00654512 -0.00643078 0.000144077 -0.0207493 -0.0175459 0.0028178 0.509174 -0.105223 
-0.46789 -0.00249787 0.00280525 -0.00539858 -0.00219102 -0.00282435 -0.00331856 -0.00200055 0.506953 -0.0148668 
-0.500304 -0.00155285 0.00168031 -0.00251392 -0.000269857 -0.00268059 -0.00175297 -0.00196044 0.491629 -0.00604127 
-0.391157 -0.000308452 0.00607359 -0.00638364 -0.0375802 0.066323 -0.0336982 0.024293 0.592387 0.0534072 
-0.430364 -0.00388488 0.000658368 -0.0148612 -0.0167279 0.0158637 0.0263404 -0.0248059 0.54878 0.0339492 
-0.330916 -0.0110825 -0.0093678 -0.0288071 -0.0507393 0.0296773 0.0831793 -0.0630238 0.617529 0.0931692 
-0.500304 -0.00155285 0.00168031 -0.00251392 -0.000269857 -0.00268059 -0.00175297 -0.00196044 0.491629 -0.00604127 
-0.500304 -0.00155285 0.00168031 -0.00251392 -0.000269857 -0.00268059 -0.00175297 -0.00196044 0.491629 -0.00604127 
-0.500304 -0.00155285 0.00168031 -0.00251392 -0.000269857 -0.00268059 -0.00175297 -0.00196044 0.491629 -0.00604127 
-0.566811 -0.0597279 -0.0255823 0.0103649 0.0194581 0.0497019 -0.00665559 -0.0253511 0.398247 -0.0235614 
-0.6006 0.0858867 -0.0473269 -0.0521373 0.0301844 -0.0201741 -0.00561953 0.011853 0.362188 0.018087 
-0.500304 -0.00155285 0.00168031 -0.00251392 -0.000269857 -0.00268059 -0.00175297 -0.00196044 0.491629 -0.00604127 
-0.578159 0.0967748 -0.0537275 -0.0531602 0.0210706 -0.0172349 -0.0261738 0.0186665 0.366831 0.022351 
-0.508888 0.00931133 0.0205826 0.0919445 0.0667366 -0.0153487 0.00949728 0.00807913 0.462966 0.0177862 
-0.472326 -0.00224114 0.00234284 -0.00443307 -0.00177595 -0.00273741 -0.00245283 -0.00175678 0.501594 -0.0105626 
-0.500304 -0.00155285 0.00168031 -0.00251392 -0.000269857 -0.00268059 -0.00175297 -0.00196044 0.491629 -0.00604127 
-0.500304 -0.00155285 0.00168031 -0.00251392 -0.000269857 -0.00268059 -0.00175297 -0.00196044 0.491629 -0.00604127 
-0.500304 -0.00155285 0.00168031 -0.00251392 -0.000269857 -0.00268059 -0.00175297 -0.00196044 0.491629 -0.00604127 
-0.391157 -0.000308452 0.00607359 -0.00638364 -0.0375802 0.066323 -0.0336982 0.024293 0.592387 0.0534072 
-0.447792 -0.00334547 0.00490139 -0.00619631 -0.0014072 -0.0129322 -0.0111815 0.00147477 0.508273 -0.0665088 
-0.523094 0.0440863 0.0253138 0.000152441 -0.03048 0.000135912 0.0121468 0.00318939 0.425428 -0.0399803 
-0.477559 0.0394129 0.00973881 0.0557262 -0.0935155 0.101265 -0.0683235 0.0260168 0.477377 0.0628872 
-0.500304 -0.00155285 0.00168031 -0.00251392 -0.000269857 -0.00268059 -0.00175297 -0.00196044 0.491629 -0.00604127 
-0.628158 0.125584 -0.151911 -0.119237 0.113262 0.0249069 0.029201 0.0395334 0.270534 0.024767 
-0.485878 -0.0058163 0.0203915 -0.0144204 0.00119551 -0.0176904 -0.00235362 -0.0284573 0.487032 -0.00154056 
-0.339877 -0.0012091 0.00746163 -0.0110009 -0.0471978 0.0854982 -0.0410819 0.0325667 0.628037 0.0691057 
-0.54448 0.0118191 0.0235461 -0.0306713 0.0247104 0.0371076 0.0207029 -0.00467511 0.422537 -0.0105511 
-0.47417 -0.00275438 0.00441694 -0.00447207 0.000313353 -0.0132313 -0.0108377 0.000523208 0.500537 -0.0625682 
-0.500304 -0.00155285 0.00168031 -0.00251392 -0.000269857 -0.00268059 -0.00175297 -0.00196044 0.491629 -0.00604127 
-0.6006 0.0858867 -0.0473269 -0.0521373 0.0301844 -0.0201741 -0.00561953 0.011853 0.362188 0.018087 
-0.500304 -0.00155285 0.00168031 -0.00251392 -0.000269857 -0.00268059 -0.00175297 -0.00196044 0.491629 -0.00604127 
-0.500304 -0.00155285 0.00168031 -0.00251392 -0.000269857 -0.00268059 -0.00175297 -0.00196044 0.491629 -0.00604127 
-0.563547 -0.0535027 -0.0645566 0.026678 -0.0664744 -0.061178 0.0763021 -0.0271084 0.382054 0.00281509 
-0.82169 -0.191692 0.0466782 -0.0439938 -0.0779611 -0.139425 0.0520388 0.107923 0.0372663 0.0615989 
-0.46789 -0.00249787 0.00280525 -0.00539858 -0.00219102 -0.00282435 -0.00331856 -0.00200055 0.506953 -0.0148668 
-0.441513 -0.00308896 0.0032897 -0.00712282 -0.00391158 -0.00252527 -0.00366231 -0.00104899 0.51469 -0.0188073 
-0.500304 -0.00155285 0.00168031 -0.00251392 -0.000269857 -0.00268059 -0.00175297 -0.00196044 0.491629 -0.00604127 
-0.720814 -0.11518 -0.173049 0.0382417 -0.0112968 0.0707678 0.110777 -0.0401091 0.168157 -0.0331189 
-0.883998 -0.231511 0.0558327 -0.0934954 0.131862 0.175267 -0.00431529 -0.0023039 -0.0731786 -0.0129888 
-0.500304 -0.00155285 0.00168031 -0.00251392 -0.000269857 -0.00268059 -0.00175297 -0.00196044 0.491629 -0.00604127 
-0.656028 0.112625 -0.167221 -0.0810879 0.0780892 -0.116513 -0.155161 -0.0582219 0.21807 0.0651424 
-0.472326 -0.00224114 0.00234284 -0.00443307 -0.00177595 -0.00273741 -0.00245283 -0.00175678 0.501594 -0.0105626 
-0.472326 -0.00224114 0.00234284 -0.00443307 -0.00177595 -0.00273741 -0.00245283 -0.00175678 0.501594 -0.0105626 
-0.583553 -0.0460172 0.137994 -0.0767017 0.0160178 -0.060343 0.00245188 -0.0947322 0.317939 0.0324448 
-0.651674 0.140486 -0.0917509 -0.110158 0.0810985 0.0569446 0.0875766 0.0414841 0.244268 0.00306904 
-0.500304 -0.00155285 0.00168031 -0.00251392 -0.000269857 -0.00268059 -0.00175297 -0.00196044 0.491629 -0.00604127 
-0.500304 -0.00155285 0.00168031 -0.00251392 -0.000269857 -0.00268059 -0.00175297 -0.00196044 0.491629 -0.00604127 
-0.430364 -0.00388488 0.000658368 -0.0148612 -0.0167279 0.0158637 0.0263404 -0.0248059 0.54878 0.0339492 
-0.472326 -0.00224114 0.00234284 -0.00443307 -0.00177595 -0.00273741 -0.00245283 -0.00175678 0.501594 -0.0105626 
-1.05554 0.262341 0.200709 -0.0309833 -0.0720909 0.0339728 0.0129904 -0.0490237 -0.302497 0.00964196 
-0.500304 -0.00155285 0.00168031 -0.00251392 -0.000269857 -0.00268059 -0.00175297 -0.00196044 0.491629 -0.00604127 
-0.658971 -0.0161276 0.124442 -0.0529301 0.00244911 -0.0299716 0.00579985 -0.0492062 0.27631 0.0218998 
-0.500304 -0.00155285 0.00168031 -0.00251392 -0.000269857 -0.00268059 -0.00175297 -0.00196044 0.491629 -0.00604127 
-0.459363 0.0117432 0.0384333 0.186287 0.166307 -0.0391877 0.0342437 0.0180659 0.455782 0.0490473 
-0.564265 0.0490566 -0.00105506 0.0585731 -0.0653191 0.0352009 -0.0569325 0.00657692 0.381263 0.0077026 
-0.472326 -0.00224114 0.00234284 -0.00443307 -0.00177595 -0.00273741 -0.00245283 -0.00175678 0.501594 -0.0105626 
-0.500304 -0.00155285 0.00168031 -0.00251392 -0.000269857 -0.00268059 -0.00175297 -0.00196044 0.491629 -0.00604127 
-0.460925 0.0118519 0.0374672 0.182421 0.160503 -0.037495 0.0328049 0.0182614 0.453594 0.0491091 
-0.500304 -0.00155285 0.00168031 -0.00251392 -0.000269857 -0.00268059 -0.00175297 -0.00196044 0.491629 -0.00604127 
-0.444374 -0.0034143 0.000681753 -0.011466 -0.0128404 0.00966316 0.0193145 -0.018394 0.53287 0.0218391 
-0.508888 0.00931133 0.0205826 0.0919445 0.0667366 -0.0153487 0.00949728 0.00807913 0.462966 0.0177862 
-0.571771 0.0539226 0.0317492 0.0360656 -0.0286277 0.00483476 0.0061372 0.00688618 0.392965 -0.0259729 
-0.477863 0.00933526 -0.00472028 -0.00353676 -0.00938371 0.000258663 -0.0223073 0.0048531 0.496272 -0.00177734 
-0.571771 0.0539226 0.0317492 0.0360656 -0.0286277 0.00483476 0.0061372 0.00688618 0.392965 -0.0259729 
-0.623531 -0.0341401 0.0866517 -0.0446552 0.0119488 -0.0211377 0.00318684 -0.0273964 0.336285 0.0183086 
-0.500304 -0.00155285 0.00168031 -0.00251392 -0.000269857 -0.00268059 -0.00175297 -0.00196044 0.491629 -0.00604127 
-0.500304 -0.00155285 0.00168031 -0.00251392 -0.000269857 -0.00268059 -0.00175297 -0.00196044 0.491629 -0.00604127 
-0.500304 -0.00155285 0.00168031 -0.00251392 -0.000269857 -0.00268059 -0.00175297 -0.00196044 0.491629 -0.00604127 
-0.472326 -0.00224114 0.00234284 -0.00443307 -0.00177595 -0.00273741 -0.00245283 -0.00175678 0.501594 -0.0105626 
-0.51554 -0.0252378 0.0103232 -0.0163783 -0.0226597 -0.0470888 0.00330887 0.069866 0.454533 0.0063542 
-0.46789 -0.00249787 0.00280525 -0.00539858 -0.00219102 -0.00282435 -0.00331856 -0.00200055 0.506953 -0.0148668 
-0.474604 0.00126084 0.00574078 -0.00420129 -0.00653505 -0.00390718 0.000203706 -0.000404229 0.499515 -0.0226818 
-0.500304 -0.00155285 0.00168031 -0.00251392 -0.000269857 -0.00268059 -0.00175297 -0.00196044 0.491629 -0.00604127 
-0.594898 -0.0739849 0.0056241 -0.00865369 -0.00102332 -0.0055051 -0.0280459 0.0568322 0.367572 0.00226016 
-0.500304 -0.00155285 0.00168031 -0.00251392 -0.000269857 -0.00268059 -0.00175297 -0.00196044 0.491629 -0.00604127 
-0.523428 0.0189541 0.0283917 -0.00548687 -0.0119559 -0.00573807 -0.000114978 -0.0162025 0.445307 -0.00914024 
-0.580827 -0.0488476 -0.056294 0.0249723 -0.0538841 -0.0469165 0.0584164 -0.0194918 0.383468 0.00681659 
-0.495129 -0.0105247 -0.010305 -0.0306299 0.0403325 0.0336083 0.00419073 0.00852103 0.476913 -0.00632326 
-0.500304 -0.00155285 0.00168031 -0.00251392 -0.000269857 -0.00268059 -0.00175297 -0.00196044 0.491629 -0.00604127 
-0.46789 -0.00249787 0.00280525 -0.00539858 -0.00219102 -0.00282435 -0.00331856 -0.00200055 0.506953 -0.0148668 
-0.666757 0.104508 0.0543167 0.192634 -0.0175566 0.0271089 -0.0172378 0.0186496 0.249293 0.00733453 
-0.480469 -0.00114006 0.00682338 0.0230306 0.0275886 -0.00955939 0.00513754 0.000598099 0.493061 0.00127097 
-0.500304 -0.00155285 0.00168031 -0.00251392 -0.000269857 -0.00268059 -0.00175297 -0.00196044 0.491629 -0.00604127 
-0.593212 -0.105841 0.0166307 -0.0279952 -0.0298814 -0.0600816 -0.0287495 0.163809 0.328156 0.0142417 
-0.500304 -0.00155285 0.00168031 -0.00251392 -0.000269857 -0.00268059 -0.00175297 -0.00196044 0.491629 -0.00604127 
-0.500304 -0.00155285 0.00168031 -0.00251392 -0.000269857 -0.00268059 -0.00175297 -0.00196044 0.491629 -0.00604127 
-0.47417 -0.00275438 0.00441694 -0.00447207 0.000313353 -0.0132313 -0.0108377 0.000523208 0.500537 -0.0625682 
-0.530187 -0.00922001 -0.0483314 0.0115706 -0.00117424 -0.0413635 -0.0819216 -0.0493512 0.417407 0.000205314 
-0.500304 -0.00155285 0.00168031 -0.00251392 -0.000269857 -0.00268059 -0.00175297 -0.00196044 0.491629 -0.00604127 
-0.537309 -0.0541838 -0.0653216 0.0199786 -0.075325 -0.0454467 0.0941879 -0.0412762 0.410977 0.0381562 
-0.500304 -0.00155285 0.00168031 -0.00251392 -0.000269857 -0.00268059 -0.00175297 -0.00196044 0.491629 -0.00604127 
-0.483024 -0.00620793 -0.00658231 -0.000808196 -0.0128601 -0.0169421 0.0161327 -0.00957697 0.490215 -0.0100428 
-0.797304 -0.196359 0.0797483 -0.0532443 0.0592319 0.062292 -0.0366095 0.00997447 0.0839362 0.00476566 
