-0.440093 -0.00957816 0.0107493 0.10043 0.00740561 -0.270723 -0.00455433 -0.00282543 0.432992 -0.0152773 
-0.460565 -0.00792634 0.0084008 0.0970031 0.00610314 -0.26341 -0.00289753 -0.0027679 0.437636 -0.00880656 
-0.460565 -0.00792634 0.0084008 0.0970031 0.00610314 -0.26341 -0.00289753 -0.0027679 0.437636 -0.00880656 
-0.440093 -0.00957816 0.0107493 0.10043 0.00740561 -0.270723 -0.00455433 -0.00282543 0.432992 -0.0152773 
-0.921183 -0.252458 -0.194232 0.346572 -0.170113 0.148031 -0.0655011 -0.0328705 -0.0745249 0.0264646 
-0.460565 -0.00792634 0.0084008 0.0970031 0.00610314 -0.26341 -0.00289753 -0.0027679 0.437636 -0.00880656 
-0.795417 0.33197 -0.0542687 0.0928331 -0.121424 0.0965596 0.0247428 0.0860164 0.12855 -0.0235453 
-0.41732 -0.0185377 0.0259012 0.122737 0.0173924 -0.291455 -0.0152624 0.00217787 0.419938 -0.0608783 
-0.439042 -0.0107218 0.0126948 0.10379 0.00882093 -0.274815 -0.00600221 -0.00268471 0.431504 -0.0205047 
-0.460565 -0.00792634 0.0084008 0.0970031 0.00610314 -0.26341 -0.00289753 -0.0027679 0.437636 -0.00880656 
-0.312138 -0.00732105 0.0119813 0.0470429 -0.0542128 -0.0219243 -0.0217925 0.0189536 0.725201 -0.0038491 
-0.374035 0.00174049 -0.00916455 0.0446674 -0.0166275 -0.220936 0.0111298 -0.0406395 0.550218 0.0580443 
-0.241091 0.0125879 -0.0456881 -0.024185 -0.0638669 -0.193684 0.048871 -0.0989066 0.688687 0.147385 
-0.460565 -0.00792634 0.0084008 0.0970031 0.00610314 -0.26341 -0.00289753 -0.0027679 0.437636 -0.00880656 
-0.460565 -0.00792634 0.0084008 0.0970031 0.00610314 -0.26341 -0.00289753 -0.0027679 0.437636 -0.00880656 
-0.460565 -0.00792634 0.0084008 0.0970031 0.00610314 -0.26341 -0.00289753 -0.0027679 0.437636 -0.00880656 
-0.577471 -0.0813631 -0.0195399 0.128194 0.0281238 -0.0544466 -0.00690729 -0.0228041 0.389239 -0.0214112 
-0.54178 0.100036 -0.0506471 -0.0724261 0.0348672 -0.283793 -0.00930279 0.0129808 0.366325 0.00704342 
-0.460565 -0.00792634 0.0084008 0.0970031 0.00610314 -0.26341 -0.00289753 -0.0027679 0.437636 -0.00880656 
-0.516613 0.111421 -0.0557176 -0.0761931 0.0230153 -0.273315 -0.0287573 0.0196112 0.379278 0.00733852 
-0.459134 0.0119614 0.018814 0.293221 0.0779133 -0.21239 0.0161686 0.0171077 0.383291 0.0388756 
-0.440093 -0.00957816 0.0107493 0.10043 0.00740561 -0.270723 -0.00455433 -0.00282543 0.432992 -0.0152773 
-0.460565 -0.00792634 0.0084008 0.0970031 0.00610314 -0.26341 -0.00289753 -0.0027679 0.437636 -0.00880656 
-0.460565 -0.00792634 0.0084008 0.0970031 0.00610314 -0.26341 -0.00289753 -0.0027679 0.437636 -0.00880656 
-0.460565 -0.00792634 0.0084008 0.0970031 0.00610314 -0.26341 -0.00289753 -0.0027679 0.437636 -0.00880656 
-0.312138 -0.00732105 0.0119813 0.0470429 -0.0542128 -0.0219243 -0.0217925 0.0189536 0.725201 -0.0038491 
-0.419054 -0.0152284 0.020116 0.113857 0.0132616 -0.283395 -0.0110762 0.000513346 0.423841 -0.0436959 
-0.506093 0.0455367 0.0416982 0.118098 -0.0263942 -0.260983 0.00381064 0.00570583 0.338913 -0.0349411 
-0.390914 0.0407471 0.0167791 0.165864 -0.142398 0.155834 -0.0498407 0.0253877 0.676026 0.0110633 
-0.460565 -0.00792634 0.0084008 0.0970031 0.00610314 -0.26341 -0.00289753 -0.0027679 0.437636 -0.00880656 
-0.597954 0.147931 -0.169484 -0.276177 0.137431 -0.0996086 0.016572 0.0461498 0.394978 -0.0144143 
-0.442773 -0.013531 0.0300429 0.071661 0.00836949 -0.295921 0.00505503 -0.0293397 0.426615 -0.0241773 
-0.252959 -0.00887871 0.0136372 0.0273309 -0.0683217 0.0417036 -0.0260215 0.0256045 0.808318 -0.00574811 
-0.536819 0.00912924 0.0326656 0.0144122 0.0372317 -0.125025 0.0142799 -0.00560539 0.430653 -0.0108999 
-0.438506 -0.0137985 0.0181482 0.111453 0.0125279 -0.279226 -0.00983058 -0.000149763 0.428107 -0.0377184 
-0.460565 -0.00792634 0.0084008 0.0970031 0.00610314 -0.26341 -0.00289753 -0.0027679 0.437636 -0.00880656 
-0.54178 0.100036 -0.0506471 -0.0724261 0.0348672 -0.283793 -0.00930279 0.0129808 0.366325 0.00704342 
-0.460565 -0.00792634 0.0084008 0.0970031 0.00610314 -0.26341 -0.00289753 -0.0027679 0.437636 -0.00880656 
-0.460565 -0.00792634 0.0084008 0.0970031 0.00610314 -0.26341 -0.00289753 -0.0027679 0.437636 -0.00880656 
-0.47008 -0.0624498 -0.0759994 0.145011 -0.0893512 -0.406537 0.0774583 -0.0200396 0.295265 -0.0286624 
-0.608336 -0.229393 0.0347771 -0.186656 -0.144731 -0.59381 0.0669221 0.114243 0.0887529 0.0772954 
-0.439042 -0.0107218 0.0126948 0.10379 0.00882093 -0.274815 -0.00600221 -0.00268471 0.431504 -0.0205047 
-0.41959 -0.0121518 0.0146626 0.106194 0.00955454 -0.278985 -0.00724786 -0.0020216 0.427238 -0.0264823 
-0.460565 -0.00792634 0.0084008 0.0970031 0.00610314 -0.26341 -0.00289753 -0.0027679 0.437636 -0.00880656 
-0.72347 -0.140552 -0.194533 0.146095 -0.0296588 0.111939 0.105215 -0.0209367 0.246075 -0.068424 
-0.977176 -0.293916 0.0669641 -0.251245 0.141191 0.485191 0.00140649 0.00166807 0.227295 0.0216119 
-0.460565 -0.00792634 0.0084008 0.0970031 0.00610314 -0.26341 -0.00289753 -0.0027679 0.437636 -0.00880656 
-0.598233 0.127067 -0.185714 -0.149267 0.0915974 -0.528769 -0.142857 -0.0639074 0.105414 0.0533166 
-0.440093 -0.00957816 0.0107493 0.10043 0.00740561 -0.270723 -0.00455433 -0.00282543 0.432992 -0.0152773 
-0.440093 -0.00957816 0.0107493 0.10043 0.00740561 -0.270723 -0.00455433 -0.00282543 0.432992 -0.0152773 
-0.514652 -0.0600823 0.156121 -0.126822 0.0127198 -0.352101 0.0376666 -0.0978933 0.317537 -0.024419 
-0.637671 0.169253 -0.101599 -0.251039 0.0980227 -0.0106331 0.0672532 0.0501968 0.392057 -0.0316208 
-0.460565 -0.00792634 0.0084008 0.0970031 0.00610314 -0.26341 -0.00289753 -0.0027679 0.437636 -0.00880656 
-0.460565 -0.00792634 0.0084008 0.0970031 0.00610314 -0.26341 -0.00289753 -0.0027679 0.437636 -0.00880656 
-0.374035 0.00174049 -0.00916455 0.0446674 -0.0166275 -0.220936 0.0111298 -0.0406395 0.550218 0.0580443 
-0.440093 -0.00957816 0.0107493 0.10043 0.00740561 -0.270723 -0.00455433 -0.00282543 0.432992 -0.0152773 
-1.03701 0.321576 0.225681 -0.13747 -0.13564 0.0774054 0.0191291 -0.0394355 -0.135234 0.0391399 
-0.460565 -0.00792634 0.0084008 0.0970031 0.00610314 -0.26341 -0.00289753 -0.0027679 0.437636 -0.00880656 
-0.60224 -0.0215844 0.138888 -0.0811314 -0.00706063 -0.284553 0.0215853 -0.0530043 0.286119 0.0158636 
-0.460565 -0.00792634 0.0084008 0.0970031 0.00610314 -0.26341 -0.00289753 -0.0027679 0.437636 -0.00880656 
-0.404164 0.0231772 0.0255037 0.488773 0.193865 -0.185926 0.0497611 0.0376887 0.328829 0.087562 
-0.514173 0.0515265 0.00812817 0.212058 -0.0939337 -0.0751731 -0.0504002 0.0102966 0.401414 0.00640092 
-0.440093 -0.00957816 0.0107493 0.10043 0.00740561 -0.270723 -0.00455433 -0.00282543 0.432992 -0.0152773 
-0.460565 -0.00792634 0.0084008 0.0970031 0.00610314 -0.26341 -0.00289753 -0.0027679 0.437636 -0.00880656 
-0.405456 0.0232131 0.0245691 0.47888 0.186329 -0.184435 0.0479575 0.0370779 0.330881 0.0875312 
-0.460565 -0.00792634 0.0084008 0.0970031 0.00610314 -0.26341 -0.00289753 -0.0027679 0.437636 -0.00880656 
-0.39374 -0.00132902 -0.00422591 0.0604344 -0.0106813 -0.236309 0.00815585 -0.0298343 0.51504 0.0369406 
-0.459134 0.0119614 0.018814 0.293221 0.0779133 -0.21239 0.0161686 0.0171077 0.383291 0.0388756 
-0.541972 0.0602822 0.0441371 0.182906 -0.0345705 -0.214188 0.00114554 0.0116177 0.326624 -0.00739021 
-0.435397 0.0034584 0.00333029 0.093236 -0.00574875 -0.252932 -0.0223521 0.00386246 0.450589 -0.00851144 
-0.541972 0.0602822 0.0441371 0.182906 -0.0345705 -0.214188 0.00114554 0.0116177 0.326624 -0.00739021 
-0.564657 -0.0450959 0.0977315 -0.0540002 0.00737658 -0.269245 0.0162443 -0.0298862 0.34873 0.0113755 
-0.460565 -0.00792634 0.0084008 0.0970031 0.00610314 -0.26341 -0.00289753 -0.0027679 0.437636 -0.00880656 
-0.460565 -0.00792634 0.0084008 0.0970031 0.00610314 -0.26341 -0.00289753 -0.0027679 0.437636 -0.00880656 
-0.460565 -0.00792634 0.0084008 0.0970031 0.00610314 -0.26341 -0.00289753 -0.0027679 0.437636 -0.00880656 
-0.440093 -0.00957816 0.0107493 0.10043 0.00740561 -0.270723 -0.00455433 -0.00282543 0.432992 -0.0152773 
-0.421035 -0.0363579 0.0150844 0.0269682 -0.0292041 -0.420435 -6.18508e-05 0.0701007 0.39913 0.0148934 
-0.439042 -0.0107218 0.0126948 0.10379 0.00882093 -0.274815 -0.00600221 -0.00268471 0.431504 -0.0205047 
-0.448763 -0.00648495 0.0170618 0.110469 0.00461725 -0.281464 -0.00397929 -0.000582683 0.415265 -0.024908 
-0.460565 -0.00792634 0.0084008 0.0970031 0.00610314 -0.26341 -0.00289753 -0.0027679 0.437636 -0.00880656 
-0.535031 -0.0984684 0.0110302 0.0346983 -0.00768981 -0.251309 -0.0286497 0.0570807 0.362256 0.0285361 
-0.460565 -0.00792634 0.0084008 0.0970031 0.00610314 -0.26341 -0.00289753 -0.0027679 0.437636 -0.00880656 
-0.492419 0.0177424 0.0387571 0.09003 -0.00862277 -0.269104 -0.00167904 -0.017798 0.379985 -0.00809674 
-0.491152 -0.0575712 -0.0668625 0.133657 -0.0754715 -0.359812 0.059644 -0.0141508 0.321975 -0.0135068 
-0.481044 -0.0201203 -0.0044647 0.0186018 0.0586385 -0.140347 -0.000261058 0.00760189 0.481885 -0.0121941 
-0.460565 -0.00792634 0.0084008 0.0970031 0.00610314 -0.26341 -0.00289753 -0.0027679 0.437636 -0.00880656 
-0.439042 -0.0107218 0.0126948 0.10379 0.00882093 -0.274815 -0.00600221 -0.00268471 0.431504 -0.0205047 
-0.619317 0.128238 0.0593481 0.497946 -0.0509452 0.0145904 -0.0078365 0.0379274 0.223105 0.0552043 
-0.441125 -0.00538755 0.0109483 0.152261 0.0395088 -0.25907 0.00622479 0.00274842 0.42172 0.0026205 
-0.460565 -0.00792634 0.0084008 0.0970031 0.00610314 -0.26341 -0.00289753 -0.0027679 0.437636 -0.00880656 
-0.467224 -0.138074 0.0211797 -0.0564331 -0.0510482 -0.455011 -0.0345183 0.164966 0.314616 0.060189 
-0.460565 -0.00792634 0.0084008 0.0970031 0.00610314 -0.26341 -0.00289753 -0.0027679 0.437636 -0.00880656 
-0.460565 -0.00792634 0.0084008 0.0970031 0.00610314 -0.26341 -0.00289753 -0.0027679 0.437636 -0.00880656 
-0.438506 -0.0137985 0.0181482 0.111453 0.0125279 -0.279226 -0.00983058 -0.000149763 0.428107 -0.0377184 
-0.507327 -0.0215951 -0.0443885 0.148064 0.00545759 -0.357891 -0.0748589 -0.0523865 0.275506 0.00330824 
-0.460565 -0.00792634 0.0084008 0.0970031 0.00610314 -0.26341 -0.00289753 -0.0027679 0.437636 -0.00880656 
-0.425032 -0.0533211 -0.0907594 0.101373 -0.105927 -0.359661 0.0863319 -0.0453515 0.383041 0.0300866 
-0.460565 -0.00792634 0.0084008 0.0970031 0.00610314 -0.26341 -0.00289753 -0.0027679 0.437636 -0.00880656 
-0.439494 -0.0128049 -0.000736136 0.108357 -0.00777651 -0.310135 0.0149168 -0.00865665 0.410925 -0.0239622 
-0.798045 -0.249506 0.0921284 -0.128983 0.0513721 0.0704379 -0.0224911 0.0106745 0.233341 0.0408598 
