-0.453249 -0.00306692 0.00385816 0.01025 0.00226856 -0.192796 -0.00340861 -0.00351093 0.466312 -0.0138949 
-0.478145 -0.00225712 0.00259522 0.0103938 0.00234916 -0.18638 -0.00231202 -0.00309056 0.463535 -0.00787273 
-0.478145 -0.00225712 0.00259522 0.0103938 0.00234916 -0.18638 -0.00231202 -0.00309056 0.463535 -0.00787273 
-0.453249 -0.00306692 0.00385816 0.01025 0.00226856 -0.192796 -0.00340861 -0.00351093 0.466312 -0.0138949 
-0.961635 -0.213755 -0.172613 0.174132 -0.117038 0.132503 -0.0813364 -0.0393512 -0.080746 0.0145781 
-0.478145 -0.00225712 0.00259522 0.0103938 0.00234916 -0.18638 -0.00231202 -0.00309056 0.463535 -0.00787273 
-0.821868 0.288667 -0.0536111 0.0334928 -0.0888634 0.134006 0.0371912 0.0697206 0.109578 -0.0286582 
-0.437838 -0.00774636 0.0170481 0.0231091 0.0114457 -0.24679 -0.0169535 0.00477604 0.436842 -0.0952884 
-0.45183 -0.00348463 0.00490814 0.0107751 0.00284663 -0.198989 -0.00455071 -0.00406101 0.465408 -0.0192109 
-0.478145 -0.00225712 0.00259522 0.0103938 0.00234916 -0.18638 -0.00231202 -0.00309056 0.463535 -0.00787273 
-0.331924 -0.000857274 0.00537357 -0.0056817 -0.0408567 0.0395518 -0.0340633 0.0276142 0.710317 0.0280387 
-0.387018 -0.00164921 -0.00604518 -0.0129595 -0.0177558 -0.132855 0.0234674 -0.0412369 0.570103 0.0415774 
-0.252385 -0.00415075 -0.0279815 -0.0423204 -0.0573086 -0.0889544 0.0775015 -0.0983009 0.69891 0.111619 
-0.478145 -0.00225712 0.00259522 0.0103938 0.00234916 -0.18638 -0.00231202 -0.00309056 0.463535 -0.00787273 
-0.478145 -0.00225712 0.00259522 0.0103938 0.00234916 -0.18638 -0.00231202 -0.00309056 0.463535 -0.00787273 
-0.478145 -0.00225712 0.00259522 0.0103938 0.00234916 -0.18638 -0.00231202 -0.00309056 0.463535 -0.00787273 
-0.577048 -0.0645321 -0.0228972 0.0289191 0.0214439 -0.00717492 -0.00702046 -0.0254637 0.415857 -0.026714 
-0.562397 0.0896661 -0.048577 -0.0704663 0.0275215 -0.194936 -0.00826965 0.0130602 0.356436 0.0176816 
-0.478145 -0.00225712 0.00259522 0.0103938 0.00234916 -0.18638 -0.00231202 -0.00309056 0.463535 -0.00787273 
-0.536969 0.100658 -0.0540964 -0.0721728 0.0181686 -0.185528 -0.029559 0.0191304 0.368143 0.0206657 
-0.498012 0.0103707 0.0174822 0.127898 0.0632605 -0.177275 0.0139198 0.0152336 0.414026 0.0345849 
-0.453249 -0.00306692 0.00385816 0.01025 0.00226856 -0.192796 -0.00340861 -0.00351093 0.466312 -0.0138949 
-0.478145 -0.00225712 0.00259522 0.0103938 0.00234916 -0.18638 -0.00231202 -0.00309056 0.463535 -0.00787273 
-0.478145 -0.00225712 0.00259522 0.0103938 0.00234916 -0.18638 -0.00231202 -0.00309056 0.463535 -0.00787273 
-0.478145 -0.00225712 0.00259522 0.0103938 0.00234916 -0.18638 -0.00231202 -0.00309056 0.463535 -0.00787273 
-0.331924 -0.000857274 0.00537357 -0.0056817 -0.0408567 0.0395518 -0.0340633 0.0276142 0.710317 0.0280387 
-0.434827 -0.00600757 0.0117863 0.0175291 0.00724961 -0.224995 -0.0113822 0.00167208 0.44982 -0.0627817 
-0.517648 0.0452396 0.0294774 0.0178842 -0.0253599 -0.18892 0.0104443 -0.000315409 0.375916 -0.0430559 
-0.422656 0.0403327 0.0102775 0.0671918 -0.104558 0.187043 -0.0673911 0.0319808 0.65153 0.0407392 
-0.478145 -0.00225712 0.00259522 0.0103938 0.00234916 -0.18638 -0.00231202 -0.00309056 0.463535 -0.00787273 
-0.593 0.131286 -0.154905 -0.170799 0.108429 -0.01771 0.0223084 0.0453074 0.352821 0.0108593 
-0.46198 -0.00674194 0.0215624 -0.00249387 0.00569633 -0.225457 -0.00102957 -0.0236124 0.443348 -0.00961768 
-0.270486 -0.0017534 0.00641518 -0.0139206 -0.0513873 0.0997772 -0.0416033 0.0369242 0.784971 0.035827 
-0.534506 0.0116303 0.0240956 -0.0311253 0.0263098 -0.0529205 0.0198818 -0.00831505 0.447156 -0.0138528 
-0.45848 -0.00531249 0.0107642 0.0177825 0.00772721 -0.220579 -0.0106602 0.00126977 0.447942 -0.0572985 
-0.478145 -0.00225712 0.00259522 0.0103938 0.00234916 -0.18638 -0.00231202 -0.00309056 0.463535 -0.00787273 
-0.562397 0.0896661 -0.048577 -0.0704663 0.0275215 -0.194936 -0.00826965 0.0130602 0.356436 0.0176816 
-0.478145 -0.00225712 0.00259522 0.0103938 0.00234916 -0.18638 -0.00231202 -0.00309056 0.463535 -0.00787273 
-0.478145 -0.00225712 0.00259522 0.0103938 0.00234916 -0.18638 -0.00231202 -0.00309056 0.463535 -0.00787273 
-0.519554 -0.053558 -0.0689943 0.0418719 -0.0678433 -0.330607 0.0775281 -0.0160684 0.306717 -0.00835819 
-0.692279 -0.200846 0.0370011 -0.101897 -0.102371 -0.457659 0.0608554 0.116717 0.0110193 0.082598 
-0.45183 -0.00348463 0.00490814 0.0107751 0.00284663 -0.198989 -0.00455071 -0.00406101 0.465408 -0.0192109 
-0.428177 -0.00417971 0.00593031 0.0105217 0.00236904 -0.203405 -0.00527272 -0.00365869 0.467286 -0.0246942 
-0.478145 -0.00225712 0.00259522 0.0103938 0.00234916 -0.18638 -0.00231202 -0.00309056 0.463535 -0.00787273 
-0.733731 -0.119802 -0.175558 0.0511682 -0.0168826 0.128033 0.11 -0.0238375 0.242606 -0.0551475 
-0.919871 -0.249183 0.0575619 -0.143391 0.118264 0.504085 0.000689764 -0.00578276 0.170276 -0.00390862 
-0.478145 -0.00225712 0.00259522 0.0103938 0.00234916 -0.18638 -0.00231202 -0.00309056 0.463535 -0.00787273 
-0.625904 0.115523 -0.167511 -0.107828 0.0755158 -0.440226 -0.160354 -0.0548826 0.0914759 0.0796777 
-0.453249 -0.00306692 0.00385816 0.01025 0.00226856 -0.192796 -0.00340861 -0.00351093 0.466312 -0.0138949 
-0.453249 -0.00306692 0.00385816 0.01025 0.00226856 -0.192796 -0.00340861 -0.00351093 0.466312 -0.0138949 
-0.539635 -0.0492553 0.136958 -0.0941877 0.0175543 -0.288663 0.0126305 -0.0749431 0.275242 0.0197271 
-0.624531 0.14795 -0.0949612 -0.159245 0.0761614 0.0704351 0.0817342 0.0451359 0.357588 -0.0142431 
-0.478145 -0.00225712 0.00259522 0.0103938 0.00234916 -0.18638 -0.00231202 -0.00309056 0.463535 -0.00787273 
-0.478145 -0.00225712 0.00259522 0.0103938 0.00234916 -0.18638 -0.00231202 -0.00309056 0.463535 -0.00787273 
-0.387018 -0.00164921 -0.00604518 -0.0129595 -0.0177558 -0.132855 0.0234674 -0.0412369 0.570103 0.0415774 
-0.453249 -0.00306692 0.00385816 0.01025 0.00226856 -0.192796 -0.00340861 -0.00351093 0.466312 -0.0138949 
-1.04872 0.274093 0.200915 -0.0763459 -0.0934617 0.120677 0.0203268 -0.0447613 -0.197185 0.030767 
-0.478145 -0.00225712 0.00259522 0.0103938 0.00234916 -0.18638 -0.00231202 -0.00309056 0.463535 -0.00787273 
-0.622406 -0.0177423 0.1227 -0.0707323 -0.00106565 -0.204148 0.0125172 -0.0440137 0.264068 0.0266092 
-0.478145 -0.00225712 0.00259522 0.0103938 0.00234916 -0.18638 -0.00231202 -0.00309056 0.463535 -0.00787273 
-0.46114 0.0146974 0.0299003 0.246338 0.15807 -0.198577 0.0442602 0.036007 0.368588 0.0834853 
-0.543448 0.0499251 0.00197968 0.0815609 -0.0707047 -0.0294799 -0.0569291 0.00734627 0.416455 0.00781186 
-0.453249 -0.00306692 0.00385816 0.01025 0.00226856 -0.192796 -0.00340861 -0.00351093 0.466312 -0.0138949 
-0.478145 -0.00225712 0.00259522 0.0103938 0.00234916 -0.18638 -0.00231202 -0.00309056 0.463535 -0.00787273 
-0.460906 0.0147809 0.0289842 0.240761 0.152056 -0.193429 0.0426294 0.035589 0.371334 0.0832911 
-0.478145 -0.00225712 0.00259522 0.0103938 0.00234916 -0.18638 -0.00231202 -0.00309056 0.463535 -0.00787273 
-0.407299 -0.00200588 -0.00378372 -0.00611301 -0.0125875 -0.151226 0.0170962 -0.0302151 0.538155 0.0261826 
-0.498012 0.0103707 0.0174822 0.127898 0.0632605 -0.177275 0.0139198 0.0152336 0.414026 0.0345849 
-0.56329 0.0559305 0.0341699 0.0582105 -0.0287477 -0.148474 0.00635707 0.00499446 0.362372 -0.0195088 
-0.452717 0.00873509 -0.00292421 0.00868737 -0.00700373 -0.176971 -0.0236013 0.00297967 0.475243 -0.00488871 
-0.56329 0.0559305 0.0341699 0.0582105 -0.0287477 -0.148474 0.00635707 0.00499446 0.362372 -0.0195088 
-0.586164 -0.0368413 0.0853162 -0.0579926 0.00916186 -0.190258 0.00833781 -0.0227746 0.330434 0.0208552 
-0.478145 -0.00225712 0.00259522 0.0103938 0.00234916 -0.18638 -0.00231202 -0.00309056 0.463535 -0.00787273 
-0.478145 -0.00225712 0.00259522 0.0103938 0.00234916 -0.18638 -0.00231202 -0.00309056 0.463535 -0.00787273 
-0.478145 -0.00225712 0.00259522 0.0103938 0.00234916 -0.18638 -0.00231202 -0.00309056 0.463535 -0.00787273 
-0.453249 -0.00306692 0.00385816 0.01025 0.00226856 -0.192796 -0.00340861 -0.00351093 0.466312 -0.0138949 
-0.456574 -0.0271128 0.00960535 -0.0212635 -0.0254751 -0.310951 0.0030036 0.0666019 0.411495 0.0118347 
-0.45183 -0.00348463 0.00490814 0.0107751 0.00284663 -0.198989 -0.00455071 -0.00406101 0.465408 -0.0192109 
-0.461583 0.000364061 0.00847606 0.013527 -0.000857732 -0.206184 -0.00125322 -0.00301223 0.451043 -0.0268121 
-0.478145 -0.00225712 0.00259522 0.0103938 0.00234916 -0.18638 -0.00231202 -0.00309056 0.463535 -0.00787273 
-0.558121 -0.0799295 0.00638996 -0.013132 -0.00642124 -0.162496 -0.0277593 0.0512945 0.368924 0.0141191 
-0.478145 -0.00225712 0.00259522 0.0103938 0.00234916 -0.18638 -0.00231202 -0.00309056 0.463535 -0.00787273 
-0.506449 0.0193461 0.0295669 0.00638909 -0.00929878 -0.191337 -0.000133205 -0.0184184 0.409169 -0.00903049 
-0.537662 -0.049282 -0.0604102 0.0374228 -0.0566779 -0.283896 0.0595685 -0.0110723 0.330157 0.000404005 
-0.480436 -0.012249 -0.00938317 -0.0292849 0.0428471 -0.0686423 0.00252746 0.0060143 0.498879 -0.0115539 
-0.478145 -0.00225712 0.00259522 0.0103938 0.00234916 -0.18638 -0.00231202 -0.00309056 0.463535 -0.00787273 
-0.45183 -0.00348463 0.00490814 0.0107751 0.00284663 -0.198989 -0.00455071 -0.00406101 0.465408 -0.0192109 
-0.673888 0.109748 0.0539608 0.248588 -0.0315374 0.00812212 -0.0107389 0.0276852 0.254075 0.0356494 
-0.462874 -0.0013606 0.00640902 0.0431893 0.0293408 -0.195274 0.00602744 0.00236855 0.451674 0.00382852 
-0.478145 -0.00225712 0.00259522 0.0103938 0.00234916 -0.18638 -0.00231202 -0.00309056 0.463535 -0.00787273 
-0.509747 -0.113729 0.016052 -0.055458 -0.0418976 -0.320924 -0.0288931 0.153109 0.309931 0.0367509 
-0.478145 -0.00225712 0.00259522 0.0103938 0.00234916 -0.18638 -0.00231202 -0.00309056 0.463535 -0.00787273 
-0.478145 -0.00225712 0.00259522 0.0103938 0.00234916 -0.18638 -0.00231202 -0.00309056 0.463535 -0.00787273 
-0.45848 -0.00531249 0.0107642 0.0177825 0.00772721 -0.220579 -0.0106602 0.00126977 0.447942 -0.0572985 
-0.527472 -0.0117671 -0.0449919 0.0355374 0.00309458 -0.291918 -0.0833563 -0.0502933 0.315344 0.00616566 
-0.478145 -0.00225712 0.00259522 0.0103938 0.00234916 -0.18638 -0.00231202 -0.00309056 0.463535 -0.00787273 
-0.473874 -0.0520347 -0.0759676 0.0245689 -0.0812941 -0.275149 0.0941944 -0.0410118 0.384344 0.03639 
-0.478145 -0.00225712 0.00259522 0.0103938 0.00234916 -0.18638 -0.00231202 -0.00309056 0.463535 -0.00787273 
-0.460036 -0.00653319 -0.00598889 0.014843 -0.00881616 -0.23309 0.0156475 -0.00808665 0.440096 -0.0166349 
-0.789967 -0.211052 0.0809046 -0.0844327 0.0473684 0.123946 -0.0301481 0.0083292 0.193119 0.0216915 
