-0.4488 -0.00397901 0.00461432 0.0269687 0.00316907 -0.226033 -0.00365242 -0.00380779 0.456986 -0.0143816 
-0.472799 -0.00302762 0.00314899 0.0265577 0.00297615 -0.21875 -0.00245081 -0.0032878 0.456122 -0.00812068 
-0.472799 -0.00302762 0.00314899 0.0265577 0.00297615 -0.21875 -0.00245081 -0.0032878 0.456122 -0.00812068 
-0.4488 -0.00397901 0.00461432 0.0269687 0.00316907 -0.226033 -0.00365242 -0.00380779 0.456986 -0.0143816 
-0.957684 -0.22182 -0.175078 0.220383 -0.125001 0.133997 -0.0795694 -0.0363721 -0.0825828 0.0185673 
-0.472799 -0.00302762 0.00314899 0.0265577 0.00297615 -0.21875 -0.00245081 -0.0032878 0.456122 -0.00812068 
-0.817461 0.297935 -0.0535495 0.0442926 -0.0941636 0.119705 0.0350743 0.0720697 0.116831 -0.0281999 
-0.430644 -0.0102804 0.0193313 0.0450573 0.0122893 -0.272362 -0.0168098 0.00408542 0.430635 -0.0898891 
-0.447639 -0.00453458 0.00585225 0.0281588 0.00391145 -0.232652 -0.00486761 -0.00434475 0.45526 -0.0198336 
-0.472799 -0.00302762 0.00314899 0.0265577 0.00297615 -0.21875 -0.00245081 -0.0032878 0.456122 -0.00812068 
-0.323954 -0.00164987 0.0062297 0.00312854 -0.0418336 0.0197776 -0.0321648 0.0278259 0.721315 0.0218121 
-0.380112 -0.000684915 -0.00782885 -0.00572092 -0.0180884 -0.166616 0.0210289 -0.0430974 0.568544 0.0448609 
-0.241725 -0.000564092 -0.0333768 -0.0468133 -0.0592756 -0.125108 0.0722651 -0.102277 0.70561 0.118832 
-0.472799 -0.00302762 0.00314899 0.0265577 0.00297615 -0.21875 -0.00245081 -0.0032878 0.456122 -0.00812068 
-0.472799 -0.00302762 0.00314899 0.0265577 0.00297615 -0.21875 -0.00245081 -0.0032878 0.456122 -0.00812068 
-0.472799 -0.00302762 0.00314899 0.0265577 0.00297615 -0.21875 -0.00245081 -0.0032878 0.456122 -0.00812068 
-0.578989 -0.0678124 -0.0223261 0.0486535 0.0218327 -0.0279086 -0.00692904 -0.025193 0.409291 -0.0260957 
-0.556162 0.0922991 -0.0492275 -0.0780715 0.0281888 -0.229466 -0.00903857 0.0132605 0.358388 0.0159594 
-0.472799 -0.00302762 0.00314899 0.0265577 0.00297615 -0.21875 -0.00245081 -0.0032878 0.456122 -0.00812068 
-0.5304 0.103427 -0.0545965 -0.080402 0.0186092 -0.219831 -0.0304216 0.0193653 0.370887 0.0185421 
-0.488962 0.0108896 0.016975 0.170107 0.0643857 -0.196434 0.0146952 0.0162931 0.403776 0.0373091 
-0.4488 -0.00397901 0.00461432 0.0269687 0.00316907 -0.226033 -0.00365242 -0.00380779 0.456986 -0.0143816 
-0.472799 -0.00302762 0.00314899 0.0265577 0.00297615 -0.21875 -0.00245081 -0.0032878 0.456122 -0.00812068 
-0.472799 -0.00302762 0.00314899 0.0265577 0.00297615 -0.21875 -0.00245081 -0.0032878 0.456122 -0.00812068 
-0.472799 -0.00302762 0.00314899 0.0265577 0.00297615 -0.21875 -0.00245081 -0.0032878 0.456122 -0.00812068 
-0.323954 -0.00164987 0.0062297 0.00312854 -0.0418336 0.0197776 -0.0321648 0.0278259 0.721315 0.0218121 
-0.429088 -0.00789931 0.0134897 0.0373815 0.00820129 -0.253948 -0.0114373 0.00111559 0.441766 -0.0599777 
-0.514339 0.045672 0.031172 0.0368889 -0.0252331 -0.223018 0.00939009 -0.000430795 0.363726 -0.0425509 
-0.413132 0.0408491 0.0112737 0.0907066 -0.10886 0.179723 -0.065026 0.0331205 0.66652 0.0356039 
-0.472799 -0.00302762 0.00314899 0.0265577 0.00297615 -0.21875 -0.00245081 -0.0032878 0.456122 -0.00812068 
-0.593734 0.135265 -0.156933 -0.207148 0.111032 -0.0453756 0.0208676 0.0461016 0.36744 0.0053627 
-0.456217 -0.00770359 0.0226354 0.0114479 0.00671038 -0.256392 0.000401853 -0.0233825 0.437059 -0.0124559 
-0.262205 -0.00262383 0.00742737 -0.00789358 -0.0526015 0.0831118 -0.039155 0.0371843 0.800606 0.0276326 
-0.535024 0.0114193 0.0249063 -0.0271777 0.0272555 -0.081474 0.0192092 -0.00867652 0.444073 -0.0137326 
-0.451919 -0.00707635 0.0122793 0.0372025 0.00843543 -0.248912 -0.0106169 0.0008018 0.441511 -0.0542296 
-0.472799 -0.00302762 0.00314899 0.0265577 0.00297615 -0.21875 -0.00245081 -0.0032878 0.456122 -0.00812068 
-0.556162 0.0922991 -0.0492275 -0.0780715 0.0281888 -0.229466 -0.00903857 0.0132605 0.358388 0.0159594 
-0.472799 -0.00302762 0.00314899 0.0265577 0.00297615 -0.21875 -0.00245081 -0.0032878 0.456122 -0.00812068 
-0.472799 -0.00302762 0.00314899 0.0265577 0.00297615 -0.21875 -0.00245081 -0.0032878 0.456122 -0.00812068 
-0.50559 -0.0547475 -0.0703444 0.0650959 -0.069523 -0.364696 0.0792075 -0.0149592 0.29966 -0.012561 
-0.664647 -0.206308 0.0350908 -0.127345 -0.108001 -0.50608 0.0631648 0.117112 0.0265332 0.0843292 
-0.447639 -0.00453458 0.00585225 0.0281588 0.00391145 -0.232652 -0.00486761 -0.00434475 0.45526 -0.0198336 
-0.424808 -0.00535754 0.00706263 0.0283379 0.00367731 -0.237689 -0.00568801 -0.00403097 0.455515 -0.0255817 
-0.472799 -0.00302762 0.00314899 0.0265577 0.00297615 -0.21875 -0.00245081 -0.0032878 0.456122 -0.00812068 
-0.735033 -0.123804 -0.177711 0.0722374 -0.0190272 0.120686 0.111529 -0.0213277 0.244798 -0.0594565 
-0.93914 -0.258944 0.0586157 -0.179841 0.117716 0.504624 0.00132039 -0.00557273 0.191468 0.00141044 
-0.472799 -0.00302762 0.00314899 0.0265577 0.00297615 -0.21875 -0.00245081 -0.0032878 0.456122 -0.00812068 
-0.618976 0.118512 -0.170129 -0.124118 0.0775106 -0.480105 -0.160961 -0.0543629 0.0873494 0.0771078 
-0.4488 -0.00397901 0.00461432 0.0269687 0.00316907 -0.226033 -0.00365242 -0.00380779 0.456986 -0.0143816 
-0.4488 -0.00397901 0.00461432 0.0269687 0.00316907 -0.226033 -0.00365242 -0.00380779 0.456986 -0.0143816 
-0.532062 -0.0511354 0.139278 -0.10541 0.0182737 -0.31528 0.0187203 -0.0737877 0.281618 0.01241 
-0.627623 0.152851 -0.0961072 -0.193069 0.0777729 0.0440946 0.0799637 0.0458037 0.371588 -0.0190243 
-0.472799 -0.00302762 0.00314899 0.0265577 0.00297615 -0.21875 -0.00245081 -0.0032878 0.456122 -0.00812068 
-0.472799 -0.00302762 0.00314899 0.0265577 0.00297615 -0.21875 -0.00245081 -0.0032878 0.456122 -0.00812068 
-0.380112 -0.000684915 -0.00782885 -0.00572092 -0.0180884 -0.166616 0.0210289 -0.0430974 0.568544 0.0448609 
-0.4488 -0.00397901 0.00461432 0.0269687 0.00316907 -0.226033 -0.00365242 -0.00380779 0.456986 -0.0143816 
-1.04903 0.283879 0.203184 -0.0970518 -0.100329 0.105953 0.0207596 -0.0431506 -0.183037 0.0343419 
-0.472799 -0.00302762 0.00314899 0.0265577 0.00297615 -0.21875 -0.00245081 -0.0032878 0.456122 -0.00812068 
-0.616468 -0.0182896 0.12409 -0.0787472 -0.00172699 -0.234932 0.014985 -0.0439006 0.267181 0.0258482 
-0.472799 -0.00302762 0.00314899 0.0265577 0.00297615 -0.21875 -0.00245081 -0.0032878 0.456122 -0.00812068 
-0.448701 0.0164426 0.0280975 0.314942 0.161005 -0.203549 0.0463182 0.0384845 0.35411 0.0882111 
-0.536216 0.0505997 0.00282393 0.111805 -0.0736294 -0.04917 -0.0566951 0.00811166 0.413826 0.00825382 
-0.4488 -0.00397901 0.00461432 0.0269687 0.00316907 -0.226033 -0.00365242 -0.00380779 0.456986 -0.0143816 
-0.472799 -0.00302762 0.00314899 0.0265577 0.00297615 -0.21875 -0.00245081 -0.0032878 0.456122 -0.00812068 
-0.44867 0.0165266 0.0271669 0.307884 0.15481 -0.199043 0.0446186 0.0379494 0.357148 0.0880426 
-0.472799 -0.00302762 0.00314899 0.0265577 0.00297615 -0.21875 -0.00245081 -0.0032878 0.456122 -0.00812068 
-0.400948 -0.00155191 -0.004868 0.00382274 -0.0126032 -0.18472 0.0153551 -0.0315928 0.534541 0.0282866 
-0.488962 0.0108896 0.016975 0.170107 0.0643857 -0.196434 0.0146952 0.0162931 0.403776 0.0373091 
-0.558165 0.0571447 0.0352416 0.0849552 -0.0296776 -0.178086 0.00552295 0.00510671 0.351417 -0.0170448 
-0.447037 0.00810076 -0.00222007 0.0242272 -0.0066035 -0.209115 -0.0238339 0.00281708 0.468621 -0.00553791 
-0.558165 0.0571447 0.0352416 0.0849552 -0.0296776 -0.178086 0.00552295 0.00510671 0.351417 -0.0170448 
-0.579791 -0.0382801 0.0863735 -0.0623152 0.00896205 -0.220756 0.0103822 -0.0226686 0.333297 0.0200395 
-0.472799 -0.00302762 0.00314899 0.0265577 0.00297615 -0.21875 -0.00245081 -0.0032878 0.456122 -0.00812068 
-0.472799 -0.00302762 0.00314899 0.0265577 0.00297615 -0.21875 -0.00245081 -0.0032878 0.456122 -0.00812068 
-0.472799 -0.00302762 0.00314899 0.0265577 0.00297615 -0.21875 -0.00245081 -0.0032878 0.456122 -0.00812068 
-0.4488 -0.00397901 0.00461432 0.0269687 0.00316907 -0.226033 -0.00365242 -0.00380779 0.456986 -0.0143816 
-0.443816 -0.0285127 0.00976483 -0.0155922 -0.0258589 -0.354531 0.00224411 0.0659857 0.406955 0.0128925 
-0.447639 -0.00453458 0.00585225 0.0281588 0.00391145 -0.232652 -0.00486761 -0.00434475 0.45526 -0.0198336 
-0.457486 -0.000641246 0.00960419 0.0319106 0.000154192 -0.240282 -0.00177294 -0.00327713 0.43997 -0.0270991 
-0.472799 -0.00302762 0.00314899 0.0265577 0.00297615 -0.21875 -0.00245081 -0.0032878 0.456122 -0.00812068 
-0.550623 -0.083502 0.00656702 -0.00733273 -0.00727892 -0.197134 -0.0286409 0.0507615 0.366801 0.0176713 
-0.472799 -0.00302762 0.00314899 0.0265577 0.00297615 -0.21875 -0.00245081 -0.0032878 0.456122 -0.00812068 
-0.502221 0.0194082 0.0304707 0.0214657 -0.00903806 -0.224518 -0.000355928 -0.0187012 0.400168 -0.00884513 
-0.524665 -0.050449 -0.0617362 0.0586122 -0.058387 -0.316444 0.0608404 -0.0101999 0.32509 -0.00230009 
-0.480006 -0.0135418 -0.00887545 -0.0244025 0.0444785 -0.0969291 0.00199488 0.00568906 0.496271 -0.0120898 
-0.472799 -0.00302762 0.00314899 0.0265577 0.00297615 -0.21875 -0.00245081 -0.0032878 0.456122 -0.00812068 
-0.447639 -0.00453458 0.00585225 0.0281588 0.00391145 -0.232652 -0.00486761 -0.00434475 0.45526 -0.0198336 
-0.663506 0.113561 0.0541116 0.316083 -0.0352939 0.00417581 -0.0101923 0.0299822 0.244276 0.0421767 
-0.456801 -0.00183813 0.00666777 0.0668751 0.0305708 -0.223964 0.00622623 0.00255471 0.442574 0.00403736 
-0.472799 -0.00302762 0.00314899 0.0265577 0.00297615 -0.21875 -0.00245081 -0.0032878 0.456122 -0.00812068 
-0.49322 -0.118359 0.0158712 -0.0635641 -0.0439204 -0.371419 -0.0310915 0.151794 0.310325 0.0426591 
-0.472799 -0.00302762 0.00314899 0.0265577 0.00297615 -0.21875 -0.00245081 -0.0032878 0.456122 -0.00812068 
-0.472799 -0.00302762 0.00314899 0.0265577 0.00297615 -0.21875 -0.00245081 -0.0032878 0.456122 -0.00812068 
-0.451919 -0.00707635 0.0122793 0.0372025 0.00843543 -0.248912 -0.0106169 0.0008018 0.441511 -0.0542296 
-0.523013 -0.0133804 -0.0448645 0.0596433 0.00378371 -0.32505 -0.0833794 -0.0502557 0.299627 0.00640774 
-0.472799 -0.00302762 0.00314899 0.0265577 0.00297615 -0.21875 -0.00245081 -0.0032878 0.456122 -0.00812068 
-0.458128 -0.0518039 -0.0792672 0.0402547 -0.0839949 -0.308967 0.0942706 -0.041075 0.383737 0.0352634 
-0.472799 -0.00302762 0.00314899 0.0265577 0.00297615 -0.21875 -0.00245081 -0.0032878 0.456122 -0.00812068 
-0.453724 -0.00732612 -0.00545921 0.0330414 -0.00815992 -0.267002 0.0159163 -0.00804708 0.430693 -0.0183816 
-0.793604 -0.219232 0.0819557 -0.10221 0.0458786 0.107351 -0.0288543 0.00831181 0.204833 0.0268831 
