-0.468029 -0.0022348 0.00288214 -0.00106949 0.000468026 -0.0647962 -0.00300995 -0.00269592 0.491532 -0.0125523 
-0.494293 -0.00156768 0.00198094 -8.55334e-05 0.00119136 -0.0613208 -0.00208202 -0.00257064 0.484712 -0.00715591 
-0.494293 -0.00156768 0.00198094 -8.55334e-05 0.00119136 -0.0613208 -0.00208202 -0.00257064 0.484712 -0.00715591 
-0.468029 -0.0022348 0.00288214 -0.00106949 0.000468026 -0.0647962 -0.00300995 -0.00269592 0.491532 -0.0125523 
-0.946041 -0.203792 -0.172215 0.138094 -0.10539 0.121206 -0.08322 -0.0451044 -0.0985868 0.00768719 
-0.494293 -0.00156768 0.00198094 -8.55334e-05 0.00119136 -0.0613208 -0.00208202 -0.00257064 0.484712 -0.00715591 
-0.816769 0.277759 -0.0546758 0.0319433 -0.0805321 0.141373 0.0396582 0.066187 0.0704329 -0.0283328 
-0.458342 -0.00447988 0.0117115 0.00426996 0.00811031 -0.112451 -0.0178356 0.00466811 0.468998 -0.102473 
-0.46566 -0.00250225 0.00358989 -0.00135097 0.000625207 -0.067648 -0.00403724 -0.00311271 0.493765 -0.0174502 
-0.494293 -0.00156768 0.00198094 -8.55334e-05 0.00119136 -0.0613208 -0.00208202 -0.00257064 0.484712 -0.00715591 
-0.346568 -0.000349193 0.00521675 -0.00790627 -0.0395723 0.0911615 -0.0347643 0.0251768 0.670177 0.0399986 
-0.407161 -0.00313525 -0.00240521 -0.0149592 -0.0172067 -0.0213726 0.0258757 -0.0341457 0.571483 0.0369877 
-0.283344 -0.00902951 -0.0177797 -0.0330654 -0.0542653 0.0107557 0.0825626 -0.0832095 0.675196 0.101015 
-0.494293 -0.00156768 0.00198094 -8.55334e-05 0.00119136 -0.0613208 -0.00208202 -0.00257064 0.484712 -0.00715591 
-0.494293 -0.00156768 0.00198094 -8.55334e-05 0.00119136 -0.0613208 -0.00208202 -0.00257064 0.484712 -0.00715591 
-0.494293 -0.00156768 0.00198094 -8.55334e-05 0.00119136 -0.0613208 -0.00208202 -0.00257064 0.484712 -0.00715591 
-0.56642 -0.0607318 -0.0243299 0.0148936 0.0213847 0.0583497 -0.00714385 -0.0256527 0.420014 -0.0261028 
-0.58645 0.0864465 -0.0477041 -0.0573404 0.0280539 -0.0737638 -0.00665286 0.0125542 0.362449 0.0193406 
-0.494293 -0.00156768 0.00198094 -8.55334e-05 0.00119136 -0.0613208 -0.00208202 -0.00257064 0.484712 -0.00715591 
-0.561557 0.0973126 -0.053624 -0.0584987 0.0188183 -0.0674204 -0.0275616 0.0188694 0.371386 0.0230045 
-0.513476 0.00968634 0.0191238 0.0937644 0.0641367 -0.0745207 0.0121215 0.0124373 0.439798 0.0275011 
-0.468029 -0.0022348 0.00288214 -0.00106949 0.000468026 -0.0647962 -0.00300995 -0.00269592 0.491532 -0.0125523 
-0.494293 -0.00156768 0.00198094 -8.55334e-05 0.00119136 -0.0613208 -0.00208202 -0.00257064 0.484712 -0.00715591 
-0.494293 -0.00156768 0.00198094 -8.55334e-05 0.00119136 -0.0613208 -0.00208202 -0.00257064 0.484712 -0.00715591 
-0.494293 -0.00156768 0.00198094 -8.55334e-05 0.00119136 -0.0613208 -0.00208202 -0.00257064 0.484712 -0.00715591 
-0.346568 -0.000349193 0.00521675 -0.00790627 -0.0395723 0.0911615 -0.0347643 0.0251768 0.670177 0.0399986 
-0.452447 -0.00372938 0.00817977 0.00166214 0.0043662 -0.0928126 -0.011664 0.00204513 0.480129 -0.0661015 
-0.527185 0.0445149 0.026999 0.00424023 -0.0270823 -0.0586786 0.0113826 0.0012768 0.408516 -0.0424951 
-0.428231 0.0395039 0.00970655 0.0523981 -0.0988871 0.184295 -0.0686668 0.0279326 0.587399 0.0508883 
-0.494293 -0.00156768 0.00198094 -8.55334e-05 0.00119136 -0.0613208 -0.00208202 -0.00257064 0.484712 -0.00715591 
-0.600792 0.126375 -0.153041 -0.129901 0.109231 0.042119 0.0258296 0.0426309 0.319599 0.019885 
-0.482098 -0.00587671 0.0206184 -0.0112765 0.003594 -0.0929183 -0.00229859 -0.0259458 0.468633 -0.00537486 
-0.2845 -0.00123751 0.00629025 -0.0133241 -0.0497997 0.131961 -0.0424933 0.0337575 0.728808 0.0515432 
-0.534044 0.0117132 0.0235169 -0.0298666 0.0258077 0.0318409 0.0204075 -0.00676522 0.447968 -0.012872 
-0.477422 -0.00315913 0.00748725 0.00259854 0.00541346 -0.0905798 -0.0111033 0.00138219 0.474823 -0.0612793 
-0.494293 -0.00156768 0.00198094 -8.55334e-05 0.00119136 -0.0613208 -0.00208202 -0.00257064 0.484712 -0.00715591 
-0.58645 0.0864465 -0.0477041 -0.0573404 0.0280539 -0.0737638 -0.00665286 0.0125542 0.362449 0.0193406 
-0.494293 -0.00156768 0.00198094 -8.55334e-05 0.00119136 -0.0613208 -0.00208202 -0.00257064 0.484712 -0.00715591 
-0.494293 -0.00156768 0.00198094 -8.55334e-05 0.00119136 -0.0613208 -0.00208202 -0.00257064 0.484712 -0.00715591 
-0.559644 -0.0528967 -0.066852 0.02555 -0.0673883 -0.171423 0.0760353 -0.021215 0.341828 -0.00206251 
-0.781207 -0.194495 0.0422565 -0.0684481 -0.092968 -0.27185 0.0566125 0.113825 0.0122765 0.0747484 
-0.46566 -0.00250225 0.00358989 -0.00135097 0.000625207 -0.067648 -0.00403724 -0.00311271 0.493765 -0.0174502 
-0.440685 -0.0030725 0.0042824 -0.00228737 -0.000422052 -0.0698809 -0.00459787 -0.00244977 0.49907 -0.0222724 
-0.494293 -0.00156768 0.00198094 -8.55334e-05 0.00119136 -0.0613208 -0.00208202 -0.00257064 0.484712 -0.00715591 
-0.716206 -0.115708 -0.174259 0.0375217 -0.0131533 0.135513 0.108936 -0.0319024 0.218193 -0.0449707 
-0.858907 -0.236899 0.0566565 -0.102421 0.125862 0.395715 -0.00181603 -0.00442058 0.0770726 -0.0102115 
-0.494293 -0.00156768 0.00198094 -8.55334e-05 0.00119136 -0.0613208 -0.00208202 -0.00257064 0.484712 -0.00715591 
-0.666132 0.112449 -0.165789 -0.087398 0.0751305 -0.2598 -0.157101 -0.0562979 0.139706 0.0778007 
-0.468029 -0.0022348 0.00288214 -0.00106949 0.000468026 -0.0647962 -0.00300995 -0.00269592 0.491532 -0.0125523 
-0.468029 -0.0022348 0.00288214 -0.00106949 0.000468026 -0.0647962 -0.00300995 -0.00269592 0.491532 -0.0125523 
-0.57467 -0.047157 0.136697 -0.0790218 0.0164597 -0.155248 0.00582732 -0.0842806 0.289238 0.0278328 
-0.621813 0.141788 -0.0934586 -0.120486 0.0776158 0.108628 0.0847665 0.0433172 0.31526 -0.00485189 
-0.494293 -0.00156768 0.00198094 -8.55334e-05 0.00119136 -0.0613208 -0.00208202 -0.00257064 0.484712 -0.00715591 
-0.494293 -0.00156768 0.00198094 -8.55334e-05 0.00119136 -0.0613208 -0.00208202 -0.00257064 0.484712 -0.00715591 
-0.407161 -0.00313525 -0.00240521 -0.0149592 -0.0172067 -0.0213726 0.0258757 -0.0341457 0.571483 0.0369877 
-0.468029 -0.0022348 0.00288214 -0.00106949 0.000468026 -0.0647962 -0.00300995 -0.00269592 0.491532 -0.0125523 
-1.04238 0.263262 0.200798 -0.0479749 -0.0820347 0.121336 0.0177838 -0.0472171 -0.242035 0.0214487 
-0.494293 -0.00156768 0.00198094 -8.55334e-05 0.00119136 -0.0613208 -0.00208202 -0.00257064 0.484712 -0.00715591 
-0.647364 -0.0170341 0.123241 -0.0575697 0.000527121 -0.0865684 0.00887624 -0.0464338 0.270795 0.0251668 
-0.494293 -0.00156768 0.00198094 -8.55334e-05 0.00119136 -0.0613208 -0.00208202 -0.00257064 0.484712 -0.00715591 
-0.477415 0.0126265 0.0344258 0.187883 0.159826 -0.113076 0.0400461 0.0288762 0.40537 0.0695854 
-0.551063 0.0491515 0.000550763 0.0590605 -0.0673591 0.0381566 -0.0568932 0.00650041 0.41087 0.00739763 
-0.468029 -0.0022348 0.00288214 -0.00106949 0.000468026 -0.0647962 -0.00300995 -0.00269592 0.491532 -0.0125523 
-0.494293 -0.00156768 0.00198094 -8.55334e-05 0.00119136 -0.0613208 -0.00208202 -0.00257064 0.484712 -0.00715591 
-0.477279 0.0127143 0.033502 0.183749 0.153963 -0.108878 0.0385181 0.0287256 0.406305 0.0694504 
-0.494293 -0.00156768 0.00198094 -8.55334e-05 0.00119136 -0.0613208 -0.00208202 -0.00257064 0.484712 -0.00715591 
-0.426363 -0.00286562 -0.00140762 -0.0107219 -0.0126468 -0.0350536 0.0188562 -0.0251057 0.546096 0.0234009 
-0.513476 0.00968634 0.0191238 0.0937644 0.0641367 -0.0745207 0.0121215 0.0124373 0.439798 0.0275011 
-0.572795 0.0544206 0.0328179 0.0382275 -0.0280709 -0.0370449 0.00662884 0.00597988 0.385762 -0.0232449 
-0.4694 0.00929843 -0.00393903 -0.00124389 -0.00804427 -0.0549773 -0.0229908 0.00374458 0.493648 -0.00349201 
-0.572795 0.0544206 0.0328179 0.0382275 -0.0280709 -0.0370449 0.00662884 0.00597988 0.385762 -0.0232449 
-0.610174 -0.0351469 0.0857066 -0.0483443 0.0102883 -0.0743985 0.00544946 -0.0248735 0.335612 0.0202645 
-0.494293 -0.00156768 0.00198094 -8.55334e-05 0.00119136 -0.0613208 -0.00208202 -0.00257064 0.484712 -0.00715591 
-0.494293 -0.00156768 0.00198094 -8.55334e-05 0.00119136 -0.0613208 -0.00208202 -0.00257064 0.484712 -0.00715591 
-0.494293 -0.00156768 0.00198094 -8.55334e-05 0.00119136 -0.0613208 -0.00208202 -0.00257064 0.484712 -0.00715591 
-0.468029 -0.0022348 0.00288214 -0.00106949 0.000468026 -0.0647962 -0.00300995 -0.00269592 0.491532 -0.0125523 
-0.49814 -0.0256808 0.00992556 -0.0207424 -0.0249911 -0.14595 0.00354007 0.0686628 0.436266 0.00947618 
-0.46566 -0.00250225 0.00358989 -0.00135097 0.000625207 -0.067648 -0.00403724 -0.00311271 0.493765 -0.0174502 
-0.474894 0.00129633 0.0068048 0.000334463 -0.00324954 -0.071558 -0.000603459 -0.00181003 0.482509 -0.0253606 
-0.494293 -0.00156768 0.00198094 -8.55334e-05 0.00119136 -0.0613208 -0.00208202 -0.00257064 0.484712 -0.00715591 
-0.579643 -0.0756175 0.00619577 -0.0126123 -0.0041276 -0.0467634 -0.0273822 0.0542548 0.376123 0.00812978 
-0.494293 -0.00156768 0.00198094 -8.55334e-05 0.00119136 -0.0613208 -0.00208202 -0.00257064 0.484712 -0.00715591 
-0.52068 0.0191028 0.0287781 -0.00314725 -0.010272 -0.0648551 -5.0763e-05 -0.0174418 0.434155 -0.0092856 
-0.573731 -0.0484909 -0.0583163 0.0232512 -0.055503 -0.138644 0.0583786 -0.0150026 0.3563 0.00422367 
-0.483078 -0.0109019 -0.0100553 -0.0291303 0.0416451 0.0199813 0.00331997 0.0071115 0.500133 -0.00943985 
-0.494293 -0.00156768 0.00198094 -8.55334e-05 0.00119136 -0.0613208 -0.00208202 -0.00257064 0.484712 -0.00715591 
-0.46566 -0.00250225 0.00358989 -0.00135097 0.000625207 -0.067648 -0.00403724 -0.00311271 0.493765 -0.0174502 
-0.673641 0.105528 0.0544505 0.192382 -0.0244404 0.0428891 -0.0130701 0.0237436 0.258071 0.0223017 
-0.478892 -0.00100868 0.00648448 0.0256869 0.0282175 -0.0736987 0.00562491 0.00172812 0.477279 0.00287826 
-0.494293 -0.00156768 0.00198094 -8.55334e-05 0.00119136 -0.0613208 -0.00208202 -0.00257064 0.484712 -0.00715591 
-0.563043 -0.108137 0.016688 -0.040529 -0.0376905 -0.152408 -0.0275856 0.159243 0.323105 0.0260031 
-0.494293 -0.00156768 0.00198094 -8.55334e-05 0.00119136 -0.0613208 -0.00208202 -0.00257064 0.484712 -0.00715591 
-0.494293 -0.00156768 0.00198094 -8.55334e-05 0.00119136 -0.0613208 -0.00208202 -0.00257064 0.484712 -0.00715591 
-0.477422 -0.00315913 0.00748725 0.00259854 0.00541346 -0.0905798 -0.0111033 0.00138219 0.474823 -0.0612793 
-0.544307 -0.00978595 -0.0462375 0.0167188 0.00132766 -0.140349 -0.0825898 -0.0499067 0.366098 0.00429527 
-0.494293 -0.00156768 0.00198094 -8.55334e-05 0.00119136 -0.0613208 -0.00208202 -0.00257064 0.484712 -0.00715591 
-0.517843 -0.0530872 -0.0703022 0.0157814 -0.0787235 -0.132783 0.0941273 -0.0415313 0.398628 0.0376939 
-0.494293 -0.00156768 0.00198094 -8.55334e-05 0.00119136 -0.0613208 -0.00208202 -0.00257064 0.484712 -0.00715591 
-0.480206 -0.00597344 -0.00655479 0.00221332 -0.0106939 -0.0940994 0.0155747 -0.00878303 0.470239 -0.0134421 
-0.778102 -0.200767 0.0804274 -0.061211 0.0534661 0.136216 -0.0332756 0.00924987 0.152014 0.0127557 
