1.04808 -0.0723844 0.0909369 -0.40676 -0.36351 0.506759 -0.0299178 0.295567 -0.830995 -0.106956 
1.04808 -0.0723844 0.0909369 -0.40676 -0.36351 0.506759 -0.0299178 0.295567 -0.830995 -0.106956 
1.04808 -0.0723844 0.0909369 -0.40676 -0.36351 0.506759 -0.0299178 0.295567 -0.830995 -0.106956 
1.04808 -0.0723844 0.0909369 -0.40676 -0.36351 0.506759 -0.0299178 0.295567 -0.830995 -0.106956 
1.04808 -0.0723844 0.0909369 -0.40676 -0.36351 0.506759 -0.0299178 0.295567 -0.830995 -0.106956 
0.828947 0.205241 -0.485521 -0.751306 0.0657323 0.207745 -0.424887 0.0639799 -0.837363 -0.0986074 
1.04808 -0.0723844 0.0909369 -0.40676 -0.36351 0.506759 -0.0299178 0.295567 -0.830995 -0.106956 
1.04808 -0.0723844 0.0909369 -0.40676 -0.36351 0.506759 -0.0299178 0.295567 -0.830995 -0.106956 
0.970448 -0.124658 0.356001 -0.546548 -0.299431 0.295099 -0.00991269 -0.206342 -0.759128 -0.59475 
1.04808 -0.0723844 0.0909369 -0.40676 -0.36351 0.506759 -0.0299178 0.295567 -0.830995 -0.106956 
0.62564 0.210753 0.663421 -0.526739 -0.519814 0.39052 0.0250659 -0.0328227 -0.98264 -0.127494 
0.875224 -0.293096 0.179205 -0.40901 -0.42178 -0.0458151 0.0426694 0.538587 -0.763566 -0.183397 
0.70944 0.227641 0.447926 -0.436412 -0.526908 0.48739 0.00843323 0.152019 -0.961788 -0.0403532 
1.04808 -0.0723844 0.0909369 -0.40676 -0.36351 0.506759 -0.0299178 0.295567 -0.830995 -0.106956 
0.0153929 0.533743 0.174983 0.619583 -1.14682 0.818377 -0.572675 0.28415 -0.687687 -0.0663339 
0.573571 -0.563212 0.326945 -0.705801 -0.0280725 0.989104 -0.149637 0.363941 -0.755732 0.095819 
1.04808 -0.0723844 0.0909369 -0.40676 -0.36351 0.506759 -0.0299178 0.295567 -0.830995 -0.106956 
1.04808 -0.0723844 0.0909369 -0.40676 -0.36351 0.506759 -0.0299178 0.295567 -0.830995 -0.106956 
1.04808 -0.0723844 0.0909369 -0.40676 -0.36351 0.506759 -0.0299178 0.295567 -0.830995 -0.106956 
1.04808 -0.0723844 0.0909369 -0.40676 -0.36351 0.506759 -0.0299178 0.295567 -0.830995 -0.106956 
1.03937 -0.051454 0.16996 -0.0329737 0.160164 0.427599 0.0344201 0.253924 -0.802827 -0.1525 
1.04808 -0.0723844 0.0909369 -0.40676 -0.36351 0.506759 -0.0299178 0.295567 -0.830995 -0.106956 
0.314865 0.788666 0.570612 0.186128 -0.791084 0.643328 0.107437 0.568626 -1.14669 0.124507 
1.04808 -0.0723844 0.0909369 -0.40676 -0.36351 0.506759 -0.0299178 0.295567 -0.830995 -0.106956 
0.910766 0.0907753 -0.0710526 -0.594729 -0.195489 0.555935 0.220286 0.441156 -0.699351 -0.182353 
1.04808 -0.0723844 0.0909369 -0.40676 -0.36351 0.506759 -0.0299178 0.295567 -0.830995 -0.106956 
1.04808 -0.0723844 0.0909369 -0.40676 -0.36351 0.506759 -0.0299178 0.295567 -0.830995 -0.106956 
1.04808 -0.0723844 0.0909369 -0.40676 -0.36351 0.506759 -0.0299178 0.295567 -0.830995 -0.106956 
1.04808 -0.0723844 0.0909369 -0.40676 -0.36351 0.506759 -0.0299178 0.295567 -0.830995 -0.106956 
1.04808 -0.0723844 0.0909369 -0.40676 -0.36351 0.506759 -0.0299178 0.295567 -0.830995 -0.106956 
1.04808 -0.0723844 0.0909369 -0.40676 -0.36351 0.506759 -0.0299178 0.295567 -0.830995 -0.106956 
1.04808 -0.0723844 0.0909369 -0.40676 -0.36351 0.506759 -0.0299178 0.295567 -0.830995 -0.106956 
0.980895 -0.00935201 0.109763 -0.153308 -0.648684 0.713681 -0.667215 0.261207 0.824807 -0.751808 
1.03984 -0.0531134 0.159371 -0.0859968 0.0690432 0.445167 0.0177161 0.26642 -0.811953 -0.136992 
1.04808 -0.0723844 0.0909369 -0.40676 -0.36351 0.506759 -0.0299178 0.295567 -0.830995 -0.106956 
1.04808 -0.0723844 0.0909369 -0.40676 -0.36351 0.506759 -0.0299178 0.295567 -0.830995 -0.106956 
1.04548 -0.079232 0.0635177 -0.381552 -0.407389 0.35099 0.346186 -0.247046 -0.168573 1.07857 
1.04808 -0.0723844 0.0909369 -0.40676 -0.36351 0.506759 -0.0299178 0.295567 -0.830995 -0.106956 
1.00789 -0.139305 -0.0386859 -0.29767 -0.498874 0.206143 0.474053 -0.185401 -0.381955 0.549005 
1.04808 -0.0723844 0.0909369 -0.40676 -0.36351 0.506759 -0.0299178 0.295567 -0.830995 -0.106956 
1.04808 -0.0723844 0.0909369 -0.40676 -0.36351 0.506759 -0.0299178 0.295567 -0.830995 -0.106956 
1.04808 -0.0723844 0.0909369 -0.40676 -0.36351 0.506759 -0.0299178 0.295567 -0.830995 -0.106956 
1.04808 -0.0723844 0.0909369 -0.40676 -0.36351 0.506759 -0.0299178 0.295567 -0.830995 -0.106956 
1.04808 -0.0723844 0.0909369 -0.40676 -0.36351 0.506759 -0.0299178 0.295567 -0.830995 -0.106956 
1.01407 -0.0153142 0.137515 -0.390347 -0.439607 0.516532 0.0370788 0.350824 -0.913783 -0.0671573 
-0.157395 -0.586805 1.37082 -1.02642 -0.158134 0.0691121 -0.0001437 -0.228041 -0.770727 -0.456351 
1.04562 -0.0786924 0.0671277 -0.385059 -0.399972 0.384006 0.254363 -0.0967107 -0.364431 0.713252 
0.0195612 -1.22332 0.156425 -0.424987 -0.267312 0.187959 -0.560441 1.09719 -0.778279 0.371662 
0.921062 0.114319 0.404067 0.929414 0.882344 0.404674 0.0181991 0.28127 -0.826416 -0.109541 
1.04808 -0.0723844 0.0909369 -0.40676 -0.36351 0.506759 -0.0299178 0.295567 -0.830995 -0.106956 
1.04808 -0.0723844 0.0909369 -0.40676 -0.36351 0.506759 -0.0299178 0.295567 -0.830995 -0.106956 
0.978378 -0.191962 0.11652 -0.410196 -0.357595 0.224808 -0.18429 0.772349 -0.763859 0.0885125 
1.04808 -0.0723844 0.0909369 -0.40676 -0.36351 0.506759 -0.0299178 0.295567 -0.830995 -0.106956 
1.04808 -0.0723844 0.0909369 -0.40676 -0.36351 0.506759 -0.0299178 0.295567 -0.830995 -0.106956 
1.04808 -0.0723844 0.0909369 -0.40676 -0.36351 0.506759 -0.0299178 0.295567 -0.830995 -0.106956 
1.04808 -0.0723844 0.0909369 -0.40676 -0.36351 0.506759 -0.0299178 0.295567 -0.830995 -0.106956 
1.04808 -0.0723844 0.0909369 -0.40676 -0.36351 0.506759 -0.0299178 0.295567 -0.830995 -0.106956 
0.974444 -0.120841 0.325165 -0.529477 -0.308697 0.332114 -0.0138386 -0.0974506 -0.775528 -0.479845 
0.951275 0.0586579 -0.213879 -0.545915 -0.180987 0.230634 -0.495196 -0.0234326 -0.979196 -0.0220578 
1.04808 -0.0723844 0.0909369 -0.40676 -0.36351 0.506759 -0.0299178 0.295567 -0.830995 -0.106956 
1.04808 -0.0723844 0.0909369 -0.40676 -0.36351 0.506759 -0.0299178 0.295567 -0.830995 -0.106956 
0.672362 -0.186077 -0.596357 -0.233019 -0.385501 0.269469 -0.943047 -0.367645 -1.28155 0.0794606 
0.792365 -0.439477 0.219776 -0.413237 -0.424715 -0.504647 -0.131667 1.2148 -0.656644 0.048748 
1.04808 -0.0723844 0.0909369 -0.40676 -0.36351 0.506759 -0.0299178 0.295567 -0.830995 -0.106956 
1.04443 -0.0674192 0.0934154 -0.371502 -0.411715 0.550618 -0.185515 0.286047 -0.341427 -0.305669 
0.352826 -0.841861 -0.712809 0.221436 -0.948595 -0.332387 0.869884 -0.024548 -0.890273 -0.639953 
0.11461 -1.00157 -0.300882 -0.320716 -0.247529 1.38918 -0.0027621 0.0970466 -0.970478 -0.0751919 
1.04808 -0.0723844 0.0909369 -0.40676 -0.36351 0.506759 -0.0299178 0.295567 -0.830995 -0.106956 
1.04808 -0.0723844 0.0909369 -0.40676 -0.36351 0.506759 -0.0299178 0.295567 -0.830995 -0.106956 
0.616502 -0.20071 -0.10599 -0.862996 0.189768 0.934671 0.0534629 0.453545 -0.56413 -0.0539309 
1.04808 -0.0723844 0.0909369 -0.40676 -0.36351 0.506759 -0.0299178 0.295567 -0.830995 -0.106956 
1.02769 -0.0813402 0.000453302 -0.38259 -0.367227 0.456464 -0.252859 0.111816 -0.964209 -0.0495115 
1.04808 -0.0723844 0.0909369 -0.40676 -0.36351 0.506759 -0.0299178 0.295567 -0.830995 -0.106956 
1.04808 -0.0723844 0.0909369 -0.40676 -0.36351 0.506759 -0.0299178 0.295567 -0.830995 -0.106956 
0.974444 -0.120841 0.325165 -0.529477 -0.308697 0.332114 -0.0138386 -0.0974506 -0.775528 -0.479845 
1.04808 -0.0723844 0.0909369 -0.40676 -0.36351 0.506759 -0.0299178 0.295567 -0.830995 -0.106956 
0.691063 0.251275 0.494923 -0.440537 -0.55453 0.483284 0.0177966 0.112248 -1.00046 -0.0198291 
1.04808 -0.0723844 0.0909369 -0.40676 -0.36351 0.506759 -0.0299178 0.295567 -0.830995 -0.106956 
0.918727 0.112255 -0.0274966 -0.342007 -0.438412 0.441015 -0.352023 0.32726 -0.652162 -0.0776695 
1.04808 -0.0723844 0.0909369 -0.40676 -0.36351 0.506759 -0.0299178 0.295567 -0.830995 -0.106956 
1.04808 -0.0723844 0.0909369 -0.40676 -0.36351 0.506759 -0.0299178 0.295567 -0.830995 -0.106956 
1.00818 -0.138181 -0.0309195 -0.30525 -0.482529 0.281057 0.260731 0.172886 -0.855878 -0.344352 
0.45554 0.595059 0.39816 -0.305189 -0.737583 0.543093 0.177491 0.43975 -1.02821 -0.0176019 
1.04808 -0.0723844 0.0909369 -0.40676 -0.36351 0.506759 -0.0299178 0.295567 -0.830995 -0.106956 
1.04808 -0.0723844 0.0909369 -0.40676 -0.36351 0.506759 -0.0299178 0.295567 -0.830995 -0.106956 
0.243697 0.140834 0.422084 -0.876931 -0.0932461 0.998534 0.324988 0.344519 -0.746794 0.0347031 
1.04808 -0.0723844 0.0909369 -0.40676 -0.36351 0.506759 -0.0299178 0.295567 -0.830995 -0.106956 
-0.0439427 1.29623 -0.655863 -1.09713 0.126496 0.016445 -0.162229 0.357986 -0.727121 -0.111112 
0.951275 0.0586579 -0.213879 -0.545915 -0.180987 0.230634 -0.495196 -0.0234326 -0.979196 -0.0220578 
0.789553 -0.308162 -0.201055 -0.118032 -0.564308 0.595889 -0.254829 0.135105 -1.00014 -0.0628824 
1.04808 -0.0723844 0.0909369 -0.40676 -0.36351 0.506759 -0.0299178 0.295567 -0.830995 -0.106956 
1.04808 -0.0723844 0.0909369 -0.40676 -0.36351 0.506759 -0.0299178 0.295567 -0.830995 -0.106956 
1.03981 -0.0529824 0.160768 -0.0786202 0.0844466 0.441443 0.0217945 0.262958 -0.809255 -0.141771 
0.350135 -0.708435 -0.393688 -0.227311 -0.373178 1.12847 0.108339 0.108033 -0.949777 -0.168364 
0.826429 0.242131 1.0135e-05 -0.289945 -0.509091 0.554398 0.0852913 0.540031 -0.833524 -0.114629 
1.04808 -0.0723844 0.0909369 -0.40676 -0.36351 0.506759 -0.0299178 0.295567 -0.830995 -0.106956 
1.04808 -0.0723844 0.0909369 -0.40676 -0.36351 0.506759 -0.0299178 0.295567 -0.830995 -0.106956 
1.03158 -0.0337114 0.229202 0.242148 0.517 0.379851 0.0694279 0.233812 -0.790213 -0.171807 
1.03984 -0.0531134 0.159371 -0.0859968 0.0690432 0.445167 0.0177161 0.26642 -0.811953 -0.136992 
0.4144 0.41714 -0.723872 -0.597453 -0.129783 0.737306 0.772255 0.709664 -0.573819 -0.489142 
