-0.446539 -0.00478122 0.00528851 0.041899 0.00381088 -0.240892 -0.00384074 -0.00389703 0.451614 -0.0146222 
-0.469921 -0.00371701 0.00368671 0.041042 0.00344783 -0.233192 -0.00255629 -0.00335827 0.451962 -0.00824489 
-0.469921 -0.00371701 0.00368671 0.041042 0.00344783 -0.233192 -0.00255629 -0.00335827 0.451962 -0.00824489 
-0.446539 -0.00478122 0.00528851 0.041899 0.00381088 -0.240892 -0.00384074 -0.00389703 0.451614 -0.0146222 
-0.95279 -0.227723 -0.177729 0.253449 -0.13151 0.136268 -0.0779561 -0.034754 -0.0844329 0.020945 
-0.469921 -0.00371701 0.00368671 0.041042 0.00344783 -0.233192 -0.00255629 -0.00335827 0.451962 -0.00824489 
-0.813852 0.304784 -0.053737 0.0541126 -0.0984299 0.112032 0.0333229 0.073949 0.119686 -0.0276521 
-0.426662 -0.0120848 0.0206523 0.0629932 0.0128633 -0.281623 -0.0168441 0.00348537 0.427947 -0.0854796 
-0.445459 -0.00544603 0.00665507 0.043608 0.00465836 -0.247391 -0.00511579 -0.00437193 0.449628 -0.0201353 
-0.469921 -0.00371701 0.00368671 0.041042 0.00344783 -0.233192 -0.00255629 -0.00335827 0.451962 -0.00824489 
-0.319382 -0.00242102 0.00713884 0.0122848 -0.0430495 0.0101918 -0.0303588 0.0272305 0.726488 0.0174697 
-0.377015 -5.05115e-05 -0.00885398 0.00232801 -0.0182737 -0.182853 0.019065 -0.0435389 0.567028 0.0472955 
-0.237491 0.00204124 -0.0368394 -0.0472975 -0.0607656 -0.144001 0.067984 -0.103316 0.707938 0.124104 
-0.469921 -0.00371701 0.00368671 0.041042 0.00344783 -0.233192 -0.00255629 -0.00335827 0.451962 -0.00824489 
-0.469921 -0.00371701 0.00368671 0.041042 0.00344783 -0.233192 -0.00255629 -0.00335827 0.451962 -0.00824489 
-0.469921 -0.00371701 0.00368671 0.041042 0.00344783 -0.233192 -0.00255629 -0.00335827 0.451962 -0.00824489 
-0.579515 -0.0702987 -0.0220013 0.0653604 0.0224406 -0.0369431 -0.00693033 -0.0249414 0.404863 -0.0254416 
-0.553292 0.094116 -0.0496797 -0.0798681 0.0290586 -0.246171 -0.00939363 0.0133326 0.360222 0.0145943 
-0.469921 -0.00371701 0.00368671 0.041042 0.00344783 -0.233192 -0.00255629 -0.00335827 0.451962 -0.00824489 
-0.527381 0.105339 -0.0549715 -0.0826315 0.0192115 -0.236488 -0.0307275 0.0195196 0.373093 0.016858 
-0.482722 0.0112413 0.0168838 0.2013 0.0660373 -0.20302 0.0151507 0.0168195 0.397853 0.0386574 
-0.446539 -0.00478122 0.00528851 0.041899 0.00381088 -0.240892 -0.00384074 -0.00389703 0.451614 -0.0146222 
-0.469921 -0.00371701 0.00368671 0.041042 0.00344783 -0.233192 -0.00255629 -0.00335827 0.451962 -0.00824489 
-0.469921 -0.00371701 0.00368671 0.041042 0.00344783 -0.233192 -0.00255629 -0.00335827 0.451962 -0.00824489 
-0.469921 -0.00371701 0.00368671 0.041042 0.00344783 -0.233192 -0.00255629 -0.00335827 0.451962 -0.00824489 
-0.319382 -0.00242102 0.00713884 0.0122848 -0.0430495 0.0101918 -0.0303588 0.0272305 0.726488 0.0174697 
-0.426048 -0.00931544 0.0145819 0.0541434 0.00885567 -0.265592 -0.011565 0.000723806 0.437613 -0.0575922 
-0.51253 0.0458814 0.0325434 0.0534569 -0.0254145 -0.237668 0.00841814 -5.30085e-05 0.357043 -0.0418689 
-0.406607 0.0411206 0.0122436 0.109273 -0.113 0.176228 -0.062756 0.0330482 0.673115 0.0318617 
-0.469921 -0.00371701 0.00368671 0.041042 0.00344783 -0.233192 -0.00255629 -0.00335827 0.451962 -0.00824489 
-0.595221 0.138043 -0.158806 -0.22856 0.114274 -0.0607725 0.0200908 0.0463487 0.375988 0.00163278 
-0.45314 -0.00856556 0.0236702 0.0244345 0.00731119 -0.269599 0.00155123 -0.0237811 0.434121 -0.014542 
-0.257519 -0.00347856 0.00849327 -0.000695624 -0.0541373 0.0746381 -0.0368319 0.0364008 0.808019 0.0219304 
-0.535571 0.0111687 0.025741 -0.0210242 0.0283474 -0.0950942 0.0185351 -0.00864035 0.441903 -0.0134574 
-0.448306 -0.00838921 0.0132437 0.0536089 0.00893883 -0.260353 -0.010666 0.000426676 0.438357 -0.0517054 
-0.469921 -0.00371701 0.00368671 0.041042 0.00344783 -0.233192 -0.00255629 -0.00335827 0.451962 -0.00824489 
-0.553292 0.094116 -0.0496797 -0.0798681 0.0290586 -0.246171 -0.00939363 0.0133326 0.360222 0.0145943 
-0.469921 -0.00371701 0.00368671 0.041042 0.00344783 -0.233192 -0.00255629 -0.00335827 0.451962 -0.00824489 
-0.469921 -0.00371701 0.00368671 0.041042 0.00344783 -0.233192 -0.00255629 -0.00335827 0.451962 -0.00824489 
-0.497614 -0.0558655 -0.0713506 0.0841119 -0.0716677 -0.379154 0.0803083 -0.0150347 0.296764 -0.0155814 
-0.650951 -0.210556 0.0343967 -0.142563 -0.112821 -0.530907 0.0646744 0.116987 0.0381173 0.084582 
-0.445459 -0.00544603 0.00665507 0.043608 0.00465836 -0.247391 -0.00511579 -0.00437193 0.449628 -0.0201353 
-0.423201 -0.00637226 0.0079933 0.0441425 0.0045752 -0.25263 -0.00601476 -0.0040748 0.448884 -0.0260221 
-0.469921 -0.00371701 0.00368671 0.041042 0.00344783 -0.233192 -0.00255629 -0.00335827 0.451962 -0.00824489 
-0.734276 -0.126906 -0.179973 0.0893118 -0.0206654 0.117601 0.112301 -0.0205392 0.24509 -0.0619435 
-0.949928 -0.266053 0.0596751 -0.202468 0.119389 0.50131 0.0013694 -0.00494762 0.201814 0.00525551 
-0.469921 -0.00371701 0.00368671 0.041042 0.00344783 -0.233192 -0.00255629 -0.00335827 0.451962 -0.00824489 
-0.616242 0.12062 -0.172502 -0.13189 0.0797313 -0.498174 -0.160177 -0.0545268 0.0877001 0.074263 
-0.446539 -0.00478122 0.00528851 0.041899 0.00381088 -0.240892 -0.00384074 -0.00389703 0.451614 -0.0146222 
-0.446539 -0.00478122 0.00528851 0.041899 0.00381088 -0.240892 -0.00384074 -0.00389703 0.451614 -0.0146222 
-0.528537 -0.0527071 0.141942 -0.109962 0.018511 -0.326465 0.0234398 -0.0751759 0.287683 0.00645069 
-0.630292 0.156314 -0.0970812 -0.212708 0.0800197 0.0288935 0.0785102 0.0462287 0.379085 -0.0219688 
-0.469921 -0.00371701 0.00368671 0.041042 0.00344783 -0.233192 -0.00255629 -0.00335827 0.451962 -0.00824489 
-0.469921 -0.00371701 0.00368671 0.041042 0.00344783 -0.233192 -0.00255629 -0.00335827 0.451962 -0.00824489 
-0.377015 -5.05115e-05 -0.00885398 0.00232801 -0.0182737 -0.182853 0.019065 -0.0435389 0.567028 0.0472955 
-0.446539 -0.00478122 0.00528851 0.041899 0.00381088 -0.240892 -0.00384074 -0.00389703 0.451614 -0.0146222 
-1.049 0.291223 0.205964 -0.109105 -0.105694 0.0971427 0.0207635 -0.0421433 -0.174791 0.0360609 
-0.469921 -0.00371701 0.00368671 0.041042 0.00344783 -0.233192 -0.00255629 -0.00335827 0.451962 -0.00824489 
-0.613821 -0.0187872 0.125949 -0.0811589 -0.00223641 -0.249495 0.0167579 -0.0445366 0.270162 0.0247356 
-0.469921 -0.00371701 0.00368671 0.041042 0.00344783 -0.233192 -0.00255629 -0.00335827 0.451962 -0.00824489 
-0.43944 0.0177677 0.0272501 0.36298 0.1651 -0.201419 0.0475891 0.0395357 0.34575 0.0902603 
-0.531235 0.0510473 0.00349968 0.135267 -0.0763494 -0.0574723 -0.0562873 0.00864628 0.411459 0.0084108 
-0.446539 -0.00478122 0.00528851 0.041899 0.00381088 -0.240892 -0.00384074 -0.00389703 0.451614 -0.0146222 
-0.469921 -0.00371701 0.00368671 0.041042 0.00344783 -0.233192 -0.00255629 -0.00335827 0.451962 -0.00824489 
-0.439632 0.0178525 0.0263027 0.354944 0.158718 -0.197493 0.0458464 0.0389361 0.348805 0.0901282 
-0.469921 -0.00371701 0.00368671 0.041042 0.00344783 -0.233192 -0.00255629 -0.00335827 0.451962 -0.00824489 
-0.398009 -0.0013103 -0.00542516 0.0138208 -0.0125862 -0.200506 0.0139509 -0.0319428 0.532022 0.029875 
-0.482722 0.0112413 0.0168838 0.2013 0.0660373 -0.20302 0.0151507 0.0168195 0.397853 0.0386574 
-0.554885 0.0579872 0.0362116 0.106399 -0.0305196 -0.190987 0.00470775 0.0055895 0.344866 -0.0152619 
-0.44401 0.00750568 -0.00160513 0.0382786 -0.00639929 -0.223508 -0.0238902 0.00282866 0.464832 -0.00598123 
-0.554885 0.0579872 0.0362116 0.106399 -0.0305196 -0.190987 0.00470775 0.0055895 0.344866 -0.0152619 
-0.576741 -0.0394494 0.0877887 -0.0621519 0.00890941 -0.235031 0.0118744 -0.023178 0.335977 0.0190367 
-0.469921 -0.00371701 0.00368671 0.041042 0.00344783 -0.233192 -0.00255629 -0.00335827 0.451962 -0.00824489 
-0.469921 -0.00371701 0.00368671 0.041042 0.00344783 -0.233192 -0.00255629 -0.00335827 0.451962 -0.00824489 
-0.469921 -0.00371701 0.00368671 0.041042 0.00344783 -0.233192 -0.00255629 -0.00335827 0.451962 -0.00824489 
-0.446539 -0.00478122 0.00528851 0.041899 0.00381088 -0.240892 -0.00384074 -0.00389703 0.451614 -0.0146222 
-0.437592 -0.0297095 0.0101224 -0.00837332 -0.0262904 -0.375166 0.00163832 0.0659963 0.405011 0.0135547 
-0.445459 -0.00544603 0.00665507 0.043608 0.00465836 -0.247391 -0.00511579 -0.00437193 0.449628 -0.0201353 
-0.455333 -0.00151482 0.0105256 0.0480653 0.000823004 -0.255039 -0.00221562 -0.00320912 0.433901 -0.0270879 
-0.469921 -0.00371701 0.00368671 0.041042 0.00344783 -0.233192 -0.00255629 -0.00335827 0.451962 -0.00824489 
-0.546868 -0.0862202 0.00683557 -0.000301904 -0.00766676 -0.21382 -0.0293131 0.0510422 0.365702 0.0200756 
-0.469921 -0.00371701 0.00368671 0.041042 0.00344783 -0.233192 -0.00255629 -0.00335827 0.451962 -0.00824489 
-0.500063 0.0193472 0.0313861 0.0352212 -0.00894618 -0.239395 -0.000576418 -0.018768 0.395127 -0.0087114 
-0.517213 -0.0515086 -0.0627087 0.0761675 -0.0603302 -0.330563 0.0616751 -0.0102466 0.323034 -0.00429067 
-0.480062 -0.0146065 -0.0084279 -0.0176159 0.0462004 -0.110324 0.00156757 0.00565448 0.494354 -0.0122651 
-0.469921 -0.00371701 0.00368671 0.041042 0.00344783 -0.233192 -0.00255629 -0.00335827 0.451962 -0.00824489 
-0.445459 -0.00544603 0.00665507 0.043608 0.00465836 -0.247391 -0.00511579 -0.00437193 0.449628 -0.0201353 
-0.654911 0.116487 0.0545135 0.363645 -0.0378802 0.00522115 -0.00998241 0.0315849 0.237384 0.0460324 
-0.453215 -0.00229553 0.00704009 0.0861932 0.0317901 -0.236072 0.00633192 0.00263345 0.437453 0.0040531 
-0.469921 -0.00371701 0.00368671 0.041042 0.00344783 -0.233192 -0.00255629 -0.00335827 0.451962 -0.00824489 
-0.4856 -0.121908 0.0159909 -0.0661252 -0.0453287 -0.396917 -0.0327959 0.152252 0.31122 0.0466118 
-0.469921 -0.00371701 0.00368671 0.041042 0.00344783 -0.233192 -0.00255629 -0.00335827 0.451962 -0.00824489 
-0.469921 -0.00371701 0.00368671 0.041042 0.00344783 -0.233192 -0.00255629 -0.00335827 0.451962 -0.00824489 
-0.448306 -0.00838921 0.0132437 0.0536089 0.00893883 -0.260353 -0.010666 0.000426676 0.438357 -0.0517054 
-0.520433 -0.014662 -0.0449146 0.0795367 0.00423116 -0.338542 -0.0829649 -0.0502675 0.291538 0.00628399 
-0.469921 -0.00371701 0.00368671 0.041042 0.00344783 -0.233192 -0.00255629 -0.00335827 0.451962 -0.00824489 
-0.449602 -0.0518236 -0.0815822 0.0537633 -0.086788 -0.324396 0.0940869 -0.0414392 0.383884 0.0343982 
-0.469921 -0.00371701 0.00368671 0.041042 0.00344783 -0.233192 -0.00255629 -0.00335827 0.451962 -0.00824489 
-0.450323 -0.00807386 -0.00495522 0.0489865 -0.00788967 -0.281783 0.0160769 -0.00814643 0.425692 -0.0195357 
-0.795895 -0.225241 0.0831816 -0.111924 0.0458325 0.0977159 -0.0280592 0.00853066 0.211321 0.0302017 
