1.19529301698373e-318 6.32591277556569e-318 -7.90262941179532e-319 -4.9990550177509e-319 2.75150098825449e-319 1.1070034860719e-319 5.234032638913e-319 3.76379209001862e-319 9.06017581343678e-320 -4.6990583575961e-320 0.999999999976076 2.67774051748738
2.97921584442272e-321 1.57162281942101e-320 -1.97132192690657e-321 -1.24998608397835e-321 6.96632560636158e-322 3.0138004396316e-322 1.33397724377137e-321 9.68368665848843e-322 2.32210853545386e-322 -2.27270197086973e-322 0.999999999959243 -14.5883633912084
8.50286976492785e-321 4.50439649313464e-320 -5.63728901904862e-321 -3.5671539629738e-321 1.96638127044816e-321 7.70742407512345e-322 3.73019562610141e-321 2.67783580045956e-321 6.66988621885683e-322 -3.31023982713635e-322 0.999999999959286 -14.6081611224163
1.21108829568127e-318 6.410284365906e-318 -8.00835946000535e-319 -5.06634675871448e-319 2.78830887886966e-319 1.12182545544713e-319 5.30423936718704e-319 3.81413737932984e-319 9.18319815925125e-320 -4.75982843203457e-320 0.999999999566566 2.36811580554034
-5.418733151823e-317 -2.8691187499691e-316 3.58386079278792e-317 2.26800538284037e-317 -1.24767385675582e-317 -5.02109528621188e-318 -2.37379126046837e-317 -1.70704127228963e-317 -4.10854121637372e-318 2.13236262416853e-318 0.999999999638663 4.5997376802249
5.77562739988417e-321 3.05579601952811e-320 -3.83394941172807e-321 -2.4159810081637e-321 1.33891790022978e-321 6.12641400843146e-322 2.55926004545766e-321 1.81816157669579e-321 4.59481050632359e-322 -2.42092166462211e-322 0.999999999959214 -14.5824925420863
5.17871309667944e-317 2.74208676499924e-316 -3.42497175141361e-317 -2.16749118565349e-317 1.19228662752878e-317 4.79821733271643e-318 2.26844806565904e-317 1.63130199691346e-317 3.9260531294258e-318 -2.03807019565973e-318 0.999999999243026 4.34897304083986
1.91847172477094e-318 1.01521448819057e-317 -1.26841473256823e-318 -8.02308261625142e-319 4.41665043443324e-319 1.77754938060764e-319 8.40148749440123e-319 6.04133590421759e-319 1.45447985479205e-319 -7.53598329601653e-320 0.999999999526509 3.06817647271987
7.84428025902147e-319 4.15117908160982e-318 -5.18615767783098e-319 -3.28054648182129e-319 1.8053652764685e-319 7.26572938774137e-320 3.43484318301751e-319 2.47003178981873e-319 5.94756224463693e-320 -3.08296963004938e-320 0.999999999870359 2.13308567038582
3.63138249693316e-321 1.92784415007254e-320 -2.39621838233005e-321 -1.52172218919104e-321 8.39911597930119e-322 3.4090529563046e-322 1.57606941023358e-321 1.16599492418534e-321 2.51973479379036e-322 -2.42092166462211e-322 0.999999999959059 -14.5700993022817
2.74835379009048e-318 1.45479111614893e-317 -1.8171981486864e-318 -1.14968581721612e-318 6.32611534248049e-319 2.54582145989078e-319 1.20350932867407e-318 8.65454791820112e-319 2.08342542194795e-319 -1.08071919371314e-319 0.999999999820646 2.39771382133573
7.34986876722814e-319 3.89010491303439e-318 -4.85958028592992e-319 -3.0741752615534e-319 1.6917795844896e-319 6.80871866533822e-320 3.2185906498328e-319 2.31445051794332e-319 5.57059015686005e-320 -2.88880183123377e-320 0.99999999962239 2.07560557059347
1.50315026156387e-318 7.95167530845798e-318 -9.93536369847996e-319 -6.28199528030687e-319 3.45984290469708e-319 1.39188173746396e-319 6.58100380916999e-319 4.73191372304454e-319 1.13976003839117e-319 -5.89667348311528e-320 1.00000000014189 3.61245652635694
3.41399361276301e-321 1.80383367296639e-320 -2.25293934503608e-321 -1.4278497164812e-321 7.50979781678695e-322 3.45845952088873e-322 1.4673749681485e-321 1.0721224514755e-321 2.42092166462211e-322 -2.42092166462211e-322 0.999999999959436 -14.6211328250518
8.97223212847704e-321 4.73907767490924e-320 -5.92878775009496e-321 -3.74007693901824e-321 2.08001636899165e-321 8.49792910846944e-322 3.92782188443791e-321 2.82605549421193e-321 6.8181059126092e-322 -3.85371203756172e-322 0.999999999959397 -14.6245508493026
5.48906932529625e-321 2.89769501285891e-320 -3.63632315339157e-321 -2.28752394024497e-321 1.26480805335359e-321 5.38531553966959e-322 2.40609969524687e-321 1.72922976044436e-321 4.59481050632359e-322 -2.51973479379036e-322 0.99999999995933 -14.6202130493204
-9.96248296178019e-318 -5.27445906631831e-317 6.58809365118781e-318 4.16883698779219e-318 -2.29340826208694e-318 -9.22968973652491e-319 -4.36337039518572e-318 -3.13778127279901e-318 -7.55204042950637e-319 3.91937336189402e-319 1.00000000014077 2.78403831097335
1.27233168500846e-317 6.73648824417881e-317 -8.4135970433808e-318 -5.32424902584361e-318 2.92869269147899e-318 1.17861830143659e-318 5.57217610758321e-318 4.00710459862605e-318 9.64351912148154e-319 -5.00636718930935e-319 0.999999999805515 2.58652331838309
5.62246704967339e-321 2.97081672844342e-320 -3.70549234380935e-321 -2.35175247420433e-321 1.30433330502089e-321 5.87938118551083e-322 2.46044691628941e-321 1.76875501211166e-321 5.03946958758071e-322 -2.37151510003798e-322 0.999999999959568 -14.6329753194545
1.06314676088751e-317 5.62960382792756e-317 -7.03211044710534e-318 -4.45054827839441e-318 2.44821879155484e-318 9.85260770280155e-319 4.65794221454919e-318 3.34962179976636e-318 8.06181736288537e-319 -4.18434076775869e-319 0.999999999839774 2.78656882918747
2.37444984997428e-318 1.25664114822784e-317 -1.56976513259264e-318 -9.92978075668196e-319 5.4649589217792e-319 2.19938262902689e-319 1.03965245723082e-318 7.47615194630516e-319 1.800078774058e-319 -9.32845345912858e-320 1.00000000007197 2.02731791136169
3.98962949673265e-319 2.11046563474484e-318 -2.63717419780682e-319 -1.66732333502045e-319 9.18665661877214e-320 3.69314070266332e-320 1.74696671713006e-319 1.25621131111595e-319 3.02368175254843e-320 -1.56569403167091e-320 0.999999999759149 2.38759501946385
1.25492674043677e-320 6.63974821446051e-320 -8.28054022429929e-321 -5.25191781529245e-321 2.8952246846297e-321 1.16599492418534e-321 5.49895063821307e-321 3.94758451027156e-321 9.58487352932018e-322 -5.38531553966959e-322 0.999999999959282 -14.5484710357264
5.06911352633119e-321 2.67635360352203e-320 -3.33988376588683e-321 -2.11954162065895e-321 1.17093558064375e-321 5.18768928133309e-322 2.18871081107672e-321 1.59583203606723e-321 3.85371203756172e-322 -2.32210853545386e-322 0.99999999995946 -14.5993300522606
8.09279527887962e-321 4.28552541202697e-320 -5.37049357029435e-321 -3.37940901755413e-321 1.90709339294721e-321 7.55920438137107e-322 3.53751002422333e-321 2.54937873254083e-321 6.32404026676796e-322 -3.11261356879985e-322 0.999999999959302 -14.5031987338263
2.82082827967893e-318 1.49308466216114e-317 -1.86511263502008e-318 -1.17992757539806e-318 6.49310953077483e-319 2.61276735490226e-319 1.23526292773228e-318 8.88260862032144e-319 2.13826670863633e-319 -1.10907856178443e-319 0.99999999954677 2.57236055043124
3.62133320169675e-318 1.91661897859903e-317 -2.39432117025002e-318 -1.51465210979905e-318 8.33597438976268e-319 3.35440929587456e-319 1.58578768148727e-318 1.14034797650972e-318 2.74532516768147e-319 -1.42315609284571e-319 0.999999999357117 2.8735435073236
7.13677331352035e-318 3.77841099841341e-317 -4.71935457432725e-318 -2.98632050840991e-318 1.64283744161256e-318 6.61099359387255e-319 3.12555808872089e-318 2.24767754590787e-318 5.40937653662206e-319 -2.8077750653158e-319 1.00000000033522 3.36854971840563
1.40331886309954e-317 7.42946224870751e-317 -9.279634832663e-318 -5.87190597228926e-318 3.23032964957799e-318 1.29994600208582e-318 6.14589007619052e-318 4.4196247096212e-318 1.06370357287037e-318 -5.52039308724258e-319 0.999999999785754 3.42899397157547
1.00048293282852e-320 5.296877789064e-320 -6.61553899781429e-321 -4.18967667673377e-321 2.30234590962021e-321 9.48606040015193e-322 4.40212490444551e-321 3.14719816400874e-321 7.65801751053932e-322 -4.34777768340297e-322 0.999999999959136 -14.5643270909557
3.17366032e-317 1.68059136912639e-316 -2.09918018726254e-317 -1.32858155285313e-317 7.30784848404934e-318 2.94100974802981e-318 1.39041683282404e-317 9.99890548119161e-318 2.40634672806979e-318 -1.24932897666938e-318 0.999999999975624 4.06695205691873
8.50573534567373e-319 4.50234118004795e-318 -5.62434449912758e-319 -3.55835959447783e-319 1.9584762201147e-319 7.87886485423036e-320 3.72550200246592e-319 2.67897215144499e-319 6.44706261258243e-320 -3.34531848799108e-320 0.999999999628031 2.64984062436866
5.50828353826302e-318 2.91574718342666e-317 -3.64218771260771e-318 -2.30439628205045e-318 1.26797007348698e-318 5.10285820994215e-319 2.41227057516343e-318 1.73472377042612e-318 4.17554639926271e-319 -2.16613201106178e-319 1.00000000027109 2.90313887364476
4.01438712624575e-318 2.12760032540826e-317 -2.65666508753526e-318 -1.68276288645299e-318 9.24638915535434e-319 3.72209294950961e-319 1.7597333734186e-318 1.26559361773048e-318 3.04428428998001e-319 -1.58451793277746e-319 1.00000000016185 2.6926276713982
1.20239768097092e-318 6.36318508788796e-318 -7.94956564815024e-319 -5.02835311054929e-319 2.76815100051934e-319 1.11382159198451e-319 5.2654552139885e-319 3.78597563751689e-319 9.115511165771e-320 -4.72326757424232e-320 0.999999999659508 2.3591099649545
5.29144306695975e-321 2.80085814627403e-320 -3.50292542901444e-321 -2.2183547498272e-321 1.21540148876947e-321 5.33590897508546e-322 2.32704919191227e-321 1.665001226485e-321 4.05133829589822e-322 -2.51973479379036e-322 0.99999999995925 -14.561748863324
1.73594213630876e-317 9.19174796525253e-317 -1.14807516321068e-317 -7.26566021855095e-318 3.99658100036964e-318 1.6084158880668e-318 7.603942025602e-318 5.46820493307237e-318 1.31602289820149e-318 -6.83208797038651e-319 0.999999999957367 2.17612314215525
2.63336989233384e-321 1.39869984337657e-320 -1.72428910398595e-321 -1.11658835960122e-321 6.22522713759971e-322 2.42092166462211e-322 1.15611361126852e-321 8.39911597930119e-322 2.37151510003798e-322 -1.87744945419674e-322 0.999999999959392 -14.5780415904487
7.2924089326168e-321 3.86161708789518e-320 -4.8369026727858e-321 -3.0533256912989e-321 1.69464516523548e-321 6.71929278344095e-322 3.2114266979681e-321 2.28752394024497e-321 6.02760087926321e-322 -2.91498731046335e-322 0.999999999959253 -14.6060436166779
-3.79660298955893e-318 -2.01051615459116e-317 2.51097995054605e-318 1.58928072560337e-318 -8.74046593401291e-319 -3.51764858526051e-319 -1.66302990455809e-318 -1.19596494626207e-318 -2.87793238702526e-319 1.49474620492811e-319 1.00000000015903 3.05217285113958
-2.93506663237599e-317 -1.55400078240453e-316 1.94099024877709e-317 1.2282877089443e-317 -6.75680224727322e-318 -2.71910016320022e-318 -1.28553707159051e-317 -9.24462534099869e-318 -2.22492582291689e-318 1.154868565841e-318 1.00000000031406 4.42401801305229
1.09051651547017e-318 5.77240115121683e-318 -7.21083869448841e-319 -4.56205395400432e-319 2.51024873339021e-319 1.00996899322868e-319 4.77593497208899e-319 3.43444793050084e-319 8.26818858315326e-320 -4.2894779371937e-320 0.999999999780804 2.35763550070364
6.25210430873347e-319 3.30690982468338e-318 -4.13246387494535e-319 -2.61242150895018e-319 1.43876856725429e-319 5.78946123796773e-320 2.73722249108967e-319 1.96746821486901e-319 4.74154800313844e-320 -2.45254186595595e-320 0.999999999531269 2.99918929587196
3.70549234380935e-321 1.95798215446886e-320 -2.45056560337258e-321 -1.55136612794151e-321 8.49792910846944e-322 3.4090529563046e-322 1.60077269252564e-321 1.1511729548101e-321 2.47032822920623e-322 -2.37151510003798e-322 0.999999999959161 -14.5829182621976
-2.69954405680653e-317 -1.42925212181692e-316 1.78521283284028e-317 1.12967566449391e-317 -6.2146541327787e-318 -2.5009355959661e-318 -1.18237418847627e-317 -8.50271166392118e-318 -2.04643472704382e-318 1.06210280017784e-318 1.00000000073372 4.08699164313864
-9.8395574528323e-317 -5.20945890063327e-316 6.50735443147573e-317 4.11781927513697e-317 -2.26548169552141e-317 -9.11696865942623e-318 -4.31015557260345e-317 -3.09949464370583e-317 -7.46030232038657e-318 3.87110808895179e-318 0.999999999491758 4.0602471243082
4.79243676466009e-322 2.455506259831e-321 -3.4090529563046e-322 -2.22329540628561e-322 1.92685601878086e-322 1.58101006669199e-322 2.32210853545386e-322 1.92685601878086e-322 9.38724727098368e-323 -1.43279037293961e-322 0.999999999959436 -14.675948070419
1.34326666604447e-317 7.1122167687251e-317 -8.88350287914041e-318 -5.62170618857879e-318 3.09249027504474e-318 1.24451183662243e-318 5.88374872582007e-318 4.23110902179402e-318 1.01830882133048e-318 -5.28556368577424e-319 0.999999999411265 4.33347136208835
1.24174012834926e-318 6.57142881695358e-318 -8.20964180412107e-319 -5.19277815748525e-319 2.85836738744995e-319 1.15028363664759e-319 5.43753827843501e-319 3.90998611462304e-319 9.41392681585911e-320 -4.88038044961983e-320 0.999999999844476 1.93932164317131
5.32296445516442e-319 2.81760203101159e-318 -3.51997069379596e-319 -2.22700089862942e-319 1.22548042794463e-319 4.93077514549564e-320 2.33134756303109e-319 1.67646354946852e-319 4.03602226087714e-320 -2.09335614142936e-320 0.999999999634374 1.66896488256371
-5.94341209321186e-319 -3.14607169433622e-318 3.92643850062955e-319 2.48480435262938e-319 -1.3665361698323e-319 -5.50092690079644e-320 -2.59937817589997e-319 -1.86929737104036e-319 -4.49747957409287e-320 2.34582368645424e-320 0.999999999999903 4.37959987874026
2.93593964637219e-317 1.55476930151663e-316 -1.94198035633135e-317 -1.22913107900175e-317 6.76045833305245e-318 2.72075034245733e-318 1.2862860751096e-317 9.25007982572878e-318 2.22609181784107e-318 -1.15591598501018e-318 1.00000000010368 4.37722876200117
-1.23516411460312e-322 -4.59481050632359e-322 5.92878775009496e-323 8.39911597930119e-323 9.88131291682493e-324 9.88131291682493e-323 -9.38724727098368e-323 -4.44659081257122e-323 7.4109846876187e-323 -1.03753785626662e-322 0.999999999959218 -14.5623847579612
5.68669558363275e-321 3.01627076786081e-320 -3.77960219068554e-321 -2.40609969524687e-321 1.31915527439613e-321 5.73116149175846e-322 2.51479413733194e-321 1.76381435565325e-321 4.74303020007597e-322 -2.42092166462211e-322 0.999999999959447 -14.6094463643525
1.01709836049817e-318 5.38278098290642e-318 -6.72448047272229e-319 -4.25346055161188e-319 2.34122887594791e-319 9.42380812877594e-320 4.45375476443592e-319 3.20258292290754e-319 7.71236473158186e-320 -3.99303854968895e-320 0.999999999831515 2.30719025860215
8.71274885128121e-319 4.61165320419032e-318 -5.76100305676727e-319 -3.64462345624171e-319 2.00570889585712e-319 8.06908012787924e-320 3.81557016970278e-319 2.74384297074395e-319 6.60812801312667e-320 -3.4258511882632e-320 0.999999999725822 2.21528411433755
6.45321224767621e-317 3.41717747059794e-316 -4.26817926126713e-317 -2.70129798984927e-317 1.48583375474278e-317 5.97964686767786e-318 2.82700162992372e-317 2.03297687291675e-317 4.8925739897592e-318 -2.54016934890235e-318 0.999999999834875 5.04349120192976
8.70543667972276e-321 4.61901972296981e-320 -5.77562739988417e-321 -3.63138249693316e-321 2.01084717857387e-321 7.90505033345994e-322 3.80924612943601e-321 2.74206433441892e-321 6.57107308968858e-322 -3.55727265005698e-322 0.999999999959205 -14.5644119077892
3.90560869300089e-318 2.0689621442316e-317 -2.58408190350472e-318 -1.63606380160808e-318 8.99634253199409e-319 3.62095771180591e-319 1.71172501461221e-318 1.23103866646034e-318 2.96167651399535e-319 -1.53852042114964e-319 1.00000000130368 3.80938260635986
2.66301383108432e-321 1.41846246921022e-320 -1.76381435565325e-321 -1.15611361126852e-321 6.12641400843146e-322 2.37151510003798e-322 1.1906982064774e-321 8.54733567305357e-322 2.12448227711736e-322 -2.37151510003798e-322 0.99999999995921 -14.5719506785009
7.69220191257508e-318 4.07081535178858e-317 -5.08525959163728e-318 -3.21670825972215e-318 1.77040519136877e-318 7.12363610799743e-319 3.36789728800603e-318 2.42183074541046e-318 5.83012284062046e-319 -3.02244658843383e-319 0.999999998971542 4.12324268150688
5.36092845939086e-318 2.838342906824e-317 -3.54512357582574e-318 -2.24336435281968e-318 1.23405246689997e-318 4.96585380635037e-319 2.3479432280749e-318 1.68843970072371e-318 4.0635417173505e-319 -2.1094132749192e-319 0.999999999871043 2.75504888526693
5.01768129259912e-319 2.65573624412108e-318 -3.31789784464689e-319 -2.09874145696903e-319 1.155224293106e-319 4.64718146478276e-320 2.19755458613728e-319 1.57987371570655e-319 3.80529360426928e-320 -1.9728041238441e-320 0.999999999785788 2.08912588133657
8.57203895534563e-321 4.55232086078125e-320 -5.69163624009116e-321 -3.6066792146411e-321 1.99108455274022e-321 8.10267659179644e-322 3.75489890839347e-321 2.68771711337638e-321 6.71929278344095e-322 -3.50786608547285e-322 0.999999999959204 -14.6027355354402
7.24820981993984e-318 3.83595235385631e-317 -4.79171542881716e-318 -3.03114708445709e-318 1.66815830596193e-318 6.71277111691585e-319 3.17347257505458e-318 2.28202498960676e-318 5.49391116862549e-319 -2.84828844827479e-319 1.00000000017185 4.16524263621124
3.15213882046715e-321 1.66598935777668e-320 -2.10471965128371e-321 -1.35868052606343e-321 7.2133584292822e-322 2.86558074587923e-322 1.38338380835549e-321 1.01283457397456e-321 2.27270197086973e-322 -2.02566914794911e-322 0.999999999959143 -14.5224496349303
1.62498190917186e-319 8.58384712428123e-319 -1.07340702215469e-319 -6.77709846400438e-320 3.74452352983081e-320 1.50344176029491e-320 7.11454530011395e-320 5.1135794344569e-320 1.23269378637391e-320 -6.38332814426891e-321 0.999999999785922 2.5274171906185
3.9772679742737e-318 2.1050709319579e-317 -2.62953594292212e-318 -1.66351408889102e-318 9.15454235179246e-319 3.68409930134442e-319 1.74152705436935e-318 1.25233783645256e-318 3.01483797748787e-319 -1.56337192313546e-319 0.999999999750151 2.52131724990508
8.29420608006326e-318 4.39172235227232e-317 -5.48556145921078e-318 -3.4715423791906e-318 1.90966253430559e-318 7.68524052762517e-319 3.63327476835673e-318 2.61278217687164e-318 6.28782525492779e-319 -3.26379765642727e-319 1.00000000067646 2.49971310318727
2.57497133299541e-318 1.36326693745377e-317 -1.7029108834904e-318 -1.07756705489268e-318 5.92839249757829e-319 2.38589241033196e-319 1.12791728486036e-318 8.11127333403408e-319 1.95230039954169e-319 -1.01298279366831e-319 0.999999999982046 2.33031182873397
1.85288451028551e-317 9.81145302263427e-317 -1.22557084195782e-317 -7.75645020916027e-318 4.2667163328898e-318 1.71710044883896e-318 8.11789875434481e-318 5.83775615484871e-318 1.40500906167396e-318 -7.29305121795639e-319 0.999999999773395 2.4320578480745
-2.82814539189384e-318 -1.49709598113973e-317 1.86999894425745e-318 1.18315382406541e-318 -6.50980894960426e-319 -2.61953605425029e-319 -1.23849411705609e-318 -8.90607673849889e-319 -2.14384965043434e-319 1.11214176878865e-319 0.999999999858463 2.2542826944785
5.97325365822067e-321 3.15658541127972e-320 -3.93276254089632e-321 -2.51479413733194e-321 1.3883244648139e-321 6.02760087926321e-322 2.61360726650019e-321 1.87744945419674e-321 4.69362363549184e-322 -2.42092166462211e-322 0.999999999959528 -14.5868643048476
4.95053777132929e-321 2.61657166037524e-320 -3.26083326255223e-321 -2.06519439961641e-321 1.12152901605963e-321 5.03946958758071e-322 2.15906687232625e-321 1.55136612794151e-321 3.90311860214585e-322 -2.37151510003798e-322 0.999999999959192 -14.6261348590826
4.7578521694512e-321 2.51924072814452e-320 -3.16202013338398e-321 -2.01578783503229e-321 1.12152901605963e-321 4.94065645841247e-322 2.08495702545006e-321 1.52666284564945e-321 3.70549234380935e-322 -2.42092166462211e-322 0.999999999959297 -14.5982586031006
1.2532123326457e-318 6.63309315021103e-318 -8.28627138579105e-319 -5.24193768924646e-319 2.88475049293787e-319 1.16070842177484e-319 5.48813060056915e-319 3.94610231333404e-319 9.49890610694381e-320 -4.92237602951634e-320 0.99999999979404 2.36350166869419
-3.93380996006551e-318 -2.08294222574632e-317 2.60145819226896e-318 1.64634530769804e-318 -9.05538337667212e-319 -3.6440305774667e-319 -1.72289089820822e-318 -1.23897830138901e-318 -2.98168617265192e-319 1.54840173406647e-319 0.999999999800035 2.52531281193689
9.22385976190398e-319 4.88174901145881e-318 -6.09869692569976e-319 -3.85805981524513e-319 2.12300008017984e-319 8.54634754176188e-320 4.03943131383345e-319 2.90446371220694e-319 6.99349921688284e-320 -3.63088843128732e-320 1.00000000036118 2.26365740082884
1.30598842493446e-318 6.91302086383176e-318 -8.63582283022373e-319 -5.46342731827709e-319 3.00653767463774e-319 1.20991736010063e-319 5.71930391625827e-319 4.11294828193463e-319 9.89959334572106e-320 -5.1363064541656e-320 0.999999999626509 2.46198062617488
8.14714249992216e-321 4.31763967900665e-320 -5.40507816550324e-321 -3.4090529563046e-321 1.89227142357197e-321 7.36157812303457e-322 3.5671539629738e-321 2.57902267129131e-321 6.4228533959362e-322 -3.26083326255223e-322 0.999999999959233 -14.5895012549273
-2.31506068901593e-317 -1.22571654191678e-316 1.53100914113592e-317 9.68832593490288e-318 -5.32980232370286e-318 -2.1448871882906e-318 -1.01402971877185e-317 -7.29209767125992e-318 -1.75508915634769e-318 9.10908831237506e-319 0.999999999949509 2.82219324598608
1.40808709064755e-321 7.35169681011775e-321 -9.28843414181544e-322 -5.43472210425371e-322 2.76676761671098e-322 2.22329540628561e-322 5.92878775009496e-322 4.69362363549184e-322 1.53160350210786e-322 3.95252516672997e-323 0.999999999959396 -14.5989290162697
2.56574218673109e-318 1.35849722770882e-317 -1.69679435079489e-318 -1.07376769007616e-318 5.90675242229044e-319 2.37749329435266e-319 1.12381159934342e-318 8.08162939528361e-319 1.94498822798324e-319 -1.00937611445367e-319 0.999999999653619 1.78551727382293
-6.13879035285978e-318 -3.25063821795029e-317 4.06012278308128e-318 2.56959589876866e-318 -1.41338347437097e-318 -5.6877825280536e-319 -2.68916966637515e-318 -1.93383222570014e-318 -4.65395016413079e-319 2.41652448037412e-319 0.999999999698245 2.00602637030268
-3.23789873527228e-318 -1.71398190648241e-317 2.1407765621172e-318 1.35449084938669e-318 -7.45209094935269e-319 -2.99858321773969e-319 -1.41776583664958e-318 -1.01951434150633e-318 -2.45372762350597e-319 1.27281191681622e-319 0.999999999840584 2.22043089414693
4.61951378861566e-321 2.43327330576814e-320 -3.05826634775732e-321 -1.9416779881561e-321 1.09682573376757e-321 4.89124989382834e-322 2.0207284914907e-321 1.4673749681485e-321 3.55727265005698e-322 -2.17388884170148e-322 0.999999999959273 -14.6090024230983
1.22861774479572e-318 6.50162722250913e-318 -8.12327912922802e-319 -5.13828271674896e-319 2.82872344869947e-319 1.13827784145365e-319 5.38052310290493e-319 3.86912688571197e-319 9.31807808056591e-320 -4.8260332285773e-320 0.999999999866613 2.52018347528517
1.30190447830594e-317 6.89284371692125e-317 -8.60957312246019e-318 -5.44810140194309e-318 2.99715536802321e-318 1.20613281725348e-318 5.70226853278966e-318 4.10060158144505e-318 9.86965296758308e-319 -5.12217617669454e-319 0.999999999577933 3.25535532791111
2.30836856984301e-318 1.22151950366192e-317 -1.52606008556153e-318 -9.65211586371918e-319 5.31328076850593e-319 2.13831611520092e-319 1.01073479497973e-318 7.26785387001849e-319 1.74993111100511e-319 -9.06462240424935e-320 0.999999999885563 2.45092156603818
6.18570188593241e-321 3.27466710063578e-320 -4.0809822346487e-321 -2.59384464066654e-321 1.46243431169009e-321 6.6204796542727e-322 2.71242039566844e-321 1.96144061398975e-321 5.48412866883784e-322 -2.42092166462211e-322 0.999999999959112 -14.5750117356617
-2.88379249965058e-317 -1.52689209210912e-316 1.90720406365188e-317 1.20693863832185e-317 -6.63942707179072e-318 -2.67197124124342e-318 -1.26321370351446e-317 -9.08405400610029e-318 -2.18629483006856e-318 1.13477985668109e-318 0.999999999352211 3.7285371855147
2.94463124921383e-321 1.54938986535815e-320 -1.93673733169769e-321 -1.21046083231105e-321 7.11454530011395e-322 2.47032822920623e-322 1.269748709812e-321 9.14021444806306e-322 2.42092166462211e-322 -2.12448227711736e-322 0.999999999959112 -14.5923881238415
2.88040271525447e-321 1.52320438612856e-320 -1.9021527364888e-321 -1.18575755001899e-321 6.8181059126092e-322 2.37151510003798e-322 1.25492674043677e-321 9.09080788347894e-322 2.27270197086973e-322 -2.27270197086973e-322 0.99999999995951 -14.6393755251275
6.87052627763296e-319 3.63603659531699e-318 -4.54253836099359e-319 -2.87333757651894e-319 1.58175116516075e-319 6.3640595840811e-320 3.00846453065652e-319 2.1635628697034e-319 5.2094281697501e-320 -2.69957468887657e-320 0.999999999836178 2.10779045458546
-1.4124299276745e-318 -7.4804947833321e-318 9.34307780224548e-319 5.91426222010723e-319 -3.25253295970209e-319 -1.30868108270429e-319 -6.1885180601137e-319 -4.45029630491503e-319 -1.07093669392549e-319 5.5651554347558e-320 0.99999999954914 2.68467194079537
8.57697961180404e-321 4.54540394173947e-320 -5.68175492717434e-321 -3.59185724526586e-321 1.99602520919864e-321 7.95445689804407e-322 3.7647802213103e-321 2.69759842629321e-321 6.71929278344095e-322 -3.45845952088873e-322 0.999999999959182 -14.5416597887284
-9.9197611053843e-318 -5.25294596590145e-317 6.56071253309529e-318 4.15234013587755e-318 -2.28377892264949e-318 -9.19110320958471e-319 -4.3452678299221e-318 -3.12484663419088e-318 -7.51972853626836e-319 3.90504545816463e-319 1.00000000007529 3.55066380133609
9.67380534557161e-321 5.11654382833195e-320 -6.37838748781049e-321 -4.05627895235663e-321 2.20353278045196e-321 9.28843414181544e-322 4.2390832413179e-321 3.06320700421573e-321 7.36157812303457e-322 -4.0019317313141e-322 0.999999999959295 -14.5740914318364
-3.13632871980023e-320 -1.68762943306453e-319 2.09681460095025e-320 1.34534075362571e-320 -7.2924089326168e-321 -2.91498731046335e-321 -1.38931259610559e-320 -9.99988867182683e-321 -2.35175247420433e-321 1.31915527439613e-321 1.00000000022609 2.20432353993448
-5.44646258619584e-317 -2.88355969591826e-316 3.60179438760067e-317 2.27918411214317e-317 -1.25387240434854e-317 -5.04599619476228e-318 -2.38555891602102e-317 -1.7154981939495e-317 -4.12897083082926e-318 2.14276764666994e-318 0.999999999865203 4.12133692824561
