-1.47633397408771e-278 -7.8820067457542e-278 9.83250242460903e-279 6.26869131253118e-279 -3.4215306041565e-279 -1.37870693559174e-279 -6.52233167514707e-279 -4.69350736351746e-279 -1.1247250678012e-279 5.9550846961379e-280 0.99999999947488 2.55068428600351
2.888607386802e-280 1.52891144719118e-279 -1.91059917119608e-280 -1.20873989879344e-280 6.65441661577316e-281 2.6777311515415e-281 1.26583053996604e-280 9.10209656736291e-281 2.19166406584732e-281 -1.13550775266166e-281 0.999999999957745 -13.1410357592373
4.1805852245136e-280 2.21485214882209e-279 -2.76840313353997e-280 -1.75291779316099e-280 9.64510846801766e-281 3.88164730507528e-281 1.83498935549809e-280 1.31952078215896e-280 3.17636984588479e-281 -1.64801427900703e-281 0.999999999957954 -13.1558633262401
5.5010952533084e-278 2.90819521893101e-277 -3.63643048944909e-278 -2.29809836963253e-278 1.26713369654881e-278 5.09783258562588e-279 2.40949568876312e-278 1.73232810852093e-278 4.17492189479894e-279 -2.15458715228344e-279 0.999999999755872 2.34285957974874
-6.17869218256226e-276 -3.2734804425964e-275 4.09146477947959e-276 2.59070007443429e-276 -1.42542180464313e-276 -5.7365908006847e-277 -2.71190312024041e-276 -1.95010718871124e-276 -4.69420337816135e-277 2.43579500151428e-277 0.999999999634792 4.42385848355649
2.00747297378701e-280 1.06416931795736e-279 -1.33011566980916e-280 -8.42661407797917e-281 4.63442161308984e-281 1.86526069868621e-281 8.81805057014348e-281 6.34118577224935e-281 1.52607400082678e-281 -7.9275670434306e-282 0.999999999957895 -13.1321000894773
6.89023475080445e-276 3.65095421774843e-275 -4.56287310832581e-276 -2.88953745398988e-276 1.58953168118723e-276 6.39722209902498e-277 3.02426857819954e-276 2.17476942534754e-276 5.23440643637433e-277 -2.71740850613522e-277 1.00000000007865 4.40357942774662
1.25603115179448e-277 6.63056573332703e-277 -8.29407136942857e-278 -5.23477224784013e-278 2.8907721089259e-278 1.1627210838994e-278 5.49486063396859e-278 3.95004781972118e-278 9.52774753404854e-279 -4.89804922487602e-279 1.00000000034596 3.56575994006313
9.74624646924917e-278 5.1533712746894e-277 -6.44323089411995e-278 -4.07255959765675e-278 2.24500458863277e-278 9.03223315618663e-279 4.26919405888637e-278 3.06944560469843e-278 7.39637351660648e-279 -3.81937209206808e-279 1.00000000022648 2.34527889926739
1.19083880000215e-279 6.30733213852604e-279 -7.88297689380828e-280 -4.9902029620167e-280 2.74608086220771e-280 1.10511976122678e-280 5.22427727743606e-280 3.75669945655528e-280 9.04367354547738e-281 -4.69066568279021e-281 0.999999999957856 -13.1161543388416
2.86788138414026e-277 1.5151961366854e-276 -1.895381913404e-277 -1.19715755590307e-277 6.60688652743074e-278 2.65771443769703e-278 1.25605203332244e-277 9.02971603962254e-278 2.17729356220271e-278 -1.12114724358494e-278 1.0000000001079 2.0263688262988
2.86662710203527e-277 1.51648584455665e-276 -1.89590844589328e-277 -1.19887371964183e-277 6.60573137138254e-278 2.65785669650151e-278 1.25631705104657e-277 9.03296902268801e-278 2.17609441136639e-278 -1.12504222320411e-278 1.00000000000015 2.56500654980706
2.53817336678617e-278 1.31906035727214e-277 -1.65472029588525e-278 -1.0294843898391e-278 5.77380081598914e-279 2.31663461595381e-279 1.09337488220933e-278 7.84946950615586e-279 1.90950493610501e-279 -9.43133996110884e-280 0.999999999260815 2.94051568074659
-2.20077342342747e-280 -1.16617378804033e-279 1.45744805154808e-280 9.22985917392937e-281 -5.07714581808946e-281 -2.04335804810464e-281 -9.65994862563443e-281 -6.94655799104344e-281 -1.67191806219456e-281 8.68037133945972e-282 0.999999999957895 -13.131906235924
8.39276513886175e-280 4.446849982208e-279 -5.55780599046306e-280 -3.51942437475403e-280 1.93620762990393e-280 7.79235943409984e-281 3.68378044868524e-280 2.64900389764826e-280 6.37616627272641e-281 -3.30941637578256e-281 0.999999999958045 -13.1901432560299
6.44319934852529e-280 3.41448175764266e-279 -4.26714209710422e-280 -2.70254350388532e-280 1.48646105749555e-280 5.98252556512843e-281 2.8282591422121e-280 2.03384338717771e-280 4.89483143637032e-281 -2.54200369923243e-281 0.999999999957915 -13.1558498113693
-1.47117977937982e-276 -7.79288779981444e-276 9.74046722014615e-277 6.16658869099477e-277 -3.39349127650998e-277 -1.36566791632778e-277 -6.45593234638488e-277 -4.64234151500058e-277 -1.11758904253435e-277 5.7965071806689e-278 0.999999999616814 1.98504320001312
1.37460107139758e-276 7.28383574834356e-276 -9.10303573935666e-277 -5.76481976725711e-277 3.17111112214641e-277 1.27624998174916e-277 6.0334573737314e-277 4.33871013310615e-277 1.04425428618289e-277 -5.42163446969652e-278 0.999999999764167 2.07469557677571
2.61097811945888e-280 1.38361568479465e-279 -1.72928610032905e-280 -1.09520578583704e-280 6.02458560679155e-281 2.42467112880021e-281 1.14625490855832e-280 8.24277065715095e-281 1.98391937456501e-281 -1.03002745317262e-281 0.999999999957728 -13.1763970618268
2.52860217662992e-276 1.33976133373401e-275 -1.67442673446148e-276 -1.06031003006347e-276 5.83311111705897e-277 2.34756899962231e-277 1.10980060149839e-276 7.9806006852905e-277 1.92089973487944e-277 -9.97065945860912e-278 1.00000000023455 3.04897035695794
3.41094315289672e-277 1.80319639280953e-276 -2.25492126444053e-277 -1.42502070371024e-277 7.85811488607539e-278 3.16138754404563e-278 1.49421221799466e-277 1.07426430984513e-277 2.58913920238014e-278 -1.33589628304886e-278 0.999999999554447 2.05659510636553
-2.00908762736237e-278 -1.07016687473226e-277 1.33563061949152e-278 8.49792346095836e-279 -4.648913016474e-279 -1.87259743374089e-279 -8.8570489556242e-279 -6.37229175079178e-279 -1.52898032397582e-279 8.0489960057442e-280 0.999999999531552 2.15524239217414
7.47241746706689e-280 3.95851687698571e-279 -4.94737770925298e-280 -3.13237527793893e-280 1.72347409779473e-280 6.93604690863688e-281 3.27894146093775e-280 2.35786588081985e-280 5.67574353376303e-281 -2.94495150176448e-281 0.999999999957714 -13.1013477501654
1.93157359947962e-280 1.02358570908952e-279 -1.27945060200951e-280 -8.10307758627171e-281 4.45786507351772e-281 1.79411152138074e-281 8.48146605288476e-281 6.09900168260839e-281 1.46803976151956e-281 -7.61987111378039e-282 0.999999999958006 -13.1262892288118
-9.54374016792122e-281 -5.05816825156446e-280 6.31844829741582e-281 4.00206897949871e-281 -2.19999656393183e-281 -8.85478668596283e-282 -4.18642570000478e-281 -3.01071671405926e-281 -7.24339902131619e-282 3.76657865825586e-282 0.999999999957534 -13.0116547866604
1.42709079476475e-277 7.54365314020687e-277 -9.43501294933830e-278 -5.96207481644042e-278 3.28850352203606e-278 1.32295980607817e-278 6.25271123711262e-278 4.49527960573242e-278 1.08358386680007e-278 -5.58762273683071e-279 0.999999999919561 2.22891118746347
1.16246248160813e-277 6.14703683501493e-277 -7.68574518668841e-278 -4.85825405574544e-278 2.67801259919505e-278 1.07744294588932e-278 5.09267342941614e-278 3.66151424460428e-278 8.8228920623414e-279 -4.55652019937436e-279 0.99999999950952 2.77314513107224
7.21786579473018e-277 3.82416682434444e-276 -4.77943163559748e-277 -3.02640476138255e-277 1.66498741950624e-277 6.70079317586205e-278 3.16775462283459e-277 2.27793056528448e-277 5.4830040986013e-278 -2.84575856080141e-278 0.999999999551956 3.37799657577093
1.70669176576571e-276 9.03839069301636e-276 -1.12990828835742e-276 -7.15191812222823e-277 3.93707160772969e-277 1.58435473890342e-277 7.48945541087626e-277 5.38534901943207e-277 1.29671572201691e-277 -6.71990019649343e-278 1.00000000047733 3.09983457329108
-1.78764688125053e-280 -9.46388258759011e-280 1.18245051502425e-280 7.48206674218692e-281 -4.11758617951569e-281 -1.6569950187207e-281 -7.83331295024639e-281 -5.63286371344503e-281 -1.35603566966438e-281 7.03153512011997e-282 0.999999999957857 -13.0841425823795
1.27614755251081e-276 6.7631027327521e-276 -8.45189975470162e-277 -5.35313978872104e-277 2.94419883800162e-277 1.18495425590683e-277 5.60193739649703e-277 4.02845742972104e-277 9.6949767430679e-278 -5.03545507508738e-278 0.99999999924216 3.36181542805241
-2.69655975790791e-279 -1.49867695657486e-278 1.84714491349003e-279 1.21890258110769e-279 -6.37169832719359e-280 -2.58483825348401e-280 -1.22771684330264e-279 -8.87042068047391e-280 -2.07328040110497e-280 1.21916192362603e-280 0.999999999851048 2.68476422967986
2.57661112820903e-277 1.36268871247889e-276 -1.70403961993366e-277 -1.0772838268912e-277 5.93853559273302e-278 2.38926657996545e-278 1.1293021626787e-277 8.1193510780835e-278 1.95652539452462e-278 -1.01037669278598e-278 0.999999999936915 2.72264054871273
3.82878889593817e-278 2.04924832024832e-277 -2.55635284820942e-278 -1.63351911208396e-278 8.89921313607841e-279 3.58710780036987e-279 1.69722299048796e-278 1.22148492415607e-278 2.92412765350387e-279 -1.5560163397775e-279 1.00000000035229 2.15231576241258
7.31424473188293e-278 3.83783897292966e-277 -4.80765771904855e-278 -3.01771097039789e-278 1.67700458688941e-278 6.73862217704015e-279 3.18281611341598e-278 2.28673782756674e-278 5.53509822599084e-279 -2.80002722752437e-279 0.999999999585788 1.94049602358751
7.13270926743393e-280 3.77801363944186e-279 -4.72222941514117e-280 -2.98944486521202e-280 1.64517803479902e-280 6.62076093163864e-281 3.12982499089309e-280 2.25059110576234e-280 5.41817306096417e-281 -2.80985034686523e-281 0.999999999957896 -13.0793487254278
1.34195910415927e-276 7.11142565337907e-276 -8.88806922399287e-277 -5.62908935668231e-277 3.09643921645749e-277 1.24620503395038e-277 5.89139787210719e-277 4.23654516134575e-277 1.01966792256286e-277 -5.29411956803703e-278 0.999999999714343 1.72938671092008
9.34116127316128e-280 4.9481930060067e-279 -6.1844124903587e-280 -3.9153852138999e-280 2.15444451334047e-280 8.67037852339016e-281 4.09880240677087e-280 2.94740351539129e-280 7.09512719006595e-281 -3.68079128559852e-281 0.999999999957787 -13.1201649836058
2.49598950101288e-280 1.32209823875846e-279 -1.65284100478932e-280 -1.04637714915809e-280 5.75954521109979e-281 2.31780921345811e-281 1.09566612049825e-280 7.87852662333924e-281 1.89692359075537e-281 -9.83346443123852e-282 0.999999999957902 -13.1460290022171
-4.38316805124113e-276 -2.32318458347888e-275 2.90370787147071e-276 1.83931929605716e-276 -1.01167499919894e-276 -4.07170881312316e-277 -1.92489664314437e-276 -1.38421169888174e-276 -3.33141878559953e-277 1.73014297554638e-277 1.00000000039149 3.2553999381716
-5.04643071683575e-276 -2.67354042679000e-275 3.34163265484304e-276 2.11585783910238e-276 -1.16418895234391e-276 -4.68524670416275e-277 -2.21488745358488e-276 -1.59270492780969e-276 -3.8339343134275e-277 1.98927181874494e-277 0.999999999913697 3.92766551787084
7.22122649159753e-279 3.75874960379359e-278 -4.71228269520116e-279 -2.93606894073932e-279 1.64353511935299e-279 6.5961729703319e-280 3.11374707087269e-279 2.23577138555425e-279 5.43308942154112e-280 -2.69674380768032e-280 0.999999999435608 2.20257660487391
2.04042926117147e-277 1.07894229304313e-276 -1.34899360885175e-277 -8.52696240282974e-278 4.70030348958378e-278 1.89106736012299e-278 8.93838599571895e-278 6.42650029044092e-278 1.54854401431919e-278 -7.9973261468532e-279 0.999999999792746 3.46086894257279
6.3788415435386e-280 3.38004829919073e-279 -4.22459469093996e-280 -2.67537448735848e-280 1.47180540497416e-280 5.9233994777474e-281 2.80024558912988e-280 2.0136568264758e-280 4.84680624696713e-281 -2.51588110399181e-281 0.999999999957931 -13.1157181695723
-4.76920134569396e-276 -2.52654184338779e-275 3.15807353794258e-276 1.99955254900212e-276 -1.10030400532528e-276 -4.42808752185488e-277 -2.09329660134061e-276 -1.5052530182537e-276 -3.62363148691145e-277 1.87972274922401e-277 0.999999999928576 4.00594603563953
-1.0685123922512e-275 -5.65905636658273e-275 7.07387592664792e-276 4.4777607190795e-276 -2.46461266274432e-276 -9.91824941609176e-277 -4.68856864251936e-276 -3.37140266282711e-276 -8.11716865430048e-277 4.20796716777941e-277 1.00000000105424 4.80399274598052
6.65538992697639e-280 3.52591240179259e-279 -4.4067585515533e-280 -2.79024470571884e-280 1.5351743342066e-280 6.1782882622656e-281 2.92072476440005e-280 2.10027918160762e-280 5.05560074470302e-281 -2.62343620546582e-281 0.999999999957892 -13.180468965764
2.15121035185036e-276 1.13977518937413e-275 -1.4245306994312e-276 -9.02045311806856e-277 4.96269518723907e-277 1.99725355438971e-277 9.4418526910905e-277 6.78962609847236e-277 1.63428536471228e-277 -8.48187283901715e-278 0.999999999897009 3.95418505172242
-2.87252856897208e-279 -1.59758181019812e-278 1.98127022994562e-279 1.30844009371388e-279 -6.88424163560445e-280 -2.79102194855552e-280 -1.32446440021587e-279 -9.56095781774659e-280 -2.24407033638087e-280 1.30182149201947e-280 0.999999999572838 1.88219476729679
-4.01880906401249e-279 -2.1962446858866e-278 2.7286751061727e-279 1.77548090989992e-279 -9.48036854850817e-280 -3.83382379995231e-280 -1.81711012245066e-279 -1.31009167076463e-279 -3.10080520077984e-280 1.73439411890767e-280 0.999999999762117 2.22557395172432
-5.57835449487531e-277 -2.95458537331789e-276 3.69279736768366e-277 2.33764241811278e-277 -1.2864322537912e-277 -5.17705001830343e-278 -2.44735434810813e-277 -1.75985403019104e-277 -4.2366575084677e-278 2.19721223857751e-278 0.999999999051376 3.995854507224
5.88459538494354e-276 3.11883721750919e-275 -3.89799801522796e-276 -2.46902372808383e-276 1.35800556800329e-276 5.46558768882247e-277 2.58386217626727e-276 1.85808980571696e-276 4.47185292067611e-277 -2.32245386791269e-277 0.99999999951364 3.485452129732
6.82791437728429e-280 3.6174315020002e-279 -4.52152146066052e-280 -2.86300111857761e-280 1.57530106225764e-280 6.33976281244364e-281 2.99702835894743e-280 2.15513080356128e-280 5.18784045159208e-281 -2.69170199696428e-281 0.999999999957899 -13.1212071645335
7.58600547058369e-280 4.01791001774889e-279 -5.02162122334053e-280 -3.1788232239228e-280 1.74930205111775e-280 7.03979733991302e-281 3.32795045271383e-280 2.39307867500768e-280 5.76099012200338e-281 -2.98797352724084e-281 0.999999999957657 -13.1299666389986
2.18014905876417e-277 1.15353518199803e-276 -1.44211936348276e-277 -9.12068706844856e-278 5.02464478979281e-278 2.02175016893692e-278 9.5565444275146e-278 6.87128310238611e-278 1.65518629694385e-278 -8.56087095189257e-279 0.999999999539406 2.08145890220739
5.1342091095019e-278 2.71692587063568e-277 -3.39634106428891e-278 -2.14827523337652e-278 1.18326563997854e-278 4.76119689054504e-279 2.25059923859048e-278 1.61824254035245e-278 3.89765587199498e-279 -2.01689933478127e-279 0.999999999650527 2.23613796294959
5.19727007800958e-276 2.7546296954882e-275 -3.44259919530131e-276 -2.18062780799376e-276 1.19928757244538e-276 4.82683331090525e-277 2.28191287991368e-276 1.64096657842404e-276 3.94911543558783e-277 -2.05137652117036e-277 1.00000000039703 4.5993012612157
-4.06614452076146e-280 -2.15437146349732e-279 2.6920081800314e-280 1.70464151570329e-280 -9.37610326689798e-281 -3.77351586571096e-281 -1.78395682043497e-280 -1.28287517122768e-280 -3.08748416263596e-281 1.60325292500786e-281 0.999999999957821 -13.0980759017537
-3.19604273762363e-277 -1.68873949130661e-276 2.11155831511267e-277 1.33377320951339e-277 -7.35686728617561e-278 -2.95956797043444e-278 -1.39880536599646e-277 -1.00566426626377e-277 -2.42411963891557e-278 1.24976229030646e-278 0.999999999712884 3.38000288393538
6.97996823603474e-281 3.70360495278286e-280 -4.62873124142514e-281 -2.93495029767688e-281 1.61281430900153e-281 6.49214628203704e-282 3.0693763904575e-281 2.20737379692032e-281 5.30987002534594e-282 -2.76431830074467e-282 0.999999999957733 -13.1265616773696
3.78022242673215e-277 1.99663382059127e-276 -2.49724874850399e-277 -1.57689656196936e-277 8.7033039840023e-278 3.5009215614278e-278 1.65456636133772e-277 1.18945912265698e-277 2.86818077997189e-278 -1.47654558739733e-278 0.999999999576538 3.60085444282471
8.98062344575674e-277 4.75721637645993e-276 -5.94590692845128e-277 -3.76439188859586e-277 2.07142321553312e-277 8.33625126404109e-278 3.94082916962385e-277 2.83379713323653e-277 6.82177478178396e-278 -3.53873417748633e-278 1.00000000032028 3.14074576123611
1.80313242219316e-278 9.49179583479275e-278 -1.18838359230339e-278 -7.48136139237003e-279 4.14453017508715e-279 1.66620981252049e-279 7.87199608753235e-279 5.65725007892385e-279 1.36699147403368e-279 -6.97132720441556e-280 1.00000000001327 1.931970168826
5.9234363805126e-280 3.13811617014887e-279 -3.92240620404198e-280 -2.48355787321184e-280 1.36656080922161e-280 5.49966209951629e-281 2.59987850524617e-280 1.86954027627058e-280 4.50043613639857e-281 -2.334866375266e-281 0.999999999957844 -13.1319930498245
7.64922357789234e-278 4.001101432205e-277 -5.01755471554978e-278 -3.14062873344805e-278 1.75162799409543e-278 7.03474751076413e-279 3.32156448029262e-278 2.38562893644831e-278 5.78609661078762e-279 -2.9004283560006e-279 0.999999999507463 4.08726187041983
3.36477891350949e-280 1.78164352322098e-279 -2.22769715208269e-280 -1.40984640845314e-280 7.76360710314276e-281 3.1241049339111e-281 1.47675168914265e-280 1.06183476153907e-280 2.55723506749396e-281 -1.32417012239529e-281 0.999999999957701 -13.0504539386477
6.75002111879973e-278 3.56149475234348e-277 -4.45479988970393e-278 -2.81030627109639e-278 1.55247235273075e-278 6.24390265453119e-279 2.9507175226942e-278 2.12110617702079e-278 5.11718918238652e-279 -2.62815759665144e-279 0.999999999890982 2.02736001623698
2.36547377462715e-277 1.25099178579696e-276 -1.56420802046459e-277 -9.88860352487668e-278 5.45067041328894e-278 2.19299134717286e-278 1.03654476190458e-277 7.45252164800899e-278 1.79574842149387e-278 -9.27519587580002e-279 0.999999999738015 2.01960588660127
9.6360447060596e-277 5.10578362075787e-276 -6.38134224430052e-277 -4.04105943783026e-277 2.2231143721061e-277 8.94707797716813e-278 4.22967523693281e-277 3.04156364374222e-277 7.32093252005068e-278 -3.8000965473752e-278 0.999999999617583 1.82801969777662
3.16524604571558e-277 1.67608809739498e-276 -2.09487348619519e-277 -1.32584233966124e-277 7.29767506041197e-278 2.93673491664282e-278 1.38826845254795e-277 9.98264472056841e-278 2.40346611096933e-278 -1.24587946292328e-278 0.999999999565494 2.42746192911799
1.8608512334027e-276 9.86013057848567e-276 -1.23234643550498e-276 -7.80409787630322e-277 4.29322809855738e-277 1.72784338507202e-277 8.16827825562193e-277 5.87382238622811e-277 1.413798388356e-277 -7.3388778998052e-278 0.999999999853691 2.56803116531871
-1.29838799945955e-276 -6.87459967701340e-276 8.59320013399397e-277 5.43809137853672e-277 -2.99379703623454e-277 -1.20473800776212e-277 -5.69497452048027e-277 -4.09502047687282e-277 -9.8604541367622e-278 5.10890994869609e-278 0.999999999846264 2.09169179946926
4.98738450757748e-280 2.64296063391961e-279 -3.30306460444494e-280 -2.09193154562748e-280 1.15065853729163e-280 4.63100966227594e-281 2.18931361429221e-280 1.57436166848827e-280 3.78909625481791e-281 -1.96756606108647e-281 0.999999999957753 -13.1248187414759
1.40950302679897e-280 7.46953590210755e-280 -9.33986895511951e-281 -5.91544194422489e-281 3.25542181015028e-281 1.31014253200514e-281 6.19326212971686e-281 4.45337202478964e-281 1.07215449373888e-281 -5.56094410136226e-282 0.999999999958038 -13.1608998577076
9.92029557889989e-280 5.25481389567472e-279 -6.56765518945489e-280 -4.15791163191998e-280 2.28795820126214e-280 9.20764985865559e-281 4.35278057848402e-280 3.13002782556886e-280 7.53486306622538e-281 -3.90865395019556e-281 0.999999999957954 -13.1318724319593
2.00111777683766e-277 1.05889314934958e-276 -1.32387852958403e-277 -8.37349227594359e-278 4.6130000824838e-278 1.85612948814099e-278 8.77364226959067e-278 6.30835170494531e-278 1.51959022971294e-278 -7.85974031735585e-279 0.999999999884753 2.39486740326719
-8.10562660654776e-277 -4.295807192591e-276 5.36912783897287e-277 3.40072576347089e-277 -1.8705639370566e-277 -7.52843296315764e-278 -3.55905308019381e-277 -2.55934859369266e-277 -6.15976698591236e-278 3.19862617435623e-278 1.00000000003604 2.20744932403986
9.17377965803513e-278 4.846561777722e-277 -6.06042985329072e-278 -3.82766526234107e-278 2.11170684718269e-278 8.49483602205956e-279 4.01491564148213e-278 2.88642842402161e-278 6.95845248132222e-279 -3.58582196324307e-279 0.999999999529286 2.24861299654552
1.68714117661581e-277 8.92914079008981e-277 -1.11621637241545e-277 -7.06117738958177e-278 3.88895865018574e-278 1.56485508685932e-278 7.39704757605776e-278 5.31870744879335e-278 1.28099357262958e-278 -6.63020404363618e-279 0.999999999498923 2.19875451710854
5.07991132899383e-280 2.69049383008928e-279 -3.36311403336239e-280 -2.12890455602673e-280 1.17174167933378e-280 4.71541604300741e-281 2.22908383756179e-280 1.60286727078282e-280 3.85908768463837e-281 -2.00071649700935e-281 0.99999999995788 -13.1316381924034
-3.50786156738839e-276 -1.85834129732911e-275 2.32275137422614e-276 1.47066251146641e-276 -8.0922761484261e-277 -3.25669094341488e-277 -1.53955020595088e-276 -1.10707157654938e-276 -2.66499633022282e-277 1.38259085617277e-277 0.999999999749137 2.1823098807826
4.12549490871113e-280 2.18553140705309e-279 -2.73179748814806e-280 -1.72964317128609e-280 9.51765104061363e-281 3.83031421681639e-281 1.81071231389215e-280 1.3020563355865e-280 3.1344413352641e-281 -1.62599410811956e-281 0.999999999957822 -13.1458193091679
5.87597131036602e-277 3.11398739682994e-276 -3.8917078604503e-277 -2.46484635521173e-277 1.35572618694082e-277 5.45636908966564e-278 2.57951230539616e-277 1.85496184987641e-277 4.46433605919087e-278 -2.31845355400221e-278 1.0000000000493 2.54077591838141
-2.11327607911869e-276 -1.11995658752406e-275 1.39981195516883e-276 8.86600531722279e-277 -4.87697833152629e-277 -1.96281575899554e-277 -9.27913418222191e-277 -6.67266904148518e-277 -1.60600629961651e-277 8.33869095013674e-278 1.00000000016853 2.25227112379447
-7.84515990921986e-277 -4.15401585719914e-276 5.19346177456342e-277 3.2868013417333e-277 -1.809739896302e-277 -7.28253722744566e-278 -3.44247761754468e-277 -2.47529130586669e-277 -5.96086965101624e-278 3.08743221598719e-278 1.0000000005458 2.34089743229038
3.04479913960701e-280 1.61261303115001e-279 -2.01590933155685e-280 -1.276095159065e-280 7.02416444472918e-281 2.82669809672167e-281 1.33622950090235e-280 9.60833053728193e-281 2.3134331089501e-281 -1.19915517888891e-281 0.999999999957669 -13.1332553350315
2.25972879880948e-277 1.19563758915232e-276 -1.49467219627574e-277 -9.45301101228332e-278 5.20744077214423e-278 2.09531035152054e-278 9.90433029379806e-278 7.12139344471254e-278 1.71537595503666e-278 -8.87327829065433e-279 1.00000000022586 2.56232064539852
1.42575770821745e-276 7.55257297196532e-276 -9.43994572478528e-277 -5.97654018850496e-277 3.28875873336755e-277 1.32352863510833e-277 6.25675254974669e-277 4.49913276854692e-277 1.08308525517153e-277 -5.61820043121564e-278 1.00000000029158 3.28307584892748
1.86781066989598e-278 9.74991358573568e-278 -1.22260137997909e-278 -7.63801592459821e-279 4.26675149631923e-279 1.71308341029538e-279 8.08771772010908e-279 5.80809103793364e-279 1.40988284704151e-279 -7.03744318945058e-280 1.00000000016446 1.89818555344397
-2.40339834567932e-280 -1.27198809805852e-279 1.59004690643758e-280 1.00586100826989e-280 -5.53965851537053e-281 -2.22907475455809e-281 -1.05368439160777e-280 -7.5763405017139e-281 -1.8247077761229e-281 9.44495449548511e-282 0.999999999957913 -13.0997404154379
-3.08087711826554e-276 -1.63227519910707e-275 2.04008570703359e-276 1.29178628804784e-276 -7.10717766202289e-277 -2.8602893071247e-277 -1.35217385537054e-276 -9.72342587255726e-277 -2.34051170186443e-277 1.21460292003083e-277 0.999999999687805 3.19681785954549
1.21773619422912e-280 6.45191756133301e-280 -8.06592171291432e-281 -5.10756072734206e-281 2.81073719203653e-281 1.13116526637045e-281 5.34728780943156e-281 3.84510380278957e-281 9.2568344207674e-282 -4.80129486305263e-282 0.999999999957895 -13.1454199601365
-2.42373530311424e-280 -1.28350754554947e-279 1.60380547819447e-280 1.01509152252049e-280 -5.5855850515536e-281 -2.24781975388295e-281 -1.06264202894018e-280 -7.64141116489333e-281 -1.83944774388749e-281 9.54180223669993e-282 0.999999999957938 -13.173835160472
4.15021830391175e-278 2.18792146418141e-277 -2.73757070239231e-278 -1.72569051626281e-278 9.54258816927443e-279 3.83737774226359e-279 1.81328297771187e-278 1.30334719717866e-278 3.14610587496995e-279 -1.61178346810937e-279 1.00000000003726 2.10160402885287
-6.84871032334169e-278 -3.64227418735276e-277 4.54894957206471e-278 2.89031696969458e-278 -1.58435085877534e-278 -6.37994864487395e-279 -3.01702605805445e-278 -2.17019393974254e-278 -5.21315256964932e-279 2.73109863989132e-279 0.999999999483541 3.09396789943503
4.60074396251786e-280 2.43728001936402e-279 -3.04679650816005e-280 -1.92908198588069e-280 1.06163653680182e-280 4.27243717584229e-281 2.01968573780267e-280 1.45230449614474e-280 3.49639017922116e-281 -1.81326650980945e-281 0.999999999957745 -13.0764279235334
-1.94245543506194e-276 -1.02957350864775e-275 1.28680168049274e-276 8.15126509929429e-277 -4.48316814230242e-277 -1.80436143787362e-277 -8.53015649951833e-277 -6.13415329419346e-277 -1.47627486800334e-277 7.66791498083180e-278 0.99999999985047 2.96730046469659
2.75885206014809e-280 1.45979226304314e-279 -1.82503572156605e-280 -1.15429018336265e-280 6.35901313336741e-281 2.55866679965947e-281 1.2094456029149e-280 8.69606838133045e-281 2.09474357765526e-281 -1.08346795395383e-281 0.99999999995788 -13.1140679239152
-1.27448305510488e-277 -6.76288056656326e-277 8.45018036766335e-278 5.35823131952263e-278 -2.94356520090284e-278 -1.18492458298252e-278 -5.60234082504768e-278 -4.02913042587137e-278 -9.69036582135672e-279 5.04823732142344e-279 1.00000000045257 2.34022334052118
-4.64884701705657e-276 -2.46236910569735e-275 3.07767177263341e-276 1.9483371530063e-276 -1.07219118564176e-276 -4.31487635039698e-277 -2.0397763464873e-276 -1.46676622303227e-276 -3.53108634719392e-277 1.83134584378928e-277 1.00000000051584 3.98452639699815
