-3.58392942887897e-237 -1.9139847397838e-236 2.3908746108683e-237 1.52479336318402e-237 -8.33251383591369e-238 -3.35733002298083e-238 -1.58797531595518e-237 -1.14253463737591e-237 -2.73998214947618e-238 1.44697677592884e-238 1.00000000024451 2.08659561028762
-2.43836258363679e-239 -1.29379038656989e-238 1.61878735564355e-239 1.0264370732709e-239 -5.64703825478401e-240 -2.27291787895333e-240 -1.07441895034493e-239 -7.72575637505963e-240 -1.85977463641895e-240 9.65592836801273e-241 0.999999999955701 -11.6775794838523
-3.88477336152886e-239 -2.06096514632116e-238 2.57877273150775e-239 1.63492992907075e-239 -8.99601229872288e-240 -3.62079170872086e-240 -1.71154283625417e-239 -1.23069455396244e-239 -2.96281553701622e-240 1.53770887852462e-240 0.999999999955692 -11.6920922291164
2.81448009623242e-237 1.48585273750761e-236 -1.85983284040765e-237 -1.17390864459653e-237 6.48662294489473e-238 2.608908756898e-238 1.23282652616581e-237 8.8616556589414e-238 2.13831046685965e-238 -1.09770930869931e-238 0.999999999750403 2.25777040574355
-8.03657112236425e-235 -4.26056267411874e-234 5.3299986472612e-235 3.37702578277397e-235 -1.85884703119059e-235 -7.48099359927062e-236 -3.53621981151857e-235 -2.54268106621759e-235 -6.12246173904638e-236 3.17438230933959e-236 1.00000000051142 4.57242935895018
-6.61601108021033e-239 -3.50945179210695e-238 4.38996805000317e-239 2.78283922486961e-239 -1.53095669742767e-239 -6.16194272463299e-240 -2.91283803191843e-239 -2.0945457343549e-239 -5.04189452947561e-240 2.61770895336087e-240 0.99999999995548 -11.6616366562763
9.29009999636289e-235 4.92804693815193e-234 -6.16390152701846e-235 -3.90740851331191e-235 2.14936166215126e-235 8.65107309746479e-236 4.0895486431997e-235 2.94073455558055e-235 7.07826964150996e-236 -3.67598967765379e-236 1.0000000005074 4.62927301367364
1.31777200050371e-236 6.92886032117418e-236 -8.6812136798844e-237 -5.45942127172671e-237 3.02939005915311e-237 1.21762031045409e-237 5.75168763971591e-237 4.13284208294352e-237 9.99582176954992e-238 -5.07655439532442e-238 0.999999999485415 2.32595993240428
1.38364352948553e-237 7.24517314208847e-237 -9.08464229274649e-238 -5.69162652623739e-238 3.17125379131874e-238 1.27380361143937e-238 6.01500913827072e-238 4.32051102188223e-238 1.04734290806858e-238 -5.26307041280868e-239 0.999999999856057 1.53671872459652
-7.77628837289064e-239 -4.12421849478247e-238 5.15901881380739e-239 3.26986257577517e-239 -1.79915016887615e-239 -7.24120929058155e-240 -3.4229857460391e-239 -2.46134687281755e-239 -5.92531073134643e-240 3.07525538176716e-240 0.999999999955776 -11.6455577733918
2.67202852700605e-236 1.41195595574916e-235 -1.76770027580151e-236 -1.1167008830929e-236 6.16731420142081e-237 2.48077449460053e-237 1.17229904331121e-236 8.42685636168725e-237 2.03285446023245e-237 -1.04506779101586e-237 0.999999999843792 1.93689584457078
2.98312699978562e-237 1.55353145775845e-236 -1.95067816261119e-237 -1.21600587091896e-237 6.81498574985303e-238 2.73494710194716e-238 1.29080167390595e-237 9.26692189183004e-238 2.25365668166002e-238 -1.11560554188051e-238 0.999999999805293 2.05304059381749
6.00903547438776e-237 3.10042077971691e-236 -3.89908092094464e-237 -2.40957910988534e-237 1.36281848370799e-237 5.46127678187651e-238 2.57557863108451e-237 1.84765191135855e-237 4.51569166730909e-238 -2.18222732875395e-238 1.00000000000322 3.47144387323328
-5.53625648507051e-239 -2.93505884935215e-238 3.67212296704932e-239 2.32663445866629e-239 -1.28078205817512e-239 -5.15453229926755e-240 -2.43647893584019e-239 -1.75190768734993e-239 -4.21859951988658e-240 2.18682677681903e-240 0.999999999955529 -11.6453961867433
6.69311517939236e-240 3.55197247448787e-239 -4.42865645380565e-240 -2.80802286407275e-240 1.53890937057934e-240 6.19621180051823e-241 2.93051959774458e-240 2.10824800376326e-240 5.06302899896522e-241 -2.65151824081968e-241 0.999999999955811 -11.7014703334163
-8.44884545741115e-239 -4.47972673532671e-238 5.60478918053254e-239 3.5515676035037e-239 -1.95493992552239e-239 -7.86781161901147e-240 -3.7190279562601e-239 -2.67411413495895e-239 -6.43901614301768e-240 3.33855839242766e-240 0.999999999955771 -11.6814702212482
-1.55236519013211e-235 -8.22795815668104e-235 1.02923269930766e-235 6.51971230281064e-236 -3.58899488151243e-236 -1.44437209016496e-236 -6.82745260418963e-236 -4.90920521687243e-236 -1.18211780956602e-236 6.12749780495434e-237 0.999999999778011 2.27228180287068
1.25072398470062e-235 6.63420928308009e-235 -8.29741764823146e-236 -5.25957596934987e-236 2.89310239842583e-236 1.16445424031355e-236 5.50466341408366e-236 3.9583391528782e-236 9.52748721483448e-237 -4.94805268998611e-237 1.00000000029846 1.88799824986313
-8.11389303648015e-239 -4.30269433498273e-238 5.38271560557907e-239 3.41125540117214e-239 -1.87730988487662e-239 -7.55558529752777e-240 -3.5715244125344e-239 -2.5681043864496e-239 -6.18299850944386e-240 3.20750486405949e-240 0.99999999995571 -11.6849877932897
1.9915173918717e-235 1.05619537312498e-234 -1.32113755931617e-235 -8.37327757846496e-236 4.60694087086752e-236 1.85420471253679e-236 8.76506061450731e-236 6.30270721019767e-236 1.51723439445337e-236 -7.87501640494157e-237 1.00000000038052 2.92330710475466
5.94778405229415e-236 3.14269617180999e-235 -3.93417817693786e-236 -2.48518109363641e-236 1.37249758286693e-236 5.520770238743e-237 2.60888028538365e-236 1.8753448482565e-236 4.52393195599368e-237 -2.32581959475495e-237 0.9999999997372 1.99327599007005
1.31648894771917e-237 6.83670560971342e-237 -8.58771076717752e-238 -5.33923850251929e-238 3.00023717958208e-238 1.20352479997781e-238 5.67899799104951e-238 4.07621305915593e-238 9.92727765497706e-239 -4.87981103825892e-239 0.99999999975485 1.50452271128915
-2.52927944849812e-239 -1.33918096126114e-238 1.67627421396084e-239 1.0608647377784e-239 -5.84871603383522e-240 -2.35330385360608e-240 -1.11221828517443e-239 -7.9960909186558e-240 -1.92709793596566e-240 9.9521967672271e-241 0.999999999955728 -11.622298665389
-3.79873848695385e-239 -2.01219152535466e-238 2.51885557428146e-239 1.59473317560627e-239 -8.78960187839024e-240 -3.53680148467883e-240 -1.6715883667098e-239 -1.20178125744736e-239 -2.89593946886459e-240 1.49666020079027e-240 0.999999999955551 -11.6393431337461
-8.81771056397787e-239 -4.6741648943006e-238 5.84858832771737e-239 3.70525141639584e-239 -2.04011927360226e-239 -8.21028082636654e-240 -3.88080229069678e-239 -2.79036139580239e-239 -6.72001437575989e-240 3.48176689627254e-240 0.999999999955646 -11.5598897432174
5.40380376946083e-236 2.85571649878746e-235 -3.57509942936516e-236 -2.25864840668371e-236 1.247283693371e-236 5.01721300810939e-237 2.37092496652217e-236 1.70431073832577e-236 4.11117001266115e-237 -2.11403221589909e-237 0.999999999388026 2.30188879826721
8.62536588446368e-237 4.53502927883329e-236 -5.68050404218471e-237 -3.57218857967721e-237 1.98173029030794e-237 7.96540722231913e-238 3.76275628865723e-237 2.70378073247759e-237 6.5385149305896e-238 -3.32244778417197e-238 0.999999999687938 2.85191403762281
9.73670665119536e-236 5.1639399579428e-235 -6.45970969225859e-236 -4.0942399105898e-236 2.25276436707476e-236 9.06690693205568e-237 4.2860031390812e-236 3.08191238929697e-236 7.41927851582634e-237 -3.85048166222302e-237 0.999999999934751 2.33069644965286
8.43175205279339e-236 4.4662567576239e-235 -5.58789238221168e-236 -3.53765497718279e-236 1.94875671366594e-236 7.84188186105717e-237 3.70656357961967e-236 2.6650071175986e-236 6.41969414419272e-237 -3.32184687588797e-237 0.999999999748576 2.73114537492144
-6.99687966678626e-239 -3.71277364147724e-238 4.64440798732734e-239 2.9450539142958e-239 -1.61979202253852e-239 -6.51979989263156e-240 -3.08205363360984e-239 -2.21626624493361e-239 -5.3341841296655e-240 2.77128252402798e-240 0.999999999955668 -11.6069570217158
9.17953509342323e-236 4.87079666380961e-235 -6.09097310535569e-236 -3.86211182722135e-236 2.12346636167148e-236 8.5473484858262e-237 4.04071947262641e-236 2.90576365242458e-236 6.99224364957412e-237 -3.63528461559051e-237 0.999999999876425 3.54048107052395
-2.44683323406218e-237 -1.31514353655165e-236 1.64097557645563e-237 1.05234019623807e-237 -5.71488913234669e-238 -2.30503929113872e-238 -1.09080879876842e-237 -7.852936809986e-238 -1.87665750632238e-238 1.0064083088639e-238 0.999999999814457 1.90756917500541
4.95952123555659e-236 2.61754751520377e-235 -3.2780103748265e-236 -2.06854330638456e-236 1.14385660628602e-236 4.60021340286691e-237 2.17360548530523e-236 1.56228265337817e-236 3.77142270869489e-237 -1.93263587721231e-237 0.999999999920902 3.04631083212338
3.57713177391821e-236 1.90821655735053e-235 -2.3835682473806e-236 -1.51864718636852e-236 8.30587268017236e-237 3.34603518968238e-237 1.58255993009308e-236 1.1385550788905e-236 2.73169342490739e-237 -1.43951425147857e-237 0.99999999966932 2.04525945584759
9.53356864527509e-237 5.00163687528468e-236 -6.27016246232364e-237 -3.93522105961876e-237 2.18878032199996e-237 8.79429810523492e-238 4.15330943024972e-237 2.98371322310235e-237 7.22595643647555e-238 -3.64777257453049e-238 0.999999999708844 2.14042032884257
-1.02986496706281e-238 -5.46144608058087e-238 6.83260736802542e-239 4.33024328280107e-239 -2.38307614177598e-239 -9.591158500475e-240 -4.53372420590241e-239 -3.25997104594485e-239 -7.84881001160088e-240 4.0715653275477e-240 0.999999999955443 -11.5978702356003
1.02371416148118e-235 5.43041412451998e-235 -6.79196264085508e-236 -4.30553624556868e-236 2.36825379921589e-236 9.53212752253266e-237 4.50607551239507e-236 3.24027073443084e-236 7.79903470162318e-237 -4.05070719708761e-237 1.0000000005975 1.87093451462914
-3.71749218546793e-239 -1.97033665425404e-238 2.46656320673999e-239 1.56248381027131e-239 -8.60822014181417e-240 -3.46410310839821e-240 -1.63726907953866e-239 -1.17714290308413e-239 -2.83592530078356e-240 1.46731530865994e-240 0.999999999955492 -11.628330698263
-6.03284733471687e-239 -3.19901158526578e-238 4.00238028088694e-239 2.53637537411905e-239 -1.39601548829961e-239 -5.61845622808069e-240 -2.65579978651512e-239 -1.90962984700421e-239 -4.59799509008228e-240 2.38451365994389e-240 0.999999999955528 -11.6539439794797
-9.80893256092822e-236 -5.204831995594e-235 6.50966253291151e-236 4.12776938325349e-236 -2.26991086100126e-236 -9.13666836153096e-237 -4.31922222165133e-236 -3.10595274162048e-236 -7.47473592213584e-237 3.88492504501053e-237 0.999999999461544 3.03885992231551
-3.48675769833489e-235 -1.84820616700242e-234 2.31197449383124e-235 1.46461456654104e-235 -8.06219633263618e-236 -3.24461726198176e-236 -1.53370967123248e-235 -1.10280087732152e-235 -2.65545944877736e-236 1.37656507204481e-236 0.999999999865589 4.18897463976896
3.93716756429386e-237 2.06390776745632e-236 -2.58796111961547e-237 -1.62303268617948e-237 9.03531487634713e-238 3.62981558786747e-238 1.71412719254308e-237 1.23132370198446e-237 2.98348042284689e-238 -1.50270334709049e-238 1.00000000005167 2.12264094971094
8.72618052465624e-237 4.59910499215463e-236 -5.75942997555523e-237 -3.62978245880576e-237 2.00934484423404e-237 8.07931446495684e-238 3.81721408441074e-237 2.74340212242331e-237 6.6265361760333e-238 -3.38605378069116e-238 0.999999999549444 2.70561930296306
-3.42938492423811e-239 -1.81759975938256e-238 2.27443147274176e-239 1.44069939282842e-239 -7.93389110823544e-240 -3.19285167229766e-240 -1.50915663397657e-239 -1.0850969315893e-239 -2.61348811820827e-240 1.35345701362839e-240 0.999999999955625 -11.6478193535109
-3.99221814566245e-235 -2.11627790298976e-234 2.64733348814395e-235 1.67718566908325e-235 -9.23198959703141e-236 -3.71542089693346e-236 -1.75626103223441e-235 -1.26282272035007e-235 -3.04072419978098e-236 1.57648673641193e-236 1.00000000116516 4.12417369562961
-5.10692976735855e-235 -2.70527550355154e-234 3.38475598879751e-235 2.14298253831818e-235 -1.18046185933818e-235 -4.75025092201554e-236 -2.24526802365887e-235 -1.6143406164968e-235 -3.88873021846275e-236 2.01232728565932e-236 0.999999999675769 4.58462346028592
-3.48117322461963e-239 -1.84616136103269e-238 2.30997028597176e-239 1.46402363084305e-239 -8.05787544637131e-240 -3.24303547595874e-240 -1.5329489172029e-239 -1.10225097196352e-239 -2.65399490858847e-240 1.37642937548575e-240 0.999999999955747 -11.6887849380511
1.45888034699284e-235 7.73506569660093e-235 -9.67489999280346e-236 -6.13028520151521e-236 3.37333813514361e-236 1.3576627759456e-236 6.41779870701177e-236 4.61484304533298e-236 1.11100031396001e-236 -5.76396341585793e-237 0.999999999927392 4.06588198337935
-8.6111827900465e-238 -4.73298536370232e-237 5.87763613231481e-238 3.84383098358987e-238 -2.04286424776389e-238 -8.26801799367036e-239 -3.92023706845587e-238 -2.82740062461286e-238 -6.67436629655069e-239 3.77822705384103e-239 0.999999999587733 1.78990689928627
5.85160423402266e-237 3.09183366951505e-236 -3.8696014186458e-237 -2.44430573476225e-237 1.34959212685337e-237 5.42873167603613e-238 2.56548120710288e-237 1.84420979492713e-237 4.44816316271927e-238 -2.28804472695887e-238 0.999999999714768 2.4345531614467
-7.92783237320318e-236 -4.19929313056869e-235 5.25394139503117e-236 3.32613203403984e-236 -1.83223725955555e-236 -7.37302207184959e-237 -3.48494367260851e-236 -2.50568041713109e-236 -6.03589355487875e-237 3.12306978492837e-237 0.999999999136328 3.85584872688425
3.01569614285756e-235 1.60061882668277e-234 -2.00162636860145e-235 -1.26951065075255e-235 6.97871620844641e-236 2.80916310257053e-236 1.32803480204606e-235 9.55026131326973e-236 2.29788450331207e-236 -1.19531198506279e-236 1.00000000016233 3.96969617779022
-3.27613262340318e-239 -1.73719291465999e-238 2.17350666767805e-239 1.37736321781431e-239 -7.58122616536213e-240 -3.05115515050913e-240 -1.44225220244877e-239 -1.03703648539156e-239 -2.49702077174453e-240 1.2948324031093e-240 0.999999999955786 -11.6490374869595
-5.58156143766529e-239 -2.95792335580346e-238 3.70079576187618e-239 2.34398723733659e-239 -1.29075900823128e-239 -5.19438709094209e-240 -2.45525720698891e-239 -1.76536030630481e-239 -4.2517544406132e-240 2.20216501170682e-240 0.999999999955663 -11.646345469602
6.05038327472433e-237 3.13913330204967e-236 -3.94599161580099e-237 -2.45143198762601e-237 1.37962530663262e-237 5.53314432370827e-238 2.61048813961173e-237 1.8734149596824e-237 4.56653421217855e-238 -2.23641418566521e-238 0.999999999630402 2.09000170903259
-8.30750727126992e-238 -4.49225100927437e-237 5.59940860816394e-238 3.61047244892762e-238 -1.94984184171986e-238 -7.87143697934056e-239 -3.72682388123559e-238 -2.68416054201749e-238 -6.39451473014041e-239 3.478788425426e-239 0.999999999848232 1.73424081463061
5.25364729179892e-235 2.78919760971922e-234 -3.48794813995887e-235 -2.21275913507189e-235 1.216130773569e-235 4.89551297502026e-236 2.31439473578147e-235 1.66436794613379e-235 4.0041600136516e-236 -2.08410170875384e-236 0.999999999616467 4.44658325612275
-7.31162540930409e-239 -3.87450048957361e-238 4.84747714918956e-239 3.07005783408637e-239 -1.69063204687584e-239 -6.80354567806126e-240 -3.21586336604293e-239 -2.31224640157685e-239 -5.56897214804494e-240 2.88412471918625e-240 0.999999999955603 -11.6065307597357
-1.22808775593588e-236 -6.37643227828488e-236 8.01149509380701e-237 4.97910893502657e-237 -2.79856336531912e-237 -1.12264854061888e-237 -5.29700631202808e-237 -3.8021964203307e-237 -9.26106791690808e-238 4.54723763492146e-238 1.00000000010799 2.96749234748078
-7.70259728342698e-239 -4.07985266746478e-238 5.10508721788798e-239 3.23188911929664e-239 -1.78061327755866e-239 -7.1651298799296e-240 -3.3866243121843e-239 -2.43492521041379e-239 -5.86603757302863e-240 3.03419549483352e-240 0.999999999955678 -11.6288935012641
8.68008168417001e-236 4.57941889677881e-235 -5.7346428678578e-236 -3.61755097512177e-236 2.0009689977348e-236 8.0467905214957e-237 3.80206060210892e-236 2.73266865211515e-236 6.59773897141303e-237 -3.37864854366845e-237 0.999999999983036 3.59834590011928
1.17199309400877e-235 6.21367669800678e-235 -7.77257681433204e-236 -4.92480166614876e-236 2.71035562629316e-236 1.09081804945781e-236 5.15630907708140e-236 3.70767441650095e-236 8.92672749373307e-237 -4.63000776878292e-237 0.999999999968964 2.95417865211091
1.55476196468316e-237 8.13426204973842e-237 -1.0196294836106e-237 -6.38293962914677e-238 3.5577191662066e-238 1.42890491383496e-238 6.74737153411521e-238 4.84650227695719e-238 1.17504352611817e-238 -5.89842367467827e-239 0.999999999424999 2.57803908138591
-6.80778606402788e-239 -3.61267265752173e-238 4.51882674529938e-239 2.86561075795604e-239 -1.57589806403692e-239 -6.3432132400784e-240 -2.99862283074139e-239 -2.15629466217304e-239 -5.18945505808205e-240 2.69697945604378e-240 0.999999999955634 -11.6559865609713
9.21590823743042e-236 4.85278321334487e-235 -6.07968203664417e-236 -3.82857654929642e-236 2.12190693911561e-236 8.53050197367353e-237 4.02990795248317e-236 2.89592036334963e-236 6.99960553811113e-237 -3.56636911583125e-237 0.999999999365403 3.60854259003456
-1.7353373223843e-239 -9.21784500247166e-239 1.15399606477408e-239 7.3247906064465e-240 -4.02877557147191e-240 -1.62173384772065e-240 -7.66585138392914e-240 -5.51217162335357e-240 -1.32679217680405e-240 6.89495396832365e-241 0.999999999955589 -11.5772462902022
8.40788659741607e-237 4.43169358309996e-236 -5.54943593690684e-237 -3.49768426769379e-237 1.93597885015527e-237 7.78444334095894e-238 3.67794613369713e-237 2.64334229158137e-237 6.3843908126018e-238 -3.26333334852785e-238 0.999999999837198 2.30657546899216
6.32903409927393e-236 3.34266549635714e-235 -4.18510097249523e-236 -2.64264293955045e-236 1.46018483257314e-236 5.87304829054222e-237 2.77522489526484e-236 1.99482760141434e-236 4.81350339585173e-237 -2.47160590060453e-237 0.999999999572857 2.01727744102209
2.35900034786334e-235 1.25114392576283e-234 -1.56493084818179e-235 -9.91889019768885e-236 5.45697788468626e-236 2.1963478326802e-236 1.03824801606798e-235 7.46577834922083e-236 1.79714814898906e-236 -9.32958139263628e-237 1.0000000000085 2.36854362151324
3.67518253956816e-236 1.94662507894674e-235 -2.43572443572922e-236 -1.54196499472085e-236 8.4952214431433e-237 3.41845691145543e-237 1.61575315173225e-236 1.16170576370565e-236 2.79864246842575e-237 -1.44766020272554e-237 0.999999999724562 2.01837886161207
1.45450459452164e-235 7.71494408484581e-235 -9.65051938456943e-236 -6.11722123167283e-236 3.3654578787146e-236 1.35455282337775e-236 6.40315027929127e-236 4.60432898777641e-236 1.10835269402917e-236 -5.75392061991899e-237 0.999999999704425 1.46540476311575
-9.16071156931012e-236 -4.84769993494305e-235 6.06647278391628e-236 3.83722543501421e-236 -2.11583032796716e-236 -8.51291136563973e-237 -4.02338842335278e-236 -2.89257667494899e-236 -6.97164923389562e-237 3.59835830234417e-237 0.99999999968343 1.75597429070329
-8.68397107717984e-239 -4.59992684581658e-238 5.75867046874103e-239 3.64596278025427e-239 -2.00970160921684e-239 -8.08667383586192e-240 -3.82193407987768e-239 -2.74773032890304e-239 -6.62158195469277e-240 3.42147468204718e-240 0.999999999955604 -11.6561096781787
-3.27309953713128e-239 -1.73583196567334e-238 2.17250614418521e-239 1.37692253581392e-239 -7.58050863698456e-240 -3.05084545621451e-240 -1.44204747211073e-239 -1.03685608972089e-239 -2.49695242706539e-240 1.29418633451572e-240 0.999999999955777 -11.6889590567575
-4.79701104258429e-239 -2.54180794091144e-238 3.18070267882887e-239 2.01431316180014e-239 -1.10951719613747e-239 -4.46488171991878e-240 -2.11037025728907e-239 -1.51734519819901e-239 -3.65500412097828e-240 1.89179640355497e-240 0.999999999955542 -11.6735863762628
1.53194528278203e-237 8.07257515943815e-237 -1.01061489982566e-237 -6.36793973320789e-238 3.52445102718076e-238 1.41714154268267e-238 6.69576624173656e-238 4.81236461341589e-238 1.16225435067949e-238 -5.9408492883671e-239 0.999999999866054 1.96475527050004
-5.31148814551673e-236 -2.81807447130714e-235 3.52446330128779e-236 2.23458929032787e-236 -1.22888638910382e-236 -4.94637865872742e-237 -2.33831607888358e-236 -1.6814892177854e-236 -4.04673203482291e-237 2.10287646915833e-237 0.999999999544694 2.4213539496948
1.48510370810929e-237 7.66426079483221e-237 -9.63454224605651e-238 -5.9552010515705e-238 3.36623382280725e-238 1.3490349043915e-238 6.36262784980533e-238 4.56462622806099e-238 1.11523442362095e-238 -5.39726166248742e-239 0.999999999719455 1.62262467659483
7.16700082145839e-237 3.78669554458544e-236 -4.74091867080272e-237 -2.99462348423472e-237 1.65410391689564e-237 6.65339259554538e-238 3.14405393123723e-237 2.26001189530202e-237 5.4523841489981e-238 -2.80203604910457e-238 0.999999999689392 1.65190397934516
-1.33755526070208e-239 -7.09339262639238e-239 8.88743320465652e-240 5.63305956982148e-240 -3.10477757507932e-240 -1.24942073863692e-240 -5.90472903102303e-240 -4.24498628580881e-240 -1.02299752808249e-240 5.2886708244632e-241 0.999999999955915 -11.6769680925594
-2.23910267608285e-235 -1.18685010865187e-234 1.48464783596472e-235 9.40499646125313e-236 -5.17713730780374e-236 -2.08352651502373e-236 -9.84870362155825e-236 -7.08162249418988e-236 -1.70520088573588e-236 8.83957497265482e-237 1.00000000028221 2.04582403122594
-2.09590136538987e-239 -1.11206129395844e-238 1.39206804197284e-239 8.82683441796064e-240 -4.85864339966582e-240 -1.95550720347209e-240 -9.24311169032392e-240 -6.6459728114391e-240 -1.60034488547622e-240 8.29939941937477e-241 0.999999999955736 -11.655784835597
4.64830821036679e-236 2.46660383477247e-235 -3.08475158901734e-236 -1.956106707598e-236 1.07556764691668e-236 4.3293528975428e-237 2.04666053949769e-236 1.4717726460549e-236 3.54170849623988e-237 -1.84124819530275e-237 1.0000000000752 2.28914695242921
-1.78383089985846e-235 -9.46285192571231e-235 1.18358628347818e-235 7.5032883608618e-236 -4.12726995724788e-236 -1.66120599440545e-236 -7.85291365553269e-236 -5.64689883310255e-236 -1.3591793021364e-236 7.05931840804695e-237 1.00000000073299 2.23061984901101
-8.11261502510268e-236 -4.29787487129011e-235 5.37740038023716e-236 3.40488367729058e-236 -1.87545840956805e-236 -7.54706675565841e-237 -3.56722846551803e-236 -2.56483684931191e-236 -6.17812695592514e-237 3.19762277415463e-237 0.99999999969724 1.69075841107567
-1.13967580097025e-238 -6.04203343824539e-238 7.55975263302469e-239 4.78985905368336e-239 -2.63691049907604e-239 -1.06122324767623e-239 -5.0162247361123e-239 -3.60679705530255e-239 -8.68549935977688e-240 4.50181813443129e-240 0.999999999955775 -11.627571364313
3.90575561247035e-237 2.03958249794042e-236 -2.55892743340558e-237 -1.59914192626602e-237 8.934996117892e-238 3.58739724203166e-238 1.69358326820231e-237 1.2161960888573e-237 2.95272547204813e-238 -1.47306089976492e-238 1.0000000001829 2.05812582799466
3.87289729476241e-235 2.05243003489671e-234 -2.56780046126269e-235 -1.62636829222342e-235 8.95549350819686e-236 3.6039690676199e-236 1.70351450878494e-235 1.22485717698724e-235 2.94990693841797e-236 -1.52801304169092e-236 0.999999999869312 3.29234742056064
1.11324054093826e-236 5.86893097554251e-236 -7.34942619099464e-237 -4.63310258005436e-237 2.56415934339857e-237 1.03105646486874e-237 4.87149033497999e-237 3.50115113543835e-237 8.45575294096091e-238 -4.32359078898948e-238 1.00000000004905 2.07065410947437
-1.87629072379775e-238 -9.94892794235026e-238 1.24465260935114e-238 7.88726883664212e-239 -4.34094970496435e-239 -1.74707528957672e-239 -8.25835654539167e-239 -5.93813851294466e-239 -1.42974051074596e-239 7.41525103114126e-240 0.999999999955535 -11.5992687028842
-2.32905917228354e-235 -1.23489270363338e-234 1.5446251901096e-235 9.78749676728197e-236 -5.38602085102845e-236 -2.16769522432181e-236 -1.02468462121941e-235 -7.36810872615938e-236 -1.77387630683026e-236 9.20277473456013e-237 0.999999999712523 3.245734389991
2.86572933176806e-239 1.51852511015131e-238 -1.89735821362226e-239 -1.20155155861072e-239 6.60779712543009e-240 2.65944157504967e-240 1.25729332358865e-239 9.04161429143602e-240 2.17582396192804e-240 -1.130279083348e-240 0.999999999955508 -11.638275158571
-1.00087997450776e-238 -5.30253193881535e-238 6.63429949322014e-239 4.20081234287896e-239 -2.31379616154289e-239 -9.31101011144208e-240 -4.40100239773595e-239 -3.16432712794872e-239 -7.62203958403032e-240 3.94525685740392e-240 0.999999999955702 -11.6759128623117
1.29949665181616e-236 6.85339785184165e-236 -8.58170329291463e-237 -5.41165634699493e-237 2.99392659993149e-237 1.20393834511738e-237 5.68849970437255e-237 4.08848930680434e-237 9.8722382159388e-238 -5.05243481583406e-238 0.999999999695702 1.99794560442244
-4.39195190713864e-236 -2.33270522043042e-235 2.91705515789036e-236 1.85135101642998e-236 -1.01717684920892e-236 -4.09484071658351e-237 -1.9359221326302e-236 -1.39221415320132e-236 -3.34883541470282e-237 1.74461146801353e-237 0.99999999982705 2.85787911881568
-8.51800351412395e-239 -4.51487644145769e-238 5.64907371951825e-239 3.57856246880506e-239 -1.97043817130695e-239 -7.92976429186345e-240 -3.74821213993098e-239 -2.69501970447134e-239 -6.49052134598593e-240 3.36251735226053e-240 0.999999999955698 -11.6034306336608
-1.00982757930306e-235 -5.35948222815382e-235 6.7028097123138e-236 4.25104110445656e-236 -2.33721924522826e-236 -9.40790011554827e-237 -4.44752161417252e-236 -3.19826944074168e-236 -7.69602450540178e-237 4.0020315567567e-237 1.00000000012984 2.75560958909433
-1.99319661211424e-239 -1.05657455533761e-238 1.32312772323488e-239 8.38266464575772e-240 -4.61940950327944e-240 -1.85891122421082e-240 -8.78558068045218e-240 -6.31633354228904e-240 -1.52195153941284e-240 7.87037614010745e-241 0.999999999955657 -11.6449606280451
-5.84096318073935e-237 -3.10963302621955e-236 3.88674737833616e-237 2.47193398609004e-237 -1.35495455274625e-237 -5.45667031145337e-238 -2.58027747575319e-237 -1.85599071163742e-237 -4.45856114765117e-238 2.33649053540892e-238 0.999999999663458 1.67124584859857
-4.45684468657775e-235 -2.36167627413532e-234 2.95446252908744e-235 1.87109736427295e-235 -1.03028941841337e-235 -4.14618191571578e-236 -1.95982149068172e-235 -1.40915615036122e-235 -3.39371439340618e-236 1.75789643086538e-236 1.00000000031677 3.96766777774811
