-1.48219693752374e-323 0 4.94065645841247e-324 0 9.88131291682493e-324 -9.88131291682493e-324 4.94065645841247e-324 -4.94065645841247e-324 -9.88131291682493e-324 0 0.999999999413075 2.56824394195535
2.42092166462211e-322 2.42092166462211e-322 -2.42092166462211e-322 -2.42092166462211e-322 2.42092166462211e-322 2.42092166462211e-322 2.42092166462211e-322 2.32210853545386e-322 2.42092166462211e-322 -2.42092166462211e-322 0.999999999964856 -20.3537643308048
2.42092166462211e-322 2.42092166462211e-322 -2.42092166462211e-322 -2.42092166462211e-322 2.37151510003798e-322 2.42092166462211e-322 2.42092166462211e-322 2.42092166462211e-322 2.37151510003798e-322 -2.37151510003798e-322 0.999999999964576 -20.3386512588168
-2.42092166462211e-322 -2.42092166462211e-322 2.42092166462211e-322 2.42092166462211e-322 -2.37151510003798e-322 -2.42092166462211e-322 -2.42092166462211e-322 -2.42092166462211e-322 -2.42092166462211e-322 2.42092166462211e-322 0.999999999529407 2.55138998053073
-1.74899238627801e-321 -1.75393304273643e-321 1.73417041690278e-321 1.73911107336119e-321 -1.72428910398595e-321 -1.7045264781523e-321 -1.73417041690278e-321 -1.72922976044436e-321 -1.66006057002659e-321 1.66006057002659e-321 1.00000000047165 5.36551983935209
2.42092166462211e-322 2.37151510003798e-322 -2.42092166462211e-322 -2.42092166462211e-322 2.42092166462211e-322 2.42092166462211e-322 2.42092166462211e-322 2.42092166462211e-322 2.42092166462211e-322 -2.42092166462211e-322 0.999999999964685 -20.3201570215941
1.21046083231105e-321 1.22528280168629e-321 -1.21046083231105e-321 -1.24504542751994e-321 1.28457067918724e-321 1.27468936627042e-321 1.24010477106153e-321 1.25986739689518e-321 1.3092739614793e-321 -1.31421461793772e-321 1.0000000000065 5.04496676393463
2.61854792295861e-322 2.81617418129511e-322 -2.61854792295861e-322 -2.86558074587923e-322 1.63041663127611e-322 8.89318162514244e-323 2.76676761671098e-322 2.56914135837448e-322 5.92878775009496e-323 2.47032822920623e-323 1.00000000029742 3.85575084423655
2.47032822920623e-322 2.71736105212686e-322 -2.42092166462211e-322 -2.42092166462211e-322 2.42092166462211e-322 2.37151510003798e-322 2.42092166462211e-322 2.42092166462211e-322 2.42092166462211e-322 -2.37151510003798e-322 0.999999999840094 2.66267424044984
2.42092166462211e-322 2.42092166462211e-322 -2.42092166462211e-322 -2.17388884170148e-322 2.42092166462211e-322 2.42092166462211e-322 2.17388884170148e-322 2.12448227711736e-322 2.37151510003798e-322 -2.37151510003798e-322 0.999999999964899 -20.3403682365737
2.02566914794911e-322 2.07507571253324e-322 -2.07507571253324e-322 -2.02566914794911e-322 2.12448227711736e-322 2.17388884170148e-322 2.17388884170148e-322 1.97626258336499e-322 2.17388884170148e-322 -2.12448227711736e-322 0.999999999575883 2.50846338239411
2.42092166462211e-322 2.42092166462211e-322 -2.42092166462211e-322 -2.42092166462211e-322 2.42092166462211e-322 2.42092166462211e-322 2.42092166462211e-322 2.42092166462211e-322 2.42092166462211e-322 -2.42092166462211e-322 0.999999999934562 2.26765223920438
-2.86558074587923e-322 -2.66795448754273e-322 2.76676761671098e-322 2.91498731046335e-322 -3.0138004396316e-322 -2.86558074587923e-322 -2.86558074587923e-322 -2.86558074587923e-322 -2.91498731046335e-322 2.81617418129511e-322 0.999999999144685 3.78338535969046
2.42092166462211e-322 2.42092166462211e-322 -2.42092166462211e-322 -2.42092166462211e-322 2.37151510003798e-322 2.42092166462211e-322 2.42092166462211e-322 2.42092166462211e-322 2.42092166462211e-322 -2.42092166462211e-322 0.999999999964424 -20.3411388166305
2.42092166462211e-322 2.42092166462211e-322 -2.42092166462211e-322 -2.42092166462211e-322 2.42092166462211e-322 2.42092166462211e-322 2.42092166462211e-322 2.42092166462211e-322 2.42092166462211e-322 -2.42092166462211e-322 0.999999999964669 -20.296127461861
2.42092166462211e-322 2.42092166462211e-322 -2.42092166462211e-322 -2.42092166462211e-322 2.42092166462211e-322 2.42092166462211e-322 2.42092166462211e-322 2.42092166462211e-322 2.42092166462211e-322 -2.32210853545386e-322 0.999999999964668 -20.3552446045575
-2.42092166462211e-322 -2.42092166462211e-322 2.42092166462211e-322 2.42092166462211e-322 -2.42092166462211e-322 -2.42092166462211e-322 -2.42092166462211e-322 -2.42092166462211e-322 -2.42092166462211e-322 2.32210853545386e-322 1.0000000001023 2.63825716025767
2.22329540628561e-322 2.32210853545386e-322 -2.22329540628561e-322 -2.17388884170148e-322 2.22329540628561e-322 2.22329540628561e-322 2.17388884170148e-322 2.22329540628561e-322 2.22329540628561e-322 -2.27270197086973e-322 0.999999999972708 2.75659383883112
2.42092166462211e-322 2.27270197086973e-322 -2.42092166462211e-322 -2.42092166462211e-322 2.42092166462211e-322 2.32210853545386e-322 2.42092166462211e-322 2.42092166462211e-322 2.37151510003798e-322 -2.42092166462211e-322 0.999999999964673 -20.3214212632856
4.0019317313141e-322 3.85371203756172e-322 -4.10074486048235e-322 -4.10074486048235e-322 4.10074486048235e-322 4.24896455423472e-322 4.10074486048235e-322 4.10074486048235e-322 4.15015142506647e-322 -4.15015142506647e-322 0.999999999594029 4.19551537271018
1.97626258336499e-322 1.87744945419674e-322 -2.02566914794911e-322 -2.07507571253324e-322 2.02566914794911e-322 2.12448227711736e-322 2.02566914794911e-322 1.97626258336499e-322 2.07507571253324e-322 -1.97626258336499e-322 0.999999999839119 3.19996079830436
-3.2114266979681e-322 -2.86558074587923e-322 3.0138004396316e-322 2.91498731046335e-322 -3.11261356879985e-322 -3.35964639172048e-322 -2.96439387504748e-322 -3.0138004396316e-322 -3.35964639172048e-322 2.91498731046335e-322 0.999999999956628 2.45110071075737
2.42092166462211e-322 2.37151510003798e-322 -2.42092166462211e-322 -2.42092166462211e-322 2.42092166462211e-322 2.42092166462211e-322 2.42092166462211e-322 2.37151510003798e-322 2.42092166462211e-322 -2.42092166462211e-322 0.999999999964867 -20.2726790059198
2.42092166462211e-322 2.27270197086973e-322 -2.42092166462211e-322 -2.42092166462211e-322 2.42092166462211e-322 2.42092166462211e-322 2.42092166462211e-322 2.42092166462211e-322 2.42092166462211e-322 -2.42092166462211e-322 0.99999999996477 -20.3189849181094
2.42092166462211e-322 2.42092166462211e-322 -2.42092166462211e-322 -2.42092166462211e-322 2.42092166462211e-322 2.42092166462211e-322 2.42092166462211e-322 2.42092166462211e-322 2.42092166462211e-322 -2.42092166462211e-322 0.999999999964796 -20.2112511165073
2.37151510003798e-322 2.37151510003798e-322 -2.42092166462211e-322 -2.42092166462211e-322 2.42092166462211e-322 2.42092166462211e-322 2.42092166462211e-322 2.47032822920623e-322 2.42092166462211e-322 -2.42092166462211e-322 0.999999999945621 3.26954047147226
6.52166652510445e-322 6.32404026676796e-322 -6.47225996052033e-322 -6.22522713759971e-322 5.18768928133309e-322 4.79243676466009e-322 5.73116149175846e-322 6.17582057301558e-322 4.49599737715534e-322 -4.0019317313141e-322 1.00000000009365 3.89857154367239
5.97819431467908e-322 6.07700744384733e-322 -6.02760087926321e-322 -5.82997462092671e-322 5.87938118551083e-322 6.02760087926321e-322 5.73116149175846e-322 5.87938118551083e-322 5.87938118551083e-322 -5.97819431467908e-322 0.999999999838631 4.01202977920911
2.91498731046335e-322 2.81617418129511e-322 -3.11261356879985e-322 -3.06320700421573e-322 3.11261356879985e-322 3.2114266979681e-322 3.11261356879985e-322 3.06320700421573e-322 3.26083326255223e-322 -3.06320700421573e-322 1.00000000002744 3.19604636758987
2.42092166462211e-322 2.37151510003798e-322 -2.42092166462211e-322 -2.42092166462211e-322 2.42092166462211e-322 2.42092166462211e-322 2.42092166462211e-322 2.42092166462211e-322 2.42092166462211e-322 -2.42092166462211e-322 0.999999999964492 -20.2607386839089
5.23709584591721e-322 5.33590897508546e-322 -5.08887615216484e-322 -5.63234836259021e-322 5.63234836259021e-322 5.78056805634258e-322 5.63234836259021e-322 5.63234836259021e-322 5.73116149175846e-322 -5.68175492717434e-322 0.999999999430194 4.32967890955125
2.61854792295861e-322 2.37151510003798e-322 -2.61854792295861e-322 -2.61854792295861e-322 2.37151510003798e-322 2.42092166462211e-322 2.61854792295861e-322 2.61854792295861e-322 2.42092166462211e-322 -2.37151510003798e-322 0.999999999833712 3.12076233969773
2.17388884170148e-322 2.17388884170148e-322 -2.22329540628561e-322 -2.17388884170148e-322 2.22329540628561e-322 2.17388884170148e-322 2.17388884170148e-322 2.17388884170148e-322 2.17388884170148e-322 -2.17388884170148e-322 0.999999999355163 3.37844725340116
3.2114266979681e-322 3.2114266979681e-322 -3.16202013338398e-322 -3.16202013338398e-322 3.31023982713635e-322 3.06320700421573e-322 3.11261356879985e-322 3.16202013338398e-322 3.11261356879985e-322 -3.2114266979681e-322 1.00000000019573 1.85725308198095
2.37151510003798e-322 2.32210853545386e-322 -2.37151510003798e-322 -2.37151510003798e-322 2.37151510003798e-322 2.37151510003798e-322 2.37151510003798e-322 2.37151510003798e-322 2.37151510003798e-322 -2.37151510003798e-322 1.00000000000075 2.80477681995182
2.42092166462211e-322 2.42092166462211e-322 -2.42092166462211e-322 -2.42092166462211e-322 2.42092166462211e-322 2.42092166462211e-322 2.42092166462211e-322 2.42092166462211e-322 2.42092166462211e-322 -2.42092166462211e-322 0.999999999964896 -20.2404585967448
1.03753785626662e-322 1.13635098543487e-322 -1.03753785626662e-322 -1.08694442085074e-322 1.28457067918724e-322 1.18575755001899e-322 1.13635098543487e-322 1.13635098543487e-322 1.13635098543487e-322 -1.23516411460312e-322 0.999999999425338 2.73141482456716
2.42092166462211e-322 2.42092166462211e-322 -2.42092166462211e-322 -2.27270197086973e-322 2.37151510003798e-322 2.42092166462211e-322 2.27270197086973e-322 2.27270197086973e-322 2.42092166462211e-322 -2.17388884170148e-322 0.999999999964675 -20.3231440584471
2.42092166462211e-322 2.42092166462211e-322 -2.32210853545386e-322 -2.42092166462211e-322 2.42092166462211e-322 2.42092166462211e-322 2.42092166462211e-322 2.42092166462211e-322 2.42092166462211e-322 -2.42092166462211e-322 0.999999999964437 -20.3361683884193
-2.47032822920623e-322 -2.47032822920623e-322 2.47032822920623e-322 2.47032822920623e-322 -2.47032822920623e-322 -2.47032822920623e-322 -2.47032822920623e-322 -2.47032822920623e-322 -2.47032822920623e-322 2.47032822920623e-322 0.99999999951212 3.45774007021629
-1.53160350210786e-321 -1.56124744085834e-321 1.50195956335739e-321 1.49701890689898e-321 -1.47231562460691e-321 -1.46243431169009e-321 -1.5069002198158e-321 -1.5069002198158e-321 -1.45255299877326e-321 1.48713759398215e-321 1.00000000146192 4.81460130790274
2.76676761671098e-322 2.96439387504748e-322 -2.66795448754273e-322 -2.42092166462211e-322 2.42092166462211e-322 2.61854792295861e-322 2.42092166462211e-322 2.51973479379036e-322 2.71736105212686e-322 -2.76676761671098e-322 1.00000000019564 2.7416044566368
2.86558074587923e-322 2.71736105212686e-322 -2.76676761671098e-322 -2.56914135837448e-322 2.66795448754273e-322 2.47032822920623e-322 2.51973479379036e-322 2.81617418129511e-322 2.47032822920623e-322 -2.86558074587923e-322 0.99999999958262 3.46611834264968
2.32210853545386e-322 2.42092166462211e-322 -2.42092166462211e-322 -2.42092166462211e-322 2.42092166462211e-322 2.42092166462211e-322 2.42092166462211e-322 2.42092166462211e-322 2.42092166462211e-322 -2.42092166462211e-322 0.999999999964458 -20.2964278195605
-7.0157321709457e-322 -7.16395186469807e-322 7.0157321709457e-322 7.06513873552983e-322 -6.57107308968858e-322 -6.32404026676796e-322 -6.96632560636158e-322 -6.76869934802508e-322 -6.32404026676796e-322 6.32404026676796e-322 0.999999999372748 4.36333698813558
-1.07706310793392e-321 -1.10670704668439e-321 1.0721224514755e-321 1.09682573376757e-321 -1.01777523043297e-321 -1.01283457397456e-321 -1.10176639022598e-321 -1.06718179501709e-321 -1.02271588689138e-321 1.05730048210027e-321 0.999999999672229 5.16069363257018
2.42092166462211e-322 2.42092166462211e-322 -2.42092166462211e-322 -2.32210853545386e-322 2.42092166462211e-322 2.27270197086973e-322 2.37151510003798e-322 2.42092166462211e-322 1.43279037293961e-322 -1.67982319586024e-322 0.999999999964737 -20.3794565069726
1.63041663127611e-322 1.48219693752374e-322 -1.48219693752374e-322 -1.48219693752374e-322 1.97626258336499e-322 1.77863632502849e-322 1.63041663127611e-322 1.53160350210786e-322 1.77863632502849e-322 -1.87744945419674e-322 0.999999999376428 4.49353238760897
1.72922976044436e-322 1.63041663127611e-322 -1.67982319586024e-322 -1.72922976044436e-322 1.72922976044436e-322 1.67982319586024e-322 1.72922976044436e-322 1.67982319586024e-322 1.67982319586024e-322 -1.72922976044436e-322 0.999999999782918 2.99554049386912
2.47032822920623e-322 2.47032822920623e-322 -2.47032822920623e-322 -2.47032822920623e-322 2.47032822920623e-322 2.47032822920623e-322 2.47032822920623e-322 2.47032822920623e-322 2.47032822920623e-322 -2.47032822920623e-322 0.999999999617132 2.71531655930142
-2.51973479379036e-322 -1.18575755001899e-322 2.76676761671098e-322 5.08887615216484e-322 -5.58294179800609e-322 -6.47225996052033e-322 -4.79243676466009e-322 -5.33590897508546e-322 -6.47225996052033e-322 6.76869934802508e-322 1.00000000069216 4.67918575581998
9.98012604599318e-322 9.98012604599318e-322 -1.00295326105773e-321 -1.04741916918344e-321 1.02765654334979e-321 1.01777523043297e-321 1.04247851272503e-321 1.00789391751614e-321 1.06224113855868e-321 -1.09682573376757e-321 1.00000000062651 4.59132495063965
-1.23516411460312e-322 -1.53160350210786e-322 1.43279037293961e-322 1.53160350210786e-322 -7.90505033345994e-323 7.90505033345994e-323 -1.72922976044436e-322 -1.48219693752374e-322 4.94065645841247e-323 -9.88131291682493e-323 0.999999999965038 -20.3014597092345
2.42092166462211e-322 2.42092166462211e-322 -2.17388884170148e-322 -2.32210853545386e-322 2.42092166462211e-322 2.42092166462211e-322 2.42092166462211e-322 2.42092166462211e-322 2.42092166462211e-322 -2.32210853545386e-322 0.999999999965057 -20.3297852091515
4.1995579896506e-322 4.74303020007597e-322 -4.05133829589822e-322 -4.1995579896506e-322 4.1995579896506e-322 4.64421707090772e-322 4.10074486048235e-322 4.34777768340297e-322 4.89124989382834e-322 -5.38531553966959e-322 1.00000000077441 3.14292123679256
1.28457067918724e-322 1.23516411460312e-322 -1.33397724377137e-322 -1.18575755001899e-322 1.28457067918724e-322 1.13635098543487e-322 1.18575755001899e-322 1.18575755001899e-322 1.23516411460312e-322 -1.23516411460312e-322 0.999999999466407 2.73275556004235
1.05730048210027e-321 1.02765654334979e-321 -1.0721224514755e-321 -1.08694442085074e-321 1.13141032897645e-321 1.10670704668439e-321 1.07706310793392e-321 1.08694442085074e-321 1.13141032897645e-321 -1.17093558064375e-321 0.999999999548094 5.41195696428721
2.32210853545386e-322 2.42092166462211e-322 -2.37151510003798e-322 -2.42092166462211e-322 2.42092166462211e-322 2.42092166462211e-322 2.42092166462211e-322 2.42092166462211e-322 2.42092166462211e-322 -2.42092166462211e-322 0.999999999964986 -20.2796640330799
-2.56914135837448e-322 -2.81617418129511e-322 2.42092166462211e-322 2.42092166462211e-322 -2.42092166462211e-322 -2.42092166462211e-322 -2.42092166462211e-322 -2.56914135837448e-322 -2.42092166462211e-322 2.61854792295861e-322 1.00000000044982 3.65789052447536
2.42092166462211e-322 2.42092166462211e-322 -2.42092166462211e-322 -2.12448227711736e-322 2.22329540628561e-322 2.27270197086973e-322 2.17388884170148e-322 2.07507571253324e-322 2.17388884170148e-322 -2.22329540628561e-322 0.999999999964825 -20.3088388611285
3.11261356879985e-322 2.71736105212686e-322 -2.81617418129511e-322 -3.4090529563046e-322 3.90311860214585e-322 3.31023982713635e-322 3.85371203756172e-322 4.05133829589822e-322 3.16202013338398e-322 -3.31023982713635e-322 0.999999999254656 4.37118261025051
3.8043054729776e-322 3.65608577922522e-322 -3.90311860214585e-322 -3.75489890839347e-322 3.90311860214585e-322 3.95252516672997e-322 3.85371203756172e-322 3.8043054729776e-322 3.90311860214585e-322 -3.95252516672997e-322 1.00000000021043 3.57897918419961
1.72922976044436e-322 1.72922976044436e-322 -1.77863632502849e-322 -1.58101006669199e-322 1.63041663127611e-322 1.58101006669199e-322 1.58101006669199e-322 1.63041663127611e-322 1.53160350210786e-322 -1.67982319586024e-322 0.99999999958494 2.17337061517709
2.37151510003798e-322 2.42092166462211e-322 -2.42092166462211e-322 -2.32210853545386e-322 2.37151510003798e-322 2.42092166462211e-322 2.32210853545386e-322 2.32210853545386e-322 2.42092166462211e-322 -2.42092166462211e-322 0.999999999964969 -20.3062987140213
3.16202013338398e-322 3.11261356879985e-322 -3.50786608547285e-322 -3.65608577922522e-322 4.05133829589822e-322 3.8043054729776e-322 3.70549234380935e-322 3.65608577922522e-322 3.90311860214585e-322 -3.85371203756172e-322 0.999999998582959 4.33263231148841
2.07507571253324e-322 2.42092166462211e-322 -1.97626258336499e-322 -2.02566914794911e-322 2.32210853545386e-322 2.37151510003798e-322 2.02566914794911e-322 2.07507571253324e-322 2.42092166462211e-322 -2.32210853545386e-322 0.999999999964728 -20.2542116927287
-2.22329540628561e-322 -2.27270197086973e-322 2.12448227711736e-322 2.27270197086973e-322 -2.12448227711736e-322 -2.17388884170148e-322 -2.22329540628561e-322 -2.22329540628561e-322 -2.22329540628561e-322 2.17388884170148e-322 0.999999999620397 2.44193341048669
3.45845952088873e-322 3.50786608547285e-322 -3.50786608547285e-322 -3.70549234380935e-322 3.2114266979681e-322 3.8043054729776e-322 3.8043054729776e-322 3.31023982713635e-322 3.6066792146411e-322 -3.16202013338398e-322 1.0000000006588 2.8611853891885
3.06320700421573e-322 3.0138004396316e-322 -3.11261356879985e-322 -3.2114266979681e-322 3.26083326255223e-322 3.2114266979681e-322 3.16202013338398e-322 3.26083326255223e-322 3.16202013338398e-322 -3.16202013338398e-322 0.999999999870435 3.11959303186991
2.86558074587923e-322 2.61854792295861e-322 -2.96439387504748e-322 -2.96439387504748e-322 3.0138004396316e-322 3.06320700421573e-322 3.0138004396316e-322 2.96439387504748e-322 2.91498731046335e-322 -3.0138004396316e-322 1.00000000030238 2.4974780582381
2.17388884170148e-322 2.12448227711736e-322 -2.17388884170148e-322 -2.17388884170148e-322 2.17388884170148e-322 2.17388884170148e-322 2.17388884170148e-322 2.17388884170148e-322 2.17388884170148e-322 -2.17388884170148e-322 0.999999999866575 2.72081913822013
-2.22329540628561e-322 -2.22329540628561e-322 2.17388884170148e-322 2.22329540628561e-322 -2.17388884170148e-322 -2.22329540628561e-322 -2.22329540628561e-322 -2.17388884170148e-322 -2.22329540628561e-322 2.22329540628561e-322 0.999999999807553 2.42182904889635
2.37151510003798e-322 2.42092166462211e-322 -2.42092166462211e-322 -2.42092166462211e-322 2.42092166462211e-322 2.42092166462211e-322 2.42092166462211e-322 2.42092166462211e-322 2.42092166462211e-322 -2.42092166462211e-322 0.999999999964919 -20.2968228937759
2.42092166462211e-322 2.42092166462211e-322 -2.42092166462211e-322 -2.32210853545386e-322 2.42092166462211e-322 2.42092166462211e-322 2.42092166462211e-322 2.42092166462211e-322 2.42092166462211e-322 -2.42092166462211e-322 0.99999999996529 -20.367490346511
2.42092166462211e-322 2.42092166462211e-322 -2.37151510003798e-322 -2.42092166462211e-322 2.42092166462211e-322 2.42092166462211e-322 2.42092166462211e-322 2.42092166462211e-322 2.42092166462211e-322 -2.42092166462211e-322 0.999999999964612 -20.3529574297805
-2.42092166462211e-322 1.28457067918724e-322 2.42092166462211e-322 2.42092166462211e-322 -2.42092166462211e-322 -2.42092166462211e-322 -2.42092166462211e-322 -2.42092166462211e-322 -2.42092166462211e-322 2.42092166462211e-322 0.999999999715178 2.80244029550632
-2.07507571253324e-322 -2.02566914794911e-322 2.02566914794911e-322 2.02566914794911e-322 -2.02566914794911e-322 -1.97626258336499e-322 -1.97626258336499e-322 -2.02566914794911e-322 -2.02566914794911e-322 1.97626258336499e-322 0.999999999527171 2.48626964233591
1.87744945419674e-322 1.87744945419674e-322 -1.92685601878086e-322 -1.92685601878086e-322 1.92685601878086e-322 1.92685601878086e-322 1.87744945419674e-322 1.87744945419674e-322 1.82804288961261e-322 -1.77863632502849e-322 0.999999999456098 2.92740991412118
3.45845952088873e-322 3.95252516672997e-322 -3.70549234380935e-322 -3.45845952088873e-322 3.50786608547285e-322 3.6066792146411e-322 3.4090529563046e-322 3.6066792146411e-322 3.45845952088873e-322 -3.6066792146411e-322 1.00000000027882 2.81256627907042
2.42092166462211e-322 2.37151510003798e-322 -2.42092166462211e-322 -2.42092166462211e-322 2.42092166462211e-322 2.42092166462211e-322 2.42092166462211e-322 2.42092166462211e-322 2.42092166462211e-322 -2.42092166462211e-322 0.999999999964956 -20.3521492821535
-4.15015142506647e-322 -4.15015142506647e-322 4.15015142506647e-322 4.1995579896506e-322 -4.1995579896506e-322 -4.1995579896506e-322 -4.1995579896506e-322 -4.1995579896506e-322 -4.1995579896506e-322 4.1995579896506e-322 1.00000000036059 2.7471954303879
2.42092166462211e-322 2.42092166462211e-322 -2.42092166462211e-322 -2.32210853545386e-322 2.42092166462211e-322 2.42092166462211e-322 2.32210853545386e-322 2.32210853545386e-322 2.32210853545386e-322 -1.48219693752374e-323 0.9999999999648 -20.2762917105923
4.10074486048235e-322 4.15015142506647e-322 -4.10074486048235e-322 -4.05133829589822e-322 4.24896455423472e-322 4.34777768340297e-322 4.10074486048235e-322 4.10074486048235e-322 4.29837111881884e-322 -4.34777768340297e-322 0.999999999980901 2.629463223253
-2.32210853545386e-322 -2.32210853545386e-322 2.32210853545386e-322 2.32210853545386e-322 -2.27270197086973e-322 -2.27270197086973e-322 -2.32210853545386e-322 -2.32210853545386e-322 -2.27270197086973e-322 2.27270197086973e-322 0.999999999750545 2.55668314436478
-2.37151510003798e-322 -2.37151510003798e-322 2.37151510003798e-322 2.37151510003798e-322 -2.37151510003798e-322 -2.37151510003798e-322 -2.37151510003798e-322 -2.37151510003798e-322 -2.42092166462211e-322 2.37151510003798e-322 0.999999999915865 2.56870342644884
2.42092166462211e-322 2.42092166462211e-322 -2.42092166462211e-322 -2.37151510003798e-322 2.42092166462211e-322 2.42092166462211e-322 2.42092166462211e-322 2.42092166462211e-322 2.42092166462211e-322 -2.37151510003798e-322 0.999999999965028 -20.3439119177144
1.38338380835549e-322 1.48219693752374e-322 -1.38338380835549e-322 -1.23516411460312e-322 1.33397724377137e-322 1.33397724377137e-322 1.23516411460312e-322 1.23516411460312e-322 1.33397724377137e-322 -1.38338380835549e-322 0.999999999675713 2.73648588457503
2.81617418129511e-322 2.61854792295861e-322 -2.91498731046335e-322 -3.0138004396316e-322 3.0138004396316e-322 3.11261356879985e-322 3.0138004396316e-322 2.91498731046335e-322 3.11261356879985e-322 -2.91498731046335e-322 1.00000000000432 4.09923018759089
2.32210853545386e-322 2.32210853545386e-322 -2.27270197086973e-322 -2.32210853545386e-322 2.32210853545386e-322 2.32210853545386e-322 2.32210853545386e-322 2.32210853545386e-322 2.32210853545386e-322 -2.32210853545386e-322 0.999999999953816 2.96704408667417
2.42092166462211e-322 2.42092166462211e-322 -2.42092166462211e-322 -2.42092166462211e-322 2.42092166462211e-322 2.42092166462211e-322 2.42092166462211e-322 2.42092166462211e-322 2.42092166462211e-322 -2.42092166462211e-322 0.999999999964515 -20.3204164285273
-1.53160350210786e-321 -1.53160350210786e-321 1.53160350210786e-321 1.52172218919104e-321 -1.52666284564945e-321 -1.52172218919104e-321 -1.52666284564945e-321 -1.53160350210786e-321 -1.51184087627421e-321 1.52172218919104e-321 1.00000000144714 4.22157839892084
2.37151510003798e-322 2.42092166462211e-322 -2.42092166462211e-322 -2.42092166462211e-322 2.42092166462211e-322 2.42092166462211e-322 2.42092166462211e-322 2.42092166462211e-322 2.42092166462211e-322 -2.32210853545386e-322 0.999999999964859 -20.3502836784359
2.42092166462211e-322 2.42092166462211e-322 -2.42092166462211e-322 -2.42092166462211e-322 2.42092166462211e-322 2.42092166462211e-322 2.42092166462211e-322 2.42092166462211e-322 2.42092166462211e-322 -2.42092166462211e-322 0.999999999965188 -20.3620985077071
2.22329540628561e-322 2.22329540628561e-322 -2.22329540628561e-322 -2.22329540628561e-322 2.22329540628561e-322 2.22329540628561e-322 2.22329540628561e-322 2.22329540628561e-322 2.22329540628561e-322 -2.22329540628561e-322 1.00000000023359 3.14516107136364
-5.38531553966959e-322 -5.08887615216484e-322 4.89124989382834e-322 5.68175492717434e-322 -5.33590897508546e-322 -4.84184332924422e-322 -5.63234836259021e-322 -5.53353523342196e-322 -4.89124989382834e-322 4.94065645841247e-322 0.999999999586646 3.79807774512603
2.42092166462211e-322 2.42092166462211e-322 -2.42092166462211e-322 -2.42092166462211e-322 2.42092166462211e-322 2.42092166462211e-322 2.42092166462211e-322 2.42092166462211e-322 2.42092166462211e-322 -2.32210853545386e-322 0.999999999964723 -20.286067720093
-2.27270197086973e-322 -2.27270197086973e-322 2.27270197086973e-322 2.27270197086973e-322 -2.27270197086973e-322 -2.27270197086973e-322 -2.22329540628561e-322 -2.27270197086973e-322 -2.32210853545386e-322 2.27270197086973e-322 0.999999999100689 3.21913188127091
2.42092166462211e-322 2.42092166462211e-322 -2.32210853545386e-322 -2.42092166462211e-322 2.37151510003798e-322 2.42092166462211e-322 2.42092166462211e-322 2.42092166462211e-322 2.42092166462211e-322 -2.42092166462211e-322 0.999999999964369 -20.2665864082536
-4.0019317313141e-322 -4.10074486048235e-322 4.15015142506647e-322 4.10074486048235e-322 -4.10074486048235e-322 -4.24896455423472e-322 -4.10074486048235e-322 -4.10074486048235e-322 -4.29837111881884e-322 4.05133829589822e-322 0.999999999980199 3.30761148083405
-9.83190635224081e-322 -9.88131291682493e-322 9.63428009390431e-322 9.88131291682493e-322 -9.18962101264719e-322 -8.99199475431069e-322 -9.48606040015193e-322 -9.68368665848843e-322 -9.14021444806306e-322 9.28843414181544e-322 0.999999999495262 4.32030986475824
