2.12448227711736e-322 2.07507571253324e-322 -2.12448227711736e-322 -2.12448227711736e-322 2.12448227711736e-322 2.12448227711736e-322 2.12448227711736e-322 2.12448227711736e-322 2.12448227711736e-322 -2.12448227711736e-322 0.999999999641817 2.7647240504595
2.42092166462211e-322 2.42092166462211e-322 -2.42092166462211e-322 -2.42092166462211e-322 2.42092166462211e-322 2.42092166462211e-322 2.42092166462211e-322 2.32210853545386e-322 2.42092166462211e-322 -2.42092166462211e-322 0.999999999969414 -27.3320148966935
2.42092166462211e-322 2.42092166462211e-322 -2.42092166462211e-322 -2.42092166462211e-322 2.37151510003798e-322 2.42092166462211e-322 2.42092166462211e-322 2.42092166462211e-322 2.37151510003798e-322 -2.37151510003798e-322 0.999999999969182 -27.3284289328411
-2.37151510003798e-322 -2.37151510003798e-322 2.37151510003798e-322 2.37151510003798e-322 -2.37151510003798e-322 -2.37151510003798e-322 -2.37151510003798e-322 -2.37151510003798e-322 -2.37151510003798e-322 2.37151510003798e-322 0.999999999599013 2.95186826436546
-1.64523860065135e-321 -1.66994188294341e-321 1.63041663127611e-321 1.61065400544246e-321 -1.56124744085834e-321 -1.56618809731675e-321 -1.59089137960881e-321 -1.56124744085834e-321 -1.5464254714831e-321 1.5464254714831e-321 0.99999999979561 5.48842453878162
2.42092166462211e-322 2.37151510003798e-322 -2.42092166462211e-322 -2.42092166462211e-322 2.42092166462211e-322 2.42092166462211e-322 2.42092166462211e-322 2.42092166462211e-322 2.42092166462211e-322 -2.42092166462211e-322 0.999999999968506 -27.337826144467
9.58487352932018e-322 9.73309322307256e-322 -9.88131291682493e-322 -9.98012604599318e-322 1.03259719980821e-321 1.03753785626662e-321 1.00295326105773e-321 1.02271588689138e-321 1.05730048210027e-321 -1.06224113855868e-321 1.00000000049951 5.12654830942431
1.18575755001899e-322 1.43279037293961e-322 -1.13635098543487e-322 -1.58101006669199e-322 1.18575755001899e-322 1.28457067918724e-322 1.43279037293961e-322 1.48219693752374e-322 1.28457067918724e-322 -9.38724727098368e-323 0.999999999575779 3.96504440513307
4.0019317313141e-322 4.94065645841247e-322 -3.6066792146411e-322 -3.8043054729776e-322 3.95252516672997e-322 3.31023982713635e-322 3.75489890839347e-322 3.90311860214585e-322 3.8043054729776e-322 -3.4090529563046e-322 1.00000000013794 3.35602666293331
2.42092166462211e-322 2.42092166462211e-322 -2.42092166462211e-322 -2.17388884170148e-322 2.42092166462211e-322 2.42092166462211e-322 2.17388884170148e-322 2.12448227711736e-322 2.37151510003798e-322 -2.37151510003798e-322 0.999999999968698 -27.2902192112655
1.97626258336499e-322 1.97626258336499e-322 -1.87744945419674e-322 -1.97626258336499e-322 1.97626258336499e-322 1.97626258336499e-322 2.02566914794911e-322 2.02566914794911e-322 1.92685601878086e-322 -2.07507571253324e-322 0.999999999655891 2.9705374381916
2.17388884170148e-322 2.17388884170148e-322 -2.17388884170148e-322 -2.17388884170148e-322 2.17388884170148e-322 2.17388884170148e-322 2.17388884170148e-322 2.17388884170148e-322 2.17388884170148e-322 -2.17388884170148e-322 0.999999999444778 2.99765967350191
-2.17388884170148e-322 -2.27270197086973e-322 2.22329540628561e-322 2.27270197086973e-322 -2.96439387504748e-322 -2.42092166462211e-322 -2.17388884170148e-322 -2.42092166462211e-322 -2.42092166462211e-322 2.27270197086973e-322 0.999999999197487 4.54743958257056
2.42092166462211e-322 2.42092166462211e-322 -2.42092166462211e-322 -2.42092166462211e-322 2.37151510003798e-322 2.42092166462211e-322 2.42092166462211e-322 2.42092166462211e-322 2.42092166462211e-322 -2.42092166462211e-322 0.999999999968862 -27.2842249382188
2.42092166462211e-322 2.42092166462211e-322 -2.42092166462211e-322 -2.42092166462211e-322 2.42092166462211e-322 2.42092166462211e-322 2.42092166462211e-322 2.42092166462211e-322 2.42092166462211e-322 -2.42092166462211e-322 0.999999999969961 -27.2996805469574
2.42092166462211e-322 2.42092166462211e-322 -2.42092166462211e-322 -2.42092166462211e-322 2.42092166462211e-322 2.42092166462211e-322 2.42092166462211e-322 2.42092166462211e-322 2.42092166462211e-322 -2.32210853545386e-322 0.999999999969539 -27.3093271015431
-2.37151510003798e-322 -2.37151510003798e-322 2.37151510003798e-322 2.37151510003798e-322 -2.37151510003798e-322 -2.37151510003798e-322 -2.37151510003798e-322 -2.37151510003798e-322 -2.37151510003798e-322 2.37151510003798e-322 0.999999999746944 2.60697654352181
5.82997462092671e-322 5.68175492717434e-322 -5.78056805634258e-322 -5.87938118551083e-322 6.02760087926321e-322 5.87938118551083e-322 5.82997462092671e-322 5.87938118551083e-322 5.87938118551083e-322 -6.02760087926321e-322 1.00000000068129 3.55232780604555
2.42092166462211e-322 2.27270197086973e-322 -2.42092166462211e-322 -2.42092166462211e-322 2.42092166462211e-322 2.32210853545386e-322 2.42092166462211e-322 2.42092166462211e-322 2.37151510003798e-322 -2.42092166462211e-322 0.999999999968956 -27.2915918696105
1.43279037293961e-322 1.28457067918724e-322 -1.38338380835549e-322 -1.38338380835549e-322 1.67982319586024e-322 1.58101006669199e-322 1.38338380835549e-322 1.48219693752374e-322 1.58101006669199e-322 -1.53160350210786e-322 0.999999999216019 3.73815261006548
4.15015142506647e-322 4.15015142506647e-322 -4.15015142506647e-322 -4.1995579896506e-322 4.05133829589822e-322 4.1995579896506e-322 4.1995579896506e-322 4.10074486048235e-322 4.15015142506647e-322 -4.05133829589822e-322 1.0000000005126 2.76214690223196
-2.47032822920623e-322 -2.47032822920623e-322 2.47032822920623e-322 2.42092166462211e-322 -2.42092166462211e-322 -2.42092166462211e-322 -2.42092166462211e-322 -2.42092166462211e-322 -2.47032822920623e-322 2.47032822920623e-322 0.999999999499722 2.83537798158067
2.42092166462211e-322 2.37151510003798e-322 -2.42092166462211e-322 -2.42092166462211e-322 2.42092166462211e-322 2.42092166462211e-322 2.42092166462211e-322 2.37151510003798e-322 2.42092166462211e-322 -2.42092166462211e-322 0.999999999969043 -27.2031629741691
2.42092166462211e-322 2.27270197086973e-322 -2.42092166462211e-322 -2.42092166462211e-322 2.42092166462211e-322 2.42092166462211e-322 2.42092166462211e-322 2.42092166462211e-322 2.42092166462211e-322 -2.42092166462211e-322 0.999999999968838 -27.3078293475843
2.42092166462211e-322 2.42092166462211e-322 -2.42092166462211e-322 -2.42092166462211e-322 2.42092166462211e-322 2.42092166462211e-322 2.42092166462211e-322 2.42092166462211e-322 2.42092166462211e-322 -2.42092166462211e-322 0.999999999968733 -27.1583124904252
1.87744945419674e-322 1.82804288961261e-322 -1.92685601878086e-322 -2.02566914794911e-322 2.07507571253324e-322 2.07507571253324e-322 2.02566914794911e-322 2.07507571253324e-322 1.97626258336499e-322 -1.97626258336499e-322 0.999999999419901 3.20060216792968
5.08887615216484e-322 5.03946958758071e-322 -4.74303020007597e-322 -4.99006302299659e-322 4.89124989382834e-322 4.74303020007597e-322 4.74303020007597e-322 5.13828271674896e-322 4.69362363549184e-322 -4.39718424798709e-322 0.999999999502023 4.29116741415496
5.28650241050134e-322 5.68175492717434e-322 -5.43472210425371e-322 -5.18768928133309e-322 5.23709584591721e-322 5.43472210425371e-322 5.08887615216484e-322 5.38531553966959e-322 5.33590897508546e-322 -5.43472210425371e-322 1.00000000008545 3.63332797275454
3.2114266979681e-322 3.06320700421573e-322 -3.2114266979681e-322 -3.31023982713635e-322 3.4090529563046e-322 3.4090529563046e-322 3.31023982713635e-322 3.35964639172048e-322 3.45845952088873e-322 -3.50786608547285e-322 1.0000000001345 3.47035796564337
2.42092166462211e-322 2.37151510003798e-322 -2.42092166462211e-322 -2.42092166462211e-322 2.42092166462211e-322 2.42092166462211e-322 2.42092166462211e-322 2.42092166462211e-322 2.42092166462211e-322 -2.42092166462211e-322 0.99999999996941 -27.2879075307009
3.2114266979681e-322 3.70549234380935e-322 -3.2114266979681e-322 -3.50786608547285e-322 3.85371203756172e-322 3.70549234380935e-322 3.50786608547285e-322 3.65608577922522e-322 3.8043054729776e-322 -3.65608577922522e-322 0.999999999485728 4.27945024820385
2.22329540628561e-322 2.17388884170148e-322 -2.17388884170148e-322 -2.17388884170148e-322 2.07507571253324e-322 2.12448227711736e-322 2.17388884170148e-322 2.17388884170148e-322 2.12448227711736e-322 -2.07507571253324e-322 0.999999999887368 3.30817413192439
1.43279037293961e-322 1.38338380835549e-322 -1.38338380835549e-322 -1.43279037293961e-322 1.43279037293961e-322 2.22329540628561e-322 1.38338380835549e-322 1.38338380835549e-322 1.48219693752374e-322 -1.43279037293961e-322 0.999999999237257 4.28849714765965
2.42092166462211e-322 2.42092166462211e-322 -2.37151510003798e-322 -2.37151510003798e-322 2.47032822920623e-322 2.37151510003798e-322 2.37151510003798e-322 2.42092166462211e-322 2.42092166462211e-322 -2.42092166462211e-322 0.999999999984534 3.16554503364644
2.02566914794911e-322 2.17388884170148e-322 -2.07507571253324e-322 -2.12448227711736e-322 2.12448227711736e-322 2.17388884170148e-322 2.07507571253324e-322 2.07507571253324e-322 2.22329540628561e-322 -2.12448227711736e-322 0.999999999774745 2.59704796994309
2.42092166462211e-322 2.42092166462211e-322 -2.42092166462211e-322 -2.42092166462211e-322 2.42092166462211e-322 2.42092166462211e-322 2.42092166462211e-322 2.42092166462211e-322 2.42092166462211e-322 -2.42092166462211e-322 0.99999999996884 -27.2588943274037
1.87744945419674e-322 1.77863632502849e-322 -1.87744945419674e-322 -1.82804288961261e-322 1.97626258336499e-322 1.87744945419674e-322 1.72922976044436e-322 1.82804288961261e-322 1.87744945419674e-322 -1.92685601878086e-322 0.999999999496669 3.12713058575765
2.42092166462211e-322 2.42092166462211e-322 -2.42092166462211e-322 -2.27270197086973e-322 2.37151510003798e-322 2.42092166462211e-322 2.27270197086973e-322 2.27270197086973e-322 2.42092166462211e-322 -2.17388884170148e-322 0.999999999968731 -27.3678477276022
2.42092166462211e-322 2.42092166462211e-322 -2.32210853545386e-322 -2.42092166462211e-322 2.42092166462211e-322 2.42092166462211e-322 2.42092166462211e-322 2.42092166462211e-322 2.42092166462211e-322 -2.42092166462211e-322 0.999999999968912 -27.2815745029714
-3.31023982713635e-322 -3.35964639172048e-322 3.4090529563046e-322 3.4090529563046e-322 -3.45845952088873e-322 -3.6066792146411e-322 -3.4090529563046e-322 -3.4090529563046e-322 -3.65608577922522e-322 3.4090529563046e-322 0.999999999854713 3.86828777124719
-1.03259719980821e-321 -1.03753785626662e-321 1.01283457397456e-321 9.98012604599318e-322 -9.73309322307256e-322 -9.78249978765668e-322 -1.00295326105773e-321 -1.00295326105773e-321 -9.73309322307256e-322 9.78249978765668e-322 1.00000000022287 4.73330665472774
4.59481050632359e-322 5.43472210425371e-322 -4.29837111881884e-322 -3.65608577922522e-322 3.50786608547285e-322 4.15015142506647e-322 3.65608577922522e-322 4.05133829589822e-322 4.44659081257122e-322 -4.59481050632359e-322 1.00000000065529 3.60257653742995
3.11261356879985e-322 2.91498731046335e-322 -2.96439387504748e-322 -2.81617418129511e-322 2.96439387504748e-322 2.71736105212686e-322 2.81617418129511e-322 2.96439387504748e-322 2.71736105212686e-322 -3.0138004396316e-322 0.999999999953822 3.96133110297671
2.32210853545386e-322 2.42092166462211e-322 -2.42092166462211e-322 -2.42092166462211e-322 2.42092166462211e-322 2.42092166462211e-322 2.42092166462211e-322 2.42092166462211e-322 2.42092166462211e-322 -2.42092166462211e-322 0.999999999969449 -27.3076917735513
-7.70742407512345e-322 -7.70742407512345e-322 7.6086109459552e-322 7.55920438137107e-322 -6.8181059126092e-322 -6.8181059126092e-322 -7.6086109459552e-322 -7.31217155845045e-322 -6.71929278344095e-322 6.66988621885683e-322 1.0000000000215 4.7478615874559
-1.88239011065515e-321 -1.92685601878086e-321 1.88239011065515e-321 1.87744945419674e-321 -1.83792420252944e-321 -1.83792420252944e-321 -1.87744945419674e-321 -1.88733076711356e-321 -1.83298354607102e-321 1.83792420252944e-321 1.00000000026262 5.45123550383261
2.42092166462211e-322 2.42092166462211e-322 -2.42092166462211e-322 -2.32210853545386e-322 2.42092166462211e-322 2.27270197086973e-322 2.37151510003798e-322 2.42092166462211e-322 1.43279037293961e-322 -1.67982319586024e-322 0.999999999968873 -27.3784001429045
4.29837111881884e-322 4.0019317313141e-322 -4.34777768340297e-322 -4.49599737715534e-322 4.94065645841247e-322 4.89124989382834e-322 4.44659081257122e-322 4.49599737715534e-322 4.89124989382834e-322 -4.94065645841247e-322 0.999999999832878 4.78649679385701
2.51973479379036e-322 2.42092166462211e-322 -2.56914135837448e-322 -3.06320700421573e-322 2.51973479379036e-322 2.42092166462211e-322 3.16202013338398e-322 2.66795448754273e-322 2.47032822920623e-322 -2.51973479379036e-322 0.999999999867045 3.25307185560365
1.92685601878086e-322 1.82804288961261e-322 -1.97626258336499e-322 -1.87744945419674e-322 2.02566914794911e-322 1.87744945419674e-322 1.87744945419674e-322 1.87744945419674e-322 1.87744945419674e-322 -1.92685601878086e-322 0.999999999565528 3.1369290964753
-3.90311860214585e-322 -3.55727265005698e-322 4.24896455423472e-322 4.64421707090772e-322 -4.54540394173947e-322 -5.33590897508546e-322 -4.59481050632359e-322 -4.69362363549184e-322 -5.38531553966959e-322 5.73116149175846e-322 0.999999999327667 5.0832766624583
7.65801751053932e-322 7.65801751053932e-322 -7.85564376887582e-322 -7.95445689804407e-322 7.95445689804407e-322 7.8062372042917e-322 7.90505033345994e-322 7.85564376887582e-322 7.95445689804407e-322 -8.25089628554882e-322 1.00000000071104 4.81441836047506
-1.23516411460312e-322 -1.53160350210786e-322 1.43279037293961e-322 1.53160350210786e-322 -7.90505033345994e-323 7.90505033345994e-323 -1.72922976044436e-322 -1.48219693752374e-322 4.94065645841247e-323 -9.88131291682493e-323 0.999999999969056 -27.2709141624212
2.42092166462211e-322 2.42092166462211e-322 -2.17388884170148e-322 -2.32210853545386e-322 2.42092166462211e-322 2.42092166462211e-322 2.42092166462211e-322 2.42092166462211e-322 2.42092166462211e-322 -2.32210853545386e-322 0.999999999970022 -27.2994010986541
2.27270197086973e-322 2.32210853545386e-322 -2.27270197086973e-322 -2.27270197086973e-322 2.32210853545386e-322 2.32210853545386e-322 2.27270197086973e-322 2.32210853545386e-322 2.32210853545386e-322 -2.32210853545386e-322 0.999999999721152 2.93397101474154
2.37151510003798e-322 2.66795448754273e-322 -2.37151510003798e-322 -2.42092166462211e-322 2.37151510003798e-322 2.42092166462211e-322 2.42092166462211e-322 2.42092166462211e-322 2.37151510003798e-322 -2.37151510003798e-322 1.00000000011323 2.9182837181664
1.13141032897645e-321 1.11658835960122e-321 -1.16105426772693e-321 -1.21540148876947e-321 1.24010477106153e-321 1.2302234581447e-321 1.20552017585264e-321 1.21046083231105e-321 1.24504542751994e-321 -1.24504542751994e-321 1.00000000066541 5.76072862833884
2.32210853545386e-322 2.42092166462211e-322 -2.37151510003798e-322 -2.42092166462211e-322 2.42092166462211e-322 2.42092166462211e-322 2.42092166462211e-322 2.42092166462211e-322 2.42092166462211e-322 -2.42092166462211e-322 0.999999999969005 -27.2753604152365
-2.32210853545386e-322 -2.32210853545386e-322 2.22329540628561e-322 2.12448227711736e-322 -1.77863632502849e-322 -2.02566914794911e-322 -2.12448227711736e-322 -2.22329540628561e-322 -1.97626258336499e-322 2.02566914794911e-322 0.999999999459135 4.137099153397
2.42092166462211e-322 2.42092166462211e-322 -2.42092166462211e-322 -2.12448227711736e-322 2.22329540628561e-322 2.27270197086973e-322 2.17388884170148e-322 2.07507571253324e-322 2.17388884170148e-322 -2.22329540628561e-322 0.999999999969521 -27.2670719931658
8.05327002721232e-322 7.95445689804407e-322 -7.85564376887582e-322 -8.00386346262819e-322 8.00386346262819e-322 7.90505033345994e-322 8.15208315638057e-322 8.25089628554882e-322 7.85564376887582e-322 -7.95445689804407e-322 0.999999999757429 4.88283217913621
4.29837111881884e-322 4.0019317313141e-322 -4.44659081257122e-322 -4.39718424798709e-322 4.39718424798709e-322 4.49599737715534e-322 4.39718424798709e-322 4.34777768340297e-322 4.44659081257122e-322 -4.44659081257122e-322 1.00000000029562 3.77059630856097
1.97626258336499e-322 2.02566914794911e-322 -1.97626258336499e-322 -1.97626258336499e-322 2.12448227711736e-322 2.02566914794911e-322 2.02566914794911e-322 2.02566914794911e-322 2.02566914794911e-322 -2.02566914794911e-322 0.99999999979842 2.88797696092987
2.37151510003798e-322 2.42092166462211e-322 -2.42092166462211e-322 -2.32210853545386e-322 2.37151510003798e-322 2.42092166462211e-322 2.32210853545386e-322 2.32210853545386e-322 2.42092166462211e-322 -2.42092166462211e-322 0.999999999969013 -27.299841486258
6.86751247719333e-322 6.57107308968858e-322 -6.8181059126092e-322 -7.65801751053932e-322 8.10267659179644e-322 7.55920438137107e-322 7.90505033345994e-322 7.65801751053932e-322 7.46039125220282e-322 -6.86751247719333e-322 0.999999999184539 4.52203664014732
2.07507571253324e-322 2.42092166462211e-322 -1.97626258336499e-322 -2.02566914794911e-322 2.32210853545386e-322 2.37151510003798e-322 2.02566914794911e-322 2.07507571253324e-322 2.42092166462211e-322 -2.32210853545386e-322 0.999999999968546 -27.2204120845232
-2.42092166462211e-322 -2.42092166462211e-322 2.42092166462211e-322 2.42092166462211e-322 -2.42092166462211e-322 -2.42092166462211e-322 -2.42092166462211e-322 -2.42092166462211e-322 -2.42092166462211e-322 2.42092166462211e-322 0.999999999639752 3.24739521573838
2.51973479379036e-322 2.47032822920623e-322 -2.51973479379036e-322 -2.81617418129511e-322 2.47032822920623e-322 2.61854792295861e-322 2.76676761671098e-322 2.47032822920623e-322 2.51973479379036e-322 -2.47032822920623e-322 1.00000000023196 3.15998686336289
1.67982319586024e-322 1.63041663127611e-322 -1.72922976044436e-322 -1.67982319586024e-322 1.72922976044436e-322 1.67982319586024e-322 1.72922976044436e-322 1.72922976044436e-322 1.67982319586024e-322 -1.67982319586024e-322 0.999999999425419 2.95798269858565
2.32210853545386e-322 2.32210853545386e-322 -2.32210853545386e-322 -2.32210853545386e-322 2.32210853545386e-322 2.32210853545386e-322 2.32210853545386e-322 2.32210853545386e-322 2.32210853545386e-322 -2.32210853545386e-322 0.999999999681832 2.79099357138747
3.11261356879985e-322 2.96439387504748e-322 -3.2114266979681e-322 -3.16202013338398e-322 3.45845952088873e-322 3.4090529563046e-322 3.4090529563046e-322 3.31023982713635e-322 3.26083326255223e-322 -3.26083326255223e-322 0.999999999979291 2.89728163663634
-2.42092166462211e-322 -2.42092166462211e-322 2.42092166462211e-322 2.42092166462211e-322 -2.42092166462211e-322 -2.42092166462211e-322 -2.42092166462211e-322 -2.42092166462211e-322 -2.42092166462211e-322 2.42092166462211e-322 0.999999999527873 2.81226904934319
2.37151510003798e-322 2.42092166462211e-322 -2.42092166462211e-322 -2.42092166462211e-322 2.42092166462211e-322 2.42092166462211e-322 2.42092166462211e-322 2.42092166462211e-322 2.42092166462211e-322 -2.42092166462211e-322 0.99999999996901 -27.2591378377821
2.42092166462211e-322 2.42092166462211e-322 -2.42092166462211e-322 -2.32210853545386e-322 2.42092166462211e-322 2.42092166462211e-322 2.42092166462211e-322 2.42092166462211e-322 2.42092166462211e-322 -2.42092166462211e-322 0.999999999969081 -27.3847506101795
2.42092166462211e-322 2.42092166462211e-322 -2.37151510003798e-322 -2.42092166462211e-322 2.42092166462211e-322 2.42092166462211e-322 2.42092166462211e-322 2.42092166462211e-322 2.42092166462211e-322 -2.42092166462211e-322 0.999999999969021 -27.3670723098939
-2.51973479379036e-322 1.67982319586024e-322 2.51973479379036e-322 2.51973479379036e-322 -2.51973479379036e-322 -2.51973479379036e-322 -2.51973479379036e-322 -2.51973479379036e-322 -2.51973479379036e-322 2.51973479379036e-322 0.999999999880693 3.43302570619463
-3.6066792146411e-322 -3.55727265005698e-322 3.55727265005698e-322 3.45845952088873e-322 -3.50786608547285e-322 -3.45845952088873e-322 -3.50786608547285e-322 -3.50786608547285e-322 -3.4090529563046e-322 3.50786608547285e-322 0.999999999998466 3.49495194005882
3.4090529563046e-322 3.6066792146411e-322 -3.31023982713635e-322 -3.31023982713635e-322 3.31023982713635e-322 3.2114266979681e-322 3.31023982713635e-322 3.35964639172048e-322 3.31023982713635e-322 -3.2114266979681e-322 1.00000000018764 3.08801851505314
2.32210853545386e-322 2.32210853545386e-322 -2.32210853545386e-322 -2.32210853545386e-322 2.32210853545386e-322 2.32210853545386e-322 2.32210853545386e-322 2.32210853545386e-322 2.32210853545386e-322 -2.32210853545386e-322 0.99999999976691 2.69737408151228
2.42092166462211e-322 2.37151510003798e-322 -2.42092166462211e-322 -2.42092166462211e-322 2.42092166462211e-322 2.42092166462211e-322 2.42092166462211e-322 2.42092166462211e-322 2.42092166462211e-322 -2.42092166462211e-322 0.999999999969353 -27.3487809420388
-5.78056805634258e-322 -5.82997462092671e-322 5.78056805634258e-322 5.82997462092671e-322 -5.82997462092671e-322 -5.87938118551083e-322 -5.82997462092671e-322 -5.78056805634258e-322 -5.87938118551083e-322 5.87938118551083e-322 1.00000000076621 3.49329320445253
2.42092166462211e-322 2.42092166462211e-322 -2.42092166462211e-322 -2.32210853545386e-322 2.42092166462211e-322 2.42092166462211e-322 2.32210853545386e-322 2.32210853545386e-322 2.32210853545386e-322 -1.48219693752374e-323 0.999999999969224 -27.2837460530517
1.72922976044436e-322 1.77863632502849e-322 -1.77863632502849e-322 -1.82804288961261e-322 2.02566914794911e-322 1.97626258336499e-322 1.82804288961261e-322 1.82804288961261e-322 1.97626258336499e-322 -1.92685601878086e-322 0.999999999544999 2.81618451216778
-6.57107308968858e-322 -6.71929278344095e-322 6.52166652510445e-322 6.6204796542727e-322 -6.32404026676796e-322 -6.4228533959362e-322 -6.57107308968858e-322 -6.52166652510445e-322 -6.4228533959362e-322 6.37344683135208e-322 1.00000000058254 3.63526811032215
-2.42092166462211e-322 -2.42092166462211e-322 2.42092166462211e-322 2.42092166462211e-322 -2.42092166462211e-322 -2.42092166462211e-322 -2.42092166462211e-322 -2.42092166462211e-322 -2.42092166462211e-322 2.42092166462211e-322 0.99999999979127 2.29519948308529
2.42092166462211e-322 2.42092166462211e-322 -2.42092166462211e-322 -2.37151510003798e-322 2.42092166462211e-322 2.42092166462211e-322 2.42092166462211e-322 2.42092166462211e-322 2.42092166462211e-322 -2.37151510003798e-322 0.999999999969094 -27.301239353912
2.51973479379036e-322 2.51973479379036e-322 -2.42092166462211e-322 -2.37151510003798e-322 2.42092166462211e-322 2.42092166462211e-322 2.37151510003798e-322 2.42092166462211e-322 2.51973479379036e-322 -2.47032822920623e-322 0.999999999816511 3.19213994779947
7.0157321709457e-322 6.96632560636158e-322 -7.0157321709457e-322 -7.11454530011395e-322 7.06513873552983e-322 7.2133584292822e-322 7.11454530011395e-322 7.06513873552983e-322 7.16395186469807e-322 -7.06513873552983e-322 1.00000000039252 4.57297934343946
1.87744945419674e-322 1.87744945419674e-322 -1.77863632502849e-322 -1.82804288961261e-322 2.12448227711736e-322 1.82804288961261e-322 1.92685601878086e-322 1.92685601878086e-322 1.87744945419674e-322 -1.82804288961261e-322 0.999999999335007 2.73278867031798
2.42092166462211e-322 2.42092166462211e-322 -2.42092166462211e-322 -2.42092166462211e-322 2.42092166462211e-322 2.42092166462211e-322 2.42092166462211e-322 2.42092166462211e-322 2.42092166462211e-322 -2.42092166462211e-322 0.999999999969139 -27.2827354064777
-1.09188507730915e-321 -1.09188507730915e-321 1.07706310793392e-321 1.08694442085074e-321 -1.0721224514755e-321 -1.0721224514755e-321 -1.08694442085074e-321 -1.08200376439233e-321 -1.0721224514755e-321 1.06718179501709e-321 0.999999999918231 4.56211076195209
2.37151510003798e-322 2.42092166462211e-322 -2.42092166462211e-322 -2.42092166462211e-322 2.42092166462211e-322 2.42092166462211e-322 2.42092166462211e-322 2.42092166462211e-322 2.42092166462211e-322 -2.32210853545386e-322 0.999999999969361 -27.3085389988689
2.42092166462211e-322 2.42092166462211e-322 -2.42092166462211e-322 -2.42092166462211e-322 2.42092166462211e-322 2.42092166462211e-322 2.42092166462211e-322 2.42092166462211e-322 2.42092166462211e-322 -2.42092166462211e-322 0.999999999969526 -27.3392085629898
2.42092166462211e-322 2.42092166462211e-322 -2.42092166462211e-322 -2.42092166462211e-322 2.42092166462211e-322 2.42092166462211e-322 2.42092166462211e-322 2.42092166462211e-322 2.42092166462211e-322 -2.42092166462211e-322 0.999999999672183 2.90010723487363
-3.55727265005698e-322 -4.15015142506647e-322 3.4090529563046e-322 4.24896455423472e-322 -3.85371203756172e-322 -3.31023982713635e-322 -4.1995579896506e-322 -4.1995579896506e-322 -3.4090529563046e-322 3.4090529563046e-322 0.999999999792429 3.7087187005266
2.42092166462211e-322 2.42092166462211e-322 -2.42092166462211e-322 -2.42092166462211e-322 2.42092166462211e-322 2.42092166462211e-322 2.42092166462211e-322 2.42092166462211e-322 2.42092166462211e-322 -2.32210853545386e-322 0.999999999970149 -27.2345563224061
-5.13828271674896e-322 -4.74303020007597e-322 4.94065645841247e-322 5.38531553966959e-322 -5.28650241050134e-322 -5.13828271674896e-322 -5.28650241050134e-322 -5.23709584591721e-322 -5.13828271674896e-322 5.08887615216484e-322 1.00000000022469 4.11891876507385
2.42092166462211e-322 2.42092166462211e-322 -2.32210853545386e-322 -2.42092166462211e-322 2.37151510003798e-322 2.42092166462211e-322 2.42092166462211e-322 2.42092166462211e-322 2.42092166462211e-322 -2.42092166462211e-322 0.999999999968936 -27.2615943663564
-3.90311860214585e-322 -3.90311860214585e-322 3.95252516672997e-322 3.95252516672997e-322 -3.95252516672997e-322 -4.05133829589822e-322 -4.0019317313141e-322 -3.95252516672997e-322 -4.10074486048235e-322 3.90311860214585e-322 1.0000000000143 3.14838208361061
-1.48713759398215e-321 -1.49207825044056e-321 1.48713759398215e-321 1.48219693752374e-321 -1.43279037293961e-321 -1.41302774710597e-321 -1.47725628106533e-321 -1.48219693752374e-321 -1.41796840356438e-321 1.43773102939803e-321 1.00000000089552 4.65120423852145
