2.02566914794911e-322 2.07507571253324e-322 -2.02566914794911e-322 -1.92685601878086e-322 1.97626258336499e-322 1.97626258336499e-322 1.92685601878086e-322 1.92685601878086e-322 1.97626258336499e-322 -2.02566914794911e-322 0.999999999583494 2.64960477872839
2.42092166462211e-322 2.42092166462211e-322 -2.42092166462211e-322 -2.42092166462211e-322 2.42092166462211e-322 2.42092166462211e-322 2.42092166462211e-322 2.32210853545386e-322 2.42092166462211e-322 -2.42092166462211e-322 0.999999999966498 -23.1445081918654
2.42092166462211e-322 2.42092166462211e-322 -2.42092166462211e-322 -2.42092166462211e-322 2.37151510003798e-322 2.42092166462211e-322 2.42092166462211e-322 2.42092166462211e-322 2.37151510003798e-322 -2.37151510003798e-322 0.999999999966417 -23.1515411666771
-2.37151510003798e-322 -2.37151510003798e-322 2.37151510003798e-322 2.37151510003798e-322 -2.37151510003798e-322 -2.37151510003798e-322 -2.37151510003798e-322 -2.37151510003798e-322 -2.37151510003798e-322 2.37151510003798e-322 0.999999999552421 2.9069869885007
-1.88733076711356e-321 -1.96144061398975e-321 1.86756814127991e-321 1.91203404940562e-321 -1.84780551544626e-321 -1.80828026377896e-321 -1.91203404940562e-321 -1.88239011065515e-321 -1.79839895086214e-321 1.77369566857008e-321 1.00000000074497 5.51672867660026
2.42092166462211e-322 2.37151510003798e-322 -2.42092166462211e-322 -2.42092166462211e-322 2.42092166462211e-322 2.42092166462211e-322 2.42092166462211e-322 2.42092166462211e-322 2.42092166462211e-322 -2.42092166462211e-322 0.999999999967163 -23.1511061099166
3.95252516672997e-322 3.70549234380935e-322 -4.0019317313141e-322 -4.24896455423472e-322 4.44659081257122e-322 4.59481050632359e-322 4.1995579896506e-322 4.1995579896506e-322 4.74303020007597e-322 -4.59481050632359e-322 0.999999999318762 4.55669869083902
2.02566914794911e-322 2.12448227711736e-322 -2.02566914794911e-322 -2.02566914794911e-322 1.77863632502849e-322 1.87744945419674e-322 2.07507571253324e-322 2.02566914794911e-322 1.72922976044436e-322 -1.67982319586024e-322 1.00000000005414 4.0898357383505
2.12448227711736e-322 2.12448227711736e-322 -2.17388884170148e-322 -2.07507571253324e-322 2.12448227711736e-322 2.17388884170148e-322 2.12448227711736e-322 2.12448227711736e-322 2.17388884170148e-322 -2.12448227711736e-322 0.999999999897169 3.1350633804163
2.42092166462211e-322 2.42092166462211e-322 -2.42092166462211e-322 -2.17388884170148e-322 2.42092166462211e-322 2.42092166462211e-322 2.17388884170148e-322 2.12448227711736e-322 2.37151510003798e-322 -2.37151510003798e-322 0.99999999996709 -23.1219263472608
2.17388884170148e-322 2.12448227711736e-322 -2.17388884170148e-322 -2.17388884170148e-322 2.17388884170148e-322 2.17388884170148e-322 2.22329540628561e-322 2.17388884170148e-322 2.17388884170148e-322 -2.12448227711736e-322 0.999999999819038 2.6582542813475
3.75489890839347e-322 4.0019317313141e-322 -3.70549234380935e-322 -3.8043054729776e-322 3.75489890839347e-322 3.95252516672997e-322 3.75489890839347e-322 3.85371203756172e-322 4.05133829589822e-322 -4.24896455423472e-322 1.00000000026846 2.77327271605612
-2.22329540628561e-322 -1.18575755001899e-322 2.42092166462211e-322 2.42092166462211e-322 -2.42092166462211e-322 -2.42092166462211e-322 -2.42092166462211e-322 -2.42092166462211e-322 -2.42092166462211e-322 2.42092166462211e-322 0.999999999081583 4.24541516583088
2.42092166462211e-322 2.42092166462211e-322 -2.42092166462211e-322 -2.42092166462211e-322 2.37151510003798e-322 2.42092166462211e-322 2.42092166462211e-322 2.42092166462211e-322 2.42092166462211e-322 -2.42092166462211e-322 0.999999999966731 -23.164773223218
2.42092166462211e-322 2.42092166462211e-322 -2.42092166462211e-322 -2.42092166462211e-322 2.42092166462211e-322 2.42092166462211e-322 2.42092166462211e-322 2.42092166462211e-322 2.42092166462211e-322 -2.42092166462211e-322 0.999999999966702 -23.1284666136438
2.42092166462211e-322 2.42092166462211e-322 -2.42092166462211e-322 -2.42092166462211e-322 2.42092166462211e-322 2.42092166462211e-322 2.42092166462211e-322 2.42092166462211e-322 2.42092166462211e-322 -2.32210853545386e-322 0.999999999966893 -23.1235477259538
-3.55727265005698e-322 -3.55727265005698e-322 3.65608577922522e-322 3.65608577922522e-322 -3.65608577922522e-322 -3.55727265005698e-322 -3.65608577922522e-322 -3.65608577922522e-322 -3.55727265005698e-322 3.55727265005698e-322 0.999999999953708 2.82246142497395
4.29837111881884e-322 4.24896455423472e-322 -4.34777768340297e-322 -4.39718424798709e-322 4.39718424798709e-322 4.34777768340297e-322 4.34777768340297e-322 4.39718424798709e-322 4.39718424798709e-322 -4.39718424798709e-322 1.00000000035832 2.99881019112056
2.42092166462211e-322 2.27270197086973e-322 -2.42092166462211e-322 -2.42092166462211e-322 2.42092166462211e-322 2.32210853545386e-322 2.42092166462211e-322 2.42092166462211e-322 2.37151510003798e-322 -2.42092166462211e-322 0.999999999967173 -23.1345693420347
2.51973479379036e-322 2.37151510003798e-322 -2.71736105212686e-322 -2.76676761671098e-322 2.91498731046335e-322 2.76676761671098e-322 2.71736105212686e-322 2.76676761671098e-322 2.71736105212686e-322 -2.66795448754273e-322 0.999999999924035 3.72958954628676
5.18768928133309e-322 5.03946958758071e-322 -5.08887615216484e-322 -5.23709584591721e-322 5.03946958758071e-322 5.33590897508546e-322 5.23709584591721e-322 5.03946958758071e-322 5.13828271674896e-322 -4.84184332924422e-322 1.00000000040105 3.49879274218017
-2.27270197086973e-322 -2.27270197086973e-322 2.27270197086973e-322 2.27270197086973e-322 -2.27270197086973e-322 -2.27270197086973e-322 -2.27270197086973e-322 -2.27270197086973e-322 -2.27270197086973e-322 2.27270197086973e-322 0.999999999567517 3.15089650000335
2.42092166462211e-322 2.37151510003798e-322 -2.42092166462211e-322 -2.42092166462211e-322 2.42092166462211e-322 2.42092166462211e-322 2.42092166462211e-322 2.37151510003798e-322 2.42092166462211e-322 -2.42092166462211e-322 0.999999999966834 -23.0708793950749
2.42092166462211e-322 2.27270197086973e-322 -2.42092166462211e-322 -2.42092166462211e-322 2.42092166462211e-322 2.42092166462211e-322 2.42092166462211e-322 2.42092166462211e-322 2.42092166462211e-322 -2.42092166462211e-322 0.99999999996716 -23.1312171928525
2.42092166462211e-322 2.42092166462211e-322 -2.42092166462211e-322 -2.42092166462211e-322 2.42092166462211e-322 2.42092166462211e-322 2.42092166462211e-322 2.42092166462211e-322 2.42092166462211e-322 -2.42092166462211e-322 0.999999999966835 -23.0048474502147
2.22329540628561e-322 2.22329540628561e-322 -2.22329540628561e-322 -2.27270197086973e-322 2.22329540628561e-322 2.22329540628561e-322 2.27270197086973e-322 2.27270197086973e-322 2.22329540628561e-322 -2.22329540628561e-322 0.999999999907997 2.54827421242027
3.35964639172048e-322 2.96439387504748e-322 -3.11261356879985e-322 -2.86558074587923e-322 2.17388884170148e-322 1.58101006669199e-322 2.76676761671098e-322 2.61854792295861e-322 1.18575755001899e-322 -4.94065645841247e-323 1.00000000009179 3.78609179749086
4.15015142506647e-322 4.24896455423472e-322 -4.10074486048235e-322 -4.15015142506647e-322 4.24896455423472e-322 4.29837111881884e-322 4.10074486048235e-322 4.29837111881884e-322 4.34777768340297e-322 -4.24896455423472e-322 0.999999999620204 3.85835051614858
2.22329540628561e-322 2.22329540628561e-322 -2.22329540628561e-322 -2.22329540628561e-322 2.27270197086973e-322 2.22329540628561e-322 2.22329540628561e-322 2.22329540628561e-322 2.22329540628561e-322 -2.22329540628561e-322 0.999999999639609 3.25015263445585
2.42092166462211e-322 2.37151510003798e-322 -2.42092166462211e-322 -2.42092166462211e-322 2.42092166462211e-322 2.42092166462211e-322 2.42092166462211e-322 2.42092166462211e-322 2.42092166462211e-322 -2.42092166462211e-322 0.999999999966519 -23.0875784348967
2.76676761671098e-322 3.26083326255223e-322 -2.81617418129511e-322 -3.26083326255223e-322 3.26083326255223e-322 3.06320700421573e-322 3.11261356879985e-322 3.06320700421573e-322 3.26083326255223e-322 -3.35964639172048e-322 1.00000000016142 4.52625125556389
2.32210853545386e-322 2.22329540628561e-322 -2.32210853545386e-322 -2.32210853545386e-322 2.22329540628561e-322 2.17388884170148e-322 2.32210853545386e-322 2.32210853545386e-322 2.17388884170148e-322 -2.12448227711736e-322 0.999999999728332 3.02393831715872
2.47032822920623e-323 2.47032822920623e-323 -1.48219693752374e-323 -1.48219693752374e-323 2.47032822920623e-323 2.96439387504748e-323 2.47032822920623e-323 1.48219693752374e-323 1.97626258336499e-323 -1.97626258336499e-323 0.999999999225442 3.26914152118619
2.32210853545386e-322 2.32210853545386e-322 -2.32210853545386e-322 -2.37151510003798e-322 2.42092166462211e-322 2.37151510003798e-322 2.32210853545386e-322 2.37151510003798e-322 2.37151510003798e-322 -2.37151510003798e-322 0.999999999753613 3.27825501448359
1.53160350210786e-322 1.77863632502849e-322 -1.48219693752374e-322 -1.63041663127611e-322 1.67982319586024e-322 1.67982319586024e-322 1.67982319586024e-322 1.67982319586024e-322 1.72922976044436e-322 -1.67982319586024e-322 0.99999999957253 3.27976072327137
2.42092166462211e-322 2.42092166462211e-322 -2.42092166462211e-322 -2.42092166462211e-322 2.42092166462211e-322 2.42092166462211e-322 2.42092166462211e-322 2.42092166462211e-322 2.42092166462211e-322 -2.42092166462211e-322 0.999999999966992 -23.0583851003585
2.61854792295861e-322 2.42092166462211e-322 -2.56914135837448e-322 -2.76676761671098e-322 2.86558074587923e-322 2.61854792295861e-322 2.71736105212686e-322 2.81617418129511e-322 2.71736105212686e-322 -2.71736105212686e-322 1.00000000015778 3.11718879563608
2.42092166462211e-322 2.42092166462211e-322 -2.42092166462211e-322 -2.27270197086973e-322 2.37151510003798e-322 2.42092166462211e-322 2.27270197086973e-322 2.27270197086973e-322 2.42092166462211e-322 -2.17388884170148e-322 0.999999999966967 -23.1451913430467
2.42092166462211e-322 2.42092166462211e-322 -2.32210853545386e-322 -2.42092166462211e-322 2.42092166462211e-322 2.42092166462211e-322 2.42092166462211e-322 2.42092166462211e-322 2.42092166462211e-322 -2.42092166462211e-322 0.999999999966794 -23.1461523897337
-2.42092166462211e-322 -2.61854792295861e-322 2.47032822920623e-322 2.47032822920623e-322 -2.47032822920623e-322 -2.47032822920623e-322 -2.47032822920623e-322 -2.47032822920623e-322 -2.71736105212686e-322 2.47032822920623e-322 0.999999999668061 3.39646583516842
-1.1511729548101e-321 -1.17093558064375e-321 1.14623229835169e-321 1.14623229835169e-321 -1.10176639022598e-321 -1.09682573376757e-321 -1.14129164189328e-321 -1.14129164189328e-321 -1.0721224514755e-321 1.08694442085074e-321 1.00000000061295 4.79038045323811
2.32210853545386e-322 2.42092166462211e-322 -2.37151510003798e-322 -2.22329540628561e-322 2.37151510003798e-322 2.37151510003798e-322 2.32210853545386e-322 2.37151510003798e-322 2.37151510003798e-322 -2.42092166462211e-322 0.999999999701782 2.92244696364675
2.02566914794911e-322 1.97626258336499e-322 -1.97626258336499e-322 -1.97626258336499e-322 2.02566914794911e-322 1.97626258336499e-322 1.97626258336499e-322 2.02566914794911e-322 1.97626258336499e-322 -2.02566914794911e-322 0.999999999342916 3.34465574285605
2.32210853545386e-322 2.42092166462211e-322 -2.42092166462211e-322 -2.42092166462211e-322 2.42092166462211e-322 2.42092166462211e-322 2.42092166462211e-322 2.42092166462211e-322 2.42092166462211e-322 -2.42092166462211e-322 0.999999999966562 -23.1170425712712
-9.83190635224081e-322 -1.00789391751614e-321 9.83190635224081e-322 9.83190635224081e-322 -9.28843414181544e-322 -9.23902757723131e-322 -9.93071948140906e-322 -9.58487352932018e-322 -9.14021444806306e-322 9.09080788347894e-322 1.00000000052873 4.83625622502479
-1.70946713461071e-321 -1.74899238627801e-321 1.70946713461071e-321 1.7045264781523e-321 -1.67982319586024e-321 -1.67982319586024e-321 -1.7045264781523e-321 -1.7045264781523e-321 -1.665001226485e-321 1.665001226485e-321 0.999999999835081 5.187590759488
2.42092166462211e-322 2.42092166462211e-322 -2.42092166462211e-322 -2.32210853545386e-322 2.42092166462211e-322 2.27270197086973e-322 2.37151510003798e-322 2.42092166462211e-322 1.43279037293961e-322 -1.67982319586024e-322 0.999999999967234 -23.1832281783389
3.45845952088873e-322 3.11261356879985e-322 -3.45845952088873e-322 -3.75489890839347e-322 4.15015142506647e-322 3.95252516672997e-322 3.70549234380935e-322 3.75489890839347e-322 3.8043054729776e-322 -3.70549234380935e-322 0.999999998659875 4.57358797079912
3.85371203756172e-322 3.85371203756172e-322 -3.95252516672997e-322 -4.1995579896506e-322 3.75489890839347e-322 3.6066792146411e-322 4.1995579896506e-322 3.90311860214585e-322 3.70549234380935e-322 -3.6066792146411e-322 1.00000000002221 3.17677855781285
2.42092166462211e-322 2.42092166462211e-322 -2.42092166462211e-322 -2.42092166462211e-322 2.42092166462211e-322 2.42092166462211e-322 2.42092166462211e-322 2.42092166462211e-322 2.42092166462211e-322 -2.42092166462211e-322 0.999999999707715 2.79464470166163
3.95252516672997e-323 2.76676761671098e-322 5.43472210425371e-323 1.92685601878086e-322 -2.17388884170148e-322 -4.05133829589822e-322 -1.82804288961261e-322 -2.02566914794911e-322 -4.05133829589822e-322 4.34777768340297e-322 0.999999999931147 4.45052735158421
6.96632560636158e-322 6.8181059126092e-322 -7.11454530011395e-322 -7.31217155845045e-322 7.36157812303457e-322 7.26276499386632e-322 7.2133584292822e-322 7.2133584292822e-322 7.31217155845045e-322 -7.55920438137107e-322 1.00000000048698 4.59834392973952
-1.23516411460312e-322 -1.53160350210786e-322 1.43279037293961e-322 1.53160350210786e-322 -7.90505033345994e-323 7.90505033345994e-323 -1.72922976044436e-322 -1.48219693752374e-322 4.94065645841247e-323 -9.88131291682493e-323 0.999999999966427 -23.1068608238734
2.42092166462211e-322 2.42092166462211e-322 -2.17388884170148e-322 -2.32210853545386e-322 2.42092166462211e-322 2.42092166462211e-322 2.42092166462211e-322 2.42092166462211e-322 2.42092166462211e-322 -2.32210853545386e-322 0.999999999966951 -23.1388491059322
2.42092166462211e-322 2.42092166462211e-322 -2.42092166462211e-322 -2.42092166462211e-322 2.42092166462211e-322 2.42092166462211e-322 2.42092166462211e-322 2.42092166462211e-322 2.42092166462211e-322 -2.56914135837448e-322 1.0000000001127 2.82945244337319
2.02566914794911e-322 1.97626258336499e-322 -2.02566914794911e-322 -1.92685601878086e-322 1.92685601878086e-322 1.58101006669199e-322 1.92685601878086e-322 1.92685601878086e-322 1.82804288961261e-322 -1.87744945419674e-322 0.999999999732156 2.17436128597437
1.27963002272883e-321 1.26480805335359e-321 -1.29445199210407e-321 -1.32903658731295e-321 1.35373986960502e-321 1.35373986960502e-321 1.31421461793772e-321 1.33397724377137e-321 1.35868052606343e-321 -1.37350249543867e-321 0.999999999962567 5.57148774482429
2.32210853545386e-322 2.42092166462211e-322 -2.37151510003798e-322 -2.42092166462211e-322 2.42092166462211e-322 2.42092166462211e-322 2.42092166462211e-322 2.42092166462211e-322 2.42092166462211e-322 -2.42092166462211e-322 0.999999999966646 -23.0974450287044
-2.42092166462211e-322 -2.42092166462211e-322 2.42092166462211e-322 2.42092166462211e-322 -2.42092166462211e-322 -2.42092166462211e-322 -2.42092166462211e-322 -2.42092166462211e-322 -2.42092166462211e-322 2.42092166462211e-322 0.999999999501575 3.4184837446196
2.42092166462211e-322 2.42092166462211e-322 -2.42092166462211e-322 -2.12448227711736e-322 2.22329540628561e-322 2.27270197086973e-322 2.17388884170148e-322 2.07507571253324e-322 2.17388884170148e-322 -2.22329540628561e-322 0.99999999996701 -23.1046186824896
6.4228533959362e-322 6.07700744384733e-322 -6.17582057301558e-322 -6.6204796542727e-322 6.47225996052033e-322 6.27463370218383e-322 6.76869934802508e-322 6.76869934802508e-322 6.07700744384733e-322 -6.22522713759971e-322 0.999999999754435 4.72292197824757
3.55727265005698e-322 3.4090529563046e-322 -3.6066792146411e-322 -3.55727265005698e-322 3.6066792146411e-322 3.65608577922522e-322 3.55727265005698e-322 3.6066792146411e-322 3.55727265005698e-322 -3.6066792146411e-322 0.999999999971304 3.53714709035152
2.12448227711736e-322 2.27270197086973e-322 -2.27270197086973e-322 -2.27270197086973e-322 2.07507571253324e-322 2.27270197086973e-322 2.27270197086973e-322 2.22329540628561e-322 2.27270197086973e-322 -2.27270197086973e-322 0.999999999547049 3.15989631378202
2.37151510003798e-322 2.42092166462211e-322 -2.42092166462211e-322 -2.32210853545386e-322 2.37151510003798e-322 2.42092166462211e-322 2.32210853545386e-322 2.32210853545386e-322 2.42092166462211e-322 -2.42092166462211e-322 0.999999999966878 -23.1538574968348
5.92878775009496e-322 5.33590897508546e-322 -6.07700744384733e-322 -6.66988621885683e-322 6.96632560636158e-322 6.86751247719333e-322 6.76869934802508e-322 6.47225996052033e-322 6.76869934802508e-322 -6.07700744384733e-322 0.999999999810226 4.62056365060422
2.07507571253324e-322 2.42092166462211e-322 -1.97626258336499e-322 -2.02566914794911e-322 2.32210853545386e-322 2.37151510003798e-322 2.02566914794911e-322 2.07507571253324e-322 2.42092166462211e-322 -2.32210853545386e-322 0.999999999966894 -23.0707369993264
-2.42092166462211e-322 -2.42092166462211e-322 2.42092166462211e-322 2.86558074587923e-322 -3.26083326255223e-322 -3.06320700421573e-322 -2.81617418129511e-322 -3.0138004396316e-322 -3.06320700421573e-322 2.86558074587923e-322 1.00000000015734 2.37915833170745
4.0019317313141e-322 4.0019317313141e-322 -4.0019317313141e-322 -4.05133829589822e-322 3.90311860214585e-322 4.05133829589822e-322 4.05133829589822e-322 3.95252516672997e-322 4.0019317313141e-322 -3.90311860214585e-322 1.00000000055358 3.27997995674351
4.05133829589822e-322 4.0019317313141e-322 -4.10074486048235e-322 -4.15015142506647e-322 4.15015142506647e-322 4.05133829589822e-322 4.10074486048235e-322 4.15015142506647e-322 4.05133829589822e-322 -4.05133829589822e-322 1.00000000037363 2.71272503284929
3.75489890839347e-322 3.35964639172048e-322 -3.95252516672997e-322 -3.95252516672997e-322 4.10074486048235e-322 4.24896455423472e-322 3.95252516672997e-322 4.0019317313141e-322 4.0019317313141e-322 -4.1995579896506e-322 1.00000000031972 3.48413857861646
3.6066792146411e-322 3.6066792146411e-322 -3.65608577922522e-322 -3.65608577922522e-322 3.75489890839347e-322 3.6066792146411e-322 3.65608577922522e-322 3.75489890839347e-322 3.6066792146411e-322 -3.65608577922522e-322 1.00000000025369 2.8771717756444
-2.37151510003798e-322 -2.37151510003798e-322 2.37151510003798e-322 2.37151510003798e-322 -2.42092166462211e-322 -2.42092166462211e-322 -2.37151510003798e-322 -2.37151510003798e-322 -2.42092166462211e-322 2.42092166462211e-322 0.999999999725471 3.25946446820293
2.37151510003798e-322 2.42092166462211e-322 -2.42092166462211e-322 -2.42092166462211e-322 2.42092166462211e-322 2.42092166462211e-322 2.42092166462211e-322 2.42092166462211e-322 2.42092166462211e-322 -2.42092166462211e-322 0.999999999966827 -23.1225339736519
2.42092166462211e-322 2.42092166462211e-322 -2.42092166462211e-322 -2.32210853545386e-322 2.42092166462211e-322 2.42092166462211e-322 2.42092166462211e-322 2.42092166462211e-322 2.42092166462211e-322 -2.42092166462211e-322 0.999999999966959 -23.1748630812723
2.42092166462211e-322 2.42092166462211e-322 -2.37151510003798e-322 -2.42092166462211e-322 2.42092166462211e-322 2.42092166462211e-322 2.42092166462211e-322 2.42092166462211e-322 2.42092166462211e-322 -2.42092166462211e-322 0.999999999966511 -23.1732072515298
-2.37151510003798e-322 3.95252516672997e-323 2.37151510003798e-322 2.37151510003798e-322 -2.37151510003798e-322 -2.37151510003798e-322 -2.37151510003798e-322 -2.37151510003798e-322 -2.37151510003798e-322 2.37151510003798e-322 0.999999999352567 3.30834379917324
-2.47032822920623e-322 -2.42092166462211e-322 2.42092166462211e-322 2.42092166462211e-322 -2.42092166462211e-322 -2.42092166462211e-322 -2.42092166462211e-322 -2.42092166462211e-322 -2.42092166462211e-322 2.42092166462211e-322 0.999999999882224 3.22351430758898
2.07507571253324e-322 2.07507571253324e-322 -2.12448227711736e-322 -2.07507571253324e-322 2.07507571253324e-322 2.07507571253324e-322 2.07507571253324e-322 2.07507571253324e-322 2.07507571253324e-322 -1.92685601878086e-322 0.999999999614217 2.66078360401457
2.42092166462211e-322 2.47032822920623e-322 -2.42092166462211e-322 -2.42092166462211e-322 2.42092166462211e-322 2.42092166462211e-322 2.47032822920623e-322 2.42092166462211e-322 2.42092166462211e-322 -2.42092166462211e-322 0.999999999705216 3.26177490318952
2.42092166462211e-322 2.37151510003798e-322 -2.42092166462211e-322 -2.42092166462211e-322 2.42092166462211e-322 2.42092166462211e-322 2.42092166462211e-322 2.42092166462211e-322 2.42092166462211e-322 -2.42092166462211e-322 0.99999999996641 -23.1748989439562
-2.12448227711736e-322 -2.12448227711736e-322 2.12448227711736e-322 2.12448227711736e-322 -2.17388884170148e-322 -2.17388884170148e-322 -2.12448227711736e-322 -2.12448227711736e-322 -2.17388884170148e-322 2.17388884170148e-322 0.999999999530726 3.25333276724177
2.42092166462211e-322 2.42092166462211e-322 -2.42092166462211e-322 -2.32210853545386e-322 2.42092166462211e-322 2.42092166462211e-322 2.32210853545386e-322 2.32210853545386e-322 2.32210853545386e-322 -1.48219693752374e-323 0.999999999967128 -23.1064738676296
2.42092166462211e-322 2.42092166462211e-322 -2.42092166462211e-322 -2.42092166462211e-322 2.42092166462211e-322 2.42092166462211e-322 2.42092166462211e-322 2.42092166462211e-322 2.42092166462211e-322 -2.42092166462211e-322 0.999999999818847 2.89426973348281
-2.42092166462211e-322 -2.47032822920623e-322 2.42092166462211e-322 2.42092166462211e-322 -2.42092166462211e-322 -2.42092166462211e-322 -2.42092166462211e-322 -2.42092166462211e-322 -2.42092166462211e-322 2.42092166462211e-322 1.00000000004693 2.9678548334458
-3.06320700421573e-322 -3.8043054729776e-322 4.0019317313141e-322 3.70549234380935e-322 -3.50786608547285e-322 -4.44659081257122e-322 -3.70549234380935e-322 -4.05133829589822e-322 -4.49599737715534e-322 4.69362363549184e-322 0.999999999968808 3.4304019720545
2.42092166462211e-322 2.42092166462211e-322 -2.42092166462211e-322 -2.37151510003798e-322 2.42092166462211e-322 2.42092166462211e-322 2.42092166462211e-322 2.42092166462211e-322 2.42092166462211e-322 -2.37151510003798e-322 0.999999999966431 -23.1322285947662
2.12448227711736e-322 2.07507571253324e-322 -2.12448227711736e-322 -2.12448227711736e-322 2.12448227711736e-322 2.12448227711736e-322 2.12448227711736e-322 2.12448227711736e-322 2.12448227711736e-322 -2.12448227711736e-322 0.999999999798282 3.20337196697081
9.18962101264719e-322 8.99199475431069e-322 -9.48606040015193e-322 -9.93071948140906e-322 9.43665383556781e-322 9.78249978765668e-322 9.83190635224081e-322 9.48606040015193e-322 9.58487352932018e-322 -9.09080788347894e-322 1.00000000142495 4.77304684257731
2.02566914794911e-322 2.02566914794911e-322 -2.07507571253324e-322 -2.22329540628561e-322 1.97626258336499e-322 1.92685601878086e-322 2.27270197086973e-322 2.07507571253324e-322 2.02566914794911e-322 -1.97626258336499e-322 0.999999999683446 2.07684984098417
2.42092166462211e-322 2.42092166462211e-322 -2.42092166462211e-322 -2.42092166462211e-322 2.42092166462211e-322 2.42092166462211e-322 2.42092166462211e-322 2.42092166462211e-322 2.42092166462211e-322 -2.42092166462211e-322 0.999999999967305 -23.08698788878
-7.16395186469807e-322 -7.16395186469807e-322 7.16395186469807e-322 7.2133584292822e-322 -7.16395186469807e-322 -7.16395186469807e-322 -7.2133584292822e-322 -7.2133584292822e-322 -7.11454530011395e-322 7.11454530011395e-322 0.999999999761639 4.11525402193841
2.37151510003798e-322 2.42092166462211e-322 -2.42092166462211e-322 -2.42092166462211e-322 2.42092166462211e-322 2.42092166462211e-322 2.42092166462211e-322 2.42092166462211e-322 2.42092166462211e-322 -2.32210853545386e-322 0.999999999966544 -23.1795848023222
2.42092166462211e-322 2.42092166462211e-322 -2.42092166462211e-322 -2.42092166462211e-322 2.42092166462211e-322 2.42092166462211e-322 2.42092166462211e-322 2.42092166462211e-322 2.42092166462211e-322 -2.42092166462211e-322 0.999999999966493 -23.174888793987
1.72922976044436e-322 1.63041663127611e-322 -1.38338380835549e-322 -1.72922976044436e-322 1.58101006669199e-322 1.58101006669199e-322 1.67982319586024e-322 1.77863632502849e-322 1.77863632502849e-322 -1.63041663127611e-322 0.999999999645406 2.29089668127617
-5.58294179800609e-322 -4.99006302299659e-322 4.94065645841247e-322 5.82997462092671e-322 -5.53353523342196e-322 -4.99006302299659e-322 -5.82997462092671e-322 -5.78056805634258e-322 -5.18768928133309e-322 5.08887615216484e-322 1.000000000057 4.02456436242846
2.42092166462211e-322 2.42092166462211e-322 -2.42092166462211e-322 -2.42092166462211e-322 2.42092166462211e-322 2.42092166462211e-322 2.42092166462211e-322 2.42092166462211e-322 2.42092166462211e-322 -2.32210853545386e-322 0.999999999967149 -23.076730731992
-5.28650241050134e-322 -4.79243676466009e-322 5.08887615216484e-322 5.73116149175846e-322 -5.63234836259021e-322 -5.18768928133309e-322 -5.63234836259021e-322 -5.43472210425371e-322 -5.28650241050134e-322 5.28650241050134e-322 1.00000000043482 3.44222402690838
2.42092166462211e-322 2.42092166462211e-322 -2.32210853545386e-322 -2.42092166462211e-322 2.37151510003798e-322 2.42092166462211e-322 2.42092166462211e-322 2.42092166462211e-322 2.42092166462211e-322 -2.42092166462211e-322 0.999999999966612 -23.0597098904512
-2.42092166462211e-322 -2.42092166462211e-322 2.42092166462211e-322 2.42092166462211e-322 -2.51973479379036e-322 -3.2114266979681e-322 -2.42092166462211e-322 -2.42092166462211e-322 -3.65608577922522e-322 2.42092166462211e-322 1.00000000019013 3.18847396497639
-5.82997462092671e-322 -5.97819431467908e-322 5.73116149175846e-322 5.68175492717434e-322 -5.53353523342196e-322 -5.58294179800609e-322 -5.68175492717434e-322 -5.68175492717434e-322 -5.58294179800609e-322 5.63234836259021e-322 0.999999999205379 4.20831239863872
