-3.51511841292839e-159 -1.87754494729758e-158 2.35131582963609e-159 1.49964055367265e-159 -8.21484046429865e-160 -3.30971363402044e-160 -1.56473281541048e-159 -1.12556236136529e-159 -2.70312379485474e-160 1.41944484348913e-160 -8.51943740446878 0.999999999951276
2.1145974904574e-157 1.04024736993959e-156 -1.32755302665142e-157 -7.83174321876224e-158 4.68203421245193e-158 1.86104006658001e-158 8.73482531864234e-158 6.23615216704403e-158 1.57015894577934e-158 -6.52836162835257e-159 1.96653191033137 0.999999999922269
5.98303019031611e-157 3.10704099298334e-156 -3.91440898357223e-157 -2.4338043733715e-157 1.37182128847731e-157 5.50153890644345e-158 2.59489212363601e-157 1.86185671146143e-157 4.54293336734939e-158 -2.2169345344872e-158 2.13091293335621 0.999999999931826
1.24165056360343e-156 6.49688381645946e-156 -8.17002799500364e-157 -5.11555044686631e-157 2.86056244490467e-157 1.14858162528281e-157 5.42128673314407e-157 3.89244101845907e-157 9.45625407054094e-158 -4.71138714989313e-158 2.92872570572551 1.00000000020394
7.9672692150673e-160 4.17425985147183e-159 -5.23255227575185e-160 -3.28629544898547e-160 1.8325158882976e-160 7.35675873282444e-161 3.47486403981838e-160 2.49410466347758e-160 6.04997345328117e-161 -3.04906748660692e-161 -8.47732582000272 0.999999999950815
9.42454378248767e-156 5.00260193941278e-155 -6.27314586402929e-156 -3.97827369701682e-156 2.19247766242941e-156 8.8235566211277e-157 4.16988890170499e-156 2.99796615134761e-156 7.2250410315435e-157 -3.73387063094512e-157 2.97268225968882 1.000000000158
4.9694708400136e-159 2.6232559755974e-158 -3.29109011760273e-159 -2.0777385958107e-159 1.15112037275821e-159 4.62824039986997e-160 2.18645144615151e-159 1.57101305600089e-159 3.79716739414218e-160 -1.93836862990919e-160 -8.553262138342 0.99999999995142
-5.67711092736978e-159 -3.00806538711769e-158 3.77405908952929e-159 2.38953535379961e-159 -1.31955769769733e-159 -5.30952428714241e-160 -2.50848950176485e-159 -1.80321142423952e-159 -4.35024332142807e-160 2.23722007730545e-160 -8.4853608435656 0.999999999950865
-2.13516601782259e-156 -1.13613767239151e-155 1.42412485024978e-156 9.0485599809164e-157 -4.97430700293421e-157 -2.00298458392084e-157 -9.46667488483896e-157 -6.80836726472116e-157 -1.63837796409982e-157 8.51654783224551e-158 3.21533816815763 1.00000000001684
-1.79026521749991e-159 -9.52423194459767e-159 1.19426487715562e-159 7.5903776665341e-160 -4.17665762639186e-160 -1.68162152117341e-160 -7.94687531868492e-160 -5.71398357511807e-160 -1.3757401469408e-160 7.14463714536523e-161 -8.52374901920486 0.999999999951316
1.15997684399138e-155 6.22395620563839e-155 -7.78296104075472e-156 -4.98602015407336e-156 2.71832892136138e-156 1.0958201967684e-156 5.18367357788893e-156 3.7297993328586e-156 8.9341419697351e-157 -4.75171485443354e-157 2.89512681344425 1.00000000003386
-1.26789723564747e-155 -6.73262553101667e-155 8.44069961322468e-156 5.35560618388586e-156 -2.95051772097648e-156 -1.18752292329868e-156 -5.61208880020673e-156 -4.03479256076697e-156 -9.72148418578269e-157 5.03122136211935e-157 2.12258469441976 1.00000000020725
1.06146504104632e-155 5.68287904956045e-155 -7.11024364144325e-156 -4.54563920406524e-156 2.48362439598886e-156 1.00088439467585e-156 4.73359807000202e-156 3.4054397497498e-156 8.16710640083555e-157 -4.3188454688664e-157 2.09951355310165 0.999999999970174
5.30223768456922e-159 2.81397290371872e-158 -3.52472183938623e-159 -2.23638559666453e-159 1.23191935730423e-159 4.95740519080011e-160 2.34318219663065e-159 1.68440696301139e-159 4.05815763975402e-160 -2.10289385236409e-160 -8.48771963172443 0.999999999951079
1.22978474520561e-155 6.56707243102925e-155 -8.22267373552653e-156 -5.24351529462523e-156 2.87242492259693e-156 1.15720284301186e-156 5.47120013425092e-156 3.93550713243741e-156 9.45181286859226e-157 -4.96298485531479e-157 4.08178103189242 0.999999999628581
-1.73766166050725e-155 -9.19395407331355e-155 1.15354351452212e-155 7.29551104815393e-156 -4.03389179525006e-156 -1.62264641850109e-156 -7.66595929231414e-156 -5.50967916975861e-156 -1.33019015907468e-156 6.82075085217641e-157 2.97169479946022 0.999999999942759
-9.01151917885528e-159 -4.78915155746705e-158 6.00350568723016e-159 3.81160292454674e-159 -2.09808500746642e-159 -8.44568292478027e-160 -3.99156331775313e-159 -2.87004286125485e-159 -6.91179041418922e-160 3.58386978841428e-160 -8.47404549105175 0.999999999951227
-2.55535753185296e-159 -1.36395282201198e-158 1.70827705469634e-159 1.08884585058179e-159 -5.96844873815571e-160 -2.40446580413404e-160 -1.13667323100659e-159 -8.1760169295772e-160 -1.96421282324733e-160 1.02977459370244e-160 -8.49717847510118 0.999999999951112
1.87887330800262e-159 9.90238483374202e-159 -1.24248844366226e-159 -7.83443501045405e-160 4.34704178059461e-160 1.74721024979953e-160 8.25364071466835e-160 5.92924254436821e-160 1.43435366261229e-160 -7.29659539177836e-161 -8.51750348336617 0.99999999995142
1.15564754166497e-159 6.08859224364691e-159 -7.64176731668332e-160 -4.81574761896147e-160 2.67299170014085e-160 1.07431635600496e-160 5.07477005263212e-160 3.64576358318749e-160 8.8214110549221e-161 -4.48037928368763e-161 -8.52803183006716 0.999999999951563
2.42745179546684e-156 1.24810943578496e-155 -1.57553487447546e-156 -9.70720758245205e-157 5.52850507944512e-157 2.21357860853003e-157 1.04315211124746e-156 7.47760954419971e-157 1.83478044675419e-157 -8.7186663748503e-158 2.8621300083619 1.00000000002841
-1.81698070652103e-160 -1.1821010879064e-159 1.42558571347665e-160 1.06062876681303e-160 -4.9013998469197e-161 -2.03553906886526e-161 -9.76270091169402e-161 -7.13028540041997e-161 -1.54360997297996e-161 1.21262364633258e-161 -8.51625989155458 0.999999999951046
3.28246875425032e-155 1.74765221502706e-154 -2.18956774499379e-155 -1.39278177492536e-155 7.65287739026255e-156 3.081425147537e-156 1.45657164469859e-155 1.04739837419206e-155 2.51985556104223e-156 -1.31342126212418e-156 3.86030393733186 0.999999999347211
-8.10374064534203e-159 -4.33741374578049e-158 5.43090633993518e-159 3.47053185460373e-159 -1.89775016914199e-159 -7.6472815148119e-160 -3.61630495056181e-159 -2.60156275349067e-159 -6.24232293435945e-160 3.29295457682412e-160 -8.47496680738229 0.999999999950721
7.99341319738982e-156 4.26049702138941e-155 -5.3368107407756e-156 -3.39742725965795e-156 1.86446777639823e-156 7.50841248512226e-157 3.54969917505318e-156 2.55293451597519e-156 6.13792329470324e-157 -3.20733506280363e-157 2.23729292289769 0.99999999986409
2.39115198850087e-157 1.19483558965885e-156 -1.51936867810833e-157 -9.10650451715171e-158 5.35162752061238e-158 2.13256365393897e-158 1.00236074991975e-157 7.16600539607121e-158 1.78822786487088e-158 -7.80493356682597e-159 2.48580194942858 0.999999999842439
3.36269877630985e-159 1.78475778241294e-158 -2.23647771533935e-159 -1.41872313359218e-159 7.81635809637463e-160 3.14555961136268e-160 1.48667800600789e-159 1.06877385745827e-159 2.57518259103103e-160 -1.3330996041986e-160 -8.52022673232765 0.999999999951062
7.73555062199496e-160 3.79841638494534e-159 -4.8233979757878e-160 -2.8449906866695e-160 1.69775768114065e-160 6.74304241102816e-161 3.16796956683752e-160 2.26080429245169e-160 5.68742114223571e-161 -2.38565752132941e-161 -8.51849689064471 0.999999999950903
1.34272077357152e-156 6.96890109073371e-156 -8.77942557838915e-157 -5.45639370980682e-157 3.07702445679298e-157 1.23384315712653e-157 5.81965824565209e-157 4.1753183731319e-157 1.01907148092468e-157 -4.96765529592695e-158 3.0575908261566 0.999999999866843
4.18157321718383e-159 2.21844664958355e-158 -2.78071718273126e-159 -1.76317749409161e-159 9.71957643880729e-160 3.91126492489107e-160 1.84843283223702e-159 1.32880071493527e-159 3.20272208937372e-160 -1.65535987709446e-160 -8.5551555033655 0.999999999951272
-1.21901330309436e-158 -6.4848862765755e-158 8.12734550199813e-159 5.16524761974001e-159 -2.8405924039111e-159 -1.14362341118438e-159 -5.40537681619796e-159 -3.88678294775958e-159 -9.35554264852569e-160 4.86391271953517e-160 -8.51380565260866 0.999999999951247
2.82475290717159e-156 1.46254728000553e-155 -1.84383822798407e-156 -1.14330986915025e-156 6.46462932873735e-157 2.59122086568156e-157 1.22190055116586e-156 8.76463617384909e-157 2.14230572797934e-157 -1.03696054387917e-157 3.50170795435533 0.999999999836369
4.31130712774106e-156 2.23631139731046e-155 -2.81822738494793e-156 -1.75036518034323e-156 9.8784547875944e-157 3.96106389853439e-157 1.86802674231387e-156 1.34018476263609e-156 3.27222610303002e-157 -1.59172246250374e-157 3.89733735225247 0.999999999669799
7.46562286878008e-157 3.70886775716815e-156 -4.71946003497025e-157 -2.81377432116206e-157 1.66401918544257e-157 6.62497967669553e-158 3.11209280638274e-157 2.22342254537686e-157 5.56595580172242e-158 -2.39187366184228e-158 1.79910773710254 0.999999999720157
1.99774980011643e-159 1.04659107235671e-158 -1.31422627178722e-159 -8.24200244357786e-160 4.59932504497175e-160 1.8469763650268e-160 8.72054429888114e-160 6.26154999833013e-160 1.5194172463786e-160 -7.61835315643879e-161 -8.53132168939695 0.999999999950993
6.26790191211393e-157 3.28783117427008e-156 -4.13271900757331e-157 -2.59363047095481e-157 1.44681253394014e-157 5.8115355138214e-158 2.74359137620994e-157 1.97026983617743e-157 4.78018502240018e-158 -2.39686209969711e-158 1.55217815034099 0.999999999729013
2.21116847315001e-156 1.13989834463838e-155 -1.43842627521989e-156 -8.8834848818134e-157 5.04582712347798e-157 2.02104800299625e-157 9.5269181199569e-157 6.83082477032262e-157 1.67378814652501e-157 -8.00614691245678e-158 3.52826049585855 0.999999999962332
3.89403434776923e-159 2.06262369302125e-158 -2.58552600658423e-159 -1.63710378301396e-159 9.03642591746877e-160 3.63544331609774e-160 1.71794642609664e-159 1.23485280965376e-159 2.97844305418045e-160 -1.53425355424982e-160 -8.47933318933111 0.999999999951247
1.70264230741676e-156 8.82187397410845e-156 -1.11213348279206e-156 -6.89957340626932e-157 3.89838904087656e-157 1.56282821287127e-157 7.36982249621226e-157 5.28691298244122e-157 1.29173790651176e-157 -6.26223109453645e-158 2.9508126663483 0.999999999926491
3.11229216708939e-159 1.64873101187826e-158 -2.06716128581174e-159 -1.30902915974433e-159 7.22638136643613e-160 2.90715722901852e-160 1.37379637805903e-159 9.87455974464124e-160 2.3819754212116e-160 -1.22662259392996e-160 -8.49200808897329 0.999999999950984
-5.18539550072347e-159 -2.77243929294098e-158 3.47179880082385e-159 2.21602733872147e-159 -1.21274439660592e-159 -4.88655454524777e-160 -2.31053079058991e-159 -1.66219925145178e-159 -3.99000868886159e-160 2.09949677723188e-160 -8.50478729369497 0.999999999951219
5.18504533025468e-159 2.7681107350558e-158 -3.46255759803876e-159 -2.20836090078601e-159 1.20908315293979e-159 4.8703104810158e-160 2.30319224957794e-159 1.65660823530695e-159 3.97751899459549e-160 -2.09266109962413e-160 -8.47675169603061 0.999999999950772
1.96356883452982e-159 1.04741096476505e-158 -1.31087974945156e-159 -8.35627584730945e-160 4.58111368515649e-160 1.84480380408735e-160 8.72370360203562e-160 6.27337344800768e-160 1.50747207278238e-160 -7.90868888640561e-161 -8.5428225350888 0.999999999951173
5.14610264586354e-157 2.62689751782682e-156 -3.32200631991569e-157 -2.0329179580398e-157 1.16689718858545e-157 4.66622067331378e-158 2.19767391491966e-157 1.57423297907442e-157 3.87937621235447e-158 -1.80546419884535e-158 1.98690797872334 0.999999999961016
4.72160718741529e-156 2.49979377703546e-155 -3.13578223339693e-156 -1.98458359867433e-156 1.09665000703711e-156 4.41164840410969e-157 2.08436813687096e-156 1.49810176051296e-156 3.61560321949418e-157 -1.85744703873771e-157 3.16815294114973 0.999999999449235
-2.72436249151745e-155 -1.43703378303975e-154 1.80448885723707e-155 1.13786808406531e-155 -6.31135243876096e-156 -2.53760117627814e-156 -1.19849406867395e-155 -8.61193193861818e-156 -2.08277209519628e-156 1.05898878618907e-156 4.44956521105044 1.00000000044325
1.84909206541349e-156 9.58483887773813e-156 -1.20800430583272e-156 -7.49827968812934e-157 4.23443966952096e-157 1.69761312525137e-157 8.00605790318899e-157 5.74337266059437e-157 1.40287094936594e-157 -6.81223815965463e-158 2.95350778633889 0.99999999967396
-5.02195849547081e-155 -2.66444709977005e-154 3.3406717519962e-155 2.11818167166705e-155 -1.16787606755369e-155 -4.69979553286898e-156 -2.22094487693234e-155 -1.59660013495537e-155 -3.84856284413895e-156 1.98804680368321e-156 4.54162868030186 1.00000000084963
2.17103178831703e-155 1.13432215501299e-154 -1.42694117778566e-155 -8.92381691157651e-156 4.99855327324703e-156 2.00660383879692e-156 9.4693203777654e-156 6.79766156009218e-156 1.65288020474157e-156 -8.20366299763707e-157 4.19938029037464 1.00000000030644
8.52736851295206e-157 4.40324483215488e-156 -5.5548116935106e-157 -3.43592151699844e-157 1.94845789545032e-157 7.80627453270901e-158 3.68025394727211e-157 2.63909264319123e-157 6.46104057340397e-158 -3.10397452447046e-158 2.02670914694158 0.999999999739069
-1.256672853267e-159 -6.7117156857411e-159 8.41086576571585e-160 5.36202598023969e-160 -2.93865137036521e-160 -1.18403369376411e-160 -5.59694349107942e-160 -4.02631490579289e-160 -9.67205415545499e-161 5.06907574653266e-161 -8.46090017819975 0.999999999950978
-5.39037979479987e-156 -2.87054040827231e-155 3.59598454495655e-156 2.28751182169813e-156 -1.25641144781511e-156 -5.05918832023888e-157 -2.39155491690429e-156 -1.71986423274371e-156 -4.13678498233683e-157 2.15750224961687e-157 2.32472344852396 0.999999999795781
5.65610934563481e-157 2.89481686047346e-156 -3.65834931570823e-157 -2.24420112785128e-157 1.28445192452947e-157 5.13871866017143e-158 2.42074102900788e-157 1.73449154357756e-157 4.26753349109828e-158 -2.00126235666825e-158 1.93037000225666 0.999999999883
2.37728149178963e-159 1.27156923746308e-158 -1.59051828222865e-159 -1.01612001163762e-159 5.55464641835393e-160 2.23801278440369e-160 1.05851562267484e-159 7.61450068304865e-160 1.82673191722778e-160 -9.64839040392334e-161 -8.50226278927203 0.999999999951294
1.73824240863592e-161 -1.55816676169328e-160 1.32160023875146e-161 2.58737653689761e-161 -3.3714702482492e-162 -2.07986208845816e-162 -1.14964876885153e-161 -9.62874033313539e-162 -3.10445629221953e-163 4.84671166472545e-162 -8.46742744764565 0.999999999951061
6.32354114994179e-160 3.12169270385884e-159 -3.95994161781683e-160 -2.34660057290018e-160 1.39163322593716e-160 5.5331980337946e-161 2.60056883735864e-160 1.85727996426149e-160 4.65681655342063e-161 -1.983949114727e-161 -8.48939295095545 0.99999999995109
2.44923474189171e-159 1.28220065852164e-158 -1.61092413833924e-159 -1.00907925579974e-159 5.63473667044902e-160 2.26261854434749e-160 1.06821352321808e-159 7.67075532624416e-160 1.86210678447453e-160 -9.3072840980813e-161 -8.51930077218207 0.999999999951209
-2.33783937022187e-156 -1.23799323064112e-155 1.55359115129462e-156 9.82788590668193e-157 -5.42945375062607e-157 -2.18460315468071e-157 -1.03204681238522e-156 -7.41934109440586e-157 -1.7903159930022e-157 9.1890322381208e-158 2.22428706749789 0.999999999601209
2.47349045627902e-156 1.30814415787193e-155 -1.64168086586535e-156 -1.03765315910837e-156 5.73970598415908e-157 2.30860891701951e-157 1.09066171112578e-156 7.83894568582437e-157 1.89302844452361e-157 -9.69105360939282e-158 2.25029554253447 0.999999999871317
7.32779474847582e-159 3.88027499311918e-158 -4.86598965939442e-159 -3.08030051051275e-159 1.70143607094825e-159 6.84466632101313e-160 3.23414718771753e-159 2.32452058951237e-159 5.60888194698667e-160 -2.88469539325589e-160 -8.54413534443564 0.999999999951108
2.55350721643771e-159 1.35618588886101e-158 -1.69917444443169e-159 -1.07882605082823e-159 5.94062928275256e-160 2.39064844323783e-160 1.13003937904712e-159 8.12342351017616e-160 1.95688205062571e-160 -1.01491515454753e-160 -8.49711479124965 0.999999999951061
-9.30937380352178e-156 -4.95401098917846e-155 6.20579690562902e-156 3.94673732627863e-156 -2.16953686296053e-156 -8.73430492464721e-157 -4.1287778949097e-156 -2.96858608035923e-156 -7.14375890220183e-157 3.7215205654266e-157 3.63623750576957 1.00000000007877
-1.39319312015628e-155 -7.41384447067552e-155 9.29005066777176e-156 5.90582080271451e-156 -3.24647662608965e-156 -1.30709537422367e-156 -6.1783513718947e-156 -4.4427777718672e-156 -1.06912839286589e-156 5.56408964238232e-157 3.32623237514371 0.999999999645844
-3.51003069652351e-158 -2.5746240678761e-157 3.02751924783148e-158 2.42807588214672e-158 -1.02099317677002e-158 -4.30999798695578e-159 -2.08912004927387e-158 -1.54001532678068e-158 -3.12835989858425e-159 2.99094299098346e-159 2.32919245409854 1.00000000007187
5.56844605792308e-157 2.83978394964265e-156 -3.59214278565616e-157 -2.19552310797629e-157 1.26128551918597e-157 5.04366605264766e-158 2.37502393298312e-157 1.70135417962322e-157 4.19422053043508e-158 -1.94615851875477e-158 1.84765510152914 1.00000000024293
-3.16221064105986e-155 -1.68244418614012e-154 2.1080633599686e-155 1.34018106478843e-155 -7.36879522637484e-156 -2.96657120197983e-156 -1.40225961702242e-155 -1.00825905678484e-155 -2.42666637405098e-156 1.26279501249324e-156 3.96044909396194 0.999999999310613
-5.51354462745799e-155 -2.92317404503246e-154 3.66570946224702e-155 2.32292143338033e-155 -1.28177175976327e-155 -5.15745835602205e-156 -2.43706865754932e-155 -1.75181133759034e-155 -4.22457766566853e-156 2.17824172919935e-156 4.20498549745542 1.00000000020096
5.89534584907791e-159 3.12238280936971e-158 -3.91513118290103e-159 -2.4784952693539e-159 1.36848868699534e-159 5.50554966164526e-160 2.60151221350394e-159 1.86996273011084e-159 4.51109752898519e-160 -2.32146522607148e-160 -8.51563067511417 0.999999999951101
1.05608298418987e-159 5.68373186093247e-159 -7.09749928607541e-160 -4.56043677812535e-160 2.47735658840548e-160 9.99030132588356e-161 4.72815845434304e-160 3.40278934290116e-160 8.13476860728915e-161 -4.36751117833097e-161 -8.54685231714825 0.999999999951298
-4.66037156697666e-156 -2.45583519310672e-155 3.08382981704098e-156 1.94339114775333e-156 -1.07904264130437e-156 -4.33783063652234e-157 -2.04853268819811e-156 -1.47175707283563e-156 -3.56131487657944e-157 1.80738253517249e-157 3.38368060517461 0.99999999986074
-1.2229187560998e-159 -6.61058477104854e-159 8.26929307462489e-160 5.32791207454432e-160 -2.88757543713923e-160 -1.16560881531604e-160 -5.51490652637728e-160 -3.97114307956956e-160 -9.48026756269241e-161 5.11033484262948e-161 -8.49084614060967 0.999999999951092
2.59910753411469e-157 1.29597683762514e-156 -1.65003961477011e-157 -9.85506633545345e-158 5.80350746438224e-158 2.3124511451564e-158 1.08652765149663e-157 7.76975938510257e-158 1.94090587272027e-158 -8.3901262587951e-159 2.3314641748716 0.999999999942638
-1.30674395877467e-159 -7.01675283677519e-159 8.78279436409798e-160 5.62927274717483e-160 -3.06997888173508e-160 -1.23775329601189e-160 -5.85402647065066e-160 -4.21219862452644e-160 -1.00914368299661e-160 5.36262494042786e-161 -8.49133311885927 0.99999999995073
-2.25130740875762e-159 -1.19282670668926e-158 1.49807245411384e-159 9.48156729496502e-160 -5.24019879555485e-160 -2.10859535199869e-160 -9.96006037282792e-160 -7.15986038778324e-160 -1.72811044298892e-160 8.86371734967271e-161 -8.52340581683721 0.999999999951275
-2.38742476937828e-156 -1.26464416190402e-155 1.58680886565263e-156 1.0041379891668e-156 -5.54544920900443e-157 -2.23135924675337e-157 -1.05418226501018e-156 -7.57857798464309e-157 -1.82838680567856e-157 9.39396826706525e-158 2.25134721432362 0.99999999993681
-1.58314425389581e-158 -8.44720274772536e-158 1.05800951598503e-158 6.7422779279298e-159 -3.69697117044519e-159 -1.48909447477884e-159 -7.04005876678105e-159 -5.06345888024181e-159 -1.21678125199033e-159 6.37401120582984e-160 -8.45096637073598 0.999999999950804
1.07056702720282e-155 5.72068534338649e-155 -7.16047983246831e-156 -4.57005121101013e-156 2.50173318355122e-156 1.00787121607786e-156 4.76587164253497e-156 3.42807118381114e-156 8.23021526923145e-157 -4.33139319506374e-157 2.95766270487972 0.999999999530751
1.90023329588425e-159 9.68517137827509e-159 -1.22260464936732e-159 -7.47486381589921e-160 4.2904912255487e-160 1.71519762695911e-160 8.08001315331584e-160 5.78698632436331e-160 1.42599381373162e-160 -6.64429202518523e-161 -8.48056415962259 0.999999999950982
1.09595858376166e-155 5.81175736132639e-155 -7.28812367878374e-156 -4.61867469985246e-156 2.54789621055753e-156 1.02525049121683e-156 4.84470651658729e-156 3.48268206999836e-156 8.3974684309053e-157 -4.33119951132471e-157 3.36244382860424 0.999999999658632
5.13795798278688e-157 2.68649740904887e-156 -3.37913827143223e-157 -2.11460754345483e-157 1.18351178662189e-157 4.75140872512045e-158 2.24249199639511e-157 1.60991812516325e-157 3.91304919149411e-158 -1.9456579986621e-158 1.96449186010222 0.999999999779297
-4.85043873480331e-159 -2.56925348620221e-158 3.22364796333314e-159 2.04067452638384e-159 -1.12734514994765e-159 -4.53589592974421e-160 -2.14288968093432e-159 -1.54030800701919e-159 -3.71672869795312e-160 1.91013937413639e-160 -8.53340654442641 0.999999999951324
-3.97521550831525e-156 -2.15530998046937e-155 2.68953104204671e-156 1.7390653701599e-156 -9.38605142571557e-157 -3.78965499874936e-157 -1.79430647900192e-156 -1.29213961718735e-156 -3.07762879990994e-157 1.67914259511675e-157 2.76433790112786 0.99999999964983
2.08212530644159e-155 1.11042060706238e-154 -1.39072384981694e-155 -8.85943406214522e-156 4.85975753951792e-156 1.957275526144e-156 9.25339063551991e-156 6.65497613329993e-156 1.59957984050561e-156 -8.37248584500013e-157 2.91293280775863 0.999999999649971
-2.2428897959876e-159 -1.20502954120552e-158 1.50788783413485e-159 9.6672181785024e-160 -5.26720665380545e-160 -2.1239288693315e-160 -1.00461067422673e-159 -7.22972094146168e-160 -1.73114865821223e-160 9.21470099286244e-161 -8.50553656416203 0.999999999951389
-2.7278710491867e-159 -1.44322860559497e-158 1.81179894436147e-159 1.14575839670781e-159 -6.33899259619689e-160 -2.54984822324308e-160 -1.2044993914207e-159 -8.65657759777477e-160 -2.09064297257978e-160 1.07045244805979e-160 -8.47733539484966 0.999999999951292
-1.74912596994508e-156 -8.27393189361795e-156 1.06620610152609e-156 6.03244941462634e-157 -3.77328357071555e-157 -1.49093909259089e-157 -6.96864409278963e-157 -4.95846043246141e-157 -1.2770443306991e-157 4.64302631857999e-158 3.75000046609239 0.999999999850343
1.32848996575778e-156 6.93528328538368e-156 -8.72668785594082e-157 -5.45256198614489e-157 3.05658352176155e-157 1.22682758840702e-157 5.78933133220832e-157 4.15579071394205e-157 1.01098429255229e-157 -5.00491321718988e-158 2.55526648884715 0.99999999957044
6.30054693644017e-155 3.35740790780976e-154 -4.2057555243712e-155 -2.67695416634613e-155 1.46948758554477e-155 5.91761621180672e-156 2.79752563275252e-155 2.01190103149191e-155 4.83782512000834e-156 -2.52660760719863e-156 4.90522067343931 1.00000000032996
3.14040352112786e-156 1.66057117607697e-155 -2.08417187947027e-156 -1.31713628156198e-156 7.28735336436991e-157 2.93100794267038e-157 1.38466935247954e-156 9.95185931017054e-157 2.40359656130693e-157 -1.22976185178123e-157 1.96663054530668 0.999999999740709
-1.54973223019417e-155 -8.23312116883302e-155 1.03199028171465e-155 6.55233595058107e-156 -3.60839822180961e-156 -1.45231762763869e-156 -6.86402559717475e-156 -4.93464874752431e-156 -1.18872642932164e-156 6.16172383956326e-157 1.59434403726696 1.00000000017901
4.14197954100491e-159 2.1843524507314e-158 -2.74018099799416e-159 -1.72818708094586e-159 9.57982369173157e-160 3.85129793812224e-160 1.81935148550322e-159 1.30724991324749e-159 3.16054365423904e-160 -1.61039776359157e-160 -8.50963192975064 0.999999999950961
1.14935903033468e-156 5.74479129293248e-156 -7.30078637058474e-157 -4.37650117882067e-157 2.56980943142044e-157 1.02415175910289e-157 4.81415485565191e-157 3.44207236900245e-157 8.58529660731157e-158 -3.75466834122827e-158 2.85741260110535 0.999999999474625
3.4144521752643e-156 1.76426639875962e-155 -2.22457152178471e-156 -1.37698461136642e-156 7.80167549174499e-157 3.12626592403538e-157 1.4738946752994e-156 1.0569992236667e-156 2.58623586642404e-157 -1.24596279184042e-157 2.65271332094315 1.00000000003039
-3.38970742908407e-155 -1.79836747127961e-154 2.25474828656847e-155 1.42974471789895e-155 -7.88377917866006e-156 -3.17249635439798e-156 -1.49921410262165e-155 -1.07771247607662e-155 -2.59796109871966e-156 1.3420475624073e-156 3.32778841398589 0.999999999760342
8.81534333167084e-156 4.69520029541838e-155 -5.88215865053539e-156 -3.74248110758728e-156 2.05548150159915e-156 8.27693796687298e-157 3.91261479337034e-156 2.8136943737566e-156 6.76767440680301e-157 -3.53030874795049e-157 2.12162356323604 0.999999999872671
-1.32943703419045e-159 -7.04321262878133e-159 8.84449419250634e-160 5.59840600768124e-160 -3.09446661024313e-160 -1.24520771632172e-160 -5.88150442839043e-160 -4.2277386982347e-160 -1.02042570923826e-160 5.23536516515435e-161 -8.50290556214323 0.999999999950896
4.22404070405225e-157 2.19208737295862e-156 -2.7621449653899e-157 -1.71614139327069e-157 9.67927494463409e-158 3.88138844743369e-158 1.83062065420427e-157 1.31344879121721e-157 3.20594560415426e-158 -1.56146311007284e-158 2.13661677480103 0.999999999785082
5.41507670194757e-156 2.78731393078892e-155 -3.5179289430216e-156 -2.16982562884882e-156 1.23450274533345e-156 4.94370531402658e-157 2.32990693756143e-156 1.67026211247676e-156 4.09603166776806e-157 -1.95206770992191e-157 2.53409571965652 1.00000000038037
1.46701472379127e-156 7.44404319487457e-156 -9.42513695729055e-157 -5.73560633451729e-157 3.31343127491487e-157 1.32380875253893e-157 6.23088345585949e-157 4.46078187702215e-157 1.10293900044174e-157 -5.04894383163557e-158 2.29655029464223 1.0000000002893
1.97208570910171e-155 1.05043728456672e-154 -1.31612126642245e-155 -8.37310914241058e-156 4.59838911616449e-156 1.85167532461299e-156 8.7532276150593e-156 6.29501969172331e-156 1.51408213443721e-156 -7.89658760419677e-157 3.3644344161708 0.999999999805689
