1.18575755001899e-322 1.18575755001899e-322 -1.03753785626662e-322 -1.03753785626662e-322 1.38338380835549e-322 1.38338380835549e-322 1.03753785626662e-322 1.28457067918724e-322 1.23516411460312e-322 -1.13635098543487e-322 -29.5959124142974 0.999999999971194
1.18575755001899e-322 1.08694442085074e-322 -1.08694442085074e-322 -9.88131291682493e-323 1.03753785626662e-322 8.89318162514244e-323 9.38724727098368e-323 1.08694442085074e-322 9.38724727098368e-323 -1.13635098543487e-322 3.79073434137228 0.999999999577699
1.33397724377137e-322 1.67982319586024e-322 -1.43279037293961e-322 -1.28457067918724e-322 9.38724727098368e-323 1.08694442085074e-322 1.33397724377137e-322 1.08694442085074e-322 1.08694442085074e-322 -9.38724727098368e-323 4.04232358687214 0.999999999483223
1.23516411460312e-322 1.63041663127611e-322 -1.08694442085074e-322 -1.18575755001899e-322 9.38724727098368e-323 9.88131291682493e-323 1.13635098543487e-322 1.08694442085074e-322 1.08694442085074e-322 -1.13635098543487e-322 3.59431105059086 0.999999999651248
9.38724727098368e-323 1.13635098543487e-322 -6.91691904177745e-323 -3.45845952088873e-323 9.88131291682493e-324 -4.44659081257122e-323 3.45845952088873e-323 4.94065645841247e-324 -4.94065645841247e-323 6.91691904177745e-323 -29.6580047323155 0.999999999972006
2.02566914794911e-322 2.17388884170148e-322 -2.02566914794911e-322 -2.12448227711736e-322 2.27270197086973e-322 2.17388884170148e-322 2.12448227711736e-322 2.17388884170148e-322 2.12448227711736e-322 -2.07507571253324e-322 4.62863399118605 0.999999999732201
-5.92878775009496e-323 -1.03753785626662e-322 7.4109846876187e-323 6.91691904177745e-323 -8.89318162514244e-323 -9.88131291682493e-323 -5.92878775009496e-323 -7.4109846876187e-323 -8.39911597930119e-323 7.4109846876187e-323 -29.7190096582607 0.999999999971584
1.28457067918724e-322 1.23516411460312e-322 -1.33397724377137e-322 -1.48219693752374e-322 1.43279037293961e-322 9.88131291682493e-323 1.38338380835549e-322 1.43279037293961e-322 9.88131291682493e-323 -1.23516411460312e-322 -29.6250741338958 0.999999999971569
1.53160350210786e-322 1.38338380835549e-322 -1.48219693752374e-322 -1.48219693752374e-322 1.18575755001899e-322 1.28457067918724e-322 1.48219693752374e-322 1.53160350210786e-322 1.23516411460312e-322 -1.08694442085074e-322 4.65198318974674 0.999999999751046
4.44659081257122e-323 1.97626258336499e-323 -3.45845952088873e-323 -5.43472210425371e-323 4.94065645841247e-323 8.89318162514244e-323 5.92878775009496e-323 6.91691904177745e-323 8.39911597930119e-323 -9.38724727098368e-323 -29.5765079333933 0.999999999970785
2.22329540628561e-322 2.07507571253324e-322 -2.17388884170148e-322 -2.12448227711736e-322 2.02566914794911e-322 2.12448227711736e-322 2.12448227711736e-322 2.07507571253324e-322 2.17388884170148e-322 -2.17388884170148e-322 4.65256185054746 0.999999999873187
-2.22329540628561e-322 -2.32210853545386e-322 2.17388884170148e-322 2.22329540628561e-322 -2.32210853545386e-322 -2.27270197086973e-322 -2.22329540628561e-322 -2.27270197086973e-322 -2.27270197086973e-322 2.22329540628561e-322 3.67837303115863 0.99999999985438
2.27270197086973e-322 2.32210853545386e-322 -2.27270197086973e-322 -2.27270197086973e-322 2.22329540628561e-322 2.27270197086973e-322 2.27270197086973e-322 2.22329540628561e-322 2.22329540628561e-322 -2.32210853545386e-322 4.00399642941297 1.00000000037529
7.90505033345994e-323 9.88131291682493e-323 -5.43472210425371e-323 -4.44659081257122e-323 6.4228533959362e-323 7.90505033345994e-323 4.44659081257122e-323 6.4228533959362e-323 7.90505033345994e-323 -8.39911597930119e-323 -29.6978409064375 0.999999999970663
2.12448227711736e-322 2.07507571253324e-322 -2.17388884170148e-322 -2.12448227711736e-322 2.12448227711736e-322 2.12448227711736e-322 2.12448227711736e-322 2.12448227711736e-322 2.17388884170148e-322 -2.17388884170148e-322 6.36015248067683 1.00000000028578
-2.27270197086973e-322 -2.32210853545386e-322 2.27270197086973e-322 2.27270197086973e-322 -2.27270197086973e-322 -2.17388884170148e-322 -2.27270197086973e-322 -2.27270197086973e-322 -2.17388884170148e-322 2.22329540628561e-322 4.88749279839758 0.999999999864209
-6.4228533959362e-323 -8.39911597930119e-323 6.91691904177745e-323 2.47032822920623e-323 4.94065645841247e-324 1.97626258336499e-323 -2.47032822920623e-323 -4.94065645841247e-324 5.43472210425371e-323 -7.4109846876187e-323 -29.5422818724025 0.999999999970553
1.28457067918724e-322 1.33397724377137e-322 -1.28457067918724e-322 -1.13635098543487e-322 1.08694442085074e-322 1.23516411460312e-322 1.13635098543487e-322 1.18575755001899e-322 1.28457067918724e-322 -1.28457067918724e-322 -29.609815505461 0.999999999970199
1.18575755001899e-322 1.18575755001899e-322 -1.33397724377137e-322 -1.23516411460312e-322 1.08694442085074e-322 9.88131291682493e-323 1.18575755001899e-322 1.03753785626662e-322 8.39911597930119e-323 -9.88131291682493e-323 -29.6079751790119 0.999999999971242
-4.94065645841247e-323 -4.94065645841247e-323 4.44659081257122e-323 1.48219693752374e-323 -9.88131291682493e-324 3.45845952088873e-323 -1.97626258336499e-323 -2.47032822920623e-323 2.96439387504748e-323 -3.45845952088873e-323 -29.6318952003942 0.999999999970839
1.97626258336499e-322 1.72922976044436e-322 -1.72922976044436e-322 -1.82804288961261e-322 1.82804288961261e-322 1.63041663127611e-322 1.87744945419674e-322 1.87744945419674e-322 1.58101006669199e-322 -1.67982319586024e-322 5.09511487038354 0.999999999467563
6.4228533959362e-323 -4.94065645841247e-324 -4.44659081257122e-323 -5.43472210425371e-323 5.43472210425371e-323 1.08694442085074e-322 5.92878775009496e-323 5.92878775009496e-323 1.18575755001899e-322 -9.88131291682493e-323 -29.6412452837624 0.999999999971487
2.17388884170148e-322 2.17388884170148e-322 -2.22329540628561e-322 -2.27270197086973e-322 2.27270197086973e-322 2.22329540628561e-322 2.22329540628561e-322 2.27270197086973e-322 2.22329540628561e-322 -2.22329540628561e-322 5.99460302969705 1.00000000054536
1.18575755001899e-322 1.08694442085074e-322 -1.18575755001899e-322 -8.39911597930119e-323 9.88131291682493e-323 1.08694442085074e-322 9.38724727098368e-323 9.38724727098368e-323 1.13635098543487e-322 -1.18575755001899e-322 -29.5796162586206 0.999999999970931
2.12448227711736e-322 2.02566914794911e-322 -2.17388884170148e-322 -2.27270197086973e-322 2.07507571253324e-322 2.07507571253324e-322 2.27270197086973e-322 2.12448227711736e-322 2.12448227711736e-322 -2.22329540628561e-322 3.91821199869232 0.999999999717795
1.58101006669199e-322 1.43279037293961e-322 -1.67982319586024e-322 -1.48219693752374e-322 1.72922976044436e-322 1.58101006669199e-322 1.58101006669199e-322 1.63041663127611e-322 1.38338380835549e-322 -1.48219693752374e-322 3.70781595200812 0.999999999764428
-1.13635098543487e-322 -8.89318162514244e-323 1.28457067918724e-322 1.38338380835549e-322 -1.33397724377137e-322 -9.38724727098368e-323 -1.38338380835549e-322 -1.28457067918724e-322 -8.39911597930119e-323 2.96439387504748e-323 -29.545296071107 0.999999999971707
4.44659081257122e-323 2.47032822920623e-323 -3.45845952088873e-323 -1.48219693752374e-323 -4.94065645841247e-324 -2.47032822920623e-323 1.97626258336499e-323 4.94065645841247e-324 -2.47032822920623e-323 6.4228533959362e-323 -29.6199075801449 0.999999999970679
1.63041663127611e-322 1.38338380835549e-322 -1.48219693752374e-322 -1.28457067918724e-322 5.43472210425371e-323 3.45845952088873e-323 1.13635098543487e-322 9.88131291682493e-323 2.47032822920623e-323 -4.94065645841247e-324 4.5681007561219 0.999999999780628
9.88131291682493e-324 -2.96439387504748e-323 -2.96439387504748e-323 -4.94065645841247e-324 2.96439387504748e-323 1.97626258336499e-323 -4.94065645841247e-324 1.97626258336499e-323 0 -9.88131291682493e-324 -29.679050458099 0.999999999971045
5.43472210425371e-323 1.48219693752374e-323 -5.92878775009496e-323 -6.4228533959362e-323 7.90505033345994e-323 1.08694442085074e-322 5.92878775009496e-323 7.4109846876187e-323 1.13635098543487e-322 -9.88131291682493e-323 -29.5912087635581 0.999999999971307
9.38724727098368e-323 1.23516411460312e-322 -9.38724727098368e-323 -1.18575755001899e-322 9.38724727098368e-323 1.13635098543487e-322 1.13635098543487e-322 1.13635098543487e-322 1.18575755001899e-322 -1.13635098543487e-322 5.45804020294976 0.999999999745845
1.58101006669199e-322 1.58101006669199e-322 -1.63041663127611e-322 -1.72922976044436e-322 1.58101006669199e-322 1.63041663127611e-322 1.77863632502849e-322 1.72922976044436e-322 1.58101006669199e-322 -1.63041663127611e-322 5.68447201057023 0.99999999961685
1.82804288961261e-322 2.02566914794911e-322 -1.92685601878086e-322 -2.02566914794911e-322 1.97626258336499e-322 1.92685601878086e-322 2.02566914794911e-322 2.02566914794911e-322 1.92685601878086e-322 -1.87744945419674e-322 4.04863898493254 0.999999999990151
-9.88131291682493e-323 -8.39911597930119e-323 1.03753785626662e-322 1.18575755001899e-322 -1.43279037293961e-322 -1.18575755001899e-322 -1.13635098543487e-322 -1.18575755001899e-322 -1.23516411460312e-322 1.43279037293961e-322 -29.4983034868455 0.999999999971025
-3.45845952088873e-323 4.44659081257122e-323 4.94065645841247e-323 7.4109846876187e-323 -7.90505033345994e-323 -5.92878775009496e-323 -6.91691904177745e-323 -8.89318162514244e-323 -5.92878775009496e-323 5.43472210425371e-323 3.93157326895764 0.999999999906873
1.38338380835549e-322 1.63041663127611e-322 -1.33397724377137e-322 -1.43279037293961e-322 1.38338380835549e-322 1.58101006669199e-322 1.38338380835549e-322 1.48219693752374e-322 1.67982319586024e-322 -1.87744945419674e-322 4.91201906380166 0.999999999150147
-1.48219693752374e-323 4.44659081257122e-323 1.97626258336499e-323 3.95252516672997e-323 -4.44659081257122e-323 -1.97626258336499e-323 -2.96439387504748e-323 -4.44659081257122e-323 -4.94065645841247e-323 7.4109846876187e-323 -29.6074303365082 0.999999999971069
-1.77863632502849e-322 -1.43279037293961e-322 1.72922976044436e-322 1.92685601878086e-322 -2.02566914794911e-322 -1.92685601878086e-322 -1.92685601878086e-322 -1.92685601878086e-322 -1.92685601878086e-322 1.92685601878086e-322 4.86883687781115 0.999999999716507
2.47032822920623e-323 1.97626258336499e-323 -2.47032822920623e-323 -1.97626258336499e-323 1.97626258336499e-323 9.88131291682493e-324 1.97626258336499e-323 1.97626258336499e-323 3.95252516672997e-323 -2.47032822920623e-323 -29.5897883798147 0.99999999997126
8.39911597930119e-323 5.92878775009496e-323 -8.89318162514244e-323 -9.38724727098368e-323 8.89318162514244e-323 9.88131291682493e-323 9.38724727098368e-323 8.89318162514244e-323 1.13635098543487e-322 -1.28457067918724e-322 -29.7404714501416 0.999999999970567
-5.43472210425371e-323 -8.89318162514244e-323 2.96439387504748e-323 4.94065645841247e-323 -6.4228533959362e-323 -5.43472210425371e-323 -4.44659081257122e-323 -6.91691904177745e-323 -5.43472210425371e-323 3.45845952088873e-323 -29.5613654892897 0.99999999997171
1.97626258336499e-323 1.23516411460312e-322 1.48219693752374e-323 3.95252516672997e-323 -7.4109846876187e-323 -6.4228533959362e-323 -3.45845952088873e-323 -6.91691904177745e-323 -5.43472210425371e-323 5.43472210425371e-323 -29.5409481874525 0.999999999971357
-1.67982319586024e-322 -1.38338380835549e-322 1.48219693752374e-322 1.38338380835549e-322 -1.58101006669199e-322 -1.82804288961261e-322 -1.43279037293961e-322 -1.48219693752374e-322 -1.77863632502849e-322 1.38338380835549e-322 3.81705113645644 0.99999999970603
1.72922976044436e-322 1.92685601878086e-322 -1.82804288961261e-322 -1.67982319586024e-322 1.63041663127611e-322 1.72922976044436e-322 1.63041663127611e-322 1.72922976044436e-322 1.67982319586024e-322 -1.72922976044436e-322 4.90423412269712 0.999999999912522
-2.02566914794911e-322 -1.97626258336499e-322 1.92685601878086e-322 1.92685601878086e-322 -1.82804288961261e-322 -1.87744945419674e-322 -1.92685601878086e-322 -1.97626258336499e-322 -1.87744945419674e-322 2.02566914794911e-322 6.71319249053482 1.00000000065534
-2.47032822920623e-323 -2.96439387504748e-323 2.47032822920623e-323 7.90505033345994e-323 -1.18575755001899e-322 -9.88131291682493e-323 -7.4109846876187e-323 -9.38724727098368e-323 -9.88131291682493e-323 7.90505033345994e-323 4.60206441774792 0.999999999285859
-2.32210853545386e-322 -2.32210853545386e-322 2.32210853545386e-322 2.37151510003798e-322 -2.37151510003798e-322 -2.37151510003798e-322 -2.37151510003798e-322 -2.37151510003798e-322 -2.37151510003798e-322 2.37151510003798e-322 6.00690653343905 0.999999999854402
2.02566914794911e-322 2.02566914794911e-322 -2.02566914794911e-322 -2.07507571253324e-322 1.92685601878086e-322 2.07507571253324e-322 2.07507571253324e-322 1.97626258336499e-322 2.02566914794911e-322 -1.92685601878086e-322 5.54181991619308 0.999999999065462
1.82804288961261e-322 1.82804288961261e-322 -1.77863632502849e-322 -1.77863632502849e-322 1.72922976044436e-322 1.77863632502849e-322 1.72922976044436e-322 1.82804288961261e-322 1.77863632502849e-322 -1.67982319586024e-322 3.5561459678452 0.999999999690011
9.88131291682493e-324 -8.89318162514244e-323 -9.88131291682493e-324 -3.45845952088873e-323 3.45845952088873e-323 5.92878775009496e-323 2.47032822920623e-323 3.95252516672997e-323 4.94065645841247e-323 -5.43472210425371e-323 -29.4924086869668 0.999999999971057
-2.12448227711736e-322 -2.22329540628561e-322 2.22329540628561e-322 2.22329540628561e-322 -2.22329540628561e-322 -2.27270197086973e-322 -2.22329540628561e-322 -2.22329540628561e-322 -2.27270197086973e-322 2.27270197086973e-322 3.978026389315 1.00000000052076
-5.43472210425371e-323 -9.88131291682493e-323 8.89318162514244e-323 7.90505033345994e-323 -9.88131291682493e-323 -1.08694442085074e-322 -7.4109846876187e-323 -7.90505033345994e-323 -1.08694442085074e-322 1.43279037293961e-322 4.23168596325976 1.00000000021433
-1.13635098543487e-322 -1.23516411460312e-322 1.18575755001899e-322 1.28457067918724e-322 -1.33397724377137e-322 -1.53160350210786e-322 -1.28457067918724e-322 -1.33397724377137e-322 -1.53160350210786e-322 1.58101006669199e-322 -29.6692080745449 0.999999999971442
1.08694442085074e-322 7.4109846876187e-323 -9.38724727098368e-323 -1.03753785626662e-322 1.03753785626662e-322 9.88131291682493e-323 1.03753785626662e-322 9.88131291682493e-323 1.08694442085074e-322 -1.13635098543487e-322 -29.6228853947928 0.999999999971224
1.33397724377137e-322 1.13635098543487e-322 -1.33397724377137e-322 -1.28457067918724e-322 1.13635098543487e-322 1.33397724377137e-322 1.23516411460312e-322 1.28457067918724e-322 1.43279037293961e-322 -1.43279037293961e-322 -29.7361996951093 0.999999999970953
5.92878775009496e-323 4.44659081257122e-323 -5.43472210425371e-323 -7.4109846876187e-323 7.4109846876187e-323 8.89318162514244e-323 6.91691904177745e-323 6.4228533959362e-323 7.90505033345994e-323 -9.38724727098368e-323 -29.6239064003834 0.999999999970928
4.94065645841247e-324 1.38338380835549e-322 9.88131291682493e-324 6.4228533959362e-323 -7.90505033345994e-323 -7.4109846876187e-323 -4.94065645841247e-323 -5.92878775009496e-323 -8.89318162514244e-323 1.18575755001899e-322 4.19824825349598 1.00000000008956
2.07507571253324e-322 2.12448227711736e-322 -1.92685601878086e-322 -2.02566914794911e-322 1.97626258336499e-322 2.07507571253324e-322 2.02566914794911e-322 2.02566914794911e-322 2.07507571253324e-322 -2.12448227711736e-322 3.65274651782596 1.00000000019334
1.08694442085074e-322 1.03753785626662e-322 -8.89318162514244e-323 -1.03753785626662e-322 1.23516411460312e-322 1.13635098543487e-322 9.88131291682493e-323 1.13635098543487e-322 1.08694442085074e-322 -1.13635098543487e-322 -29.6655805646618 0.999999999972134
1.38338380835549e-322 1.03753785626662e-322 -1.38338380835549e-322 -1.23516411460312e-322 1.33397724377137e-322 1.13635098543487e-322 1.33397724377137e-322 1.38338380835549e-322 1.23516411460312e-322 -1.58101006669199e-322 -29.7143466711754 0.999999999971526
-1.92685601878086e-322 -2.17388884170148e-322 1.97626258336499e-322 2.12448227711736e-322 -2.07507571253324e-322 -1.92685601878086e-322 -2.12448227711736e-322 -2.12448227711736e-322 -1.97626258336499e-322 1.97626258336499e-322 4.96651726751553 0.999999999464161
-2.17388884170148e-322 -2.12448227711736e-322 2.12448227711736e-322 2.02566914794911e-322 -2.07507571253324e-322 -2.07507571253324e-322 -2.07507571253324e-322 -2.07507571253324e-322 -2.02566914794911e-322 2.12448227711736e-322 5.32468303235042 0.999999999840829
1.72922976044436e-322 1.67982319586024e-322 -1.72922976044436e-322 -1.87744945419674e-322 1.67982319586024e-322 1.58101006669199e-322 1.87744945419674e-322 1.72922976044436e-322 1.63041663127611e-322 -1.63041663127611e-322 4.24025125572869 0.999999999926925
1.72922976044436e-322 1.72922976044436e-322 -1.77863632502849e-322 -1.58101006669199e-322 1.63041663127611e-322 1.92685601878086e-322 1.63041663127611e-322 1.58101006669199e-322 1.67982319586024e-322 -1.72922976044436e-322 3.68872848140517 0.999999999937751
-2.12448227711736e-322 -2.22329540628561e-322 2.12448227711736e-322 2.17388884170148e-322 -2.07507571253324e-322 -2.07507571253324e-322 -2.17388884170148e-322 -2.12448227711736e-322 -2.07507571253324e-322 2.07507571253324e-322 5.84992231397134 0.999999999836447
-2.32210853545386e-322 -2.32210853545386e-322 2.32210853545386e-322 2.32210853545386e-322 -2.32210853545386e-322 -2.27270197086973e-322 -2.32210853545386e-322 -2.32210853545386e-322 -2.27270197086973e-322 2.27270197086973e-322 5.98240982696634 1.00000000028743
7.90505033345994e-323 2.47032822920623e-323 -1.03753785626662e-322 -9.88131291682493e-323 6.91691904177745e-323 6.91691904177745e-323 1.03753785626662e-322 8.39911597930119e-323 8.89318162514244e-323 -8.89318162514244e-323 -29.6036082842869 0.99999999997122
1.43279037293961e-322 1.38338380835549e-322 -1.38338380835549e-322 -1.33397724377137e-322 1.23516411460312e-322 1.08694442085074e-322 1.33397724377137e-322 1.13635098543487e-322 1.03753785626662e-322 -9.38724727098368e-323 -29.6202029881208 0.999999999970445
-1.87744945419674e-322 -1.97626258336499e-322 2.02566914794911e-322 1.97626258336499e-322 -2.02566914794911e-322 -2.17388884170148e-322 -1.97626258336499e-322 -2.07507571253324e-322 -2.17388884170148e-322 2.17388884170148e-322 5.36855793308345 0.999999999563684
-1.48219693752374e-323 5.43472210425371e-323 4.94065645841247e-323 3.95252516672997e-323 -3.45845952088873e-323 -9.88131291682493e-324 -3.45845952088873e-323 -4.94065645841247e-324 -1.48219693752374e-323 -1.97626258336499e-323 -29.7248405763977 0.999999999971256
-1.58101006669199e-322 -1.28457067918724e-322 1.38338380835549e-322 1.63041663127611e-322 -1.58101006669199e-322 -1.43279037293961e-322 -1.63041663127611e-322 -1.63041663127611e-322 -1.48219693752374e-322 1.43279037293961e-322 3.86285425383809 0.999999999697086
1.63041663127611e-322 1.28457067918724e-322 -1.43279037293961e-322 -1.43279037293961e-322 1.28457067918724e-322 1.23516411460312e-322 1.38338380835549e-322 1.33397724377137e-322 1.33397724377137e-322 -1.38338380835549e-322 -29.6162890285961 0.999999999970488
1.08694442085074e-322 1.18575755001899e-322 -9.88131291682493e-323 -1.18575755001899e-322 1.03753785626662e-322 1.23516411460312e-322 1.13635098543487e-322 9.38724727098368e-323 1.13635098543487e-322 -1.13635098543487e-322 -29.639412745334 0.99999999997085
1.23516411460312e-322 1.82804288961261e-322 -9.38724727098368e-323 -2.96439387504748e-323 4.94065645841247e-324 -8.39911597930119e-323 3.45845952088873e-323 1.48219693752374e-323 -7.4109846876187e-323 6.4228533959362e-323 3.49487236242668 0.999999999597273
1.13635098543487e-322 7.90505033345994e-323 -1.08694442085074e-322 -1.13635098543487e-322 1.08694442085074e-322 9.88131291682493e-323 1.18575755001899e-322 1.08694442085074e-322 1.03753785626662e-322 -6.4228533959362e-323 -29.6391912267409 0.999999999970902
2.12448227711736e-322 2.17388884170148e-322 -2.12448227711736e-322 -2.22329540628561e-322 2.27270197086973e-322 2.27270197086973e-322 2.17388884170148e-322 2.22329540628561e-322 2.32210853545386e-322 -2.32210853545386e-322 5.34918435231046 1.00000000035832
6.91691904177745e-323 8.39911597930119e-323 -6.4228533959362e-323 -7.4109846876187e-323 7.90505033345994e-323 6.4228533959362e-323 7.4109846876187e-323 8.89318162514244e-323 5.43472210425371e-323 -5.43472210425371e-323 -29.6874142617043 0.999999999971479
1.92685601878086e-322 1.77863632502849e-322 -2.02566914794911e-322 -1.97626258336499e-322 1.97626258336499e-322 2.07507571253324e-322 1.97626258336499e-322 1.97626258336499e-322 1.97626258336499e-322 -2.02566914794911e-322 5.75752116040817 1.00000000036949
1.72922976044436e-322 1.77863632502849e-322 -1.72922976044436e-322 -1.67982319586024e-322 1.63041663127611e-322 1.43279037293961e-322 1.67982319586024e-322 1.67982319586024e-322 1.38338380835549e-322 -1.67982319586024e-322 3.78736806520095 0.999999999538869
4.94065645841247e-323 -4.94065645841247e-324 -7.4109846876187e-323 -9.88131291682493e-323 9.38724727098368e-323 9.38724727098368e-323 9.38724727098368e-323 9.38724727098368e-323 7.90505033345994e-323 -7.4109846876187e-323 -29.6160853327381 0.999999999971583
-1.72922976044436e-322 -1.72922976044436e-322 1.82804288961261e-322 1.82804288961261e-322 -1.87744945419674e-322 -1.97626258336499e-322 -1.82804288961261e-322 -1.82804288961261e-322 -2.02566914794911e-322 1.82804288961261e-322 4.22684880250823 0.99999999926284
2.32210853545386e-322 2.37151510003798e-322 -2.27270197086973e-322 -2.32210853545386e-322 2.32210853545386e-322 2.32210853545386e-322 2.32210853545386e-322 2.32210853545386e-322 2.32210853545386e-322 -2.27270197086973e-322 5.53371323785761 1.00000000044415
-3.95252516672997e-323 4.44659081257122e-323 2.96439387504748e-323 2.47032822920623e-323 -4.94065645841247e-324 3.45845952088873e-323 -2.47032822920623e-323 -1.48219693752374e-323 4.44659081257122e-323 -6.91691904177745e-323 -29.6958763812923 0.999999999971253
2.96439387504748e-323 5.92878775009496e-323 -3.95252516672997e-323 -1.48219693752374e-323 4.94065645841247e-323 4.44659081257122e-323 1.48219693752374e-323 2.96439387504748e-323 2.47032822920623e-323 -1.97626258336499e-323 -29.5599211971867 0.999999999971219
1.82804288961261e-322 1.82804288961261e-322 -1.77863632502849e-322 -1.72922976044436e-322 1.87744945419674e-322 1.72922976044436e-322 1.67982319586024e-322 1.77863632502849e-322 1.77863632502849e-322 -1.82804288961261e-322 5.65260689749003 1.00000000030011
1.53160350210786e-322 1.77863632502849e-322 -1.43279037293961e-322 -1.43279037293961e-322 1.38338380835549e-322 1.28457067918724e-322 1.43279037293961e-322 1.43279037293961e-322 1.38338380835549e-322 -1.28457067918724e-322 4.27757408248392 0.999999999451908
2.22329540628561e-322 2.17388884170148e-322 -2.27270197086973e-322 -2.32210853545386e-322 2.32210853545386e-322 2.27270197086973e-322 2.27270197086973e-322 2.32210853545386e-322 2.32210853545386e-322 -2.32210853545386e-322 6.39238414443342 1.00000000037311
2.27270197086973e-322 2.02566914794911e-322 -2.17388884170148e-322 -2.22329540628561e-322 2.22329540628561e-322 2.12448227711736e-322 2.17388884170148e-322 2.22329540628561e-322 2.07507571253324e-322 -2.07507571253324e-322 4.04060522163577 0.999999999476173
-2.37151510003798e-322 -2.17388884170148e-322 2.37151510003798e-322 2.32210853545386e-322 -2.32210853545386e-322 -2.32210853545386e-322 -2.27270197086973e-322 -2.27270197086973e-322 -2.22329540628561e-322 2.17388884170148e-322 3.72534653452923 1.00000000024639
-9.38724727098368e-323 -1.23516411460312e-322 7.90505033345994e-323 6.4228533959362e-323 -2.96439387504748e-323 -9.88131291682493e-324 -4.94065645841247e-323 -3.95252516672997e-323 -4.94065645841247e-324 -2.47032822920623e-323 -29.6180624220126 0.999999999970984
1.33397724377137e-322 1.63041663127611e-322 -1.23516411460312e-322 -9.88131291682493e-323 8.89318162514244e-323 1.13635098543487e-322 9.88131291682493e-323 1.08694442085074e-322 1.23516411460312e-322 -1.28457067918724e-322 4.79013078346666 0.999999999500786
1.87744945419674e-322 1.87744945419674e-322 -1.77863632502849e-322 -1.87744945419674e-322 1.87744945419674e-322 1.77863632502849e-322 1.92685601878086e-322 1.97626258336499e-322 1.77863632502849e-322 -1.77863632502849e-322 4.00732967970445 1.00000000031573
-2.32210853545386e-322 -2.32210853545386e-322 2.32210853545386e-322 2.32210853545386e-322 -2.27270197086973e-322 -2.27270197086973e-322 -2.37151510003798e-322 -2.32210853545386e-322 -2.27270197086973e-322 2.27270197086973e-322 4.95114094995196 0.999999999587629
2.32210853545386e-322 2.17388884170148e-322 -2.32210853545386e-322 -2.27270197086973e-322 2.22329540628561e-322 2.32210853545386e-322 2.27270197086973e-322 2.22329540628561e-322 2.32210853545386e-322 -2.37151510003798e-322 4.62604124216686 1.00000000010704
-7.4109846876187e-323 -8.39911597930119e-323 7.90505033345994e-323 7.4109846876187e-323 -7.90505033345994e-323 -9.38724727098368e-323 -6.91691904177745e-323 -7.4109846876187e-323 -9.88131291682493e-323 9.88131291682493e-323 -29.639672419541 0.999999999970483
1.63041663127611e-322 1.82804288961261e-322 -1.77863632502849e-322 -1.77863632502849e-322 1.58101006669199e-322 1.92685601878086e-322 1.77863632502849e-322 1.72922976044436e-322 1.87744945419674e-322 -1.63041663127611e-322 3.72304644563171 0.999999999767826
1.87744945419674e-322 1.72922976044436e-322 -1.92685601878086e-322 -1.97626258336499e-322 2.02566914794911e-322 1.87744945419674e-322 2.02566914794911e-322 1.97626258336499e-322 1.87744945419674e-322 -1.87744945419674e-322 4.675386340718 0.999999999536787
2.02566914794911e-322 1.87744945419674e-322 -1.97626258336499e-322 -2.02566914794911e-322 2.12448227711736e-322 2.12448227711736e-322 2.02566914794911e-322 2.02566914794911e-322 2.12448227711736e-322 -1.87744945419674e-322 4.38389002221248 1.0000000001164
1.97626258336499e-322 2.12448227711736e-322 -1.97626258336499e-322 -1.97626258336499e-322 1.97626258336499e-322 2.02566914794911e-322 1.97626258336499e-322 1.92685601878086e-322 2.07507571253324e-322 -2.07507571253324e-322 5.62863472106317 1.00000000035525
