1.18575755001899e-322 1.18575755001899e-322 -1.03753785626662e-322 -1.03753785626662e-322 1.38338380835549e-322 1.38338380835549e-322 1.03753785626662e-322 1.28457067918724e-322 1.23516411460312e-322 -1.13635098543487e-322 -25.5278161091534 0.999999999969945
1.18575755001899e-322 1.08694442085074e-322 -1.08694442085074e-322 -9.88131291682493e-323 1.03753785626662e-322 8.89318162514244e-323 9.38724727098368e-323 1.08694442085074e-322 9.38724727098368e-323 -1.13635098543487e-322 3.3052618471685 0.99999999979471
1.33397724377137e-322 1.67982319586024e-322 -1.43279037293961e-322 -1.28457067918724e-322 9.38724727098368e-323 1.08694442085074e-322 1.33397724377137e-322 1.08694442085074e-322 1.08694442085074e-322 -9.38724727098368e-323 3.71660783976056 0.999999999605937
1.23516411460312e-322 1.63041663127611e-322 -1.08694442085074e-322 -1.18575755001899e-322 9.38724727098368e-323 9.88131291682493e-323 1.13635098543487e-322 1.08694442085074e-322 1.08694442085074e-322 -1.13635098543487e-322 3.6041064920443 0.999999999640766
9.38724727098368e-323 1.13635098543487e-322 -6.91691904177745e-323 -3.45845952088873e-323 9.88131291682493e-324 -4.44659081257122e-323 3.45845952088873e-323 4.94065645841247e-324 -4.94065645841247e-323 6.91691904177745e-323 -25.5876701965728 0.999999999969423
2.02566914794911e-322 2.17388884170148e-322 -2.02566914794911e-322 -2.12448227711736e-322 2.27270197086973e-322 2.17388884170148e-322 2.12448227711736e-322 2.17388884170148e-322 2.12448227711736e-322 -2.07507571253324e-322 4.73239933644704 1.00000000038992
-5.92878775009496e-323 -1.03753785626662e-322 7.4109846876187e-323 6.91691904177745e-323 -8.89318162514244e-323 -9.88131291682493e-323 -5.92878775009496e-323 -7.4109846876187e-323 -8.39911597930119e-323 7.4109846876187e-323 -25.6115829612433 0.999999999969571
1.28457067918724e-322 1.23516411460312e-322 -1.33397724377137e-322 -1.48219693752374e-322 1.43279037293961e-322 9.88131291682493e-323 1.38338380835549e-322 1.43279037293961e-322 9.88131291682493e-323 -1.23516411460312e-322 -25.5656490213487 0.999999999969119
1.53160350210786e-322 1.38338380835549e-322 -1.48219693752374e-322 -1.48219693752374e-322 1.18575755001899e-322 1.28457067918724e-322 1.48219693752374e-322 1.53160350210786e-322 1.23516411460312e-322 -1.08694442085074e-322 4.27512704383923 0.999999999661176
4.44659081257122e-323 1.97626258336499e-323 -3.45845952088873e-323 -5.43472210425371e-323 4.94065645841247e-323 8.89318162514244e-323 5.92878775009496e-323 6.91691904177745e-323 8.39911597930119e-323 -9.38724727098368e-323 -25.5180402893211 0.999999999969741
2.22329540628561e-322 2.07507571253324e-322 -2.17388884170148e-322 -2.12448227711736e-322 2.02566914794911e-322 2.12448227711736e-322 2.12448227711736e-322 2.07507571253324e-322 2.17388884170148e-322 -2.17388884170148e-322 5.08938927304623 1.00000000045131
-2.22329540628561e-322 -2.32210853545386e-322 2.17388884170148e-322 2.22329540628561e-322 -2.32210853545386e-322 -2.27270197086973e-322 -2.22329540628561e-322 -2.27270197086973e-322 -2.27270197086973e-322 2.22329540628561e-322 3.62305776840525 0.999999999854474
2.27270197086973e-322 2.32210853545386e-322 -2.27270197086973e-322 -2.27270197086973e-322 2.22329540628561e-322 2.27270197086973e-322 2.27270197086973e-322 2.22329540628561e-322 2.22329540628561e-322 -2.32210853545386e-322 3.83277067018524 0.999999999655272
7.90505033345994e-323 9.88131291682493e-323 -5.43472210425371e-323 -4.44659081257122e-323 6.4228533959362e-323 7.90505033345994e-323 4.44659081257122e-323 6.4228533959362e-323 7.90505033345994e-323 -8.39911597930119e-323 -25.5920430854268 0.999999999968443
2.12448227711736e-322 2.07507571253324e-322 -2.17388884170148e-322 -2.12448227711736e-322 2.12448227711736e-322 2.12448227711736e-322 2.12448227711736e-322 2.12448227711736e-322 2.17388884170148e-322 -2.17388884170148e-322 6.03385778055006 1.00000000050003
-2.27270197086973e-322 -2.32210853545386e-322 2.27270197086973e-322 2.27270197086973e-322 -2.27270197086973e-322 -2.17388884170148e-322 -2.27270197086973e-322 -2.27270197086973e-322 -2.17388884170148e-322 2.22329540628561e-322 4.48620939953263 0.999999999848017
-6.4228533959362e-323 -8.39911597930119e-323 6.91691904177745e-323 2.47032822920623e-323 4.94065645841247e-324 1.97626258336499e-323 -2.47032822920623e-323 -4.94065645841247e-324 5.43472210425371e-323 -7.4109846876187e-323 -25.4661269267748 0.999999999969249
1.28457067918724e-322 1.33397724377137e-322 -1.28457067918724e-322 -1.13635098543487e-322 1.08694442085074e-322 1.23516411460312e-322 1.13635098543487e-322 1.18575755001899e-322 1.28457067918724e-322 -1.28457067918724e-322 -25.5605099069233 0.999999999969377
1.18575755001899e-322 1.18575755001899e-322 -1.33397724377137e-322 -1.23516411460312e-322 1.08694442085074e-322 9.88131291682493e-323 1.18575755001899e-322 1.03753785626662e-322 8.39911597930119e-323 -9.88131291682493e-323 -25.51912449368 0.999999999968678
-4.94065645841247e-323 -4.94065645841247e-323 4.44659081257122e-323 1.48219693752374e-323 -9.88131291682493e-324 3.45845952088873e-323 -1.97626258336499e-323 -2.47032822920623e-323 2.96439387504748e-323 -3.45845952088873e-323 -25.5522585764626 0.999999999969196
1.97626258336499e-322 1.72922976044436e-322 -1.72922976044436e-322 -1.82804288961261e-322 1.82804288961261e-322 1.63041663127611e-322 1.87744945419674e-322 1.87744945419674e-322 1.58101006669199e-322 -1.67982319586024e-322 4.82034128633688 0.99999999955028
6.4228533959362e-323 -4.94065645841247e-324 -4.44659081257122e-323 -5.43472210425371e-323 5.43472210425371e-323 1.08694442085074e-322 5.92878775009496e-323 5.92878775009496e-323 1.18575755001899e-322 -9.88131291682493e-323 -25.5856097865141 0.999999999968764
2.17388884170148e-322 2.17388884170148e-322 -2.22329540628561e-322 -2.27270197086973e-322 2.27270197086973e-322 2.22329540628561e-322 2.22329540628561e-322 2.27270197086973e-322 2.22329540628561e-322 -2.22329540628561e-322 5.61112454106665 0.999999999936345
1.18575755001899e-322 1.08694442085074e-322 -1.18575755001899e-322 -8.39911597930119e-323 9.88131291682493e-323 1.08694442085074e-322 9.38724727098368e-323 9.38724727098368e-323 1.13635098543487e-322 -1.18575755001899e-322 -25.5132831837429 0.999999999968702
2.12448227711736e-322 2.02566914794911e-322 -2.17388884170148e-322 -2.27270197086973e-322 2.07507571253324e-322 2.07507571253324e-322 2.27270197086973e-322 2.12448227711736e-322 2.12448227711736e-322 -2.22329540628561e-322 3.37892810276829 1.0000000000997
1.58101006669199e-322 1.43279037293961e-322 -1.67982319586024e-322 -1.48219693752374e-322 1.72922976044436e-322 1.58101006669199e-322 1.58101006669199e-322 1.63041663127611e-322 1.38338380835549e-322 -1.48219693752374e-322 4.21532969585634 0.999999999932948
-1.13635098543487e-322 -8.89318162514244e-323 1.28457067918724e-322 1.38338380835549e-322 -1.33397724377137e-322 -9.38724727098368e-323 -1.38338380835549e-322 -1.28457067918724e-322 -8.39911597930119e-323 2.96439387504748e-323 -25.4882721154496 0.9999999999692
4.44659081257122e-323 2.47032822920623e-323 -3.45845952088873e-323 -1.48219693752374e-323 -4.94065645841247e-324 -2.47032822920623e-323 1.97626258336499e-323 4.94065645841247e-324 -2.47032822920623e-323 6.4228533959362e-323 -25.5810529941959 0.999999999969277
1.63041663127611e-322 1.38338380835549e-322 -1.48219693752374e-322 -1.28457067918724e-322 5.43472210425371e-323 3.45845952088873e-323 1.13635098543487e-322 9.88131291682493e-323 2.47032822920623e-323 -4.94065645841247e-324 4.76068835999371 0.999999999859961
9.88131291682493e-324 -2.96439387504748e-323 -2.96439387504748e-323 -4.94065645841247e-324 2.96439387504748e-323 1.97626258336499e-323 -4.94065645841247e-324 1.97626258336499e-323 0 -9.88131291682493e-324 -25.6027577669279 0.999999999969062
5.43472210425371e-323 1.48219693752374e-323 -5.92878775009496e-323 -6.4228533959362e-323 7.90505033345994e-323 1.08694442085074e-322 5.92878775009496e-323 7.4109846876187e-323 1.13635098543487e-322 -9.88131291682493e-323 -25.5427292530142 0.999999999969228
9.38724727098368e-323 1.23516411460312e-322 -9.38724727098368e-323 -1.18575755001899e-322 9.38724727098368e-323 1.13635098543487e-322 1.13635098543487e-322 1.13635098543487e-322 1.18575755001899e-322 -1.13635098543487e-322 5.35158318956281 1.00000000027628
1.58101006669199e-322 1.58101006669199e-322 -1.63041663127611e-322 -1.72922976044436e-322 1.58101006669199e-322 1.63041663127611e-322 1.77863632502849e-322 1.72922976044436e-322 1.58101006669199e-322 -1.63041663127611e-322 5.03092215835547 0.999999999471593
1.82804288961261e-322 2.02566914794911e-322 -1.92685601878086e-322 -2.02566914794911e-322 1.97626258336499e-322 1.92685601878086e-322 2.02566914794911e-322 2.02566914794911e-322 1.92685601878086e-322 -1.87744945419674e-322 3.8045283377321 0.999999999965558
-9.88131291682493e-323 -8.39911597930119e-323 1.03753785626662e-322 1.18575755001899e-322 -1.43279037293961e-322 -1.18575755001899e-322 -1.13635098543487e-322 -1.18575755001899e-322 -1.23516411460312e-322 1.43279037293961e-322 -25.4848116210436 0.999999999969423
-3.45845952088873e-323 4.44659081257122e-323 4.94065645841247e-323 7.4109846876187e-323 -7.90505033345994e-323 -5.92878775009496e-323 -6.91691904177745e-323 -8.89318162514244e-323 -5.92878775009496e-323 5.43472210425371e-323 4.00895504370669 0.999999999658863
1.38338380835549e-322 1.63041663127611e-322 -1.33397724377137e-322 -1.43279037293961e-322 1.38338380835549e-322 1.58101006669199e-322 1.38338380835549e-322 1.48219693752374e-322 1.67982319586024e-322 -1.87744945419674e-322 5.40579257869033 0.999999999969809
-1.48219693752374e-323 4.44659081257122e-323 1.97626258336499e-323 3.95252516672997e-323 -4.44659081257122e-323 -1.97626258336499e-323 -2.96439387504748e-323 -4.44659081257122e-323 -4.94065645841247e-323 7.4109846876187e-323 -25.5152441196994 0.999999999968603
-1.77863632502849e-322 -1.43279037293961e-322 1.72922976044436e-322 1.92685601878086e-322 -2.02566914794911e-322 -1.92685601878086e-322 -1.92685601878086e-322 -1.92685601878086e-322 -1.92685601878086e-322 1.92685601878086e-322 4.41997181465734 0.999999999798133
2.47032822920623e-323 1.97626258336499e-323 -2.47032822920623e-323 -1.97626258336499e-323 1.97626258336499e-323 9.88131291682493e-324 1.97626258336499e-323 1.97626258336499e-323 3.95252516672997e-323 -2.47032822920623e-323 -25.508626605342 0.999999999968622
8.39911597930119e-323 5.92878775009496e-323 -8.89318162514244e-323 -9.38724727098368e-323 8.89318162514244e-323 9.88131291682493e-323 9.38724727098368e-323 8.89318162514244e-323 1.13635098543487e-322 -1.28457067918724e-322 -25.6293653401475 0.999999999968814
-5.43472210425371e-323 -8.89318162514244e-323 2.96439387504748e-323 4.94065645841247e-323 -6.4228533959362e-323 -5.43472210425371e-323 -4.44659081257122e-323 -6.91691904177745e-323 -5.43472210425371e-323 3.45845952088873e-323 -25.5015397574986 0.999999999969551
1.97626258336499e-323 1.23516411460312e-322 1.48219693752374e-323 3.95252516672997e-323 -7.4109846876187e-323 -6.4228533959362e-323 -3.45845952088873e-323 -6.91691904177745e-323 -5.43472210425371e-323 5.43472210425371e-323 -25.4793057625554 0.999999999968921
-1.67982319586024e-322 -1.38338380835549e-322 1.48219693752374e-322 1.38338380835549e-322 -1.58101006669199e-322 -1.82804288961261e-322 -1.43279037293961e-322 -1.48219693752374e-322 -1.77863632502849e-322 1.38338380835549e-322 3.47532273806044 0.999999999736123
1.72922976044436e-322 1.92685601878086e-322 -1.82804288961261e-322 -1.67982319586024e-322 1.63041663127611e-322 1.72922976044436e-322 1.63041663127611e-322 1.72922976044436e-322 1.67982319586024e-322 -1.72922976044436e-322 5.21399785045629 1.00000000036797
-2.02566914794911e-322 -1.97626258336499e-322 1.92685601878086e-322 1.92685601878086e-322 -1.82804288961261e-322 -1.87744945419674e-322 -1.92685601878086e-322 -1.97626258336499e-322 -1.87744945419674e-322 2.02566914794911e-322 6.30667390536231 1.00000000112704
-2.47032822920623e-323 -2.96439387504748e-323 2.47032822920623e-323 7.90505033345994e-323 -1.18575755001899e-322 -9.88131291682493e-323 -7.4109846876187e-323 -9.38724727098368e-323 -9.88131291682493e-323 7.90505033345994e-323 5.00897498823416 0.999999999480272
-2.32210853545386e-322 -2.32210853545386e-322 2.32210853545386e-322 2.37151510003798e-322 -2.37151510003798e-322 -2.37151510003798e-322 -2.37151510003798e-322 -2.37151510003798e-322 -2.37151510003798e-322 2.37151510003798e-322 5.83878282888542 0.99999999993911
2.02566914794911e-322 2.02566914794911e-322 -2.02566914794911e-322 -2.07507571253324e-322 1.92685601878086e-322 2.07507571253324e-322 2.07507571253324e-322 1.97626258336499e-322 2.02566914794911e-322 -1.92685601878086e-322 5.5716007623056 0.999999999327997
1.82804288961261e-322 1.82804288961261e-322 -1.77863632502849e-322 -1.77863632502849e-322 1.72922976044436e-322 1.77863632502849e-322 1.72922976044436e-322 1.82804288961261e-322 1.77863632502849e-322 -1.67982319586024e-322 3.80228218466695 1.00000000008697
9.88131291682493e-324 -8.89318162514244e-323 -9.88131291682493e-324 -3.45845952088873e-323 3.45845952088873e-323 5.92878775009496e-323 2.47032822920623e-323 3.95252516672997e-323 4.94065645841247e-323 -5.43472210425371e-323 -25.4443972252521 0.999999999969609
-2.12448227711736e-322 -2.22329540628561e-322 2.22329540628561e-322 2.22329540628561e-322 -2.22329540628561e-322 -2.27270197086973e-322 -2.22329540628561e-322 -2.22329540628561e-322 -2.27270197086973e-322 2.27270197086973e-322 3.8213480583376 0.999999999806382
-5.43472210425371e-323 -9.88131291682493e-323 8.89318162514244e-323 7.90505033345994e-323 -9.88131291682493e-323 -1.08694442085074e-322 -7.4109846876187e-323 -7.90505033345994e-323 -1.08694442085074e-322 1.43279037293961e-322 3.58405356112024 0.999999999625033
-1.13635098543487e-322 -1.23516411460312e-322 1.18575755001899e-322 1.28457067918724e-322 -1.33397724377137e-322 -1.53160350210786e-322 -1.28457067918724e-322 -1.33397724377137e-322 -1.53160350210786e-322 1.58101006669199e-322 -25.6090250336282 0.999999999968373
1.08694442085074e-322 7.4109846876187e-323 -9.38724727098368e-323 -1.03753785626662e-322 1.03753785626662e-322 9.88131291682493e-323 1.03753785626662e-322 9.88131291682493e-323 1.08694442085074e-322 -1.13635098543487e-322 -25.5534819742404 0.999999999969295
1.33397724377137e-322 1.13635098543487e-322 -1.33397724377137e-322 -1.28457067918724e-322 1.13635098543487e-322 1.33397724377137e-322 1.23516411460312e-322 1.28457067918724e-322 1.43279037293961e-322 -1.43279037293961e-322 -25.6657143778794 0.999999999968958
5.92878775009496e-323 4.44659081257122e-323 -5.43472210425371e-323 -7.4109846876187e-323 7.4109846876187e-323 8.89318162514244e-323 6.91691904177745e-323 6.4228533959362e-323 7.90505033345994e-323 -9.38724727098368e-323 -25.5516686496897 0.999999999968857
4.94065645841247e-324 1.38338380835549e-322 9.88131291682493e-324 6.4228533959362e-323 -7.90505033345994e-323 -7.4109846876187e-323 -4.94065645841247e-323 -5.92878775009496e-323 -8.89318162514244e-323 1.18575755001899e-322 3.90701159696129 0.999999999595638
2.07507571253324e-322 2.12448227711736e-322 -1.92685601878086e-322 -2.02566914794911e-322 1.97626258336499e-322 2.07507571253324e-322 2.02566914794911e-322 2.02566914794911e-322 2.07507571253324e-322 -2.12448227711736e-322 3.56684899799235 0.999999999701745
1.08694442085074e-322 1.03753785626662e-322 -8.89318162514244e-323 -1.03753785626662e-322 1.23516411460312e-322 1.13635098543487e-322 9.88131291682493e-323 1.13635098543487e-322 1.08694442085074e-322 -1.13635098543487e-322 -25.6082788801332 0.999999999969012
1.38338380835549e-322 1.03753785626662e-322 -1.38338380835549e-322 -1.23516411460312e-322 1.33397724377137e-322 1.13635098543487e-322 1.33397724377137e-322 1.38338380835549e-322 1.23516411460312e-322 -1.58101006669199e-322 -25.6531102951735 0.999999999968062
-1.92685601878086e-322 -2.17388884170148e-322 1.97626258336499e-322 2.12448227711736e-322 -2.07507571253324e-322 -1.92685601878086e-322 -2.12448227711736e-322 -2.12448227711736e-322 -1.97626258336499e-322 1.97626258336499e-322 5.28474732246415 0.999999999233117
-2.17388884170148e-322 -2.12448227711736e-322 2.12448227711736e-322 2.02566914794911e-322 -2.07507571253324e-322 -2.07507571253324e-322 -2.07507571253324e-322 -2.07507571253324e-322 -2.02566914794911e-322 2.12448227711736e-322 5.25208405299894 0.999999999730134
1.72922976044436e-322 1.67982319586024e-322 -1.72922976044436e-322 -1.87744945419674e-322 1.67982319586024e-322 1.58101006669199e-322 1.87744945419674e-322 1.72922976044436e-322 1.63041663127611e-322 -1.63041663127611e-322 4.03111350208809 1.00000000022617
1.72922976044436e-322 1.72922976044436e-322 -1.77863632502849e-322 -1.58101006669199e-322 1.63041663127611e-322 1.92685601878086e-322 1.63041663127611e-322 1.58101006669199e-322 1.67982319586024e-322 -1.72922976044436e-322 3.92750054129635 0.999999999557751
-2.12448227711736e-322 -2.22329540628561e-322 2.12448227711736e-322 2.17388884170148e-322 -2.07507571253324e-322 -2.07507571253324e-322 -2.17388884170148e-322 -2.12448227711736e-322 -2.07507571253324e-322 2.07507571253324e-322 5.68242601124732 0.999999999474332
-2.32210853545386e-322 -2.32210853545386e-322 2.32210853545386e-322 2.32210853545386e-322 -2.32210853545386e-322 -2.27270197086973e-322 -2.32210853545386e-322 -2.32210853545386e-322 -2.27270197086973e-322 2.27270197086973e-322 5.85561741031823 1.00000000033723
7.90505033345994e-323 2.47032822920623e-323 -1.03753785626662e-322 -9.88131291682493e-323 6.91691904177745e-323 6.91691904177745e-323 1.03753785626662e-322 8.39911597930119e-323 8.89318162514244e-323 -8.89318162514244e-323 -25.5432545028645 0.999999999969179
1.43279037293961e-322 1.38338380835549e-322 -1.38338380835549e-322 -1.33397724377137e-322 1.23516411460312e-322 1.08694442085074e-322 1.33397724377137e-322 1.13635098543487e-322 1.03753785626662e-322 -9.38724727098368e-323 -25.5951397567864 0.999999999969231
-1.87744945419674e-322 -1.97626258336499e-322 2.02566914794911e-322 1.97626258336499e-322 -2.02566914794911e-322 -2.17388884170148e-322 -1.97626258336499e-322 -2.07507571253324e-322 -2.17388884170148e-322 2.17388884170148e-322 5.36998405677441 0.999999999853035
-1.48219693752374e-323 5.43472210425371e-323 4.94065645841247e-323 3.95252516672997e-323 -3.45845952088873e-323 -9.88131291682493e-324 -3.45845952088873e-323 -4.94065645841247e-324 -1.48219693752374e-323 -1.97626258336499e-323 -25.5897313691141 0.999999999968609
-1.58101006669199e-322 -1.28457067918724e-322 1.38338380835549e-322 1.63041663127611e-322 -1.58101006669199e-322 -1.43279037293961e-322 -1.63041663127611e-322 -1.63041663127611e-322 -1.48219693752374e-322 1.43279037293961e-322 3.75355517196428 1.00000000010602
1.63041663127611e-322 1.28457067918724e-322 -1.43279037293961e-322 -1.43279037293961e-322 1.28457067918724e-322 1.23516411460312e-322 1.38338380835549e-322 1.33397724377137e-322 1.33397724377137e-322 -1.38338380835549e-322 -25.5357891507994 0.999999999969454
1.08694442085074e-322 1.18575755001899e-322 -9.88131291682493e-323 -1.18575755001899e-322 1.03753785626662e-322 1.23516411460312e-322 1.13635098543487e-322 9.38724727098368e-323 1.13635098543487e-322 -1.13635098543487e-322 -25.5709217505514 0.999999999969071
1.23516411460312e-322 1.82804288961261e-322 -9.38724727098368e-323 -2.96439387504748e-323 4.94065645841247e-324 -8.39911597930119e-323 3.45845952088873e-323 1.48219693752374e-323 -7.4109846876187e-323 6.4228533959362e-323 3.79322701622673 0.999999999746953
1.13635098543487e-322 7.90505033345994e-323 -1.08694442085074e-322 -1.13635098543487e-322 1.08694442085074e-322 9.88131291682493e-323 1.18575755001899e-322 1.08694442085074e-322 1.03753785626662e-322 -6.4228533959362e-323 -25.5568136047305 0.999999999969081
2.12448227711736e-322 2.17388884170148e-322 -2.12448227711736e-322 -2.22329540628561e-322 2.27270197086973e-322 2.27270197086973e-322 2.17388884170148e-322 2.22329540628561e-322 2.32210853545386e-322 -2.32210853545386e-322 4.62400685279989 1.00000000001956
6.91691904177745e-323 8.39911597930119e-323 -6.4228533959362e-323 -7.4109846876187e-323 7.90505033345994e-323 6.4228533959362e-323 7.4109846876187e-323 8.89318162514244e-323 5.43472210425371e-323 -5.43472210425371e-323 -25.6268817165923 0.999999999969225
1.92685601878086e-322 1.77863632502849e-322 -2.02566914794911e-322 -1.97626258336499e-322 1.97626258336499e-322 2.07507571253324e-322 1.97626258336499e-322 1.97626258336499e-322 1.97626258336499e-322 -2.02566914794911e-322 5.24087526890055 0.999999999530811
1.72922976044436e-322 1.77863632502849e-322 -1.72922976044436e-322 -1.67982319586024e-322 1.63041663127611e-322 1.43279037293961e-322 1.67982319586024e-322 1.67982319586024e-322 1.38338380835549e-322 -1.67982319586024e-322 3.54605323957932 0.99999999971174
4.94065645841247e-323 -4.94065645841247e-324 -7.4109846876187e-323 -9.88131291682493e-323 9.38724727098368e-323 9.38724727098368e-323 9.38724727098368e-323 9.38724727098368e-323 7.90505033345994e-323 -7.4109846876187e-323 -25.5309568348402 0.999999999968557
-1.72922976044436e-322 -1.72922976044436e-322 1.82804288961261e-322 1.82804288961261e-322 -1.87744945419674e-322 -1.97626258336499e-322 -1.82804288961261e-322 -1.82804288961261e-322 -2.02566914794911e-322 1.82804288961261e-322 4.51062591495567 0.999999999352404
2.32210853545386e-322 2.37151510003798e-322 -2.27270197086973e-322 -2.32210853545386e-322 2.32210853545386e-322 2.32210853545386e-322 2.32210853545386e-322 2.32210853545386e-322 2.32210853545386e-322 -2.27270197086973e-322 5.15746356012199 0.999999999766993
-3.95252516672997e-323 4.44659081257122e-323 2.96439387504748e-323 2.47032822920623e-323 -4.94065645841247e-324 3.45845952088873e-323 -2.47032822920623e-323 -1.48219693752374e-323 4.44659081257122e-323 -6.91691904177745e-323 -25.6234696548117 0.999999999969096
2.96439387504748e-323 5.92878775009496e-323 -3.95252516672997e-323 -1.48219693752374e-323 4.94065645841247e-323 4.44659081257122e-323 1.48219693752374e-323 2.96439387504748e-323 2.47032822920623e-323 -1.97626258336499e-323 -25.5033375456526 0.999999999969101
1.82804288961261e-322 1.82804288961261e-322 -1.77863632502849e-322 -1.72922976044436e-322 1.87744945419674e-322 1.72922976044436e-322 1.67982319586024e-322 1.77863632502849e-322 1.77863632502849e-322 -1.82804288961261e-322 5.72767141114968 0.999999999630667
1.53160350210786e-322 1.77863632502849e-322 -1.43279037293961e-322 -1.43279037293961e-322 1.38338380835549e-322 1.28457067918724e-322 1.43279037293961e-322 1.43279037293961e-322 1.38338380835549e-322 -1.28457067918724e-322 4.68378494480001 0.999999999507931
2.22329540628561e-322 2.17388884170148e-322 -2.27270197086973e-322 -2.32210853545386e-322 2.32210853545386e-322 2.27270197086973e-322 2.27270197086973e-322 2.32210853545386e-322 2.32210853545386e-322 -2.32210853545386e-322 6.55832487643223 1.00000000060868
2.27270197086973e-322 2.02566914794911e-322 -2.17388884170148e-322 -2.22329540628561e-322 2.22329540628561e-322 2.12448227711736e-322 2.17388884170148e-322 2.22329540628561e-322 2.07507571253324e-322 -2.07507571253324e-322 3.92963668653652 0.999999999840168
-2.37151510003798e-322 -2.17388884170148e-322 2.37151510003798e-322 2.32210853545386e-322 -2.32210853545386e-322 -2.32210853545386e-322 -2.27270197086973e-322 -2.27270197086973e-322 -2.22329540628561e-322 2.17388884170148e-322 3.63384085269476 0.999999999903021
-9.38724727098368e-323 -1.23516411460312e-322 7.90505033345994e-323 6.4228533959362e-323 -2.96439387504748e-323 -9.88131291682493e-324 -4.94065645841247e-323 -3.95252516672997e-323 -4.94065645841247e-324 -2.47032822920623e-323 -25.5138791595325 0.999999999968913
1.33397724377137e-322 1.63041663127611e-322 -1.23516411460312e-322 -9.88131291682493e-323 8.89318162514244e-323 1.13635098543487e-322 9.88131291682493e-323 1.08694442085074e-322 1.23516411460312e-322 -1.28457067918724e-322 4.42097316453199 0.999999999649925
1.87744945419674e-322 1.87744945419674e-322 -1.77863632502849e-322 -1.87744945419674e-322 1.87744945419674e-322 1.77863632502849e-322 1.92685601878086e-322 1.97626258336499e-322 1.77863632502849e-322 -1.77863632502849e-322 3.58745044062755 0.999999999594553
-2.32210853545386e-322 -2.32210853545386e-322 2.32210853545386e-322 2.32210853545386e-322 -2.27270197086973e-322 -2.27270197086973e-322 -2.37151510003798e-322 -2.32210853545386e-322 -2.27270197086973e-322 2.27270197086973e-322 5.40184226909021 1.00000000098088
2.32210853545386e-322 2.17388884170148e-322 -2.32210853545386e-322 -2.27270197086973e-322 2.22329540628561e-322 2.32210853545386e-322 2.27270197086973e-322 2.22329540628561e-322 2.32210853545386e-322 -2.37151510003798e-322 4.23964516992776 0.999999999458391
-7.4109846876187e-323 -8.39911597930119e-323 7.90505033345994e-323 7.4109846876187e-323 -7.90505033345994e-323 -9.38724727098368e-323 -6.91691904177745e-323 -7.4109846876187e-323 -9.88131291682493e-323 9.88131291682493e-323 -25.5894221108472 0.999999999969197
1.63041663127611e-322 1.82804288961261e-322 -1.77863632502849e-322 -1.77863632502849e-322 1.58101006669199e-322 1.92685601878086e-322 1.77863632502849e-322 1.72922976044436e-322 1.87744945419674e-322 -1.63041663127611e-322 3.71851973506793 0.999999999875461
1.87744945419674e-322 1.72922976044436e-322 -1.92685601878086e-322 -1.97626258336499e-322 2.02566914794911e-322 1.87744945419674e-322 2.02566914794911e-322 1.97626258336499e-322 1.87744945419674e-322 -1.87744945419674e-322 4.92947680101408 0.99999999970835
2.02566914794911e-322 1.87744945419674e-322 -1.97626258336499e-322 -2.02566914794911e-322 2.12448227711736e-322 2.12448227711736e-322 2.02566914794911e-322 2.02566914794911e-322 2.12448227711736e-322 -1.87744945419674e-322 3.61478529911708 1.0000000001447
1.97626258336499e-322 2.12448227711736e-322 -1.97626258336499e-322 -1.97626258336499e-322 1.97626258336499e-322 2.02566914794911e-322 1.97626258336499e-322 1.92685601878086e-322 2.07507571253324e-322 -2.07507571253324e-322 5.27430415477423 1.00000000004399
