1.18575755001899e-322 1.18575755001899e-322 -1.03753785626662e-322 -1.03753785626662e-322 1.38338380835549e-322 1.38338380835549e-322 1.03753785626662e-322 1.28457067918724e-322 1.23516411460312e-322 -1.13635098543487e-322 -24.1643039910061 0.999999999967627
1.18575755001899e-322 1.08694442085074e-322 -1.08694442085074e-322 -9.88131291682493e-323 1.03753785626662e-322 8.89318162514244e-323 9.38724727098368e-323 1.08694442085074e-322 9.38724727098368e-323 -1.13635098543487e-322 3.84151542183234 0.999999999787377
1.33397724377137e-322 1.67982319586024e-322 -1.43279037293961e-322 -1.28457067918724e-322 9.38724727098368e-323 1.08694442085074e-322 1.33397724377137e-322 1.08694442085074e-322 1.08694442085074e-322 -9.38724727098368e-323 3.39801846690676 0.999999999654908
1.23516411460312e-322 1.63041663127611e-322 -1.08694442085074e-322 -1.18575755001899e-322 9.38724727098368e-323 9.88131291682493e-323 1.13635098543487e-322 1.08694442085074e-322 1.08694442085074e-322 -1.13635098543487e-322 3.96101538124666 0.999999999437409
9.38724727098368e-323 1.13635098543487e-322 -6.91691904177745e-323 -3.45845952088873e-323 9.88131291682493e-324 -4.44659081257122e-323 3.45845952088873e-323 4.94065645841247e-324 -4.94065645841247e-323 6.91691904177745e-323 -24.2224823960594 0.999999999968664
2.02566914794911e-322 2.17388884170148e-322 -2.02566914794911e-322 -2.12448227711736e-322 2.27270197086973e-322 2.17388884170148e-322 2.12448227711736e-322 2.17388884170148e-322 2.12448227711736e-322 -2.07507571253324e-322 4.39710461174565 0.999999999087173
-5.92878775009496e-323 -1.03753785626662e-322 7.4109846876187e-323 6.91691904177745e-323 -8.89318162514244e-323 -9.88131291682493e-323 -5.92878775009496e-323 -7.4109846876187e-323 -8.39911597930119e-323 7.4109846876187e-323 -24.2412197298833 0.999999999968282
1.28457067918724e-322 1.23516411460312e-322 -1.33397724377137e-322 -1.48219693752374e-322 1.43279037293961e-322 9.88131291682493e-323 1.38338380835549e-322 1.43279037293961e-322 9.88131291682493e-323 -1.23516411460312e-322 -24.1789517411283 0.999999999968444
1.53160350210786e-322 1.38338380835549e-322 -1.48219693752374e-322 -1.48219693752374e-322 1.18575755001899e-322 1.28457067918724e-322 1.48219693752374e-322 1.53160350210786e-322 1.23516411460312e-322 -1.08694442085074e-322 4.56833692201453 0.999999999569709
4.44659081257122e-323 1.97626258336499e-323 -3.45845952088873e-323 -5.43472210425371e-323 4.94065645841247e-323 8.89318162514244e-323 5.92878775009496e-323 6.91691904177745e-323 8.39911597930119e-323 -9.38724727098368e-323 -24.1703830362744 0.999999999968501
2.22329540628561e-322 2.07507571253324e-322 -2.17388884170148e-322 -2.12448227711736e-322 2.02566914794911e-322 2.12448227711736e-322 2.12448227711736e-322 2.07507571253324e-322 2.17388884170148e-322 -2.17388884170148e-322 4.95267682209289 1.0000000003349
-2.22329540628561e-322 -2.32210853545386e-322 2.17388884170148e-322 2.22329540628561e-322 -2.32210853545386e-322 -2.27270197086973e-322 -2.22329540628561e-322 -2.27270197086973e-322 -2.27270197086973e-322 2.22329540628561e-322 3.72987499484251 0.999999999522526
2.27270197086973e-322 2.32210853545386e-322 -2.27270197086973e-322 -2.27270197086973e-322 2.22329540628561e-322 2.27270197086973e-322 2.27270197086973e-322 2.22329540628561e-322 2.22329540628561e-322 -2.32210853545386e-322 4.00376819119042 0.999999999747624
7.90505033345994e-323 9.88131291682493e-323 -5.43472210425371e-323 -4.44659081257122e-323 6.4228533959362e-323 7.90505033345994e-323 4.44659081257122e-323 6.4228533959362e-323 7.90505033345994e-323 -8.39911597930119e-323 -24.2267606659602 0.999999999968249
2.12448227711736e-322 2.07507571253324e-322 -2.17388884170148e-322 -2.12448227711736e-322 2.12448227711736e-322 2.12448227711736e-322 2.12448227711736e-322 2.12448227711736e-322 2.17388884170148e-322 -2.17388884170148e-322 5.6270692788036 1.00000000044038
-2.27270197086973e-322 -2.32210853545386e-322 2.27270197086973e-322 2.27270197086973e-322 -2.27270197086973e-322 -2.17388884170148e-322 -2.27270197086973e-322 -2.27270197086973e-322 -2.17388884170148e-322 2.22329540628561e-322 4.7114579592801 0.999999999858602
-6.4228533959362e-323 -8.39911597930119e-323 6.91691904177745e-323 2.47032822920623e-323 4.94065645841247e-324 1.97626258336499e-323 -2.47032822920623e-323 -4.94065645841247e-324 5.43472210425371e-323 -7.4109846876187e-323 -24.1072194788846 0.999999999967965
1.28457067918724e-322 1.33397724377137e-322 -1.28457067918724e-322 -1.13635098543487e-322 1.08694442085074e-322 1.23516411460312e-322 1.13635098543487e-322 1.18575755001899e-322 1.28457067918724e-322 -1.28457067918724e-322 -24.202037274161 0.99999999996821
1.18575755001899e-322 1.18575755001899e-322 -1.33397724377137e-322 -1.23516411460312e-322 1.08694442085074e-322 9.88131291682493e-323 1.18575755001899e-322 1.03753785626662e-322 8.39911597930119e-323 -9.88131291682493e-323 -24.1599479238022 0.999999999967987
-4.94065645841247e-323 -4.94065645841247e-323 4.44659081257122e-323 1.48219693752374e-323 -9.88131291682493e-324 3.45845952088873e-323 -1.97626258336499e-323 -2.47032822920623e-323 2.96439387504748e-323 -3.45845952088873e-323 -24.181940553586 0.999999999967766
1.97626258336499e-322 1.72922976044436e-322 -1.72922976044436e-322 -1.82804288961261e-322 1.82804288961261e-322 1.63041663127611e-322 1.87744945419674e-322 1.87744945419674e-322 1.58101006669199e-322 -1.67982319586024e-322 4.66752405125041 0.999999999740345
6.4228533959362e-323 -4.94065645841247e-324 -4.44659081257122e-323 -5.43472210425371e-323 5.43472210425371e-323 1.08694442085074e-322 5.92878775009496e-323 5.92878775009496e-323 1.18575755001899e-322 -9.88131291682493e-323 -24.1928029118208 0.999999999968657
2.17388884170148e-322 2.17388884170148e-322 -2.22329540628561e-322 -2.27270197086973e-322 2.27270197086973e-322 2.22329540628561e-322 2.22329540628561e-322 2.27270197086973e-322 2.22329540628561e-322 -2.22329540628561e-322 5.52693318711366 0.999999999302979
1.18575755001899e-322 1.08694442085074e-322 -1.18575755001899e-322 -8.39911597930119e-323 9.88131291682493e-323 1.08694442085074e-322 9.38724727098368e-323 9.38724727098368e-323 1.13635098543487e-322 -1.18575755001899e-322 -24.1452556232174 0.999999999968013
2.12448227711736e-322 2.02566914794911e-322 -2.17388884170148e-322 -2.27270197086973e-322 2.07507571253324e-322 2.07507571253324e-322 2.27270197086973e-322 2.12448227711736e-322 2.12448227711736e-322 -2.22329540628561e-322 3.66481107490764 0.999999999503627
1.58101006669199e-322 1.43279037293961e-322 -1.67982319586024e-322 -1.48219693752374e-322 1.72922976044436e-322 1.58101006669199e-322 1.58101006669199e-322 1.63041663127611e-322 1.38338380835549e-322 -1.48219693752374e-322 4.34449513252947 0.999999999706217
-1.13635098543487e-322 -8.89318162514244e-323 1.28457067918724e-322 1.38338380835549e-322 -1.33397724377137e-322 -9.38724727098368e-323 -1.38338380835549e-322 -1.28457067918724e-322 -8.39911597930119e-323 2.96439387504748e-323 -24.1311464620296 0.999999999967593
4.44659081257122e-323 2.47032822920623e-323 -3.45845952088873e-323 -1.48219693752374e-323 -4.94065645841247e-324 -2.47032822920623e-323 1.97626258336499e-323 4.94065645841247e-324 -2.47032822920623e-323 6.4228533959362e-323 -24.2192784913138 0.99999999996893
1.63041663127611e-322 1.38338380835549e-322 -1.48219693752374e-322 -1.28457067918724e-322 5.43472210425371e-323 3.45845952088873e-323 1.13635098543487e-322 9.88131291682493e-323 2.47032822920623e-323 -4.94065645841247e-324 4.67258525931756 0.999999999998361
9.88131291682493e-324 -2.96439387504748e-323 -2.96439387504748e-323 -4.94065645841247e-324 2.96439387504748e-323 1.97626258336499e-323 -4.94065645841247e-324 1.97626258336499e-323 0 -9.88131291682493e-324 -24.2204456352675 0.999999999967929
5.43472210425371e-323 1.48219693752374e-323 -5.92878775009496e-323 -6.4228533959362e-323 7.90505033345994e-323 1.08694442085074e-322 5.92878775009496e-323 7.4109846876187e-323 1.13635098543487e-322 -9.88131291682493e-323 -24.1769598523545 0.999999999968293
9.38724727098368e-323 1.23516411460312e-322 -9.38724727098368e-323 -1.18575755001899e-322 9.38724727098368e-323 1.13635098543487e-322 1.13635098543487e-322 1.13635098543487e-322 1.18575755001899e-322 -1.13635098543487e-322 4.94086698531077 0.999999999250328
1.58101006669199e-322 1.58101006669199e-322 -1.63041663127611e-322 -1.72922976044436e-322 1.58101006669199e-322 1.63041663127611e-322 1.77863632502849e-322 1.72922976044436e-322 1.58101006669199e-322 -1.63041663127611e-322 5.33477082969998 0.999999999498452
1.82804288961261e-322 2.02566914794911e-322 -1.92685601878086e-322 -2.02566914794911e-322 1.97626258336499e-322 1.92685601878086e-322 2.02566914794911e-322 2.02566914794911e-322 1.92685601878086e-322 -1.87744945419674e-322 3.95768899708615 0.999999999995422
-9.88131291682493e-323 -8.39911597930119e-323 1.03753785626662e-322 1.18575755001899e-322 -1.43279037293961e-322 -1.18575755001899e-322 -1.13635098543487e-322 -1.18575755001899e-322 -1.23516411460312e-322 1.43279037293961e-322 -24.1235005997159 0.999999999967876
-3.45845952088873e-323 4.44659081257122e-323 4.94065645841247e-323 7.4109846876187e-323 -7.90505033345994e-323 -5.92878775009496e-323 -6.91691904177745e-323 -8.89318162514244e-323 -5.92878775009496e-323 5.43472210425371e-323 3.61716956892998 0.999999999442521
1.38338380835549e-322 1.63041663127611e-322 -1.33397724377137e-322 -1.43279037293961e-322 1.38338380835549e-322 1.58101006669199e-322 1.38338380835549e-322 1.48219693752374e-322 1.67982319586024e-322 -1.87744945419674e-322 5.23022484218155 0.99999999921294
-1.48219693752374e-323 4.44659081257122e-323 1.97626258336499e-323 3.95252516672997e-323 -4.44659081257122e-323 -1.97626258336499e-323 -2.96439387504748e-323 -4.44659081257122e-323 -4.94065645841247e-323 7.4109846876187e-323 -24.1362112507799 0.999999999968699
-1.77863632502849e-322 -1.43279037293961e-322 1.72922976044436e-322 1.92685601878086e-322 -2.02566914794911e-322 -1.92685601878086e-322 -1.92685601878086e-322 -1.92685601878086e-322 -1.92685601878086e-322 1.92685601878086e-322 4.59187537645961 0.999999999803832
2.47032822920623e-323 1.97626258336499e-323 -2.47032822920623e-323 -1.97626258336499e-323 1.97626258336499e-323 9.88131291682493e-324 1.97626258336499e-323 1.97626258336499e-323 3.95252516672997e-323 -2.47032822920623e-323 -24.1149634307278 0.999999999968176
8.39911597930119e-323 5.92878775009496e-323 -8.89318162514244e-323 -9.38724727098368e-323 8.89318162514244e-323 9.88131291682493e-323 9.38724727098368e-323 8.89318162514244e-323 1.13635098543487e-322 -1.28457067918724e-322 -24.2468155472673 0.999999999968613
-5.43472210425371e-323 -8.89318162514244e-323 2.96439387504748e-323 4.94065645841247e-323 -6.4228533959362e-323 -5.43472210425371e-323 -4.44659081257122e-323 -6.91691904177745e-323 -5.43472210425371e-323 3.45845952088873e-323 -24.1397373096626 0.99999999996846
1.97626258336499e-323 1.23516411460312e-322 1.48219693752374e-323 3.95252516672997e-323 -7.4109846876187e-323 -6.4228533959362e-323 -3.45845952088873e-323 -6.91691904177745e-323 -5.43472210425371e-323 5.43472210425371e-323 -24.1309942128253 0.999999999968353
-1.67982319586024e-322 -1.38338380835549e-322 1.48219693752374e-322 1.38338380835549e-322 -1.58101006669199e-322 -1.82804288961261e-322 -1.43279037293961e-322 -1.48219693752374e-322 -1.77863632502849e-322 1.38338380835549e-322 3.39230996840703 0.99999999960825
1.72922976044436e-322 1.92685601878086e-322 -1.82804288961261e-322 -1.67982319586024e-322 1.63041663127611e-322 1.72922976044436e-322 1.63041663127611e-322 1.72922976044436e-322 1.67982319586024e-322 -1.72922976044436e-322 4.83922580927209 0.999999999716297
-2.02566914794911e-322 -1.97626258336499e-322 1.92685601878086e-322 1.92685601878086e-322 -1.82804288961261e-322 -1.87744945419674e-322 -1.92685601878086e-322 -1.97626258336499e-322 -1.87744945419674e-322 2.02566914794911e-322 6.14151446858394 1.00000000042922
-2.47032822920623e-323 -2.96439387504748e-323 2.47032822920623e-323 7.90505033345994e-323 -1.18575755001899e-322 -9.88131291682493e-323 -7.4109846876187e-323 -9.38724727098368e-323 -9.88131291682493e-323 7.90505033345994e-323 4.75822462108342 0.999999999757373
-2.32210853545386e-322 -2.32210853545386e-322 2.32210853545386e-322 2.37151510003798e-322 -2.37151510003798e-322 -2.37151510003798e-322 -2.37151510003798e-322 -2.37151510003798e-322 -2.37151510003798e-322 2.37151510003798e-322 5.94377457688656 1.00000000072946
2.02566914794911e-322 2.02566914794911e-322 -2.02566914794911e-322 -2.07507571253324e-322 1.92685601878086e-322 2.07507571253324e-322 2.07507571253324e-322 1.97626258336499e-322 2.02566914794911e-322 -1.92685601878086e-322 5.91592176227767 0.999999999834094
1.82804288961261e-322 1.82804288961261e-322 -1.77863632502849e-322 -1.77863632502849e-322 1.72922976044436e-322 1.77863632502849e-322 1.72922976044436e-322 1.82804288961261e-322 1.77863632502849e-322 -1.67982319586024e-322 3.65469328440795 0.9999999999864
9.88131291682493e-324 -8.89318162514244e-323 -9.88131291682493e-324 -3.45845952088873e-323 3.45845952088873e-323 5.92878775009496e-323 2.47032822920623e-323 3.95252516672997e-323 4.94065645841247e-323 -5.43472210425371e-323 -24.1044642365356 0.999999999968523
-2.12448227711736e-322 -2.22329540628561e-322 2.22329540628561e-322 2.22329540628561e-322 -2.22329540628561e-322 -2.27270197086973e-322 -2.22329540628561e-322 -2.22329540628561e-322 -2.27270197086973e-322 2.27270197086973e-322 3.76138092835192 0.999999999688439
-5.43472210425371e-323 -9.88131291682493e-323 8.89318162514244e-323 7.90505033345994e-323 -9.88131291682493e-323 -1.08694442085074e-322 -7.4109846876187e-323 -7.90505033345994e-323 -1.08694442085074e-322 1.43279037293961e-322 3.91688750853656 0.999999999550445
-1.13635098543487e-322 -1.23516411460312e-322 1.18575755001899e-322 1.28457067918724e-322 -1.33397724377137e-322 -1.53160350210786e-322 -1.28457067918724e-322 -1.33397724377137e-322 -1.53160350210786e-322 1.58101006669199e-322 -24.2300618128836 0.999999999968155
1.08694442085074e-322 7.4109846876187e-323 -9.38724727098368e-323 -1.03753785626662e-322 1.03753785626662e-322 9.88131291682493e-323 1.03753785626662e-322 9.88131291682493e-323 1.08694442085074e-322 -1.13635098543487e-322 -24.2138513898768 0.999999999967846
1.33397724377137e-322 1.13635098543487e-322 -1.33397724377137e-322 -1.28457067918724e-322 1.13635098543487e-322 1.33397724377137e-322 1.23516411460312e-322 1.28457067918724e-322 1.43279037293961e-322 -1.43279037293961e-322 -24.2929842549434 0.999999999967822
5.92878775009496e-323 4.44659081257122e-323 -5.43472210425371e-323 -7.4109846876187e-323 7.4109846876187e-323 8.89318162514244e-323 6.91691904177745e-323 6.4228533959362e-323 7.90505033345994e-323 -9.38724727098368e-323 -24.2174103057698 0.999999999968632
4.94065645841247e-324 1.38338380835549e-322 9.88131291682493e-324 6.4228533959362e-323 -7.90505033345994e-323 -7.4109846876187e-323 -4.94065645841247e-323 -5.92878775009496e-323 -8.89318162514244e-323 1.18575755001899e-322 3.63203367765728 1.00000000002051
2.07507571253324e-322 2.12448227711736e-322 -1.92685601878086e-322 -2.02566914794911e-322 1.97626258336499e-322 2.07507571253324e-322 2.02566914794911e-322 2.02566914794911e-322 2.07507571253324e-322 -2.12448227711736e-322 3.73275328161452 1.00000000028978
1.08694442085074e-322 1.03753785626662e-322 -8.89318162514244e-323 -1.03753785626662e-322 1.23516411460312e-322 1.13635098543487e-322 9.88131291682493e-323 1.13635098543487e-322 1.08694442085074e-322 -1.13635098543487e-322 -24.24057912036 0.999999999968604
1.38338380835549e-322 1.03753785626662e-322 -1.38338380835549e-322 -1.23516411460312e-322 1.33397724377137e-322 1.13635098543487e-322 1.33397724377137e-322 1.38338380835549e-322 1.23516411460312e-322 -1.58101006669199e-322 -24.2651702740927 0.999999999967973
-1.92685601878086e-322 -2.17388884170148e-322 1.97626258336499e-322 2.12448227711736e-322 -2.07507571253324e-322 -1.92685601878086e-322 -2.12448227711736e-322 -2.12448227711736e-322 -1.97626258336499e-322 1.97626258336499e-322 5.45863032181617 1.00000000048693
-2.17388884170148e-322 -2.12448227711736e-322 2.12448227711736e-322 2.02566914794911e-322 -2.07507571253324e-322 -2.07507571253324e-322 -2.07507571253324e-322 -2.07507571253324e-322 -2.02566914794911e-322 2.12448227711736e-322 5.14088671907927 1.00000000004153
1.72922976044436e-322 1.67982319586024e-322 -1.72922976044436e-322 -1.87744945419674e-322 1.67982319586024e-322 1.58101006669199e-322 1.87744945419674e-322 1.72922976044436e-322 1.63041663127611e-322 -1.63041663127611e-322 3.96134964415199 0.99999999973548
1.72922976044436e-322 1.72922976044436e-322 -1.77863632502849e-322 -1.58101006669199e-322 1.63041663127611e-322 1.92685601878086e-322 1.63041663127611e-322 1.58101006669199e-322 1.67982319586024e-322 -1.72922976044436e-322 3.46855886173488 0.999999999799892
-2.12448227711736e-322 -2.22329540628561e-322 2.12448227711736e-322 2.17388884170148e-322 -2.07507571253324e-322 -2.07507571253324e-322 -2.17388884170148e-322 -2.12448227711736e-322 -2.07507571253324e-322 2.07507571253324e-322 5.99187284834079 0.999999999944586
-2.32210853545386e-322 -2.32210853545386e-322 2.32210853545386e-322 2.32210853545386e-322 -2.32210853545386e-322 -2.27270197086973e-322 -2.32210853545386e-322 -2.32210853545386e-322 -2.27270197086973e-322 2.27270197086973e-322 5.6779401805983 1.00000000175444
7.90505033345994e-323 2.47032822920623e-323 -1.03753785626662e-322 -9.88131291682493e-323 6.91691904177745e-323 6.91691904177745e-323 1.03753785626662e-322 8.39911597930119e-323 8.89318162514244e-323 -8.89318162514244e-323 -24.1974087390604 0.999999999968518
1.43279037293961e-322 1.38338380835549e-322 -1.38338380835549e-322 -1.33397724377137e-322 1.23516411460312e-322 1.08694442085074e-322 1.33397724377137e-322 1.13635098543487e-322 1.03753785626662e-322 -9.38724727098368e-323 -24.237064005365 0.999999999968516
-1.87744945419674e-322 -1.97626258336499e-322 2.02566914794911e-322 1.97626258336499e-322 -2.02566914794911e-322 -2.17388884170148e-322 -1.97626258336499e-322 -2.07507571253324e-322 -2.17388884170148e-322 2.17388884170148e-322 5.0073246464669 0.999999999591509
-1.48219693752374e-323 5.43472210425371e-323 4.94065645841247e-323 3.95252516672997e-323 -3.45845952088873e-323 -9.88131291682493e-324 -3.45845952088873e-323 -4.94065645841247e-324 -1.48219693752374e-323 -1.97626258336499e-323 -24.2202034777839 0.99999999996813
-1.58101006669199e-322 -1.28457067918724e-322 1.38338380835549e-322 1.63041663127611e-322 -1.58101006669199e-322 -1.43279037293961e-322 -1.63041663127611e-322 -1.63041663127611e-322 -1.48219693752374e-322 1.43279037293961e-322 3.81610671675915 0.999999999608474
1.63041663127611e-322 1.28457067918724e-322 -1.43279037293961e-322 -1.43279037293961e-322 1.28457067918724e-322 1.23516411460312e-322 1.38338380835549e-322 1.33397724377137e-322 1.33397724377137e-322 -1.38338380835549e-322 -24.1677431487563 0.999999999968227
1.08694442085074e-322 1.18575755001899e-322 -9.88131291682493e-323 -1.18575755001899e-322 1.03753785626662e-322 1.23516411460312e-322 1.13635098543487e-322 9.38724727098368e-323 1.13635098543487e-322 -1.13635098543487e-322 -24.2202287059337 0.999999999968287
1.23516411460312e-322 1.82804288961261e-322 -9.38724727098368e-323 -2.96439387504748e-323 4.94065645841247e-324 -8.39911597930119e-323 3.45845952088873e-323 1.48219693752374e-323 -7.4109846876187e-323 6.4228533959362e-323 4.21538755637631 1.00000000003078
1.13635098543487e-322 7.90505033345994e-323 -1.08694442085074e-322 -1.13635098543487e-322 1.08694442085074e-322 9.88131291682493e-323 1.18575755001899e-322 1.08694442085074e-322 1.03753785626662e-322 -6.4228533959362e-323 -24.1941455297718 0.999999999967956
2.12448227711736e-322 2.17388884170148e-322 -2.12448227711736e-322 -2.22329540628561e-322 2.27270197086973e-322 2.27270197086973e-322 2.17388884170148e-322 2.22329540628561e-322 2.32210853545386e-322 -2.32210853545386e-322 4.18344279543425 0.999999999838505
6.91691904177745e-323 8.39911597930119e-323 -6.4228533959362e-323 -7.4109846876187e-323 7.90505033345994e-323 6.4228533959362e-323 7.4109846876187e-323 8.89318162514244e-323 5.43472210425371e-323 -5.43472210425371e-323 -24.2475888188439 0.999999999968485
1.92685601878086e-322 1.77863632502849e-322 -2.02566914794911e-322 -1.97626258336499e-322 1.97626258336499e-322 2.07507571253324e-322 1.97626258336499e-322 1.97626258336499e-322 1.97626258336499e-322 -2.02566914794911e-322 5.16705365554886 0.999999999515913
1.72922976044436e-322 1.77863632502849e-322 -1.72922976044436e-322 -1.67982319586024e-322 1.63041663127611e-322 1.43279037293961e-322 1.67982319586024e-322 1.67982319586024e-322 1.38338380835549e-322 -1.67982319586024e-322 3.66857378618517 1.0000000001851
4.94065645841247e-323 -4.94065645841247e-324 -7.4109846876187e-323 -9.88131291682493e-323 9.38724727098368e-323 9.38724727098368e-323 9.38724727098368e-323 9.38724727098368e-323 7.90505033345994e-323 -7.4109846876187e-323 -24.1626888365855 0.999999999967714
-1.72922976044436e-322 -1.72922976044436e-322 1.82804288961261e-322 1.82804288961261e-322 -1.87744945419674e-322 -1.97626258336499e-322 -1.82804288961261e-322 -1.82804288961261e-322 -2.02566914794911e-322 1.82804288961261e-322 4.76002201774679 0.999999999273754
2.32210853545386e-322 2.37151510003798e-322 -2.27270197086973e-322 -2.32210853545386e-322 2.32210853545386e-322 2.32210853545386e-322 2.32210853545386e-322 2.32210853545386e-322 2.32210853545386e-322 -2.27270197086973e-322 5.10702931020461 1.00000000020858
-3.95252516672997e-323 4.44659081257122e-323 2.96439387504748e-323 2.47032822920623e-323 -4.94065645841247e-324 3.45845952088873e-323 -2.47032822920623e-323 -1.48219693752374e-323 4.44659081257122e-323 -6.91691904177745e-323 -24.2537597652454 0.999999999968069
2.96439387504748e-323 5.92878775009496e-323 -3.95252516672997e-323 -1.48219693752374e-323 4.94065645841247e-323 4.44659081257122e-323 1.48219693752374e-323 2.96439387504748e-323 2.47032822920623e-323 -1.97626258336499e-323 -24.151303101405 0.999999999967493
1.82804288961261e-322 1.82804288961261e-322 -1.77863632502849e-322 -1.72922976044436e-322 1.87744945419674e-322 1.72922976044436e-322 1.67982319586024e-322 1.77863632502849e-322 1.77863632502849e-322 -1.82804288961261e-322 5.58342475552393 0.999999999828083
1.53160350210786e-322 1.77863632502849e-322 -1.43279037293961e-322 -1.43279037293961e-322 1.38338380835549e-322 1.28457067918724e-322 1.43279037293961e-322 1.43279037293961e-322 1.38338380835549e-322 -1.28457067918724e-322 4.86505780231617 1.00000000046033
2.22329540628561e-322 2.17388884170148e-322 -2.27270197086973e-322 -2.32210853545386e-322 2.32210853545386e-322 2.27270197086973e-322 2.27270197086973e-322 2.32210853545386e-322 2.32210853545386e-322 -2.32210853545386e-322 6.10271190187529 0.999999999693466
2.27270197086973e-322 2.02566914794911e-322 -2.17388884170148e-322 -2.22329540628561e-322 2.22329540628561e-322 2.12448227711736e-322 2.17388884170148e-322 2.22329540628561e-322 2.07507571253324e-322 -2.07507571253324e-322 4.01374896813541 1.00000000041729
-2.37151510003798e-322 -2.17388884170148e-322 2.37151510003798e-322 2.32210853545386e-322 -2.32210853545386e-322 -2.32210853545386e-322 -2.27270197086973e-322 -2.27270197086973e-322 -2.22329540628561e-322 2.17388884170148e-322 3.34760064876289 1.00000000034883
-9.38724727098368e-323 -1.23516411460312e-322 7.90505033345994e-323 6.4228533959362e-323 -2.96439387504748e-323 -9.88131291682493e-324 -4.94065645841247e-323 -3.95252516672997e-323 -4.94065645841247e-324 -2.47032822920623e-323 -24.146987988567 0.999999999967769
1.33397724377137e-322 1.63041663127611e-322 -1.23516411460312e-322 -9.88131291682493e-323 8.89318162514244e-323 1.13635098543487e-322 9.88131291682493e-323 1.08694442085074e-322 1.23516411460312e-322 -1.28457067918724e-322 4.43869365429129 0.99999999992926
1.87744945419674e-322 1.87744945419674e-322 -1.77863632502849e-322 -1.87744945419674e-322 1.87744945419674e-322 1.77863632502849e-322 1.92685601878086e-322 1.97626258336499e-322 1.77863632502849e-322 -1.77863632502849e-322 3.82736569553765 0.999999999653328
-2.32210853545386e-322 -2.32210853545386e-322 2.32210853545386e-322 2.32210853545386e-322 -2.27270197086973e-322 -2.27270197086973e-322 -2.37151510003798e-322 -2.32210853545386e-322 -2.27270197086973e-322 2.27270197086973e-322 4.78877570188543 1.00000000006727
2.32210853545386e-322 2.17388884170148e-322 -2.32210853545386e-322 -2.27270197086973e-322 2.22329540628561e-322 2.32210853545386e-322 2.27270197086973e-322 2.22329540628561e-322 2.32210853545386e-322 -2.37151510003798e-322 3.57697018395136 1.00000000014981
-7.4109846876187e-323 -8.39911597930119e-323 7.90505033345994e-323 7.4109846876187e-323 -7.90505033345994e-323 -9.38724727098368e-323 -6.91691904177745e-323 -7.4109846876187e-323 -9.88131291682493e-323 9.88131291682493e-323 -24.2447494050706 0.999999999968202
1.63041663127611e-322 1.82804288961261e-322 -1.77863632502849e-322 -1.77863632502849e-322 1.58101006669199e-322 1.92685601878086e-322 1.77863632502849e-322 1.72922976044436e-322 1.87744945419674e-322 -1.63041663127611e-322 2.97188103785977 0.999999999830153
1.87744945419674e-322 1.72922976044436e-322 -1.92685601878086e-322 -1.97626258336499e-322 2.02566914794911e-322 1.87744945419674e-322 2.02566914794911e-322 1.97626258336499e-322 1.87744945419674e-322 -1.87744945419674e-322 4.66243068444928 1.00000000007157
2.02566914794911e-322 1.87744945419674e-322 -1.97626258336499e-322 -2.02566914794911e-322 2.12448227711736e-322 2.12448227711736e-322 2.02566914794911e-322 2.02566914794911e-322 2.12448227711736e-322 -1.87744945419674e-322 3.5949757436016 1.00000000045374
1.97626258336499e-322 2.12448227711736e-322 -1.97626258336499e-322 -1.97626258336499e-322 1.97626258336499e-322 2.02566914794911e-322 1.97626258336499e-322 1.92685601878086e-322 2.07507571253324e-322 -2.07507571253324e-322 5.12877513756985 1.00000000022491
