-2.81119248389011e-78 -1.66641437387017e-77 2.05890882153143e-78 1.42846126220215e-78 -7.1351432555258e-79 -2.91747771595061e-79 -1.39136831963508e-78 -1.00951639782959e-78 -2.30029337572012e-79 1.49984244590285e-79 -5.3668932060143 0.999999999942285
-1.13120806622056e-76 -8.8680306213335e-76 1.03961705640556e-76 8.65345688297581e-77 -3.51668611127218e-77 -1.49978680397273e-77 -7.27342667894105e-77 -5.38187677193498e-77 -1.06425319720713e-77 1.09709876286851e-77 1.73567103025088 0.999999999865375
3.46641443002686e-77 1.50134815596595e-77 -6.54094749651101e-78 8.03385831827358e-78 3.08462971840852e-78 7.39630541068134e-79 2.36810937692639e-78 7.87648491616749e-79 1.5898348117309e-78 2.46424599604453e-78 1.25923931153674 1.00000000008503
1.93236900508817e-77 -3.45487991536639e-77 6.79798928540375e-79 1.02674059460572e-77 4.33242263313572e-79 -2.279623857383e-79 -2.01656682578764e-78 -2.19794639015163e-78 5.98948001293687e-79 2.33322769394635e-78 0.860451695186855 0.999999999774663
-7.32058617204984e-79 -4.79839827544365e-78 5.84209678720892e-79 4.33034180736115e-79 -1.99313854742602e-79 -8.31141749885948e-80 -3.97788525695884e-79 -2.91521755369985e-79 -6.2941539410487e-80 4.89908629582017e-80 -5.38055607028352 0.999999999942044
1.99392961224748e-75 1.07180240829879e-74 -1.36169015794212e-75 -8.64544665271235e-76 4.72828824929837e-76 1.90125022313967e-76 9.00839008120903e-76 6.4961873308964e-76 1.56422246261879e-76 -7.97569714372823e-77 2.20680089125715 0.999999999710135
1.81858842357968e-78 8.66875839702887e-78 -1.12058244105143e-78 -6.38692974210824e-79 3.98061285496273e-79 1.57436227052511e-79 7.35785856545509e-79 5.23685271252533e-79 1.34664150102379e-79 -4.95476180956094e-80 -5.39957719080712 0.999999999941582
-1.24304608888715e-78 -7.71990265840618e-78 9.41385298350917e-79 6.79453926940737e-79 -3.26295755451679e-79 -1.34288155025469e-79 -6.42919208291358e-79 -4.6752051116934e-79 -1.03913188798311e-79 7.49253521127754e-80 -5.3472960384491 0.999999999941151
-1.97870019208775e-76 -1.350533745704e-75 1.6511460173595e-76 1.23851197071362e-76 -5.55511051416457e-77 -2.34891377071598e-77 -1.1176312651371e-76 -8.25662147565401e-77 -1.74217526453592e-77 1.41664083742278e-77 1.96178908249414 0.999999999610068
1.02474006313827e-78 3.98370002990291e-78 -5.38895798190267e-79 -2.38966614275703e-79 1.97204282549337e-79 7.49814763256446e-80 3.44466387052756e-79 2.39217179744175e-79 6.98134848071436e-80 -8.04472430399085e-81 -5.38619255714571 0.999999999941478
1.70620020557737e-75 1.08347448848473e-74 -1.30653258847638e-75 -9.64943095158131e-76 4.54872862369085e-76 1.87833514891614e-76 9.00815896996958e-76 6.54923280275972e-76 1.43693081726092e-76 -1.09657648749999e-76 2.48880701382834 1.00000000005813
-1.84245738401276e-75 -9.80221047646596e-75 1.23701653812978e-75 7.84991604450978e-76 -4.34267654014574e-76 -1.74830889342738e-76 -8.25261190024177e-76 -5.93331960899898e-76 -1.43304171208682e-76 7.32446072083425e-77 1.17345073091573 1.00000000007048
2.16666274922823e-75 1.33747687253846e-74 -1.62660684935315e-75 -1.1730812758077e-75 5.66126865211894e-76 2.33015559122675e-76 1.11417738120465e-75 8.09175876102228e-76 1.80188562712403e-76 -1.29706340579929e-76 1.6575600525947 1.0000000000874
8.78550490557307e-80 -9.26977465626505e-79 7.69869651182262e-80 1.50617267247423e-79 -2.12840676702741e-80 -1.26049123956241e-80 -6.9158921093333e-80 -5.68880719714545e-80 -2.24597400228971e-81 2.84347526623397e-80 -5.37008663122902 0.999999999941612
3.48665472951987e-75 1.97379452067693e-74 -2.44840612467443e-75 -1.64414204793123e-75 8.57388767568758e-76 3.49754034693179e-76 1.65442343768082e-75 1.19531608243362e-75 2.7827602860506e-76 -1.67115391931676e-76 3.30901887258387 0.999999999936755
-4.5419442592311e-75 -2.29912093006815e-74 2.93342484894057e-75 1.77689134190444e-75 -1.03517993508397e-75 -4.13553180548508e-76 -1.9434828739203e-75 -1.39112382873168e-75 -3.45578675732899e-76 1.53961126668709e-76 2.09822577329917 1.00000000026396
5.45006173562795e-79 1.97693009731476e-78 -2.74157355228711e-79 -1.07789903430374e-79 9.98180795374715e-80 3.70245112650352e-80 1.70750197725172e-79 1.17570636284226e-79 3.61557437137221e-80 -6.01786106627869e-82 -5.31583896828603 0.999999999942034
1.87163119952055e-79 4.97501389559025e-79 -7.52898569352971e-80 -1.31632022851419e-80 2.86866821163824e-80 9.50232874023332e-81 4.41157428979685e-80 2.85535084906262e-80 1.12012421870786e-80 3.79083323446683e-81 -5.3123216216553 0.999999999941019
5.53845057856017e-79 3.47698983173949e-78 -4.20424654564049e-79 -3.08611186218204e-79 1.46609398470995e-79 6.00948175629651e-80 2.89563166857704e-79 2.10022645745761e-79 4.65447030378872e-80 -3.46699278222464e-80 -5.3377045252992 0.999999999941757
-1.48447299889447e-78 -8.62162390521283e-78 1.06638499824057e-78 7.30050599425296e-79 -3.71070409592262e-79 -1.5130518156752e-79 -7.20371884965449e-79 -5.21476651227418e-79 -1.20030389629857e-79 7.55969863901074e-80 -5.35651322178714 0.999999999941195
3.59665205700918e-76 8.6668950088472e-76 -1.33257650627486e-76 -1.24961932807911e-77 5.37633452377966e-77 1.85599334579765e-77 8.01908436061366e-77 5.13423935474748e-77 2.09178396012314e-77 8.60586276823416e-78 2.33077220121432 0.999999999900606
-8.17647049022081e-79 -4.60474708066849e-78 5.72168304828634e-79 3.82106062210031e-79 -2.00125579356893e-79 -8.16105762959751e-80 -3.85773687889903e-79 -2.78720823210518e-79 -6.50472957727828e-80 3.85472662626304e-80 -5.38305041450553 0.99999999994217
7.14650806609628e-75 3.94211053143484e-74 -4.91347619741106e-75 -3.23324897619128e-75 1.72645051045818e-75 6.99757783123858e-76 3.31019569889059e-75 2.3846932836112e-75 5.63741086680628e-76 -3.19484908079363e-76 3.15769551605958 0.999999999555774
-7.59117597941472e-79 -4.97000087877666e-78 6.0704299592179e-79 4.48553504606613e-79 -2.06674452902456e-79 -8.59449843508643e-80 -4.12106249635668e-79 -3.02064708944582e-79 -6.53808994911535e-80 5.04036452571631e-80 -5.3572432129727 0.999999999942039
1.90106714013619e-75 1.07811283567679e-74 -1.34848079151581e-75 -9.00237794061134e-76 4.67766300600339e-76 1.89782511116244e-76 9.02752158135762e-76 6.53161260641051e-76 1.52571138863516e-76 -8.96523188754098e-77 1.48461450865892 0.999999999910713
2.25073237577459e-78 -1.47856490234213e-76 1.42744971199607e-77 2.05699231891381e-77 -4.2663396584271e-78 -2.18419545290974e-78 -1.14071827882558e-77 -9.05767249794183e-78 -8.7103453479428e-79 3.53539615127258e-78 1.44096948018629 0.999999999767095
1.05288605454675e-79 -1.78765046259977e-78 1.55000068186427e-79 2.71669911960913e-79 -4.57741732125707e-80 -2.54361580715282e-80 -1.35698442734855e-79 -1.09287214150214e-79 -6.93441843630804e-81 5.00672312776927e-80 -5.35532605196375 0.999999999941512
-1.84597453295905e-78 -9.94833898017907e-78 1.24590767329756e-78 8.03207890578991e-79 -4.38800021513569e-79 -1.77327537984101e-79 -8.36643983609935e-79 -6.01624660606486e-79 -1.44004445807637e-79 7.71997527317263e-80 -5.37680353452861 0.999999999940973
4.23306963418135e-76 1.24973261599108e-75 -1.84585201663227e-76 -4.56045060515625e-77 6.96568858291634e-77 2.50246084497759e-77 1.11770108508041e-76 7.48006233808683e-77 2.63712920625647e-77 5.81010176924265e-78 2.41601872818929 0.999999999730749
-2.74096819633222e-78 -1.65102237654991e-77 2.02084890269181e-78 1.42828322270944e-78 -7.04044268002841e-79 -2.88907113248392e-79 -1.37780278608083e-78 -9.99347458723825e-79 -2.25402816744456e-79 1.54256942858802e-79 -5.39832243482166 0.999999999941162
1.66251436860599e-78 8.47310659707704e-78 -1.07619839059921e-78 -6.58648249493193e-79 3.80635111934859e-79 1.51941157641728e-79 7.15677327853371e-79 5.11941379128152e-79 1.26734648791461e-79 -5.81572418725454e-80 -5.36138190689925 0.999999999941485
5.56207915298315e-77 -7.06807213048815e-76 6.13342987226962e-77 1.11183090802447e-76 -1.69603739274386e-77 -9.80739584110934e-78 -5.28787000162181e-77 -4.3416747347452e-77 -2.1771645535265e-78 2.05794444747594e-77 2.76141538080741 0.999999999790079
5.90739051042544e-76 1.67728348672548e-75 -2.50619285073641e-76 -5.39782212169779e-77 9.51260355874977e-77 3.43024105805572e-77 1.50811933911773e-76 1.00597774042456e-76 3.6266724780062e-77 9.56252240176883e-78 3.48634780208441 0.999999999762209
7.74430193857135e-76 2.75051428836535e-75 -3.76348889369164e-76 -1.45647272868874e-76 1.41922592804368e-76 5.32002900614904e-77 2.40928703742322e-76 1.64799037719663e-76 5.08430501337611e-77 -1.13848260501636e-78 1.76731189728229 0.999999999809046
-2.64618732799335e-78 -1.42143406263114e-77 1.78849683265352e-78 1.14552533035432e-78 -6.2755793008939e-79 -2.53193112831595e-79 -1.19566914802458e-78 -8.60283905559118e-79 -2.06566960978569e-79 1.08492735851156e-79 -5.39385579591763 0.999999999943212
3.30443251614725e-77 -2.6516413078968e-79 -4.74711105364362e-78 9.65091737408798e-78 2.4955492547252e-78 4.94262875275523e-79 1.11523712340757e-78 -1.44993624687636e-79 1.41382613130504e-78 2.67479606129863e-78 1.54413108566578 0.999999999852123
6.15559140850331e-77 -6.84223015767642e-76 5.86130075808502e-77 1.09595741172997e-76 -1.59612454464579e-77 -9.54633330218614e-78 -5.09088666441085e-77 -4.22714212839729e-77 -1.72854491330442e-78 2.05412324269508e-77 2.86012637040735 0.999999999584874
-1.41104317609695e-78 -8.36788302437474e-78 1.02736672799879e-78 7.17108303074675e-79 -3.58976002898926e-79 -1.4742946198848e-79 -6.99870232277813e-79 -5.0730092382901e-79 -1.15179418142698e-79 7.654374980563e-80 -5.31229820331579 0.999999999941299
-5.39098970546915e-76 -4.30728926118875e-75 4.99712952335494e-76 4.23795307873222e-76 -1.70619065899864e-76 -7.2793414985078e-77 -3.53355929590553e-76 -2.61183851308515e-76 -5.1101777835363e-77 5.48630058911883e-77 2.07224395699536 0.999999999698639
1.58588078859268e-78 8.33738187262403e-78 -1.04896288693455e-78 -6.63008401607827e-79 3.70407614560308e-79 1.4839906643548e-79 7.02054147022289e-79 5.03089128944135e-79 1.22417765349049e-79 -6.16345627095225e-80 -5.35621600904335 0.999999999942417
1.68629675595924e-78 8.21026149809901e-78 -1.05188248694741e-78 -6.16136588864896e-79 3.74116393865253e-79 1.48092199616867e-79 6.95312741213518e-79 4.95001251015375e-79 1.25835455051704e-79 -5.04616900949669e-80 -5.36257208490665 0.999999999941677
3.1872945040261e-79 6.25897792642176e-80 -4.94967966339408e-80 8.4806156328188e-80 2.60985524506152e-80 6.1297309483684e-81 1.59410378486302e-80 2.6160553408632e-81 1.382958450979e-80 2.38548968403093e-80 -5.34544372534307 0.999999999941415
-4.89485410670769e-79 -3.39518393492153e-78 3.99510299460413e-79 3.15434586905829e-79 -1.39382304965529e-79 -5.85820081600268e-80 -2.81277580022356e-79 -2.05480769918614e-79 -4.29419774459652e-80 3.86117256237263e-80 -5.36567449182896 0.999999999941318
6.14562691732817e-77 2.67317926043512e-76 -3.51385094564617e-77 -1.81682286227636e-77 1.26843359324586e-77 4.92064130056148e-78 2.28763511765773e-77 1.60880356539135e-77 4.37766360589369e-78 -1.12418767554213e-78 0.961695989333218 0.999999999836177
1.0055122533158e-75 5.11588851209666e-75 -6.49805428971953e-76 -3.97084126856216e-76 2.29825512986579e-76 9.1773711961025e-77 4.32065503164837e-76 3.09032876082376e-76 7.6559700363149e-77 -3.49905684478513e-77 2.7088587694292 0.999999999663763
-7.79088077115714e-75 -3.60916510331111e-74 4.7359764124318e-75 2.59340618528425e-75 -1.67494689521443e-75 -6.60186412230664e-76 -3.07305190772411e-75 -2.18684408775445e-75 -5.72238798187463e-76 1.82660041030503e-76 3.6317896899375 1.00000000016073
-2.79119319942861e-76 -3.07091833805149e-75 3.42253028603204e-76 3.32141892159061e-76 -1.13513549835421e-76 -5.05058201333446e-77 -2.4808753160373e-76 -1.86900243050815e-76 -3.18705112120097e-77 4.74120343238506e-77 2.32734389973844 0.99999999986064
-1.25741039101309e-74 -6.60545982978476e-74 8.34690942347301e-75 5.24547751011199e-75 -2.93801295113257e-75 -1.17968883519907e-75 -5.56645879551896e-75 -3.99531344388441e-75 -9.72002528399462e-76 4.82600929949047e-76 3.76382509230554 1.00000000014242
2.70099894414272e-75 1.05973383105922e-74 -1.41560711612417e-75 -6.42281060593348e-76 5.2492348538938e-76 2.01043752624081e-76 9.18378280098075e-76 6.37170504246343e-76 1.84041334761314e-76 -2.60861392054992e-77 3.32162652683426 1.00000000000189
1.16545964086435e-76 2.57773459804524e-76 -4.20225791136067e-77 -9.85487456651159e-79 1.66162876962744e-77 5.58710931069964e-78 2.41064999907743e-77 1.52782890085911e-77 6.69383012890796e-78 3.5104340862682e-78 1.19815621040508 0.999999999708932
-8.80018900541822e-79 -4.85802354288172e-78 6.0727077364272e-79 3.98105652350676e-79 -2.12403154629134e-79 -8.6258462031376e-80 -4.07485911151298e-79 -2.94020001734392e-79 -6.94304184054025e-80 3.90744551230646e-80 -5.31995777855303 0.999999999942326
-8.48904654396074e-76 -4.63480729397056e-75 5.80921401486023e-76 3.77667427459154e-76 -2.03578851013878e-76 -8.22901916389524e-77 -3.89361731526632e-76 -2.80460161074975e-76 -6.6755831390388e-77 3.65385302937437e-77 1.30830199722472 0.999999999997643
4.19307741571415e-77 3.80297081321511e-77 -9.63415674459868e-78 7.00846105317319e-78 4.33923620790423e-78 1.18780861522033e-78 4.42610364647829e-78 2.13735763404593e-78 2.04657467677631e-78 2.49050384605396e-78 1.41384794080969 0.999999999862308
-8.29664368383465e-79 -5.2334175428644e-78 6.3424817566608e-79 4.6340341727653e-79 -2.19915200937359e-79 -9.12182479717766e-80 -4.35087919760358e-79 -3.16940598011491e-79 -6.96103379854204e-80 5.21095934356324e-80 -5.35351791921667 0.999999999941037
-1.34602842253965e-78 -8.57145926315634e-78 1.04082025994399e-78 7.63498005695334e-79 -3.59277828977503e-79 -1.4868593151516e-79 -7.12081575189969e-79 -5.19177963128931e-79 -1.13778083573279e-79 8.57696613322048e-80 -5.34089843775102 0.999999999941617
-1.72935036525507e-78 -9.37466539436968e-78 1.17244265395473e-78 7.59968987760504e-79 -4.12771668619357e-79 -1.66976194352124e-79 -7.88160828580649e-79 -5.67021231155268e-79 -1.35274597452018e-79 7.36164348494523e-80 -5.34087068611139 0.999999999941647
3.795204417062e-79 1.15989023232542e-78 -1.69613127365557e-79 -4.60681804545094e-80 6.34589296705224e-80 2.28570683798986e-80 1.02851169060425e-79 6.92046415492498e-80 2.38540695798412e-80 4.39905980020424e-81 -5.35347687813018 0.999999999940903
-4.00831142363106e-76 -2.10410912910162e-75 2.70588133329963e-76 1.66139080561664e-76 -9.35296496780633e-77 -3.79005132831947e-77 -1.77231184645826e-76 -1.2816600480913e-76 -3.11097866817192e-77 1.45969638570368e-77 1.70933823435451 1.00000000012499
6.85014447123884e-76 3.62709630190167e-75 -4.62728463692444e-76 -2.89639887141248e-76 1.60817130050562e-76 6.4490136258634e-77 3.05255570073731e-76 2.19876042371377e-76 5.34083354638808e-77 -2.61021606278271e-77 1.27488254595905 0.999999999776109
-1.43193488425168e-79 -1.98704870695501e-78 2.11733951993403e-79 2.26320375370169e-79 -7.08106603821359e-80 -3.22764170282637e-80 -1.59991401043203e-79 -1.20866913858745e-79 -1.89609157787275e-80 3.44051910518071e-80 -5.38349677635547 0.999999999942224
1.17216156328913e-78 5.95681221708441e-78 -7.57487061925434e-79 -4.61905161038415e-79 2.67865983160171e-79 1.06981039290298e-79 5.0333243727669e-79 3.60079046709975e-79 8.92522493513329e-80 -4.05534937113677e-80 -5.35558833251685 0.999999999941813
-5.2281088049356e-76 -3.00347669760409e-75 3.63009536144884e-76 2.5339902851863e-76 -1.30067387982086e-76 -5.28532664339064e-77 -2.51696443564853e-76 -1.8058682818552e-76 -4.16908842826884e-77 2.74169874400127e-77 3.17301801772401 1.00000000061168
-3.06361362584427e-75 -1.6589568270614e-74 2.08472581883378e-75 1.34424526106092e-75 -7.30516808889651e-76 -2.94934044509082e-76 -1.39434343488927e-75 -1.00396533269406e-75 -2.40064028660176e-76 1.28458382637868e-76 2.67432057945546 0.999999999885554
4.83327188284963e-77 6.47057863268258e-77 -1.33507256490369e-77 5.29021957958183e-78 5.64230446969294e-78 1.70411302715229e-78 6.74932606002452e-78 3.79522039989466e-78 2.50578825077981e-78 2.42337889441988e-78 1.23066835401439 0.999999999776414
8.09774338350724e-77 2.63657724631052e-76 -3.75515751711017e-77 -1.19976798292704e-77 1.40553372100616e-77 5.17958687363909e-78 2.32914110440333e-77 1.58083660555121e-77 5.19286690605739e-78 5.25245269610108e-79 0.677406211004172 0.999999999795096
-5.2282564530735e-75 -2.91138212487418e-74 3.62033754343471e-75 2.40548096719073e-75 -1.27179330589713e-75 -5.14576021879648e-76 -2.44310795078806e-75 -1.75990457489417e-75 -4.14562975547408e-76 2.4025533086943e-76 3.64079848917093 0.999999999974469
-1.18247522397847e-74 -6.22928398947986e-74 7.84689495385544e-75 4.96021514072082e-75 -2.76952321031607e-75 -1.11154167483265e-75 -5.25068256275085e-75 -3.76566525229049e-75 -9.14880028962497e-76 4.61204998386284e-76 3.44783277791134 0.999999999806234
2.34676502479254e-78 1.20945394776301e-77 -1.53401659340656e-78 -9.4726211616678e-79 5.40874923738539e-79 2.16326231781914e-79 1.01981606575597e-78 7.30633079873769e-79 1.79704183180226e-79 -8.47844255929061e-80 -5.3828185651527 0.999999999941608
7.35678042820882e-79 2.07862959288043e-78 -3.07367828128415e-79 -6.63882548436296e-80 1.18684428111478e-79 4.25155656669555e-80 1.87430460585411e-79 1.24245479085296e-79 4.49693273180578e-80 1.14607769716891e-80 -5.41549906421014 0.999999999942163
-1.62656709531468e-75 -7.82884033671663e-75 1.00334480702592e-75 5.81570503393595e-76 -3.58630098370327e-76 -1.42415213880882e-76 -6.64828713529692e-76 -4.72871484106327e-76 -1.20695665821764e-76 4.71153103559107e-77 2.88687557971028 0.99999999953039
3.12513533967332e-79 1.40570427016473e-78 -1.83046997076353e-79 -9.86838014859976e-80 6.58503892815505e-80 2.56035574154731e-80 1.1978353142173e-79 8.44614172349485e-80 2.25500494533374e-80 -6.78232284171808e-81 -5.38743316164659 0.999999999941924
4.01373225998495e-77 -5.34930504401896e-77 -2.52655809800623e-78 1.90562513041453e-77 1.38358623429178e-78 -1.87286760847208e-79 -2.8631455678429e-78 -3.16879437327941e-78 1.44950820285507e-78 4.7830125725281e-78 1.32989389009734 0.999999999749493
-4.74655445837041e-79 -2.8610923751683e-78 3.49042686345785e-79 2.47263646834119e-79 -1.2215958112664e-79 -5.03847752107386e-80 -2.3898179940255e-79 -1.73401615136089e-79 -3.89476508078698e-80 2.69785717417446e-80 -5.33971897605432 0.999999999941503
-7.37008228054368e-79 -4.69622019613867e-78 5.69553500714095e-79 4.18209183544359e-79 -1.96862252277384e-79 -8.16046299349296e-80 -3.90125198246145e-79 -2.84496690095669e-79 -6.22415088858837e-80 4.71458679177149e-80 -5.39955877235836 0.999999999941987
-2.40833258270867e-76 -1.29089546301454e-75 1.65760310024867e-76 1.03266627506513e-76 -5.6989119588403e-77 -2.32354503606405e-77 -1.08554433895296e-76 -7.8769492783693e-77 -1.88775419641663e-77 9.28682085992583e-78 1.67684950818888 0.999999999873901
-1.71667648519169e-78 -1.02821796490901e-77 1.26938747123543e-78 8.85934230472503e-79 -4.38666315525642e-79 -1.80011339112809e-79 -8.57771282919192e-79 -6.23393803103272e-79 -1.41149845562012e-79 9.3707803545971e-80 -5.34250956311991 0.999999999941417
2.1439363977537e-75 1.30482387824453e-74 -1.59065194139119e-75 -1.13568010011518e-75 5.54582048845842e-76 2.27764737128217e-76 1.08798054311925e-75 7.89192423611928e-76 1.7704688669557e-76 -1.24194580167156e-76 2.45933244210474 1.0000000002236
-2.07364304626786e-78 -1.240791629263e-77 1.52606597697872e-78 1.06908835326457e-78 -5.2977348953706e-79 -2.17102961768211e-79 -1.03532015162729e-78 -7.51314384890835e-79 -1.70180100679259e-79 1.13900779266018e-79 -5.38372948663397 0.999999999942385
1.27108005666665e-75 6.34585480352116e-75 -8.13042956375973e-76 -4.8529862301193e-76 2.86876864456002e-76 1.14301632137747e-76 5.36751174144859e-76 3.8382863434765e-76 9.61444843959225e-77 -4.0917489458121e-77 2.7819468788261 0.99999999966005
-1.45543146452602e-77 -2.10605113069406e-76 2.29971974141501e-77 2.4140673490617e-77 -7.4188790666366e-78 -3.37030200352639e-78 -1.6850590579187e-77 -1.28360628256125e-77 -2.00632609489827e-78 3.58585014698618e-78 1.53621287946968 0.999999999730426
8.44233965670798e-80 -2.85221016778065e-79 1.75882806105115e-80 6.2567153235593e-80 -2.00337656240297e-81 -3.06277938846599e-81 -1.90196012095691e-80 -1.79721805479019e-80 1.72772420852537e-81 1.29911275326247e-80 -5.43196370544623 0.999999999941666
-3.5430469448135e-76 -2.59211805377719e-75 3.04699950131564e-76 2.46771535038888e-76 -1.04940251518038e-76 -4.40899776486302e-77 -2.13793312178554e-76 -1.56888621827809e-76 -3.21038561601428e-77 3.06387985401545e-77 2.19654239563929 0.999999999486868
4.23033042967487e-75 2.43304779812503e-74 -3.01145986912689e-75 -2.04853769611305e-75 1.05146257582226e-75 4.28545236856407e-76 2.03627949337928e-75 1.4724630531015e-75 3.40513151224437e-76 -2.10882843742711e-76 2.87597282018192 0.999999999982439
1.7690197597105e-78 8.16646725531941e-78 -1.06556023311133e-78 -5.8571533757713e-79 3.79163372956427e-79 1.48974469451561e-79 6.9498871920294e-79 4.93203945761054e-79 1.29364575430771e-79 -4.1884893609159e-80 -5.3490297656258 0.999999999941301
1.00677328389012e-78 4.99333047795394e-78 -6.40464148067962e-79 -3.79824999286343e-79 2.26062839640597e-79 8.98833033936591e-80 4.22165052465224e-79 3.01668399492814e-79 7.5862865931777e-80 -3.16562338203375e-80 -5.38419397352299 0.999999999942758
1.05192613633357e-75 8.38790090146555e-75 -9.77108978277026e-76 -8.25812752058282e-76 3.31713699005859e-76 1.40915601851372e-76 6.87933452279943e-76 5.08203425357253e-76 1.00031879891487e-76 -1.05884414204672e-76 2.97534661010305 1.00000000047219
1.90412594139725e-77 -2.80149187168609e-76 2.48848765035279e-77 4.32011090883986e-77 -6.96851575833407e-78 -3.95950902463778e-78 -2.11156947502652e-77 -1.72586890273512e-77 -1.00575551784488e-78 7.89810921167438e-78 2.15468018568871 0.999999999396832
8.94795060453726e-75 5.03562130736481e-74 -6.28915945615401e-75 -4.18394029019737e-75 2.19000879098936e-75 8.88365957290228e-76 4.21919590947977e-75 3.048767567114e-75 7.14406073858126e-76 -4.16230816916552e-76 4.12342537447763 1.00000000058199
2.89837437519268e-76 1.51441433372416e-75 -1.94007537010972e-76 -1.19857527156743e-76 6.74607646777142e-77 2.69822470747101e-77 1.27624264990641e-76 9.18384303222134e-77 2.2485939864611e-77 -1.05555483728313e-77 0.727368815100607 0.999999999778393
-2.61675080964164e-75 -1.41321816055686e-74 1.76720615393358e-75 1.14489686195725e-75 -6.23022900204696e-76 -2.50681336031686e-76 -1.18826331260956e-75 -8.53381350478031e-76 -2.04519843179243e-76 1.10431191219201e-76 1.91476323483282 1.00000000044264
-1.0435410889844e-78 -6.34501493952144e-78 7.7333286320521e-79 5.51142070681117e-79 -2.69734841663742e-79 -1.11128520871385e-79 -5.28956753846065e-79 -3.83985737746934e-79 -8.5981500379928e-80 6.03569728330598e-80 -5.38292874475641 0.999999999941706
2.67165144338507e-76 1.14192011642345e-75 -1.51263654564429e-76 -7.62767208420913e-77 5.45522308605744e-77 2.10997975731528e-77 9.79219298925835e-77 6.87990183996949e-77 1.89305897031089e-77 -4.35716117266855e-78 2.20875018925221 0.999999999624899
1.12994771639531e-76 1.85796298956806e-78 -1.40159087068414e-77 3.24751021713735e-77 8.88141381563713e-78 1.83957342590564e-78 4.29721466513242e-78 -4.8202986603426e-79 4.74553151444448e-78 8.63310036535908e-78 1.35299092742243 0.999999999681248
-7.73661313942533e-75 -4.05569832475047e-74 5.11294167605535e-75 3.21772114125e-75 -1.80535382491447e-75 -7.24052404617053e-76 -3.41865813678397e-75 -2.4507556318817e-75 -5.96957976681768e-76 2.97306322268723e-76 2.86854167541205 1.00000000041872
1.23107460165924e-75 6.78135167740959e-75 -8.49460510023687e-76 -5.55535080018489e-76 2.96996739691727e-76 1.20331467944225e-76 5.69315345961708e-76 4.10647696631432e-76 9.72345991718816e-77 -5.41693026025865e-77 1.14303886424824 0.999999999928274
9.93483442846149e-79 5.278811192144e-78 -6.64281662834184e-79 -4.22789027043075e-79 2.33718425150731e-79 9.37249917579205e-80 4.43989388351467e-79 3.18679942212244e-79 7.71179960808606e-80 -3.96101268551948e-80 -5.38472691923814 0.999999999941518
1.3184766718108e-76 4.45448718451574e-76 -6.3266531938824e-77 -2.17137096723426e-77 2.33796036811802e-77 8.64865976005975e-78 3.91556892191154e-77 2.67715818106841e-77 8.58315306401805e-78 5.72356172212232e-79 1.91285927392016 0.999999999885265
7.17785343393947e-76 2.34825736622679e-75 -3.27905555031396e-76 -1.08060993283007e-76 1.256624580706e-76 4.63070859034479e-77 2.07857818907954e-76 1.40358659213008e-76 4.57892983510313e-77 3.31412999882621e-78 1.89891293476271 0.999999999946858
4.76131006265024e-76 1.54954640483415e-75 -2.17018992539016e-76 -7.04955968069361e-77 8.30642444793679e-77 3.06001429391595e-77 1.371766423825e-76 9.26302402202047e-77 3.03182445875246e-77 2.44137297927726e-78 1.52829422411506 1.00000000009618
1.92042241031591e-75 1.05698456755502e-74 -1.33362613274237e-75 -8.65089339443995e-76 4.62617792224056e-76 1.87195394988197e-76 8.86630831193123e-76 6.40725122099733e-76 1.52019766320116e-76 -8.27340291285914e-77 2.83917128185638 0.999999999851658
