1.18575755001899e-322 1.18575755001899e-322 -1.03753785626662e-322 -1.03753785626662e-322 1.38338380835549e-322 1.38338380835549e-322 1.03753785626662e-322 1.28457067918724e-322 1.23516411460312e-322 -1.13635098543487e-322 -17.2535952103386 0.999999999963525
1.18575755001899e-322 1.08694442085074e-322 -1.08694442085074e-322 -9.88131291682493e-323 1.03753785626662e-322 8.89318162514244e-323 9.38724727098368e-323 1.08694442085074e-322 9.38724727098368e-323 -1.13635098543487e-322 3.19638703575739 0.999999999750666
1.33397724377137e-322 1.67982319586024e-322 -1.43279037293961e-322 -1.28457067918724e-322 9.38724727098368e-323 1.08694442085074e-322 1.33397724377137e-322 1.08694442085074e-322 1.08694442085074e-322 -9.38724727098368e-323 2.97225386921108 1.00000000011238
1.23516411460312e-322 1.63041663127611e-322 -1.08694442085074e-322 -1.18575755001899e-322 9.38724727098368e-323 9.88131291682493e-323 1.13635098543487e-322 1.08694442085074e-322 1.08694442085074e-322 -1.13635098543487e-322 3.04689230352124 0.999999999695534
9.38724727098368e-323 1.13635098543487e-322 -6.91691904177745e-323 -3.45845952088873e-323 9.88131291682493e-324 -4.44659081257122e-323 3.45845952088873e-323 4.94065645841247e-324 -4.94065645841247e-323 6.91691904177745e-323 -17.2718573136034 0.99999999996336
2.02566914794911e-322 2.17388884170148e-322 -2.02566914794911e-322 -2.12448227711736e-322 2.27270197086973e-322 2.17388884170148e-322 2.12448227711736e-322 2.17388884170148e-322 2.12448227711736e-322 -2.07507571253324e-322 4.19456598334438 1.00000000020874
-5.92878775009496e-323 -1.03753785626662e-322 7.4109846876187e-323 6.91691904177745e-323 -8.89318162514244e-323 -9.88131291682493e-323 -5.92878775009496e-323 -7.4109846876187e-323 -8.39911597930119e-323 7.4109846876187e-323 -17.3084029698653 0.999999999963072
1.28457067918724e-322 1.23516411460312e-322 -1.33397724377137e-322 -1.48219693752374e-322 1.43279037293961e-322 9.88131291682493e-323 1.38338380835549e-322 1.43279037293961e-322 9.88131291682493e-323 -1.23516411460312e-322 -17.2012088543995 0.999999999963351
1.53160350210786e-322 1.38338380835549e-322 -1.48219693752374e-322 -1.48219693752374e-322 1.18575755001899e-322 1.28457067918724e-322 1.48219693752374e-322 1.53160350210786e-322 1.23516411460312e-322 -1.08694442085074e-322 4.27431977356207 0.999999999732793
4.44659081257122e-323 1.97626258336499e-323 -3.45845952088873e-323 -5.43472210425371e-323 4.94065645841247e-323 8.89318162514244e-323 5.92878775009496e-323 6.91691904177745e-323 8.39911597930119e-323 -9.38724727098368e-323 -17.2544298797837 0.999999999963501
2.22329540628561e-322 2.07507571253324e-322 -2.17388884170148e-322 -2.12448227711736e-322 2.02566914794911e-322 2.12448227711736e-322 2.12448227711736e-322 2.07507571253324e-322 2.17388884170148e-322 -2.17388884170148e-322 4.07451725333652 0.999999999929302
-2.22329540628561e-322 -2.32210853545386e-322 2.17388884170148e-322 2.22329540628561e-322 -2.32210853545386e-322 -2.27270197086973e-322 -2.22329540628561e-322 -2.27270197086973e-322 -2.27270197086973e-322 2.22329540628561e-322 3.37659015554126 0.999999999742022
2.27270197086973e-322 2.32210853545386e-322 -2.27270197086973e-322 -2.27270197086973e-322 2.22329540628561e-322 2.27270197086973e-322 2.27270197086973e-322 2.22329540628561e-322 2.22329540628561e-322 -2.32210853545386e-322 3.17217656585713 1.00000000043316
7.90505033345994e-323 9.88131291682493e-323 -5.43472210425371e-323 -4.44659081257122e-323 6.4228533959362e-323 7.90505033345994e-323 4.44659081257122e-323 6.4228533959362e-323 7.90505033345994e-323 -8.39911597930119e-323 -17.2653042716763 0.999999999963135
2.12448227711736e-322 2.07507571253324e-322 -2.17388884170148e-322 -2.12448227711736e-322 2.12448227711736e-322 2.12448227711736e-322 2.12448227711736e-322 2.12448227711736e-322 2.17388884170148e-322 -2.17388884170148e-322 5.1138644552018 1.00000000029525
-2.27270197086973e-322 -2.32210853545386e-322 2.27270197086973e-322 2.27270197086973e-322 -2.27270197086973e-322 -2.17388884170148e-322 -2.27270197086973e-322 -2.27270197086973e-322 -2.17388884170148e-322 2.22329540628561e-322 3.99629388138331 1.00000000037256
-6.4228533959362e-323 -8.39911597930119e-323 6.91691904177745e-323 2.47032822920623e-323 4.94065645841247e-324 1.97626258336499e-323 -2.47032822920623e-323 -4.94065645841247e-324 5.43472210425371e-323 -7.4109846876187e-323 -17.2090298685283 0.999999999963139
1.28457067918724e-322 1.33397724377137e-322 -1.28457067918724e-322 -1.13635098543487e-322 1.08694442085074e-322 1.23516411460312e-322 1.13635098543487e-322 1.18575755001899e-322 1.28457067918724e-322 -1.28457067918724e-322 -17.1797727765928 0.999999999963289
1.18575755001899e-322 1.18575755001899e-322 -1.33397724377137e-322 -1.23516411460312e-322 1.08694442085074e-322 9.88131291682493e-323 1.18575755001899e-322 1.03753785626662e-322 8.39911597930119e-323 -9.88131291682493e-323 -17.2678371771333 0.999999999963575
-4.94065645841247e-323 -4.94065645841247e-323 4.44659081257122e-323 1.48219693752374e-323 -9.88131291682493e-324 3.45845952088873e-323 -1.97626258336499e-323 -2.47032822920623e-323 2.96439387504748e-323 -3.45845952088873e-323 -17.2850983069251 0.99999999996337
1.97626258336499e-322 1.72922976044436e-322 -1.72922976044436e-322 -1.82804288961261e-322 1.82804288961261e-322 1.63041663127611e-322 1.87744945419674e-322 1.87744945419674e-322 1.58101006669199e-322 -1.67982319586024e-322 4.18674034495159 0.999999999238833
6.4228533959362e-323 -4.94065645841247e-324 -4.44659081257122e-323 -5.43472210425371e-323 5.43472210425371e-323 1.08694442085074e-322 5.92878775009496e-323 5.92878775009496e-323 1.18575755001899e-322 -9.88131291682493e-323 -17.2776732983092 0.999999999963353
2.17388884170148e-322 2.17388884170148e-322 -2.22329540628561e-322 -2.27270197086973e-322 2.27270197086973e-322 2.22329540628561e-322 2.22329540628561e-322 2.27270197086973e-322 2.22329540628561e-322 -2.22329540628561e-322 5.47454693695768 1.00000000013605
1.18575755001899e-322 1.08694442085074e-322 -1.18575755001899e-322 -8.39911597930119e-323 9.88131291682493e-323 1.08694442085074e-322 9.38724727098368e-323 9.38724727098368e-323 1.13635098543487e-322 -1.18575755001899e-322 -17.2035351094604 0.999999999963176
2.12448227711736e-322 2.02566914794911e-322 -2.17388884170148e-322 -2.27270197086973e-322 2.07507571253324e-322 2.07507571253324e-322 2.27270197086973e-322 2.12448227711736e-322 2.12448227711736e-322 -2.22329540628561e-322 3.05417432615617 0.999999999796865
1.58101006669199e-322 1.43279037293961e-322 -1.67982319586024e-322 -1.48219693752374e-322 1.72922976044436e-322 1.58101006669199e-322 1.58101006669199e-322 1.63041663127611e-322 1.38338380835549e-322 -1.48219693752374e-322 3.30360791019517 0.999999999665513
-1.13635098543487e-322 -8.89318162514244e-323 1.28457067918724e-322 1.38338380835549e-322 -1.33397724377137e-322 -9.38724727098368e-323 -1.38338380835549e-322 -1.28457067918724e-322 -8.39911597930119e-323 2.96439387504748e-323 -17.2301955037217 0.999999999963502
4.44659081257122e-323 2.47032822920623e-323 -3.45845952088873e-323 -1.48219693752374e-323 -4.94065645841247e-324 -2.47032822920623e-323 1.97626258336499e-323 4.94065645841247e-324 -2.47032822920623e-323 6.4228533959362e-323 -17.2398762323714 0.99999999996305
1.63041663127611e-322 1.38338380835549e-322 -1.48219693752374e-322 -1.28457067918724e-322 5.43472210425371e-323 3.45845952088873e-323 1.13635098543487e-322 9.88131291682493e-323 2.47032822920623e-323 -4.94065645841247e-324 4.26956602997753 0.999999999872682
9.88131291682493e-324 -2.96439387504748e-323 -2.96439387504748e-323 -4.94065645841247e-324 2.96439387504748e-323 1.97626258336499e-323 -4.94065645841247e-324 1.97626258336499e-323 0 -9.88131291682493e-324 -17.2891467655491 0.99999999996379
5.43472210425371e-323 1.48219693752374e-323 -5.92878775009496e-323 -6.4228533959362e-323 7.90505033345994e-323 1.08694442085074e-322 5.92878775009496e-323 7.4109846876187e-323 1.13635098543487e-322 -9.88131291682493e-323 -17.2413509391791 0.999999999963243
9.38724727098368e-323 1.23516411460312e-322 -9.38724727098368e-323 -1.18575755001899e-322 9.38724727098368e-323 1.13635098543487e-322 1.13635098543487e-322 1.13635098543487e-322 1.18575755001899e-322 -1.13635098543487e-322 4.50483281572791 0.999999999181548
1.58101006669199e-322 1.58101006669199e-322 -1.63041663127611e-322 -1.72922976044436e-322 1.58101006669199e-322 1.63041663127611e-322 1.77863632502849e-322 1.72922976044436e-322 1.58101006669199e-322 -1.63041663127611e-322 4.75476652663542 0.999999999085061
1.82804288961261e-322 2.02566914794911e-322 -1.92685601878086e-322 -2.02566914794911e-322 1.97626258336499e-322 1.92685601878086e-322 2.02566914794911e-322 2.02566914794911e-322 1.92685601878086e-322 -1.87744945419674e-322 3.1085025660295 0.999999999796394
-9.88131291682493e-323 -8.39911597930119e-323 1.03753785626662e-322 1.18575755001899e-322 -1.43279037293961e-322 -1.18575755001899e-322 -1.13635098543487e-322 -1.18575755001899e-322 -1.23516411460312e-322 1.43279037293961e-322 -17.2209607243391 0.999999999963315
-3.45845952088873e-323 4.44659081257122e-323 4.94065645841247e-323 7.4109846876187e-323 -7.90505033345994e-323 -5.92878775009496e-323 -6.91691904177745e-323 -8.89318162514244e-323 -5.92878775009496e-323 5.43472210425371e-323 3.17151220607668 0.999999999798864
1.38338380835549e-322 1.63041663127611e-322 -1.33397724377137e-322 -1.43279037293961e-322 1.38338380835549e-322 1.58101006669199e-322 1.38338380835549e-322 1.48219693752374e-322 1.67982319586024e-322 -1.87744945419674e-322 4.72491106630609 0.999999999622962
-1.48219693752374e-323 4.44659081257122e-323 1.97626258336499e-323 3.95252516672997e-323 -4.44659081257122e-323 -1.97626258336499e-323 -2.96439387504748e-323 -4.44659081257122e-323 -4.94065645841247e-323 7.4109846876187e-323 -17.1871575546493 0.999999999963401
-1.77863632502849e-322 -1.43279037293961e-322 1.72922976044436e-322 1.92685601878086e-322 -2.02566914794911e-322 -1.92685601878086e-322 -1.92685601878086e-322 -1.92685601878086e-322 -1.92685601878086e-322 1.92685601878086e-322 4.31414900890659 1.00000000004338
2.47032822920623e-323 1.97626258336499e-323 -2.47032822920623e-323 -1.97626258336499e-323 1.97626258336499e-323 9.88131291682493e-324 1.97626258336499e-323 1.97626258336499e-323 3.95252516672997e-323 -2.47032822920623e-323 -17.2101389283335 0.999999999963247
8.39911597930119e-323 5.92878775009496e-323 -8.89318162514244e-323 -9.38724727098368e-323 8.89318162514244e-323 9.88131291682493e-323 9.38724727098368e-323 8.89318162514244e-323 1.13635098543487e-322 -1.28457067918724e-322 -17.3049082159175 0.999999999963759
-5.43472210425371e-323 -8.89318162514244e-323 2.96439387504748e-323 4.94065645841247e-323 -6.4228533959362e-323 -5.43472210425371e-323 -4.44659081257122e-323 -6.91691904177745e-323 -5.43472210425371e-323 3.45845952088873e-323 -17.2518996483221 0.999999999963124
1.97626258336499e-323 1.23516411460312e-322 1.48219693752374e-323 3.95252516672997e-323 -7.4109846876187e-323 -6.4228533959362e-323 -3.45845952088873e-323 -6.91691904177745e-323 -5.43472210425371e-323 5.43472210425371e-323 -17.2264042703044 0.999999999963279
-1.67982319586024e-322 -1.38338380835549e-322 1.48219693752374e-322 1.38338380835549e-322 -1.58101006669199e-322 -1.82804288961261e-322 -1.43279037293961e-322 -1.48219693752374e-322 -1.77863632502849e-322 1.38338380835549e-322 3.03178349929883 1.00000000007173
1.72922976044436e-322 1.92685601878086e-322 -1.82804288961261e-322 -1.67982319586024e-322 1.63041663127611e-322 1.72922976044436e-322 1.63041663127611e-322 1.72922976044436e-322 1.67982319586024e-322 -1.72922976044436e-322 4.19720597317645 0.99999999969547
-2.02566914794911e-322 -1.97626258336499e-322 1.92685601878086e-322 1.92685601878086e-322 -1.82804288961261e-322 -1.87744945419674e-322 -1.92685601878086e-322 -1.97626258336499e-322 -1.87744945419674e-322 2.02566914794911e-322 5.5282324123445 0.999999999411557
-2.47032822920623e-323 -2.96439387504748e-323 2.47032822920623e-323 7.90505033345994e-323 -1.18575755001899e-322 -9.88131291682493e-323 -7.4109846876187e-323 -9.38724727098368e-323 -9.88131291682493e-323 7.90505033345994e-323 4.12716469401556 0.999999999313965
-2.32210853545386e-322 -2.32210853545386e-322 2.32210853545386e-322 2.37151510003798e-322 -2.37151510003798e-322 -2.37151510003798e-322 -2.37151510003798e-322 -2.37151510003798e-322 -2.37151510003798e-322 2.37151510003798e-322 5.36935465678605 1.00000000035256
2.02566914794911e-322 2.02566914794911e-322 -2.02566914794911e-322 -2.07507571253324e-322 1.92685601878086e-322 2.07507571253324e-322 2.07507571253324e-322 1.97626258336499e-322 2.02566914794911e-322 -1.92685601878086e-322 4.99452158028477 0.999999999568649
1.82804288961261e-322 1.82804288961261e-322 -1.77863632502849e-322 -1.77863632502849e-322 1.72922976044436e-322 1.77863632502849e-322 1.72922976044436e-322 1.82804288961261e-322 1.77863632502849e-322 -1.67982319586024e-322 2.65982032587793 0.999999999712259
9.88131291682493e-324 -8.89318162514244e-323 -9.88131291682493e-324 -3.45845952088873e-323 3.45845952088873e-323 5.92878775009496e-323 2.47032822920623e-323 3.95252516672997e-323 4.94065645841247e-323 -5.43472210425371e-323 -17.2242599251043 0.999999999963226
-2.12448227711736e-322 -2.22329540628561e-322 2.22329540628561e-322 2.22329540628561e-322 -2.22329540628561e-322 -2.27270197086973e-322 -2.22329540628561e-322 -2.22329540628561e-322 -2.27270197086973e-322 2.27270197086973e-322 2.94228398019755 1.00000000011152
-5.43472210425371e-323 -9.88131291682493e-323 8.89318162514244e-323 7.90505033345994e-323 -9.88131291682493e-323 -1.08694442085074e-322 -7.4109846876187e-323 -7.90505033345994e-323 -1.08694442085074e-322 1.43279037293961e-322 3.17383363081683 0.999999999608626
-1.13635098543487e-322 -1.23516411460312e-322 1.18575755001899e-322 1.28457067918724e-322 -1.33397724377137e-322 -1.53160350210786e-322 -1.28457067918724e-322 -1.33397724377137e-322 -1.53160350210786e-322 1.58101006669199e-322 -17.2758536414804 0.999999999963556
1.08694442085074e-322 7.4109846876187e-323 -9.38724727098368e-323 -1.03753785626662e-322 1.03753785626662e-322 9.88131291682493e-323 1.03753785626662e-322 9.88131291682493e-323 1.08694442085074e-322 -1.13635098543487e-322 -17.2261119421474 0.999999999963251
1.33397724377137e-322 1.13635098543487e-322 -1.33397724377137e-322 -1.28457067918724e-322 1.13635098543487e-322 1.33397724377137e-322 1.23516411460312e-322 1.28457067918724e-322 1.43279037293961e-322 -1.43279037293961e-322 -17.2768652783924 0.99999999996324
5.92878775009496e-323 4.44659081257122e-323 -5.43472210425371e-323 -7.4109846876187e-323 7.4109846876187e-323 8.89318162514244e-323 6.91691904177745e-323 6.4228533959362e-323 7.90505033345994e-323 -9.38724727098368e-323 -17.2417791856581 0.999999999963116
4.94065645841247e-324 1.38338380835549e-322 9.88131291682493e-324 6.4228533959362e-323 -7.90505033345994e-323 -7.4109846876187e-323 -4.94065645841247e-323 -5.92878775009496e-323 -8.89318162514244e-323 1.18575755001899e-322 2.99450652915331 1.00000000029526
2.07507571253324e-322 2.12448227711736e-322 -1.92685601878086e-322 -2.02566914794911e-322 1.97626258336499e-322 2.07507571253324e-322 2.02566914794911e-322 2.02566914794911e-322 2.07507571253324e-322 -2.12448227711736e-322 3.27311318786078 1.00000000021158
1.08694442085074e-322 1.03753785626662e-322 -8.89318162514244e-323 -1.03753785626662e-322 1.23516411460312e-322 1.13635098543487e-322 9.88131291682493e-323 1.13635098543487e-322 1.08694442085074e-322 -1.13635098543487e-322 -17.2840132870617 0.999999999963162
1.38338380835549e-322 1.03753785626662e-322 -1.38338380835549e-322 -1.23516411460312e-322 1.33397724377137e-322 1.13635098543487e-322 1.33397724377137e-322 1.38338380835549e-322 1.23516411460312e-322 -1.58101006669199e-322 -17.2620545435965 0.999999999962942
-1.92685601878086e-322 -2.17388884170148e-322 1.97626258336499e-322 2.12448227711736e-322 -2.07507571253324e-322 -1.92685601878086e-322 -2.12448227711736e-322 -2.12448227711736e-322 -1.97626258336499e-322 1.97626258336499e-322 4.73641845651063 1.00000000000438
-2.17388884170148e-322 -2.12448227711736e-322 2.12448227711736e-322 2.02566914794911e-322 -2.07507571253324e-322 -2.07507571253324e-322 -2.07507571253324e-322 -2.07507571253324e-322 -2.02566914794911e-322 2.12448227711736e-322 5.04773462318998 1.00000000029178
1.72922976044436e-322 1.67982319586024e-322 -1.72922976044436e-322 -1.87744945419674e-322 1.67982319586024e-322 1.58101006669199e-322 1.87744945419674e-322 1.72922976044436e-322 1.63041663127611e-322 -1.63041663127611e-322 2.91605837545193 0.999999999714785
1.72922976044436e-322 1.72922976044436e-322 -1.77863632502849e-322 -1.58101006669199e-322 1.63041663127611e-322 1.92685601878086e-322 1.63041663127611e-322 1.58101006669199e-322 1.67982319586024e-322 -1.72922976044436e-322 3.42245441283952 1.00000000040351
-2.12448227711736e-322 -2.22329540628561e-322 2.12448227711736e-322 2.17388884170148e-322 -2.07507571253324e-322 -2.07507571253324e-322 -2.17388884170148e-322 -2.12448227711736e-322 -2.07507571253324e-322 2.07507571253324e-322 5.51757085869396 1.00000000032646
-2.32210853545386e-322 -2.32210853545386e-322 2.32210853545386e-322 2.32210853545386e-322 -2.32210853545386e-322 -2.27270197086973e-322 -2.32210853545386e-322 -2.32210853545386e-322 -2.27270197086973e-322 2.27270197086973e-322 5.24080433924719 1.00000000061127
7.90505033345994e-323 2.47032822920623e-323 -1.03753785626662e-322 -9.88131291682493e-323 6.91691904177745e-323 6.91691904177745e-323 1.03753785626662e-322 8.39911597930119e-323 8.89318162514244e-323 -8.89318162514244e-323 -17.2447756015346 0.999999999963124
1.43279037293961e-322 1.38338380835549e-322 -1.38338380835549e-322 -1.33397724377137e-322 1.23516411460312e-322 1.08694442085074e-322 1.33397724377137e-322 1.13635098543487e-322 1.03753785626662e-322 -9.38724727098368e-323 -17.2682103391594 0.99999999996332
-1.87744945419674e-322 -1.97626258336499e-322 2.02566914794911e-322 1.97626258336499e-322 -2.02566914794911e-322 -2.17388884170148e-322 -1.97626258336499e-322 -2.07507571253324e-322 -2.17388884170148e-322 2.17388884170148e-322 4.88735667293021 1.00000000008054
-1.48219693752374e-323 5.43472210425371e-323 4.94065645841247e-323 3.95252516672997e-323 -3.45845952088873e-323 -9.88131291682493e-324 -3.45845952088873e-323 -4.94065645841247e-324 -1.48219693752374e-323 -1.97626258336499e-323 -17.2836647034178 0.999999999963199
-1.58101006669199e-322 -1.28457067918724e-322 1.38338380835549e-322 1.63041663127611e-322 -1.58101006669199e-322 -1.43279037293961e-322 -1.63041663127611e-322 -1.63041663127611e-322 -1.48219693752374e-322 1.43279037293961e-322 3.46997661265167 0.999999999899501
1.63041663127611e-322 1.28457067918724e-322 -1.43279037293961e-322 -1.43279037293961e-322 1.28457067918724e-322 1.23516411460312e-322 1.38338380835549e-322 1.33397724377137e-322 1.33397724377137e-322 -1.38338380835549e-322 -17.1759343976551 0.999999999963541
1.08694442085074e-322 1.18575755001899e-322 -9.88131291682493e-323 -1.18575755001899e-322 1.03753785626662e-322 1.23516411460312e-322 1.13635098543487e-322 9.38724727098368e-323 1.13635098543487e-322 -1.13635098543487e-322 -17.2529854253396 0.999999999963359
1.23516411460312e-322 1.82804288961261e-322 -9.38724727098368e-323 -2.96439387504748e-323 4.94065645841247e-324 -8.39911597930119e-323 3.45845952088873e-323 1.48219693752374e-323 -7.4109846876187e-323 6.4228533959362e-323 3.14336231035902 0.999999999588875
1.13635098543487e-322 7.90505033345994e-323 -1.08694442085074e-322 -1.13635098543487e-322 1.08694442085074e-322 9.88131291682493e-323 1.18575755001899e-322 1.08694442085074e-322 1.03753785626662e-322 -6.4228533959362e-323 -17.2463775887526 0.999999999963483
2.12448227711736e-322 2.17388884170148e-322 -2.12448227711736e-322 -2.22329540628561e-322 2.27270197086973e-322 2.27270197086973e-322 2.17388884170148e-322 2.22329540628561e-322 2.32210853545386e-322 -2.32210853545386e-322 4.36365079960811 0.999999999982493
6.91691904177745e-323 8.39911597930119e-323 -6.4228533959362e-323 -7.4109846876187e-323 7.90505033345994e-323 6.4228533959362e-323 7.4109846876187e-323 8.89318162514244e-323 5.43472210425371e-323 -5.43472210425371e-323 -17.2596493045417 0.99999999996328
1.92685601878086e-322 1.77863632502849e-322 -2.02566914794911e-322 -1.97626258336499e-322 1.97626258336499e-322 2.07507571253324e-322 1.97626258336499e-322 1.97626258336499e-322 1.97626258336499e-322 -2.02566914794911e-322 4.47442568576105 0.999999999705887
1.72922976044436e-322 1.77863632502849e-322 -1.72922976044436e-322 -1.67982319586024e-322 1.63041663127611e-322 1.43279037293961e-322 1.67982319586024e-322 1.67982319586024e-322 1.38338380835549e-322 -1.67982319586024e-322 2.74304667457858 0.999999999746315
4.94065645841247e-323 -4.94065645841247e-324 -7.4109846876187e-323 -9.88131291682493e-323 9.38724727098368e-323 9.38724727098368e-323 9.38724727098368e-323 9.38724727098368e-323 7.90505033345994e-323 -7.4109846876187e-323 -17.2337697704837 0.999999999963778
-1.72922976044436e-322 -1.72922976044436e-322 1.82804288961261e-322 1.82804288961261e-322 -1.87744945419674e-322 -1.97626258336499e-322 -1.82804288961261e-322 -1.82804288961261e-322 -2.02566914794911e-322 1.82804288961261e-322 4.12486927128875 0.999999999585374
2.32210853545386e-322 2.37151510003798e-322 -2.27270197086973e-322 -2.32210853545386e-322 2.32210853545386e-322 2.32210853545386e-322 2.32210853545386e-322 2.32210853545386e-322 2.32210853545386e-322 -2.27270197086973e-322 4.73786499818381 0.999999999682471
-3.95252516672997e-323 4.44659081257122e-323 2.96439387504748e-323 2.47032822920623e-323 -4.94065645841247e-324 3.45845952088873e-323 -2.47032822920623e-323 -1.48219693752374e-323 4.44659081257122e-323 -6.91691904177745e-323 -17.2595859817637 0.9999999999636
2.96439387504748e-323 5.92878775009496e-323 -3.95252516672997e-323 -1.48219693752374e-323 4.94065645841247e-323 4.44659081257122e-323 1.48219693752374e-323 2.96439387504748e-323 2.47032822920623e-323 -1.97626258336499e-323 -17.2180204811886 0.999999999963348
1.82804288961261e-322 1.82804288961261e-322 -1.77863632502849e-322 -1.72922976044436e-322 1.87744945419674e-322 1.72922976044436e-322 1.67982319586024e-322 1.77863632502849e-322 1.77863632502849e-322 -1.82804288961261e-322 5.20311957144664 1.00000000057679
1.53160350210786e-322 1.77863632502849e-322 -1.43279037293961e-322 -1.43279037293961e-322 1.38338380835549e-322 1.28457067918724e-322 1.43279037293961e-322 1.43279037293961e-322 1.38338380835549e-322 -1.28457067918724e-322 3.80036999637259 0.999999999851475
2.22329540628561e-322 2.17388884170148e-322 -2.27270197086973e-322 -2.32210853545386e-322 2.32210853545386e-322 2.27270197086973e-322 2.27270197086973e-322 2.32210853545386e-322 2.32210853545386e-322 -2.32210853545386e-322 6.12323974041438 1.00000000032522
2.27270197086973e-322 2.02566914794911e-322 -2.17388884170148e-322 -2.22329540628561e-322 2.22329540628561e-322 2.12448227711736e-322 2.17388884170148e-322 2.22329540628561e-322 2.07507571253324e-322 -2.07507571253324e-322 3.39801399026052 0.999999999853404
-2.37151510003798e-322 -2.17388884170148e-322 2.37151510003798e-322 2.32210853545386e-322 -2.32210853545386e-322 -2.32210853545386e-322 -2.27270197086973e-322 -2.27270197086973e-322 -2.22329540628561e-322 2.17388884170148e-322 3.31163224521783 0.999999999592241
-9.38724727098368e-323 -1.23516411460312e-322 7.90505033345994e-323 6.4228533959362e-323 -2.96439387504748e-323 -9.88131291682493e-324 -4.94065645841247e-323 -3.95252516672997e-323 -4.94065645841247e-324 -2.47032822920623e-323 -17.230574563069 0.999999999962634
1.33397724377137e-322 1.63041663127611e-322 -1.23516411460312e-322 -9.88131291682493e-323 8.89318162514244e-323 1.13635098543487e-322 9.88131291682493e-323 1.08694442085074e-322 1.23516411460312e-322 -1.28457067918724e-322 4.21053648269364 0.999999999363699
1.87744945419674e-322 1.87744945419674e-322 -1.77863632502849e-322 -1.87744945419674e-322 1.87744945419674e-322 1.77863632502849e-322 1.92685601878086e-322 1.97626258336499e-322 1.77863632502849e-322 -1.77863632502849e-322 3.47677959915044 1.00000000013161
-2.32210853545386e-322 -2.32210853545386e-322 2.32210853545386e-322 2.32210853545386e-322 -2.27270197086973e-322 -2.27270197086973e-322 -2.37151510003798e-322 -2.32210853545386e-322 -2.27270197086973e-322 2.27270197086973e-322 4.48198526032779 1.000000000239
2.32210853545386e-322 2.17388884170148e-322 -2.32210853545386e-322 -2.27270197086973e-322 2.22329540628561e-322 2.32210853545386e-322 2.27270197086973e-322 2.22329540628561e-322 2.32210853545386e-322 -2.37151510003798e-322 3.41668085126339 1.00000000034789
-7.4109846876187e-323 -8.39911597930119e-323 7.90505033345994e-323 7.4109846876187e-323 -7.90505033345994e-323 -9.38724727098368e-323 -6.91691904177745e-323 -7.4109846876187e-323 -9.88131291682493e-323 9.88131291682493e-323 -17.2661089527729 0.999999999963341
1.63041663127611e-322 1.82804288961261e-322 -1.77863632502849e-322 -1.77863632502849e-322 1.58101006669199e-322 1.92685601878086e-322 1.77863632502849e-322 1.72922976044436e-322 1.87744945419674e-322 -1.63041663127611e-322 3.74359165577432 0.999999999928363
1.87744945419674e-322 1.72922976044436e-322 -1.92685601878086e-322 -1.97626258336499e-322 2.02566914794911e-322 1.87744945419674e-322 2.02566914794911e-322 1.97626258336499e-322 1.87744945419674e-322 -1.87744945419674e-322 4.06793757973257 0.999999999775885
2.02566914794911e-322 1.87744945419674e-322 -1.97626258336499e-322 -2.02566914794911e-322 2.12448227711736e-322 2.12448227711736e-322 2.02566914794911e-322 2.02566914794911e-322 2.12448227711736e-322 -1.87744945419674e-322 3.31686316432975 0.99999999982303
1.97626258336499e-322 2.12448227711736e-322 -1.97626258336499e-322 -1.97626258336499e-322 1.97626258336499e-322 2.02566914794911e-322 1.97626258336499e-322 1.92685601878086e-322 2.07507571253324e-322 -2.07507571253324e-322 4.67222089861311 0.999999999729271
