1.18575755001899e-322 1.18575755001899e-322 -1.03753785626662e-322 -1.03753785626662e-322 1.38338380835549e-322 1.38338380835549e-322 1.03753785626662e-322 1.28457067918724e-322 1.23516411460312e-322 -1.13635098543487e-322 -15.8179383778432 0.999999999962161
1.18575755001899e-322 1.08694442085074e-322 -1.08694442085074e-322 -9.88131291682493e-323 1.03753785626662e-322 8.89318162514244e-323 9.38724727098368e-323 1.08694442085074e-322 9.38724727098368e-323 -1.13635098543487e-322 2.7669276326596 0.999999999784369
1.33397724377137e-322 1.67982319586024e-322 -1.43279037293961e-322 -1.28457067918724e-322 9.38724727098368e-323 1.08694442085074e-322 1.33397724377137e-322 1.08694442085074e-322 1.08694442085074e-322 -9.38724727098368e-323 3.32254944302525 0.999999999856163
1.23516411460312e-322 1.63041663127611e-322 -1.08694442085074e-322 -1.18575755001899e-322 9.38724727098368e-323 9.88131291682493e-323 1.13635098543487e-322 1.08694442085074e-322 1.08694442085074e-322 -1.13635098543487e-322 3.16289586229173 0.999999999620293
9.38724727098368e-323 1.13635098543487e-322 -6.91691904177745e-323 -3.45845952088873e-323 9.88131291682493e-324 -4.44659081257122e-323 3.45845952088873e-323 4.94065645841247e-324 -4.94065645841247e-323 6.91691904177745e-323 -15.8566594481343 0.999999999962193
2.02566914794911e-322 2.17388884170148e-322 -2.02566914794911e-322 -2.12448227711736e-322 2.27270197086973e-322 2.17388884170148e-322 2.12448227711736e-322 2.17388884170148e-322 2.12448227711736e-322 -2.07507571253324e-322 3.97933795358858 1.00000000022133
-5.92878775009496e-323 -1.03753785626662e-322 7.4109846876187e-323 6.91691904177745e-323 -8.89318162514244e-323 -9.88131291682493e-323 -5.92878775009496e-323 -7.4109846876187e-323 -8.39911597930119e-323 7.4109846876187e-323 -15.8900996507369 0.999999999962197
1.28457067918724e-322 1.23516411460312e-322 -1.33397724377137e-322 -1.48219693752374e-322 1.43279037293961e-322 9.88131291682493e-323 1.38338380835549e-322 1.43279037293961e-322 9.88131291682493e-323 -1.23516411460312e-322 -15.7889815032535 0.999999999961862
1.53160350210786e-322 1.38338380835549e-322 -1.48219693752374e-322 -1.48219693752374e-322 1.18575755001899e-322 1.28457067918724e-322 1.48219693752374e-322 1.53160350210786e-322 1.23516411460312e-322 -1.08694442085074e-322 4.24571041765965 1.00000000007333
4.44659081257122e-323 1.97626258336499e-323 -3.45845952088873e-323 -5.43472210425371e-323 4.94065645841247e-323 8.89318162514244e-323 5.92878775009496e-323 6.91691904177745e-323 8.39911597930119e-323 -9.38724727098368e-323 -15.8358814588417 0.999999999961994
2.22329540628561e-322 2.07507571253324e-322 -2.17388884170148e-322 -2.12448227711736e-322 2.02566914794911e-322 2.12448227711736e-322 2.12448227711736e-322 2.07507571253324e-322 2.17388884170148e-322 -2.17388884170148e-322 3.67157352390018 0.999999999955637
-2.22329540628561e-322 -2.32210853545386e-322 2.17388884170148e-322 2.22329540628561e-322 -2.32210853545386e-322 -2.27270197086973e-322 -2.22329540628561e-322 -2.27270197086973e-322 -2.27270197086973e-322 2.22329540628561e-322 3.0117272973561 0.999999999617941
2.27270197086973e-322 2.32210853545386e-322 -2.27270197086973e-322 -2.27270197086973e-322 2.22329540628561e-322 2.27270197086973e-322 2.27270197086973e-322 2.22329540628561e-322 2.22329540628561e-322 -2.32210853545386e-322 3.50908313829096 1.00000000023134
7.90505033345994e-323 9.88131291682493e-323 -5.43472210425371e-323 -4.44659081257122e-323 6.4228533959362e-323 7.90505033345994e-323 4.44659081257122e-323 6.4228533959362e-323 7.90505033345994e-323 -8.39911597930119e-323 -15.8234224783861 0.999999999962309
2.12448227711736e-322 2.07507571253324e-322 -2.17388884170148e-322 -2.12448227711736e-322 2.12448227711736e-322 2.12448227711736e-322 2.12448227711736e-322 2.12448227711736e-322 2.17388884170148e-322 -2.17388884170148e-322 4.97916692720973 0.999999999771082
-2.27270197086973e-322 -2.37151510003798e-322 2.27270197086973e-322 2.27270197086973e-322 -2.27270197086973e-322 -2.17388884170148e-322 -2.27270197086973e-322 -2.27270197086973e-322 -2.17388884170148e-322 2.22329540628561e-322 4.04860068109154 1.00000000026276
-6.4228533959362e-323 -8.39911597930119e-323 6.91691904177745e-323 2.47032822920623e-323 4.94065645841247e-324 1.97626258336499e-323 -2.47032822920623e-323 -4.94065645841247e-324 5.43472210425371e-323 -7.4109846876187e-323 -15.7966825568248 0.999999999961524
1.28457067918724e-322 1.33397724377137e-322 -1.28457067918724e-322 -1.13635098543487e-322 1.08694442085074e-322 1.23516411460312e-322 1.13635098543487e-322 1.18575755001899e-322 1.28457067918724e-322 -1.28457067918724e-322 -15.7841567437047 0.999999999962131
1.18575755001899e-322 1.18575755001899e-322 -1.33397724377137e-322 -1.23516411460312e-322 1.08694442085074e-322 9.88131291682493e-323 1.18575755001899e-322 1.03753785626662e-322 8.39911597930119e-323 -9.88131291682493e-323 -15.8257262683929 0.999999999962339
-4.94065645841247e-323 -4.94065645841247e-323 4.44659081257122e-323 1.48219693752374e-323 -9.88131291682493e-324 3.45845952088873e-323 -1.97626258336499e-323 -2.47032822920623e-323 2.96439387504748e-323 -3.45845952088873e-323 -15.8478022971983 0.999999999962275
1.97626258336499e-322 1.72922976044436e-322 -1.72922976044436e-322 -1.82804288961261e-322 1.82804288961261e-322 1.63041663127611e-322 1.87744945419674e-322 1.87744945419674e-322 1.58101006669199e-322 -1.67982319586024e-322 3.88226305913955 0.999999999601789
6.4228533959362e-323 -4.94065645841247e-324 -4.44659081257122e-323 -5.43472210425371e-323 5.43472210425371e-323 1.08694442085074e-322 5.92878775009496e-323 5.92878775009496e-323 1.18575755001899e-322 -9.88131291682493e-323 -15.8340753042948 0.999999999962076
2.17388884170148e-322 2.17388884170148e-322 -2.22329540628561e-322 -2.27270197086973e-322 2.27270197086973e-322 2.22329540628561e-322 2.22329540628561e-322 2.27270197086973e-322 2.22329540628561e-322 -2.22329540628561e-322 5.0674455486023 1.0000000004147
1.18575755001899e-322 1.08694442085074e-322 -1.18575755001899e-322 -8.39911597930119e-323 9.88131291682493e-323 1.08694442085074e-322 9.38724727098368e-323 9.38724727098368e-323 1.13635098543487e-322 -1.18575755001899e-322 -15.7922190660379 0.999999999961972
2.12448227711736e-322 2.02566914794911e-322 -2.17388884170148e-322 -2.27270197086973e-322 2.07507571253324e-322 2.07507571253324e-322 2.27270197086973e-322 2.12448227711736e-322 2.12448227711736e-322 -2.22329540628561e-322 3.47017490578412 0.999999999443617
1.58101006669199e-322 1.43279037293961e-322 -1.67982319586024e-322 -1.48219693752374e-322 1.72922976044436e-322 1.58101006669199e-322 1.58101006669199e-322 1.63041663127611e-322 1.38338380835549e-322 -1.48219693752374e-322 2.81874128674147 0.999999999780059
-1.13635098543487e-322 -8.89318162514244e-323 1.28457067918724e-322 1.38338380835549e-322 -1.33397724377137e-322 -9.38724727098368e-323 -1.38338380835549e-322 -1.28457067918724e-322 -8.39911597930119e-323 2.96439387504748e-323 -15.8262542495661 0.999999999962216
4.44659081257122e-323 2.47032822920623e-323 -3.45845952088873e-323 -1.48219693752374e-323 -4.94065645841247e-324 -2.47032822920623e-323 1.97626258336499e-323 4.94065645841247e-324 -2.47032822920623e-323 6.4228533959362e-323 -15.8161000745386 0.999999999962229
1.63041663127611e-322 1.38338380835549e-322 -1.48219693752374e-322 -1.28457067918724e-322 5.43472210425371e-323 3.45845952088873e-323 1.13635098543487e-322 9.88131291682493e-323 2.47032822920623e-323 -4.94065645841247e-324 3.90832695370345 0.999999999713857
9.88131291682493e-324 -2.96439387504748e-323 -2.96439387504748e-323 -4.94065645841247e-324 2.96439387504748e-323 1.97626258336499e-323 -4.94065645841247e-324 1.97626258336499e-323 0 -9.88131291682493e-324 -15.8625790220457 0.999999999961899
5.43472210425371e-323 1.48219693752374e-323 -5.92878775009496e-323 -6.4228533959362e-323 7.90505033345994e-323 1.08694442085074e-322 5.92878775009496e-323 7.4109846876187e-323 1.13635098543487e-322 -9.88131291682493e-323 -15.8232875969618 0.999999999962349
9.38724727098368e-323 1.23516411460312e-322 -9.38724727098368e-323 -1.18575755001899e-322 9.38724727098368e-323 1.13635098543487e-322 1.13635098543487e-322 1.13635098543487e-322 1.18575755001899e-322 -1.13635098543487e-322 4.96656474916891 1.00000000027222
1.58101006669199e-322 1.58101006669199e-322 -1.63041663127611e-322 -1.72922976044436e-322 1.58101006669199e-322 1.63041663127611e-322 1.77863632502849e-322 1.72922976044436e-322 1.58101006669199e-322 -1.63041663127611e-322 4.84898036082557 0.999999999636583
1.82804288961261e-322 2.02566914794911e-322 -1.92685601878086e-322 -2.02566914794911e-322 1.97626258336499e-322 1.92685601878086e-322 2.02566914794911e-322 2.02566914794911e-322 1.92685601878086e-322 -1.87744945419674e-322 2.83170704486993 0.999999999715926
-9.88131291682493e-323 -8.39911597930119e-323 1.03753785626662e-322 1.18575755001899e-322 -1.43279037293961e-322 -1.18575755001899e-322 -1.13635098543487e-322 -1.18575755001899e-322 -1.23516411460312e-322 1.43279037293961e-322 -15.8014118892854 0.999999999961905
-3.45845952088873e-323 4.44659081257122e-323 4.94065645841247e-323 7.4109846876187e-323 -7.90505033345994e-323 -5.92878775009496e-323 -6.91691904177745e-323 -8.89318162514244e-323 -5.92878775009496e-323 5.43472210425371e-323 3.42633620988567 0.99999999979425
1.38338380835549e-322 1.63041663127611e-322 -1.33397724377137e-322 -1.43279037293961e-322 1.38338380835549e-322 1.58101006669199e-322 1.38338380835549e-322 1.48219693752374e-322 1.67982319586024e-322 -1.87744945419674e-322 4.34434840257568 0.999999999942389
-1.48219693752374e-323 4.44659081257122e-323 1.97626258336499e-323 3.95252516672997e-323 -4.44659081257122e-323 -1.97626258336499e-323 -2.96439387504748e-323 -4.44659081257122e-323 -4.94065645841247e-323 7.4109846876187e-323 -15.7842015329772 0.999999999961925
-1.77863632502849e-322 -1.43279037293961e-322 1.72922976044436e-322 1.92685601878086e-322 -2.02566914794911e-322 -1.92685601878086e-322 -1.92685601878086e-322 -1.92685601878086e-322 -1.92685601878086e-322 1.92685601878086e-322 4.20636675474747 1.00000000003652
2.47032822920623e-323 1.97626258336499e-323 -2.47032822920623e-323 -1.97626258336499e-323 1.97626258336499e-323 9.88131291682493e-324 1.97626258336499e-323 1.97626258336499e-323 3.95252516672997e-323 -2.47032822920623e-323 -15.7704153805783 0.999999999961655
8.39911597930119e-323 5.92878775009496e-323 -8.89318162514244e-323 -9.38724727098368e-323 8.89318162514244e-323 9.88131291682493e-323 9.38724727098368e-323 8.89318162514244e-323 1.13635098543487e-322 -1.28457067918724e-322 -15.8732465441085 0.999999999961958
-5.43472210425371e-323 -8.89318162514244e-323 2.96439387504748e-323 4.94065645841247e-323 -6.4228533959362e-323 -5.43472210425371e-323 -4.44659081257122e-323 -6.91691904177745e-323 -5.43472210425371e-323 3.45845952088873e-323 -15.8231573514904 0.999999999962665
1.97626258336499e-323 1.23516411460312e-322 1.48219693752374e-323 3.95252516672997e-323 -7.4109846876187e-323 -6.4228533959362e-323 -3.45845952088873e-323 -6.91691904177745e-323 -5.43472210425371e-323 5.43472210425371e-323 -15.8292755641623 0.999999999961932
-1.67982319586024e-322 -1.38338380835549e-322 1.48219693752374e-322 1.38338380835549e-322 -1.58101006669199e-322 -1.82804288961261e-322 -1.43279037293961e-322 -1.48219693752374e-322 -1.77863632502849e-322 1.38338380835549e-322 3.26016440914708 0.999999999553158
1.72922976044436e-322 1.92685601878086e-322 -1.82804288961261e-322 -1.67982319586024e-322 1.63041663127611e-322 1.72922976044436e-322 1.63041663127611e-322 1.72922976044436e-322 1.67982319586024e-322 -1.72922976044436e-322 4.09787213169824 0.999999999857698
-2.02566914794911e-322 -1.97626258336499e-322 1.92685601878086e-322 1.92685601878086e-322 -1.82804288961261e-322 -1.87744945419674e-322 -1.92685601878086e-322 -1.97626258336499e-322 -1.87744945419674e-322 2.02566914794911e-322 6.0808100566723 1.00000000096132
-2.47032822920623e-323 -2.96439387504748e-323 2.47032822920623e-323 7.90505033345994e-323 -1.18575755001899e-322 -9.88131291682493e-323 -7.4109846876187e-323 -9.38724727098368e-323 -9.88131291682493e-323 7.90505033345994e-323 3.651461012927 0.999999999624235
-2.32210853545386e-322 -2.32210853545386e-322 2.32210853545386e-322 2.37151510003798e-322 -2.37151510003798e-322 -2.37151510003798e-322 -2.37151510003798e-322 -2.37151510003798e-322 -2.37151510003798e-322 2.37151510003798e-322 5.22034612548183 0.999999999714886
2.02566914794911e-322 2.02566914794911e-322 -2.02566914794911e-322 -2.07507571253324e-322 1.92685601878086e-322 2.07507571253324e-322 2.07507571253324e-322 1.97626258336499e-322 2.02566914794911e-322 -1.92685601878086e-322 4.88491032055431 0.999999999599311
1.82804288961261e-322 1.82804288961261e-322 -1.77863632502849e-322 -1.77863632502849e-322 1.72922976044436e-322 1.77863632502849e-322 1.72922976044436e-322 1.82804288961261e-322 1.77863632502849e-322 -1.67982319586024e-322 3.19510158140588 1.00000000000382
9.88131291682493e-324 -8.89318162514244e-323 -9.88131291682493e-324 -3.45845952088873e-323 3.45845952088873e-323 5.92878775009496e-323 2.47032822920623e-323 3.95252516672997e-323 4.94065645841247e-323 -5.43472210425371e-323 -15.7980918860039 0.999999999961648
-2.12448227711736e-322 -2.22329540628561e-322 2.22329540628561e-322 2.22329540628561e-322 -2.22329540628561e-322 -2.27270197086973e-322 -2.22329540628561e-322 -2.22329540628561e-322 -2.27270197086973e-322 2.27270197086973e-322 3.21300314247023 0.999999999820294
-5.43472210425371e-323 -9.88131291682493e-323 8.89318162514244e-323 7.90505033345994e-323 -9.88131291682493e-323 -1.08694442085074e-322 -7.4109846876187e-323 -7.90505033345994e-323 -1.08694442085074e-322 1.43279037293961e-322 3.10561750585533 0.999999999795202
-1.13635098543487e-322 -1.23516411460312e-322 1.18575755001899e-322 1.28457067918724e-322 -1.33397724377137e-322 -1.53160350210786e-322 -1.28457067918724e-322 -1.33397724377137e-322 -1.53160350210786e-322 1.58101006669199e-322 -15.8619619716806 0.999999999962498
1.08694442085074e-322 7.4109846876187e-323 -9.38724727098368e-323 -1.03753785626662e-322 1.03753785626662e-322 9.88131291682493e-323 1.03753785626662e-322 9.88131291682493e-323 1.08694442085074e-322 -1.13635098543487e-322 -15.8122447544874 0.999999999962502
1.33397724377137e-322 1.13635098543487e-322 -1.33397724377137e-322 -1.28457067918724e-322 1.13635098543487e-322 1.33397724377137e-322 1.23516411460312e-322 1.28457067918724e-322 1.43279037293961e-322 -1.43279037293961e-322 -15.8590131416912 0.999999999962106
5.92878775009496e-323 4.44659081257122e-323 -5.43472210425371e-323 -7.4109846876187e-323 7.4109846876187e-323 8.89318162514244e-323 6.91691904177745e-323 6.4228533959362e-323 7.90505033345994e-323 -9.38724727098368e-323 -15.8271611097221 0.999999999962365
4.94065645841247e-324 1.38338380835549e-322 9.88131291682493e-324 6.4228533959362e-323 -7.90505033345994e-323 -7.4109846876187e-323 -4.94065645841247e-323 -5.92878775009496e-323 -8.89318162514244e-323 1.18575755001899e-322 3.06483213049843 0.999999999919554
2.07507571253324e-322 2.12448227711736e-322 -1.92685601878086e-322 -2.02566914794911e-322 1.97626258336499e-322 2.07507571253324e-322 2.02566914794911e-322 2.02566914794911e-322 2.07507571253324e-322 -2.12448227711736e-322 3.57993570671438 1.00000000038713
1.08694442085074e-322 1.03753785626662e-322 -8.89318162514244e-323 -1.03753785626662e-322 1.23516411460312e-322 1.13635098543487e-322 9.88131291682493e-323 1.13635098543487e-322 1.08694442085074e-322 -1.13635098543487e-322 -15.8661589609068 0.999999999962552
1.38338380835549e-322 1.03753785626662e-322 -1.38338380835549e-322 -1.23516411460312e-322 1.33397724377137e-322 1.13635098543487e-322 1.33397724377137e-322 1.38338380835549e-322 1.23516411460312e-322 -1.58101006669199e-322 -15.8346556766376 0.999999999962548
-1.92685601878086e-322 -2.17388884170148e-322 1.97626258336499e-322 2.12448227711736e-322 -2.07507571253324e-322 -1.92685601878086e-322 -2.12448227711736e-322 -2.12448227711736e-322 -1.97626258336499e-322 1.97626258336499e-322 4.59030394593351 0.99999999992658
-2.17388884170148e-322 -2.12448227711736e-322 2.12448227711736e-322 2.02566914794911e-322 -2.07507571253324e-322 -2.07507571253324e-322 -2.07507571253324e-322 -2.07507571253324e-322 -2.02566914794911e-322 2.12448227711736e-322 4.30486202052719 0.999999999540535
1.72922976044436e-322 1.67982319586024e-322 -1.72922976044436e-322 -1.87744945419674e-322 1.67982319586024e-322 1.58101006669199e-322 1.87744945419674e-322 1.72922976044436e-322 1.63041663127611e-322 -1.63041663127611e-322 3.17010808508039 0.999999999781465
1.72922976044436e-322 1.72922976044436e-322 -1.77863632502849e-322 -1.58101006669199e-322 1.63041663127611e-322 1.92685601878086e-322 1.63041663127611e-322 1.58101006669199e-322 1.67982319586024e-322 -1.72922976044436e-322 2.62959505923442 0.999999999858557
-2.12448227711736e-322 -2.22329540628561e-322 2.12448227711736e-322 2.17388884170148e-322 -2.07507571253324e-322 -2.07507571253324e-322 -2.17388884170148e-322 -2.12448227711736e-322 -2.07507571253324e-322 2.07507571253324e-322 5.3365565060663 1.00000000004252
-2.32210853545386e-322 -2.32210853545386e-322 2.32210853545386e-322 2.32210853545386e-322 -2.32210853545386e-322 -2.27270197086973e-322 -2.32210853545386e-322 -2.32210853545386e-322 -2.27270197086973e-322 2.27270197086973e-322 4.98045828796204 0.999999999881568
7.90505033345994e-323 2.47032822920623e-323 -1.03753785626662e-322 -9.88131291682493e-323 6.91691904177745e-323 6.91691904177745e-323 1.03753785626662e-322 8.39911597930119e-323 8.89318162514244e-323 -8.89318162514244e-323 -15.8286973175659 0.999999999961854
1.43279037293961e-322 1.38338380835549e-322 -1.38338380835549e-322 -1.33397724377137e-322 1.23516411460312e-322 1.08694442085074e-322 1.33397724377137e-322 1.13635098543487e-322 1.03753785626662e-322 -9.38724727098368e-323 -15.8754136013504 0.999999999962118
-1.87744945419674e-322 -1.97626258336499e-322 2.02566914794911e-322 1.97626258336499e-322 -2.02566914794911e-322 -2.17388884170148e-322 -1.97626258336499e-322 -2.07507571253324e-322 -2.17388884170148e-322 2.17388884170148e-322 4.06936100933204 0.999999999937249
-1.48219693752374e-323 5.43472210425371e-323 4.94065645841247e-323 3.95252516672997e-323 -3.45845952088873e-323 -9.88131291682493e-324 -3.45845952088873e-323 -4.94065645841247e-324 -1.48219693752374e-323 -1.97626258336499e-323 -15.8630768684968 0.999999999962049
-1.58101006669199e-322 -1.28457067918724e-322 1.38338380835549e-322 1.63041663127611e-322 -1.58101006669199e-322 -1.43279037293961e-322 -1.63041663127611e-322 -1.63041663127611e-322 -1.48219693752374e-322 1.43279037293961e-322 2.75597471481311 0.999999999695938
1.63041663127611e-322 1.28457067918724e-322 -1.43279037293961e-322 -1.43279037293961e-322 1.28457067918724e-322 1.23516411460312e-322 1.38338380835549e-322 1.33397724377137e-322 1.33397724377137e-322 -1.38338380835549e-322 -15.7399678973687 0.999999999962087
1.08694442085074e-322 1.18575755001899e-322 -9.88131291682493e-323 -1.18575755001899e-322 1.03753785626662e-322 1.23516411460312e-322 1.13635098543487e-322 9.38724727098368e-323 1.13635098543487e-322 -1.13635098543487e-322 -15.8275368000658 0.999999999962493
1.23516411460312e-322 1.82804288961261e-322 -9.38724727098368e-323 -2.96439387504748e-323 4.94065645841247e-324 -8.39911597930119e-323 3.45845952088873e-323 1.48219693752374e-323 -7.4109846876187e-323 6.4228533959362e-323 3.21882543046655 1.00000000010213
1.13635098543487e-322 7.90505033345994e-323 -1.08694442085074e-322 -1.13635098543487e-322 1.08694442085074e-322 9.88131291682493e-323 1.18575755001899e-322 1.08694442085074e-322 1.03753785626662e-322 -6.4228533959362e-323 -15.8231431093893 0.9999999999621
2.12448227711736e-322 2.17388884170148e-322 -2.12448227711736e-322 -2.22329540628561e-322 2.27270197086973e-322 2.27270197086973e-322 2.17388884170148e-322 2.22329540628561e-322 2.32210853545386e-322 -2.32210853545386e-322 4.39059837232111 1.00000000039622
6.91691904177745e-323 8.39911597930119e-323 -6.4228533959362e-323 -7.4109846876187e-323 7.90505033345994e-323 6.4228533959362e-323 7.4109846876187e-323 8.89318162514244e-323 5.43472210425371e-323 -5.43472210425371e-323 -15.826083598094 0.999999999962561
1.92685601878086e-322 1.77863632502849e-322 -2.02566914794911e-322 -1.97626258336499e-322 1.97626258336499e-322 2.07507571253324e-322 1.97626258336499e-322 1.97626258336499e-322 1.97626258336499e-322 -2.02566914794911e-322 4.47199194984612 0.999999999582542
1.72922976044436e-322 1.77863632502849e-322 -1.72922976044436e-322 -1.67982319586024e-322 1.63041663127611e-322 1.43279037293961e-322 1.67982319586024e-322 1.67982319586024e-322 1.38338380835549e-322 -1.67982319586024e-322 3.09751223216207 0.999999999600084
4.94065645841247e-323 -4.94065645841247e-324 -7.4109846876187e-323 -9.88131291682493e-323 9.38724727098368e-323 9.38724727098368e-323 9.38724727098368e-323 9.38724727098368e-323 7.90505033345994e-323 -7.4109846876187e-323 -15.8274465390735 0.999999999962494
-1.72922976044436e-322 -1.72922976044436e-322 1.82804288961261e-322 1.82804288961261e-322 -1.87744945419674e-322 -1.97626258336499e-322 -1.82804288961261e-322 -1.82804288961261e-322 -2.02566914794911e-322 1.82804288961261e-322 4.06853856478407 0.999999999771927
2.32210853545386e-322 2.37151510003798e-322 -2.27270197086973e-322 -2.32210853545386e-322 2.32210853545386e-322 2.32210853545386e-322 2.32210853545386e-322 2.32210853545386e-322 2.32210853545386e-322 -2.27270197086973e-322 4.07267046448707 0.999999999799247
-3.95252516672997e-323 4.44659081257122e-323 2.96439387504748e-323 2.47032822920623e-323 -4.94065645841247e-324 3.45845952088873e-323 -2.47032822920623e-323 -1.48219693752374e-323 4.44659081257122e-323 -6.91691904177745e-323 -15.8408828095767 0.999999999962108
2.96439387504748e-323 5.92878775009496e-323 -3.95252516672997e-323 -1.48219693752374e-323 4.94065645841247e-323 4.44659081257122e-323 1.48219693752374e-323 2.96439387504748e-323 2.47032822920623e-323 -1.97626258336499e-323 -15.8296929638944 0.999999999962239
1.82804288961261e-322 1.82804288961261e-322 -1.77863632502849e-322 -1.72922976044436e-322 1.87744945419674e-322 1.72922976044436e-322 1.67982319586024e-322 1.77863632502849e-322 1.77863632502849e-322 -1.82804288961261e-322 4.5927573174891 0.999999999957595
1.53160350210786e-322 1.77863632502849e-322 -1.43279037293961e-322 -1.43279037293961e-322 1.38338380835549e-322 1.28457067918724e-322 1.43279037293961e-322 1.43279037293961e-322 1.38338380835549e-322 -1.28457067918724e-322 4.14431892656747 0.999999999969006
2.22329540628561e-322 2.17388884170148e-322 -2.27270197086973e-322 -2.32210853545386e-322 2.32210853545386e-322 2.27270197086973e-322 2.27270197086973e-322 2.32210853545386e-322 2.32210853545386e-322 -2.32210853545386e-322 5.53633629216149 0.999999999620596
2.27270197086973e-322 2.02566914794911e-322 -2.17388884170148e-322 -2.22329540628561e-322 2.22329540628561e-322 2.12448227711736e-322 2.17388884170148e-322 2.22329540628561e-322 2.07507571253324e-322 -2.07507571253324e-322 3.10343961565306 1.0000000000662
-2.37151510003798e-322 -2.17388884170148e-322 2.37151510003798e-322 2.32210853545386e-322 -2.32210853545386e-322 -2.32210853545386e-322 -2.27270197086973e-322 -2.27270197086973e-322 -2.22329540628561e-322 2.17388884170148e-322 2.9749887496885 0.999999999770627
-9.38724727098368e-323 -1.23516411460312e-322 7.90505033345994e-323 6.4228533959362e-323 -2.96439387504748e-323 -9.88131291682493e-324 -4.94065645841247e-323 -3.95252516672997e-323 -4.94065645841247e-324 -2.47032822920623e-323 -15.8177795521569 0.999999999962537
1.33397724377137e-322 1.63041663127611e-322 -1.23516411460312e-322 -9.88131291682493e-323 8.89318162514244e-323 1.13635098543487e-322 9.88131291682493e-323 1.08694442085074e-322 1.23516411460312e-322 -1.28457067918724e-322 4.11392252397932 0.999999999951458
1.87744945419674e-322 1.87744945419674e-322 -1.77863632502849e-322 -1.87744945419674e-322 1.87744945419674e-322 1.77863632502849e-322 1.92685601878086e-322 1.97626258336499e-322 1.77863632502849e-322 -1.77863632502849e-322 3.48203560935174 0.99999999993536
-2.37151510003798e-322 -2.32210853545386e-322 2.37151510003798e-322 2.37151510003798e-322 -2.27270197086973e-322 -2.27270197086973e-322 -2.37151510003798e-322 -2.32210853545386e-322 -2.27270197086973e-322 2.27270197086973e-322 3.80648592265732 0.999999999635278
2.32210853545386e-322 2.17388884170148e-322 -2.32210853545386e-322 -2.27270197086973e-322 2.22329540628561e-322 2.32210853545386e-322 2.27270197086973e-322 2.22329540628561e-322 2.32210853545386e-322 -2.37151510003798e-322 2.58224138961055 0.999999999708082
-7.4109846876187e-323 -8.39911597930119e-323 7.90505033345994e-323 7.4109846876187e-323 -7.90505033345994e-323 -9.38724727098368e-323 -6.91691904177745e-323 -7.4109846876187e-323 -9.88131291682493e-323 9.88131291682493e-323 -15.8274226294365 0.999999999961633
1.63041663127611e-322 1.82804288961261e-322 -1.77863632502849e-322 -1.77863632502849e-322 1.58101006669199e-322 1.92685601878086e-322 1.77863632502849e-322 1.72922976044436e-322 1.87744945419674e-322 -1.63041663127611e-322 3.27480998337783 0.9999999998587
1.87744945419674e-322 1.72922976044436e-322 -1.92685601878086e-322 -1.97626258336499e-322 2.02566914794911e-322 1.87744945419674e-322 2.02566914794911e-322 1.97626258336499e-322 1.87744945419674e-322 -1.87744945419674e-322 3.91254363624045 1.0000000003315
2.02566914794911e-322 1.87744945419674e-322 -1.97626258336499e-322 -2.02566914794911e-322 2.12448227711736e-322 2.12448227711736e-322 2.02566914794911e-322 2.02566914794911e-322 2.12448227711736e-322 -1.87744945419674e-322 3.03840711185913 0.99999999988637
1.97626258336499e-322 2.12448227711736e-322 -1.97626258336499e-322 -1.97626258336499e-322 1.97626258336499e-322 2.02566914794911e-322 1.97626258336499e-322 1.92685601878086e-322 2.07507571253324e-322 -2.07507571253324e-322 4.79319547694214 1.00000000028047
