0.998979213862071 0.998979405387227 0.99897960700387 0.998979785226343 0.99897984246502 0.99897985209115 0.998979833680675 0.998979820847227 0.998979868014633 0.998979782418521 9.99999968284796e-11 0.14898567307547
0.999752672741876 0.999752719194504 0.99975276809471 0.999752811320865 0.999752825203558 0.999752827538286 0.999752823073008 0.999752819960382 0.999752831400384 0.999752810639878 9.99999983986953e-11 0.615537730750314
0.999749963371074 0.99975001032982 0.999750059762811 0.999750103459932 0.999750117493881 0.999750119854047 0.999750115340119 0.99975011219358 0.999750123758225 0.999750102771524 9.99999984702513e-11 0.608832192223294
0.998873807046586 0.99887401833208 0.998874240750243 0.998874437360578 0.998874500504774 0.998874511124058 0.998874490814096 0.998874476656564 0.998874528690398 0.998874434263006 9.99999965501834e-11 0.13503063526652
0.998564648676376 0.998564917925968 0.998565201362384 0.998565451910851 0.998565532377999 0.99856554591052 0.998565520028643 0.998565501987058 0.998565568295821 0.998565447963089 9.99999956591395e-11 0.105931977628859
0.999746037675206 0.999746085369956 0.99974613557773 0.999746179959735 0.999746194213643 0.999746196610801 0.999746192026125 0.999746188830268 0.999746200576172 0.999746179260537 9.99999985214807e-11 0.599404937298737
0.998275416358561 0.998275739710878 0.998276080100768 0.998276380994282 0.998276477630434 0.998276493882139 0.998276462799533 0.998276441132641 0.998276520765431 0.998276376253052 9.99999955265637e-11 0.0881243341593388
0.998704813250378 0.998705056151703 0.998705311851573 0.998705537881871 0.998705610474687 0.998705622682968 0.998705599333868 0.998705583057823 0.998705642877766 0.998705534320588 9.99999960076498e-11 0.117368977398098
0.998975879313401 0.998976071475055 0.998976273761724 0.998976452576476 0.998976510005366 0.998976519663482 0.99897650119182 0.998976488315717 0.998976535639868 0.99897644975929 9.99999966292582e-11 0.148508972368838
0.99974859726583 0.9997486444878 0.99974869419788 0.999748738139937 0.99974875225255 0.999748754625948 0.999748750086716 0.999748746922539 0.999748758552008 0.99974873744767 9.99999985026569e-11 0.605609248041607
0.998972023445452 0.99897221632151 0.99897241936023 0.998972598839771 0.998972656482172 0.998972666176194 0.99897264763586 0.998972634711887 0.99897268221198 0.998972596012122 9.99999964294466e-11 0.147944970966653
0.998833370287704 0.998833589183933 0.998833819613831 0.998834023306268 0.998834088724974 0.998834099726771 0.998834078685219 0.998834064017713 0.998834117925851 0.998834020097085 9.99999963651905e-11 0.130364863722995
0.998561893986117 0.998562163697825 0.998562447620728 0.998562698599255 0.998562779204535 0.998562792760296 0.998562766834007 0.998562748761465 0.998562815184059 0.998562694644794 9.99999958226605e-11 0.105707625960896
0.999751949217188 0.999751995804285 0.999752044846045 0.999752088197327 0.999752102120207 0.999752104461695 0.999752099983491 0.999752096861854 0.999752108334973 0.999752087514369 9.99999983947261e-11 0.613723495111927
0.999749197461094 0.999749244569747 0.999749294160538 0.999749337997149 0.999749352075896 0.999749354443598 0.999749349915257 0.999749346758675 0.999749358360237 0.999749337306544 9.99999984789864e-11 0.607050992175283
0.99973983603739 0.999739884896963 0.999739936330934 0.999739981796855 0.999739996398881 0.999739998854583 0.999739994157936 0.99973999088403 0.999740002916797 0.999739981080582 9.99999986743227e-11 0.585118314988528
0.99886210584944 0.998862319340093 0.998862544079598 0.99886274274192 0.99886280654514 0.998862817275256 0.998862796753324 0.998862782448032 0.998862835024932 0.99886273961202 9.9999996516999e-11 0.133648303357557
0.998881969563941 0.998882179344044 0.998882400177483 0.998882595386966 0.998882658081256 0.998882668624878 0.998882648459626 0.998882634402966 0.998882686066056 0.998882592311464 9.99999964865568e-11 0.136033344275476
0.99974996752215 0.99975001448234 0.999750063916849 0.999750107615309 0.999750121649689 0.999750124009928 0.999750119495859 0.999750116349225 0.999750127914224 0.999750106926881 9.99999984669799e-11 0.608871113334238
0.998724847670834 0.998725086877295 0.998725338687593 0.998725561279616 0.998725632768186 0.998725644790772 0.998725621796863 0.998725605768416 0.998725664678409 0.998725557772581 9.99999961267243e-11 0.119244133962016
0.998779051403305 0.99877928040905 0.998779521481167 0.998779734581003 0.998779803021029 0.998779814530927 0.998779792517573 0.998779777172645 0.998779833570494 0.998779731223547 9.99999961527372e-11 0.124520191051999
0.999089450119552 0.999089621010942 0.999089800906603 0.999089959928426 0.999090011000536 0.9990900195896 0.99909000316256 0.999089991711711 0.999090033797569 0.999089957423084 9.99999963471571e-11 0.167070974622361
0.999754265280749 0.999754311436134 0.99975436002343 0.999754402972985 0.999754416766844 0.999754419086632 0.999754414649927 0.999754411557218 0.999754422924016 0.999754402296355 9.99999983517585e-11 0.619551986798729
0.999754215050414 0.999754261212591 0.99975430980704 0.999754352762915 0.999754366558804 0.999754368878934 0.999754364441575 0.999754361348412 0.999754372716884 0.999754352086185 9.99999983723841e-11 0.619389880385721
0.999751333653958 0.999751380357426 0.999751429521684 0.999751472981255 0.999751486938913 0.999751489286248 0.999751484796857 0.999751481667424 0.999751493169201 0.99975147229659 9.99999984232172e-11 0.612214291055718
0.998953747818696 0.998953944166716 0.998954150860323 0.998954333570647 0.998954392250651 0.998954402119172 0.998954383245089 0.998954370088471 0.998954418443599 0.998954330692068 9.99999963461592e-11 0.145392552277509
0.998830120004748 0.998830339445071 0.998830570447758 0.998830774646544 0.998830840227874 0.998830851257015 0.99883083016315 0.998830815459177 0.998830869501325 0.998830771429358 9.99999962284404e-11 0.129963680886136
0.998772384082036 0.998772614368011 0.998772856787803 0.998773071078928 0.99877313990155 0.99877315147579 0.99877312933937 0.998773113908656 0.998773170621781 0.998773067702685 9.99999961205124e-11 0.123859908622778
0.998872463852722 0.998872675386765 0.99887289806657 0.998873094908191 0.998873158126659 0.99887316875843 0.998873148424568 0.998873134250371 0.998873186345409 0.998873091806926 9.99999962848173e-11 0.13486757813972
0.999757184480352 0.999757230093973 0.999757278110958 0.999757320556371 0.999757334188319 0.999757336480877 0.999757332096249 0.999757329039844 0.999757340273219 0.999757319887684 9.99999983057133e-11 0.627090454836329
0.998385270343915 0.998385573099509 0.998385891807421 0.998386173534784 0.998386264015489 0.998386279232044 0.99838625012937 0.998386229842654 0.998386304403069 0.998386169095826 9.99999959314368e-11 0.0941197503322447
0.998869027793737 0.998869239982262 0.998869463351032 0.998869660801672 0.998869724215743 0.998869734880414 0.99886971448365 0.998869700265612 0.998869752521836 0.998869657690868 9.99999966439406e-11 0.134464081504645
0.998674615567488 0.998674864141794 0.998675125813556 0.998675357122807 0.998675431411038 0.99867544390445 0.998675420010038 0.998675403353872 0.99867546457092 0.998675353478393 9.99999962347763e-11 0.114699290235566
0.998971542300275 0.998971735278344 0.998971938424449 0.998972117998909 0.998972175671791 0.998972185370938 0.998972166820795 0.998972153889986 0.998972201415195 0.998972115169746 9.99999964548064e-11 0.147884746861912
0.998956607692326 0.998956803502894 0.998957009630729 0.998957191840929 0.998957250360317 0.99895726020183 0.998957241379419 0.998957228258819 0.99895727648159 0.998957188970265 9.99999966037778e-11 0.145790508450833
0.999750655571979 0.999750702400492 0.999750751696385 0.999750795272318 0.999750809267347 0.999750811620967 0.999750807119556 0.999750803981742 0.999750815514316 0.999750794585819 9.99999983942975e-11 0.610519257074266
0.998857073891725 0.998857288287916 0.998857513980692 0.998857713485682 0.998857777559526 0.99885778833514 0.998857767726136 0.998857753360144 0.998857806160049 0.99885771034239 9.99999959365147e-11 0.133035948377504
0.999755082481249 0.999755128483221 0.999755176909024 0.999755219715822 0.999755233463832 0.999755235775909 0.999755231353951 0.999755228271523 0.99975523960054 0.99975521904144 9.99999983857951e-11 0.62162020808445
0.999742317336808 0.999742365729556 0.999742416672105 0.999742461703626 0.999742476166138 0.999742478598378 0.999742473946604 0.999742470703977 0.999742482621779 0.999742460994197 9.99999986346712e-11 0.590742415641272
0.998647301914943 0.998647555646047 0.998647822746305 0.998648058854157 0.998648134683523 0.998648147436118 0.998648123046009 0.998648106044306 0.998648168531323 0.998648055134145 9.99999961091768e-11 0.11239844153926
0.998365523693491 0.998365830156178 0.998366152766514 0.998366437943483 0.998366529532063 0.998366544934914 0.998366515475867 0.998366494940725 0.998366570414077 0.998366433450032 9.99999957607327e-11 0.0929840839837987
0.998923282668573 0.998923484698628 0.998923697373671 0.998923885371398 0.99892394574953 0.998923955903629 0.998923936483354 0.998923922945999 0.998923972700462 0.998923882409507 9.99999964502372e-11 0.141254016057047
0.998787908203172 0.998788135576528 0.998788374930238 0.998788586511047 0.998788654463214 0.998788665891065 0.998788644034626 0.998788628799079 0.998788684794908 0.998788583177516 9.9999996156497e-11 0.125446007976023
0.999748635203599 0.999748682406427 0.999748732096362 0.999748776020614 0.99974879012751 0.999748792499944 0.999748787962551 0.999748784799658 0.999748796424415 0.999748775328627 9.99999984586901e-11 0.605546351258392
0.998486002265326 0.998486286202102 0.998486585099597 0.998486849315176 0.998486934171734 0.998486948442466 0.998486921148796 0.998486902123096 0.998486972048948 0.998486845152252 9.99999962151888e-11 0.10040596956226
0.998254740766641 0.998255067955667 0.998255412384442 0.998255716848208 0.998255814630972 0.998255831075476 0.998255799624015 0.998255777699994 0.998255858277641 0.998255712050487 9.99999952579495e-11 0.0870697261099541
0.999754671368651 0.999754717447629 0.999754765954497 0.999754808832953 0.999754822603977 0.999754824919925 0.999754820490564 0.999754817402976 0.999754828750957 0.999754808157442 9.99999983893443e-11 0.620575663081054
0.998239106456857 0.998239436567126 0.998239784071068 0.998240091253189 0.998240189909034 0.99824020650042 0.998240174768218 0.998240152648519 0.998240233945635 0.998240086413009 9.99999955827041e-11 0.0862941038202693
0.999008944487486 0.999009130461625 0.999009326234754 0.999009499291745 0.99900955487145 0.999009564218579 0.999009546341697 0.999009533880201 0.999009579680533 0.999009496565279 9.99999964479826e-11 0.153477567546449
0.998877345900124 0.998877556518925 0.998877778235265 0.998877974225214 0.998878037170162 0.998878047755938 0.998878027510059 0.998878013397196 0.998878065266839 0.9988779711374 9.99999963163419e-11 0.135454505844973
0.998621799156223 0.998622057654014 0.998622329772126 0.998622570315598 0.998622647569507 0.998622660561648 0.998622635713304 0.998622618392166 0.998622682053071 0.998622566525519 9.99999956900662e-11 0.11031132619175
0.998604252500947 0.998604514265277 0.998604789822055 0.998605033405201 0.998605111635352 0.998605124791672 0.998605099629328 0.998605082089313 0.998605146554684 0.998605029567247 9.99999958081929e-11 0.108914323856863
0.99974705931662 0.999747106824975 0.999747156836531 0.999747201045081 0.999747215243284 0.999747217631075 0.999747213064313 0.999747209880946 0.999747221580945 0.999747200348616 9.99999985294448e-11 0.601895364748193
0.999745210132701 0.999745257984764 0.999745308358139 0.999745352886527 0.999745367187451 0.999745369592516 0.999745364992715 0.999745361786319 0.999745373570963 0.999745352185024 9.9999998568178e-11 0.597481863006517
0.998894533961159 0.998894741354459 0.99889495967535 0.99889515266383 0.998895214644813 0.998895225068469 0.99889520513264 0.998895191235903 0.998895242311192 0.998895149623282 9.99999961928326e-11 0.137559972644466
0.998947373437522 0.99894757097562 0.998947778922012 0.998947962739758 0.998948021775432 0.99894803170377 0.998948012715299 0.998947999478943 0.998948048127159 0.998947959843766 9.99999965476944e-11 0.14450756053159
0.998221566961775 0.998221900363253 0.998222251331822 0.998222561576553 0.998222661215971 0.998222677972732 0.998222645924114 0.998222623583835 0.998222705691455 0.998222556687863 9.99999954638877e-11 0.0854438523272805
0.999747235746117 0.999747283217874 0.999747333190903 0.999747377365401 0.999747391552668 0.999747393938618 0.999747389375373 0.999747386194461 0.999747397885447 0.999747376669474 9.99999985118145e-11 0.602271582926388
0.998620792881573 0.998621051560632 0.998621323869566 0.998621564581722 0.998621641889829 0.99862165489111 0.998621630025374 0.998621612692124 0.998621676397693 0.99862156078917 9.99999962119143e-11 0.110227653048885
0.999758572240044 0.999758617590338 0.99975866533012 0.999758707530501 0.999758721083749 0.999758723363073 0.999758719003758 0.999758715964996 0.999758727133523 0.999758706865671 9.99999983042384e-11 0.630658383154973
0.998584936919775 0.998585202317273 0.998585481698645 0.998585728662605 0.998585807978551 0.998585821317479 0.9985857958059 0.99858577802244 0.998585843382562 0.998585724771402 9.99999958559227e-11 0.107431982796166
0.998685564834599 0.998685811358825 0.998686070872485 0.998686300274043 0.99868637394959 0.998686386339965 0.998686362642618 0.998686346123823 0.998686406835991 0.998686296659686 9.99999961823535e-11 0.115656340828542
0.998777214666982 0.998777444049343 0.998777685517908 0.998777898968181 0.998777967520754 0.998777979049581 0.998777957000028 0.998777941629869 0.998777998120461 0.998777895605214 9.99999963793215e-11 0.124350577097965
0.999758342720094 0.999758388104834 0.999758435880883 0.999758478113322 0.99975849167687 0.999758493957925 0.999758489595298 0.999758486554228 0.99975849773124 0.999758477447989 9.999999825104e-11 0.62993888150019
0.998617531402125 0.998617790683699 0.9986180636269 0.998618304899731 0.998618382387898 0.998618395419453 0.998618370495788 0.998618353122154 0.998618416976102 0.998618301098283 9.99999961257905e-11 0.109963704214926
0.999744364263435 0.999744412272291 0.99974446281072 0.999744507485012 0.999744521832796 0.999744524245741 0.999744519630869 0.999744516413966 0.999744528237225 0.999744506781211 9.99999985742144e-11 0.595479195384036
0.998931116120308 0.998931316679916 0.998931527807029 0.998931714436441 0.99893177437512 0.998931784455318 0.998931765176392 0.998931751737567 0.998931801129902 0.99893171149612 9.99999963885964e-11 0.142288795876358
0.998942672151275 0.998942870541444 0.998943079384812 0.998943263995468 0.998943323285794 0.998943333256952 0.998943314186562 0.9989433008931 0.99894334975116 0.998943261086936 9.99999962925729e-11 0.143843126218977
0.998854975987989 0.998855190817945 0.998855416967322 0.998855616875924 0.9988556810794 0.998855691876825 0.998855671226144 0.998855656831105 0.998855709737834 0.998855613726355 9.99999964157565e-11 0.132817078133847
0.998930222505699 0.998930423207634 0.998930634484587 0.998930821246461 0.998930881227686 0.998930891315041 0.998930872022438 0.998930858574078 0.998930908001475 0.998930818304079 9.99999967536199e-11 0.142151952432041
0.998856642541271 0.998856857077184 0.998857082917017 0.998857282551985 0.998857346667575 0.998857357450216 0.998857336827798 0.998857322452458 0.998857375286765 0.998857279406702 9.99999961603772e-11 0.133022256554263
0.998831488122583 0.998831707344167 0.998831938116573 0.998832142111786 0.998832207627737 0.998832218645889 0.998832197573059 0.99883218288375 0.998832236872023 0.998832138897838 9.99999964716221e-11 0.130138371954367
0.999750295559469 0.99975034246034 0.999750391832404 0.999750435475666 0.999750449492318 0.999750451849576 0.999750447341209 0.999750444198549 0.999750455748941 0.999750434788107 9.9999998463386e-11 0.609700879344327
0.999752793542615 0.999752839975559 0.99975288885504 0.999752932062874 0.999752945939682 0.999752948273423 0.999752943810036 0.99975294069873 0.999752952133883 0.999752931382177 9.99999984285905e-11 0.615878474882171
0.999743892179367 0.99974394027641 0.999743990907677 0.999744035664033 0.999744050038171 0.99974405245555 0.9997440478322 0.999744044609388 0.999744056454366 0.999744034958939 9.99999986083842e-11 0.59437566455794
0.998914415739777 0.998914619430969 0.998914833854673 0.998915023398162 0.998915084272742 0.998915094510339 0.998915074930394 0.998915061281739 0.998915111445301 0.998915020411964 9.99999967312012e-11 0.140098493120304
0.99883724967645 0.998837467776036 0.998837697367345 0.998837900318519 0.998837965499166 0.998837976460929 0.998837955495951 0.998837940881823 0.99883799459379 0.998837897121031 9.99999965184385e-11 0.130758552489972
0.999001563166819 0.999001750538891 0.999001947783607 0.999002122141424 0.999002178138907 0.999002187556296 0.999002169545039 0.999002156989871 0.999002203134472 0.999002119394462 9.99999964770069e-11 0.152353337864824
0.998831274138038 0.998831493376626 0.998831724166942 0.998831928177994 0.998831993699039 0.998832004718053 0.998831983643594 0.998831968953153 0.998832022945625 0.99883192496384 9.99999966607702e-11 0.130100780383684
0.999746195144452 0.999746242816189 0.999746292999738 0.999746337360324 0.999746351607354 0.999746354003355 0.99974634942089 0.999746346226575 0.999746357966811 0.999746336661464 9.9999998534944e-11 0.59985950393027
0.998932753724696 0.998932953949057 0.998933164723272 0.998933351040742 0.998933410879238 0.998933420942585 0.998933401695881 0.998933388279519 0.998933437589297 0.998933348105329 9.99999964350105e-11 0.142487210478835
0.999750000866448 0.999750047822413 0.999750097252474 0.999750140947002 0.999750154980118 0.999750157340145 0.999750152826482 0.999750149680131 0.99975016124409 0.999750140258634 9.99999984827413e-11 0.608978681394096
0.998826428310242 0.998826648454933 0.998826880199096 0.998827085053319 0.998827150845151 0.998827161909697 0.99882714074813 0.998827125996962 0.998827180212575 0.99882708182582 9.99999963974097e-11 0.129561868095452
0.998867735304111 0.998867947680561 0.99886817124718 0.998868368872731 0.998868432342981 0.998868443017104 0.99886842260227 0.998868408371637 0.998868460674158 0.998868365759181 9.99999967012568e-11 0.134276053176861
0.998865422322659 0.998865635188859 0.998865859271009 0.998866057352252 0.998866120968846 0.998866131667571 0.998866111205659 0.998866096942204 0.998866149365316 0.998866054231475 9.99999964624618e-11 0.13403755265875
0.999741779072078 0.999741827571793 0.999741878626943 0.999741923757997 0.999741938252476 0.999741940690092 0.999741936028036 0.999741932778243 0.999741944722384 0.999741923047 9.99999986669963e-11 0.589582605600476
0.998839642443572 0.998839860132525 0.998840089291548 0.998840291860582 0.998840356918494 0.998840367859613 0.998840346934106 0.998840332347491 0.998840385958318 0.998840288669089 9.99999963245329e-11 0.131051185201517
0.998628944012451 0.998629201171886 0.998629471881123 0.998629711179198 0.998629788033149 0.99862980095805 0.998629776238387 0.998629759006959 0.998629822338283 0.998629707408908 9.99999962431537e-11 0.110886941324412
0.998743135252423 0.998743370997693 0.998743619164441 0.998743838535696 0.99874390898988 0.998743920838513 0.99874389817732 0.998743882380802 0.998743940438413 0.998743835079453 9.99999963829264e-11 0.120963428381807
0.999748867827734 0.999748914993057 0.999748964643509 0.999749008532859 0.999749022628544 0.999749024999094 0.999749020465307 0.999749017304927 0.999749028920445 0.999749007841422 9.99999984466331e-11 0.606186757753023
0.998579278768712 0.99857954522684 0.998579825724724 0.998580073675646 0.998580153308567 0.998580166700798 0.99858014108726 0.99858012323273 0.998580188854051 0.998580069768873 9.99999958073603e-11 0.107003875144009
0.999751214783045 0.999751261511161 0.999751310701368 0.999751354183873 0.999751368148896 0.999751370497471 0.99975136600571 0.999751362874626 0.999751374382472 0.999751353498848 9.9999998443487e-11 0.611952138603519
0.999748054251804 0.99974810156464 0.999748151370379 0.999748195396998 0.99974820953677 0.999748211914733 0.999748207366767 0.999748204196501 0.99974821584835 0.999748194703399 9.99999985043403e-11 0.604161761021257
0.998832525732258 0.998832744745978 0.998832975299577 0.998833179101371 0.998833244555192 0.99883325556288 0.998833234510013 0.998833219834614 0.998833273771687 0.998833175890369 9.99999961547261e-11 0.13024616833242
0.998729903584063 0.998730141858978 0.998730392688644 0.998730614413812 0.998730685623966 0.998730697599713 0.998730674695332 0.998730658729286 0.998730717409848 0.998730610920328 9.99999958314685e-11 0.119727346341871
0.999750517039784 0.999750563897433 0.999750613223998 0.999750656827042 0.999750670830778 0.999750673185862 0.999750668681651 0.999750665541887 0.999750677081634 0.999750656140116 9.99999984591394e-11 0.610220884843299
0.998720746616237 0.998720986576211 0.998721239179734 0.998721462472945 0.998721534186716 0.998721546247179 0.998721523180843 0.99872150710191 0.998721566197481 0.998721458954895 9.99999963986889e-11 0.118854034656335
0.999747923089364 0.999747970434907 0.999748020275074 0.999748064332123 0.99974807848167 0.999748080861277 0.999748076310165 0.99974807313771 0.999748084797611 0.999748063638046 9.9999998495479e-11 0.603950488334421
0.99891899879658 0.998919201618277 0.998919415126677 0.998919603861069 0.99891966447579 0.998919674669677 0.9989196551733 0.998919641582895 0.99891969153232 0.998919600887557 9.99999962830459e-11 0.140685801371213
0.998509019184411 0.998509298800427 0.998509593149506 0.998509853344432 0.998509936909681 0.998509950963224 0.998509924084861 0.998509905348649 0.998509974210397 0.998509849244686 9.99999957604992e-11 0.101954475408702
