0.999290562430281 0.999290649966428 0.999290742127003 0.999290823604287 0.999290849773945 0.999290854175145 0.999290845757684 0.999290839890165 0.999290861455657 0.999290822320643 9.99999951555620e-11 0.140893254323896
0.999879437672717 0.999879452560314 0.999879468234402 0.999879482091539 0.999879486542308 0.999879487290838 0.999879485859251 0.999879484861341 0.999879488529063 0.999879481873231 9.99999977695681e-11 0.829721901995433
0.999881181459411 0.999881196132737 0.999881211581234 0.999881225238932 0.999881229625642 0.999881230363398 0.999881228952415 0.999881227968869 0.999881231583803 0.999881225023767 9.99999976889266e-11 0.841959835666413
0.999349754102499 0.99934983434596 0.999349918828582 0.999349993517941 0.99935001750739 0.99935002154192 0.999350013825724 0.999350008447031 0.999350028215888 0.999349992341239 9.9999994863612e-11 0.153739549239215
0.998898560916091 0.998898696766466 0.998898839793668 0.998898966241108 0.998899006854692 0.998899013685035 0.998899000621644 0.998898991515596 0.998899024983815 0.998898964248767 9.99999935361416e-11 0.0907133305781081
0.999878385001566 0.999878400018501 0.999878415828763 0.999878429806288 0.999878434295724 0.999878435050757 0.999878433606732 0.999878432600152 0.999878436299739 0.999878429586084 9.99999978572324e-11 0.822504460650384
0.998966197075855 0.998966324599339 0.998966458859745 0.998966577556635 0.99896661568083 0.998966622092512 0.998966609829844 0.998966601281955 0.998966632698755 0.998966575686448 9.99999936569731e-11 0.0966597993278731
0.999285746884123 0.999285835023417 0.999285927819 0.999286009857679 0.999286036207649 0.99928604063917 0.999286032163706 0.99928602625575 0.999286047969832 0.999286008565163 9.99999941832392e-11 0.139957606306373
0.999357103022017 0.999357182369049 0.999357265907881 0.999357339762853 0.999357363484305 0.999357367473764 0.999357359843767 0.999357354525162 0.999357374073173 0.999357338599295 9.99999946137689e-11 0.155517449706716
0.999878475871913 0.99987849087769 0.999878506676202 0.999878520643342 0.999878525129443 0.999878525883913 0.999878524440961 0.999878523435131 0.999878527131968 0.9998785204233 9.99999978767155e-11 0.823122889702102
0.999308427228498 0.999308512572461 0.999308602425038 0.999308681861864 0.99930870737615 0.999308711667125 0.999308703460465 0.999308697739886 0.999308718765308 0.999308680610362 9.99999946521789e-11 0.144553373957987
0.999321140006888 0.999321223778809 0.999321311976297 0.999321389949892 0.999321414994201 0.999321419206135 0.999321411150641 0.999321405535433 0.999321426173565 0.999321388721433 9.99999944174765e-11 0.147254722854419
0.999090896395343 0.999091008561453 0.999091126653166 0.999091231055637 0.99909126458862 0.999091270228167 0.999091259442278 0.999091251923803 0.99909127955715 0.999091229410733 9.99999942897887e-11 0.109942640596911
0.999884029339482 0.9998840436605 0.999884058738078 0.999884072067854 0.999884076349239 0.999884077069282 0.999884075692177 0.999884074732245 0.999884078260384 0.999884071857854 9.99999974727652e-11 0.862598823650634
0.999879883410754 0.999879898243962 0.999879913860785 0.999879927667297 0.999879932101806 0.999879932847601 0.999879931421243 0.999879930426979 0.999879934081303 0.999879927449787 9.99999977361402e-11 0.832837540089368
0.99988195706684 0.999881971645389 0.9998819869941 0.999882000563581 0.999882004921956 0.999882005654946 0.999882004253077 0.999882003275883 0.999882006867468 0.999882000349804 9.99999976008464e-11 0.847550493430523
0.999293745792094 0.999293832944832 0.99929392470174 0.999294005822147 0.999294031877178 0.999294036259096 0.999294027878502 0.999294022036679 0.999294043507712 0.999294004544108 9.99999944553892e-11 0.141543569020472
0.999264709845828 0.999264800575245 0.999264896097785 0.999264980547311 0.999265007671625 0.999265012233375 0.99926500350885 0.999264997427282 0.999265019779473 0.999264979216836 9.99999950944246e-11 0.135944553820553
0.999879457699439 0.999879472585353 0.999879488257665 0.999879502113235 0.999879506563501 0.999879507311946 0.999879505880521 0.999879504882724 0.99987950855003 0.999879501894952 9.9999997754984e-11 0.829903701148452
0.999226497403187 0.999226592840473 0.999226693319596 0.999226782151137 0.999226810682902 0.999226815481352 0.999226806304112 0.999226799906971 0.999226823418992 0.999226780751585 9.99999941517746e-11 0.129218808487689
0.999369768471808 0.999369846248907 0.999369928134872 0.99937000052858 0.999370023780689 0.999370027691216 0.999370020212185 0.999370014998812 0.999370034160057 0.999369999388051 9.99999950277621e-11 0.158629032419968
0.999402972518439 0.999403046203239 0.999403123780712 0.999403192365366 0.999403214394048 0.999403218098819 0.999403211013303 0.999403206074235 0.999403224227294 0.999403191284844 9.99999944939554e-11 0.167463621267636
0.999883180552552 0.999883194978202 0.999883210165938 0.999883223593101 0.999883227905768 0.99988322863107 0.999883227243905 0.999883226276959 0.999883229830876 0.999883223381568 9.99999975054685e-11 0.856320425693621
0.999882404305494 0.999882418827261 0.999882434116194 0.999882447632825 0.999882451974226 0.999882452704362 0.999882451307953 0.999882450334565 0.999882453912161 0.999882447419881 9.99999975692775e-11 0.85068326536665
0.999876993142857 0.999877008333412 0.999877024326463 0.999877038465591 0.999877043006933 0.999877043770693 0.999877042309974 0.999877041291757 0.999877045034116 0.999877038242841 9.99999979190667e-11 0.813291504667229
0.999354383830099 0.999354463497862 0.999354547374376 0.999354621527889 0.999354645345227 0.999354649350815 0.999354641689978 0.999354636349874 0.999354655976903 0.999354620359631 9.99999950144407e-11 0.154833522528833
0.999163213243896 0.999163316481132 0.999163425172269 0.999163521263887 0.999163552127516 0.999163557318139 0.999163547390859 0.999163540470893 0.999163565904521 0.999163519749969 9.99999947414762e-11 0.119436743453899
0.999080246904975 0.999080360361494 0.999080479811792 0.999080585415368 0.999080619334133 0.999080625038561 0.999080614128587 0.999080606523614 0.999080634474872 0.999080583751542 9.99999941804364e-11 0.108647094501642
0.999246931251939 0.999247024182798 0.999247122023078 0.99924720852167 0.999247236304118 0.999247240976549 0.999247232040328 0.999247225811197 0.999247248705731 0.999247207158885 9.99999941776508e-11 0.132746152958967
0.999882139266093 0.999882153820144 0.999882169143062 0.999882182689741 0.999882187040793 0.999882187772552 0.999882186373037 0.999882185397487 0.999882188983036 0.999882182476323 9.99999976429916e-11 0.848744118058016
0.998985747172563 0.99898587227904 0.998986003994752 0.998986120441931 0.998986157843546 0.99898616413371 0.998986152103466 0.998986143717593 0.998986174538943 0.998986118607219 9.9999993827543e-11 0.0985186750805105
0.999386321929134 0.999386397659128 0.999386477389845 0.99938654787814 0.99938657051825 0.999386574325853 0.999386567043671 0.999386561967515 0.999386580624432 0.99938654676763 9.99999950851267e-11 0.162898793821421
0.999250968151949 0.999251060571112 0.999251157872669 0.99925124389499 0.999251271524464 0.999251276171167 0.999251267284149 0.999251261089314 0.999251283857789 0.999251242539701 9.99999940385723e-11 0.133442035522171
0.999300685614211 0.999300771906187 0.999300862756861 0.999300943076086 0.999300968873787 0.999300973212429 0.999300964914607 0.999300959130481 0.999300980389458 0.999300941810678 9.99999947000668e-11 0.142940950893701
0.999283986360138 0.999284074710583 0.999284167728472 0.999284249963689 0.999284276376787 0.999284280818927 0.999284272323162 0.999284266401059 0.999284288167162 0.999284248668097 9.9999994798588e-11 0.139603828437851
0.999880305444409 0.999880320225167 0.999880335786773 0.999880349544468 0.999880353963296 0.999880354706453 0.99988035328514 0.999880352294392 0.999880355935794 0.999880349327725 9.99999977032759e-11 0.835755271829934
0.999245237204913 0.999245330337856 0.999245428390899 0.99924551507759 0.999245542920454 0.999245547603047 0.999245538647395 0.999245532404718 0.99924555534904 0.999245513711847 9.99999943994616e-11 0.13243829016582
0.99987885990246 0.999878874861396 0.999878890610591 0.99987890453413 0.999878909006226 0.999878909758341 0.999878908319894 0.999878907317203 0.999878911002501 0.999878904314776 9.99999977981822e-11 0.825764195757104
0.99988254226036 0.999882556764657 0.999882572035193 0.999882585535562 0.99988258987174 0.999882590600997 0.999882589206268 0.999882588234051 0.999882591807344 0.999882585322874 9.99999975558889e-11 0.85165673207151
0.999244219520504 0.999244312782013 0.999244410970413 0.999244497776772 0.99924452565807 0.999244530347128 0.999244521379114 0.99924451512782 0.999244538103816 0.999244496409146 9.99999946019188e-11 0.132264200226977
0.999045266068191 0.999045383843451 0.999045507840643 0.999045617464033 0.999045652673918 0.999045658595482 0.99904564727021 0.999045639375749 0.999045668390971 0.999045615736842 9.99999938489544e-11 0.104669602402536
0.999327386160337 0.999327469164325 0.999327556553309 0.999327633812124 0.999327658626853 0.999327662800179 0.99932765481853 0.999327649254797 0.99932766970374 0.999327632594934 9.99999945513046e-11 0.148627297788548
0.999221383922857 0.999221479989486 0.999221581131202 0.99922167054853 0.999221699268445 0.999221704098541 0.999221694860784 0.999221688421464 0.999221712088535 0.999221669139767 9.99999945954492e-11 0.128368061547841
0.999881048524367 0.999881063212673 0.999881078676941 0.999881092348582 0.99988109673977 0.999881097478279 0.999881096065857 0.999881095081305 0.99988109869993 0.999881092133195 9.99999976702202e-11 0.84093654989929
0.999146655274292 0.999146760560033 0.999146871407893 0.999146969406225 0.999147000882264 0.999147006175876 0.999146996051602 0.999146988994317 0.99914701493261 0.999146967862219 9.99999938579855e-11 0.11712558195088
0.998825711680097 0.998825856497393 0.998826008965232 0.998826143758951 0.998826187053277 0.998826194334463 0.998826180408814 0.998826170701716 0.99882620637904 0.998826141635121 9.99999938493124e-11 0.085075042889502
0.999877375682373 0.999877390825355 0.999877406768321 0.999877420863169 0.999877425390289 0.999877426151657 0.999877424695513 0.999877423680485 0.999877427411125 0.999877420641117 9.99999979264414e-11 0.815810772802192
0.999030596653593 0.999030716255022 0.999030842174852 0.999030953498006 0.999030989253831 0.999030995267205 0.999030983766325 0.99903097574945 0.999031005214563 0.999030951744002 9.99999934209987e-11 0.103099983712064
0.999298977726461 0.999299064230304 0.999299155304041 0.999299235820469 0.999299261681512 0.999299266030808 0.999299257712613 0.999299251914287 0.999299273225461 0.999299234551963 9.99999950239557e-11 0.142594567805813
0.999322589031828 0.999322672621265 0.999322760626627 0.999322838430371 0.999322863420125 0.999322867622885 0.999322859584936 0.999322853981959 0.999322874575134 0.999322837204584 9.99999942087255e-11 0.147563220596371
0.999035990068339 0.99903610899547 0.999036234205387 0.999036344900921 0.999036380455169 0.999036386434651 0.99903637499862 0.999036367026956 0.999036396325956 0.999036343156866 9.99999943290813e-11 0.103669061854641
0.999149844774969 0.999149949662478 0.999150060091072 0.999150157718738 0.999150189075722 0.999150194349308 0.999150184263325 0.99915017723273 0.999150203072913 0.999150156180553 9.99999936483711e-11 0.117559722044644
0.999880452465386 0.999880467226745 0.999880482767927 0.999880496507565 0.999880500920595 0.999880501662777 0.999880500243329 0.999880499253881 0.999880502890504 0.999880496291109 9.99999977211322e-11 0.836712594524629
0.999877952479764 0.999877967551472 0.999877983419398 0.999877997447905 0.999878001953715 0.9998780027115 0.99987800126221 0.99987800025196 0.99987800396504 0.999877997226897 9.99999979123981e-11 0.819663943111183
0.999316200520749 0.99931628489648 0.999316373729678 0.999316452265294 0.999316477490118 0.999316481732413 0.999316473618855 0.999316467963173 0.999316488750062 0.99931645102798 9.99999943707386e-11 0.146181088798898
0.999355678750023 0.999355758256279 0.999355841962752 0.999355915965936 0.999355939734992 0.999355943732458 0.99935593608715 0.999355930757869 0.999355950345111 0.999355914800042 9.99999946258495e-11 0.155141343194549
0.998808530510741 0.998808677459913 0.998808832172252 0.998808968950281 0.998809012881937 0.998809020270301 0.998809006139639 0.998808996289629 0.998809032492151 0.998808966795115 9.9999993213353e-11 0.0838557005816215
0.999881140449751 0.999881155127451 0.999881170580554 0.999881184242324 0.999881188630343 0.999881189368318 0.999881187956915 0.999881186973075 0.999881190589086 0.999881184027094 9.9999997693097e-11 0.841629751338708
0.999064163239336 0.999064278689503 0.999064400238768 0.999064507697997 0.999064542212782 0.999064548017452 0.999064536915773 0.999064529177174 0.999064557619591 0.999064506004964 9.9999994619634e-11 0.106788767327901
0.999880285246233 0.999880300029772 0.999880315594304 0.999880329354585 0.999880333774246 0.999880334517542 0.999880333095962 0.999880332105027 0.999880335747114 0.999880329137804 9.99999977013722e-11 0.835630469137639
0.999053563191388 0.999053679946534 0.999053802869722 0.999053911543605 0.999053946448521 0.999053952318797 0.999053941091624 0.999053933265545 0.999053962029454 0.999053909831398 9.99999941456494e-11 0.105590296194883
0.999195812567685 0.99919591178785 0.999196016249699 0.999196108602287 0.999196138264979 0.999196143253629 0.999196133712628 0.999196127061926 0.999196151505904 0.999196107147275 9.99999945892881e-11 0.124284382164196
0.999364859352605 0.999364937732946 0.999365020254023 0.999365093209218 0.999365116641669 0.999365120582526 0.999365113045487 0.999365107791676 0.999365127101535 0.999365092059835 9.99999944955541e-11 0.157397744698505
0.999879059517474 0.999879074451348 0.999879090174162 0.999879104074376 0.99987910853898 0.999879109289836 0.999879107853799 0.999879106852789 0.99987911053191 0.999879103855389 9.99999978458483e-11 0.827104479323125
0.999033283033295 0.999033402282721 0.999033527831959 0.999033638827484 0.999033674478084 0.999033680473764 0.999033669006736 0.99903366101346 0.999033690391859 0.999033637078666 9.99999938782491e-11 0.103368648506668
0.999880606343032 0.999880621086913 0.999880636609692 0.999880650333062 0.999880654740866 0.999880655482168 0.999880654064401 0.999880653076124 0.999880656708442 0.999880650116861 9.99999976978873e-11 0.837877503126607
0.999257205153121 0.999257296811299 0.999257393311667 0.99925747862567 0.999257506027643 0.99925751063609 0.999257501822254 0.999257495678434 0.999257518259434 0.999257477281572 9.99999949104709e-11 0.134575088020655
0.999295062864764 0.999295149852382 0.999295241435446 0.999295322402164 0.999295348407833 0.999295352781451 0.999295344416735 0.999295338585981 0.999295360016336 0.999295321126556 9.99999947183011e-11 0.141803790979967
0.999272943607995 0.999273033320629 0.999273127772674 0.999273211275797 0.999273238096132 0.999273242606759 0.999273233980005 0.999273227966591 0.999273250068285 0.999273209960221 9.99999945599057e-11 0.137482871447765
0.999263037526451 0.99926312846278 0.999263224203165 0.999263308845283 0.999263336031452 0.999263340603607 0.999263331859186 0.999263325763752 0.999263348166917 0.999263307511775 9.99999951537638e-11 0.135636909162
0.999417773212353 0.999417845063228 0.999417920709894 0.999417987587564 0.999418009067978 0.999418012680543 0.999418005771377 0.999418000955236 0.999418018656488 0.999417986533935 9.99999945721392e-11 0.171703387800549
0.999265077882747 0.999265168567724 0.999265264043478 0.999265348451641 0.999265375562669 0.999265380122184 0.999265371401932 0.999265365323345 0.999265387664587 0.999265347121817 9.99999951019094e-11 0.136014081924422
0.999879873369481 0.999879888203289 0.999879903820744 0.999879917627815 0.999879922062504 0.999879922808328 0.999879921381914 0.99987992038761 0.99987992404208 0.999879917410296 9.99999977006256e-11 0.8327319697625
0.999878227627563 0.999878242664242 0.999878258495289 0.999878272491192 0.999878276986529 0.999878277742553 0.999878276296632 0.999878275288729 0.99987827899318 0.999878272270697 9.99999978963535e-11 0.821458454743109
0.999885718147812 0.999885732261652 0.999885747121106 0.999885760258042 0.99988576447749 0.999885765187116 0.999885763829932 0.999885762883888 0.999885766360986 0.999885760051081 9.9999997347576e-11 0.875430974048006
0.999264615763653 0.99926470650882 0.999264802047944 0.999264886512128 0.999264913641147 0.999264918203688 0.999264909477646 0.999264903395023 0.999264925751091 0.999264885181412 9.9999994745876e-11 0.135933362492873
0.999390558782913 0.999390633995714 0.999390713181912 0.999390783188811 0.999390805674301 0.999390809455898 0.999390802223449 0.99939079718196 0.999390815711459 0.99939078208588 9.99999947459872e-11 0.164043607462145
0.999248507556716 0.999248600282107 0.999248697906067 0.999248784213416 0.999248811934442 0.999248816596544 0.999248807680083 0.999248801464726 0.999248824308644 0.999248782853657 9.99999947362128e-11 0.133008867342056
0.999348945903854 0.99934902624971 0.999349110840136 0.999349185624802 0.999349209644862 0.999349213684544 0.999349205958501 0.999349200572944 0.999349220367028 0.999349184446602 9.99999949067004e-11 0.153553785941895
0.999879537684519 0.999879552560114 0.999879568221566 0.999879582067534 0.999879586514715 0.999879587262641 0.999879585832208 0.999879584835103 0.999879588499868 0.999879581849403 9.99999977878896e-11 0.830430248490391
0.99926905027239 0.999269140468035 0.999269235428607 0.999269319381307 0.999269346346043 0.999269350880957 0.999269342207757 0.99926933616197 0.999269358382658 0.999269318058654 9.99999950003701e-11 0.136754536587358
0.999875982112621 0.999875997425619 0.999876013547582 0.999876027800677 0.999876032378624 0.999876033148542 0.999876031676049 0.999876030649625 0.999876034422149 0.999876027576131 9.99999980123955e-11 0.80653413214187
0.999326024019746 0.99932610719022 0.999326194754488 0.999326272168269 0.999326297032771 0.999326301214468 0.999326293216811 0.999326287641919 0.999326308131881 0.999326270948641 9.999999478834e-11 0.148324042202028
0.999399040020276 0.999399114179585 0.999399192256637 0.999399261282962 0.999399283453504 0.999399287182132 0.999399280050987 0.999399275080111 0.999399293350071 0.999399260195479 9.99999945432592e-11 0.16634346008248
0.999210856998576 0.999210954360974 0.999211056866913 0.999211147490321 0.99921117659762 0.999211181492867 0.99921117213051 0.999211165604336 0.999211189590635 0.999211146062566 9.99999949231165e-11 0.126651690865401
0.999877746918702 0.999877762015223 0.999877777909271 0.999877791960871 0.999877796474101 0.999877797233134 0.999877795781457 0.999877794769543 0.999877798488735 0.9998777917395 9.9999997932408e-11 0.818254623930368
0.999407241481857 0.999407314632857 0.999407391648331 0.999407459736138 0.999407481605237 0.999407485283172 0.999407478248987 0.999407473345699 0.999407491367253 0.999407458663451 9.99999949794006e-11 0.168653678039602
0.999064244853437 0.999064360297418 0.999064481840171 0.999064589293639 0.999064623806572 0.999064629610929 0.999064618509845 0.999064610771656 0.999064639212549 0.999064587600686 9.99999946220282e-11 0.106801674594719
0.999264907421388 0.999264998126131 0.999265093622694 0.999265178049253 0.999265205166187 0.999265209726697 0.999265201004542 0.999265194924629 0.999265217270738 0.99926517671913 9.99999946743135e-11 0.135980646940972
0.999879532765485 0.999879547641105 0.999879563302584 0.999879577148575 0.999879581595764 0.99987958234369 0.999879580913256 0.999879579916149 0.999879583580921 0.999879576930442 9.99999977521556e-11 0.830363855766516
0.999201169567248 0.999201268130349 0.999201371900421 0.999201463641421 0.999201493107675 0.999201498063286 0.999201488585465 0.999201481978802 0.999201506260901 0.999201462196024 9.99999940524865e-11 0.125122775747556
0.999883847163374 0.999883861506937 0.99988387660825 0.999883889959009 0.999883894247134 0.99988389496831 0.999883893589037 0.999883892627593 0.999883896161287 0.999883889748678 9.99999974737388e-11 0.861248763966249
0.999879871303317 0.999879886137662 0.999879901755685 0.999879915563257 0.999879919998107 0.999879920743958 0.999879919317492 0.999879918323152 0.999879921977754 0.999879915345731 9.99999977161427e-11 0.832733582620428
0.999215155293311 0.999215252129571 0.999215354081573 0.999215444215257 0.999215473165261 0.999215478034054 0.999215468722293 0.999215462231385 0.999215486088063 0.99921544279522 9.99999950992541e-11 0.127350811260572
0.999178309798337 0.999178411169469 0.999178517895921 0.999178612250601 0.999178642556338 0.999178647653133 0.999178637905289 0.999178631110401 0.999178656084292 0.999178610764015 9.99999939982116e-11 0.121626790479918
0.999879673437973 0.999879688296214 0.999879703939393 0.999879717769207 0.9998797222112 0.999879722958252 0.999879721529489 0.999879720533547 0.999879724194036 0.999879717551329 9.99999977723884e-11 0.83133405703977
0.999195789736973 0.999195888960193 0.999195993425258 0.99919608578069 0.999196115444295 0.9991961204331 0.999196110891809 0.999196104240903 0.999196128685634 0.999196084325642 9.99999948931007e-11 0.124281148970649
0.99987949908797 0.999879513968984 0.999879529636139 0.999879543487152 0.999879547935952 0.99987954868415 0.999879547253196 0.999879546255729 0.999879549921828 0.99987954326894 9.99999978006502e-11 0.83020070133871
0.999281788389099 0.999281877011647 0.999281970316016 0.999282052804504 0.99928207929895 0.999282083754769 0.999282075232839 0.999282069292495 0.999282091125634 0.99928205150492 9.99999948514832e-11 0.139177989011048
0.999188577039373 0.999188677152933 0.999188782555374 0.99918887573952 0.999188905669295 0.999188910702859 0.999188901075944 0.99918889436535 0.999188919029422 0.999188874271372 9.99999938986492e-11 0.123176971353276
