0.999454214350973 0.99945427209716 0.999454332896202 0.999454386649266 0.999454403914567 0.999454406818256 0.999454401264851 0.999454397393777 0.999454411621584 0.999454385802405 9.99999936383632e-11 0.157014172501102
0.999909035410945 0.999909045041488 0.999909055181165 0.999909064145758 0.999909067025155 0.999909067509414 0.999909066583253 0.999909065937661 0.999909068310484 0.999909064004528 9.99999973238373e-11 0.94268340847585
0.999905971718379 0.99990598167279 0.999905992153457 0.999906001419522 0.999906004395753 0.999906004896296 0.999906003938991 0.999906003271686 0.999906005724306 0.999906001273544 9.9999997606704e-11 0.911923363884538
0.999409838882307 0.999409901322846 0.999409967064414 0.999410025187218 0.999410043856065 0.999410046995802 0.999410040990946 0.999410036805179 0.999410052189604 0.999410024271511 9.99999938988111e-11 0.145206226236238
0.999115507244404 0.999115600796719 0.999115699294852 0.999115786378077 0.999115814348902 0.999115819053036 0.999115810056164 0.999115803784768 0.999115826834666 0.999115785006001 9.99999927172191e-11 0.0968558455723671
0.999908399907066 0.999908409605258 0.99990841981616 0.999908428843726 0.999908431743347 0.999908432231009 0.999908431298342 0.999908430648215 0.999908433037706 0.999908428701502 9.99999973760251e-11 0.936178698639102
0.999015844316604 0.999015948403557 0.999016057993259 0.999016154882661 0.999016186003194 0.999016191237045 0.99901618122706 0.999016174249459 0.999016199894936 0.99901615335607 9.99999926831869e-11 0.0870419383538746
0.999316193534053 0.99931626587505 0.999316342040485 0.99931640937914 0.999316431008083 0.999316434645646 0.999316427688664 0.999316422839205 0.999316440662955 0.99931640831821 9.99999932357495e-11 0.125307735867449
0.9994590792807 0.999459136514981 0.999459196775052 0.999459250051607 0.999459267163857 0.999459270041804 0.999459264537631 0.999459260700873 0.999459274802555 0.999459249212258 9.99999942003687e-11 0.15843414194916
0.999907574839223 0.99990758462449 0.999907594927073 0.99990760403569 0.999907606961348 0.999907607453387 0.999907606512348 0.999907605856383 0.999907608267327 0.999907603892191 9.99999974517491e-11 0.927795097036841
0.9993797874827 0.999379853103102 0.999379922192642 0.999379983275425 0.999380002895005 0.999380006194639 0.999379999883977 0.999379995485046 0.999380011652943 0.999379982313086 9.99999941714583e-11 0.138171234431247
0.999452087392669 0.999452145366605 0.999452206405437 0.999452260370501 0.999452277703897 0.999452280619039 0.999452275043732 0.999452271157391 0.999452285441313 0.999452259520304 9.99999940267544e-11 0.156411968469951
0.999335628371459 0.999335698659547 0.999335772663541 0.999335838091242 0.999335859106395 0.999335862640731 0.999335855881176 0.999335851169338 0.999335868487281 0.999335837060424 9.99999930091383e-11 0.128979111038533
0.999910293914215 0.999910303411233 0.999910313410326 0.999910322250629 0.999910325090103 0.999910325567649 0.999910324654329 0.999910324017688 0.999910326357612 0.999910322111357 9.99999971939113e-11 0.955879740086471
0.99990675310024 0.999906762972216 0.99990677336609 0.999906782555421 0.999906785507004 0.999906786003403 0.999906785054023 0.999906784392247 0.999906786824554 0.99990678241065 9.9999997544189e-11 0.919591785222951
0.999908323535913 0.999908333241566 0.999908343460325 0.999908352494835 0.999908355396689 0.999908355884726 0.999908354951342 0.999908354300713 0.999908356692044 0.999908352352504 9.99999973792889e-11 0.935338655734523
0.999416558147624 0.999416619875186 0.999416684866085 0.999416742325216 0.999416760780894 0.99941676388478 0.99941675794849 0.99941675381052 0.999416769019281 0.99941674141997 9.99999940085025e-11 0.146873597413671
0.999441652821865 0.999441711897633 0.999441774096543 0.999441829087247 0.999441846750074 0.999441849720616 0.999441844039346 0.999441840079141 0.999441854634535 0.999441828220881 9.99999934779356e-11 0.153483073176499
0.999911458382788 0.999911467757556 0.999911477627936 0.999911486354442 0.999911489157365 0.999911489628762 0.9999114887272 0.999911488098754 0.999911490408558 0.999911486216961 9.99999970447334e-11 0.968557699157272
0.99918047800141 0.999180564682546 0.999180655946241 0.999180736633428 0.999180762549872 0.999180766908507 0.999180758572439 0.999180752761672 0.99918077411862 0.999180735362175 9.99999935506096e-11 0.10453534439217
0.999364594173245 0.999364661396565 0.999364732173767 0.999364794748627 0.999364814847459 0.999364818227691 0.999364811762877 0.999364807256493 0.999364823819324 0.999364793762776 9.99999938838592e-11 0.134858197574813
0.999464760872702 0.999464817507982 0.999464877137385 0.99946492985636 0.999464946789515 0.999464949637343 0.999464944190775 0.999464940394171 0.999464954348266 0.999464929025793 9.99999936592783e-11 0.160122049276935
0.999907785202951 0.999907794965771 0.999907805244719 0.999907814332441 0.999907817251388 0.999907817742298 0.999907816803417 0.999907816148957 0.999907818554372 0.999907814189272 9.99999974447363e-11 0.929894903789316
0.99991079400654 0.99991080345128 0.999910813395332 0.999910822186971 0.999910825010816 0.999910825485732 0.999910824577439 0.999910823944303 0.999910826271347 0.999910822048465 9.99999971045893e-11 0.961306272623929
0.999909317651442 0.999909327251915 0.999909337359931 0.999909346296532 0.999909349166938 0.999909349649685 0.999909348726416 0.999909348082841 0.999909350448255 0.999909346155742 9.99999972064573e-11 0.945598638626108
0.999376664276227 0.999376730221187 0.999376799652444 0.999376861037343 0.999376880753965 0.999376884069916 0.999376877728043 0.999376873307354 0.999376889555218 0.999376860070244 9.99999943180709e-11 0.137466643974919
0.999331756863708 0.999331827558062 0.999331901989801 0.999331967795676 0.9993319889323 0.999331992487068 0.999331985688446 0.999331980949376 0.99933199836742 0.999331966758918 9.99999941741208e-11 0.128225826515942
0.99932401479999 0.999324086317108 0.99932416161511 0.999324228186855 0.999324249569469 0.999324253165605 0.999324246287854 0.999324241493626 0.999324259114383 0.999324227138007 9.9999992861908e-11 0.126763861806955
0.999302997795811 0.999303071535825 0.999303149174236 0.999303217815165 0.999303239862393 0.999303243570304 0.999303236478779 0.999303231535535 0.999303249703981 0.999303216733715 9.99999932218703e-11 0.122940431774765
0.999907136555655 0.999907146386382 0.999907156736828 0.999907165887764 0.999907168827013 0.999907169321339 0.999907168375927 0.999907167716914 0.99990717013906 0.999907165743598 9.99999975024065e-11 0.923327726095165
0.999130905363025 0.999130997290957 0.999131094078829 0.999131179649996 0.999131207135157 0.999131211757618 0.999131202916969 0.999131196754472 0.999131219404151 0.999131178301782 9.99999931849666e-11 0.0985764558545135
0.999404063541126 0.999404126595282 0.999404192982907 0.999404251676894 0.999404270529204 0.999404273699796 0.999404267635929 0.999404263409031 0.999404278944642 0.999404250752194 9.99999943391694e-11 0.143804863428657
0.999381404507745 0.999381469958183 0.999381538868773 0.999381599793341 0.999381619362106 0.999381622653191 0.999381616358872 0.999381611971334 0.999381628097353 0.999381598833487 9.99999934608532e-11 0.138534795381099
0.999378378572862 0.999378444337788 0.999378513579493 0.999378574796808 0.999378594459601 0.999378597766499 0.999378591441937 0.999378587033317 0.999378603236823 0.999378573832344 9.99999939133611e-11 0.13784853690769
0.999398044061124 0.999398107747823 0.999398174801431 0.999398234084225 0.999398253125657 0.999398256328054 0.999398250203354 0.999398245934051 0.999398261625512 0.999398233150241 9.99999939674157e-11 0.142357091206043
0.999909056768036 0.999909066397323 0.999909076535675 0.999909085499098 0.999909088378118 0.999909088862314 0.999909087936275 0.999909087290767 0.99990908966328 0.999909085357886 9.99999972925853e-11 0.943003149253151
0.99943569028398 0.999435749986917 0.999435812846154 0.999435868420662 0.999435886271005 0.999435889273086 0.999435883531502 0.999435879529256 0.999435894239177 0.999435867545108 9.99999942556152e-11 0.151851952670851
0.999909498484142 0.999909508066117 0.999909518154658 0.99990952707404 0.999909529938916 0.999909530420732 0.999909529499242 0.999909528856907 0.999909531217764 0.999909526933522 9.99999972579549e-11 0.947552148093083
0.999906592369959 0.999906602258526 0.999906612669868 0.999906621874642 0.999906624831185 0.999906625328419 0.999906624377444 0.999906623714555 0.999906626150952 0.999906621729629 9.99999975804182e-11 0.917969875304477
0.999383470879761 0.999383536111492 0.999383604791812 0.999383665512799 0.999383685016172 0.999383688296259 0.999383682022975 0.999383677650098 0.999383693722231 0.999383664556152 9.99999935859807e-11 0.138998948812935
0.999174234080278 0.999174321427425 0.99917441339234 0.99917449469948 0.999174520815048 0.999174525207167 0.999174516807046 0.999174510951623 0.999174532472663 0.999174493418428 9.99999926376645e-11 0.103751564447852
0.999438807593133 0.999438866971675 0.999438929489367 0.99943898476191 0.999439002515263 0.99943900550103 0.999438999790645 0.999438995810144 0.99943901044014 0.999438983891111 9.99999939935016e-11 0.152709387099464
0.999291800036505 0.999291874957709 0.999291953839758 0.999292023580199 0.999292045980589 0.999292049747896 0.999292042542779 0.999292037520354 0.99929205597983 0.999292022481437 9.99999935327347e-11 0.120990912700132
0.999911501899374 0.999911511268859 0.999911521133678 0.999911529855265 0.99991153265661 0.999911533127742 0.999911532226687 0.999911531598595 0.999911533907097 0.999911529717864 9.99999970101096e-11 0.968964031711347
0.999250698937457 0.999250778207986 0.999250861669294 0.999250935458306 0.999250959159079 0.999250963145079 0.999250955521684 0.99925095020769 0.99925096973877 0.999250934295719 9.99999928412061e-11 0.114355986946434
0.999015359272848 0.999015463407679 0.999015573047794 0.999015669981767 0.999015701116616 0.999015706352877 0.999015696338289 0.999015689357481 0.999015715014756 0.999015668454484 9.99999929882991e-11 0.0869961983601134
0.999908560937524 0.99990857061836 0.999908580810989 0.999908589822398 0.999908592716832 0.999908593203619 0.999908592272622 0.999908591623659 0.999908594008873 0.99990858968043 9.99999973955258e-11 0.937797695401786
0.999189359954798 0.999189445707034 0.999189535992717 0.999189615815231 0.999189641453945 0.999189645765867 0.999189637519129 0.999189631770624 0.999189652898702 0.999189614557579 9.99999928118573e-11 0.105693721192458
0.999372417594806 0.999372483988685 0.999372553892594 0.999372615695367 0.999372635546207 0.999372638884732 0.999372632499683 0.9993726280489 0.99937264440737 0.999372614721677 9.99999938486492e-11 0.136535719451337
0.999454317123431 0.999454374860517 0.999454435649975 0.999454489394568 0.999454506657149 0.99945450956038 0.999454504007851 0.999454500137385 0.999454514362951 0.999454488547843 9.99999939417631e-11 0.157048566400125
0.999185108261773 0.99918519445945 0.999185285214122 0.999185365451277 0.99918539122317 0.999185395557494 0.999185387267917 0.999185381489555 0.999185402727384 0.9991853641871 9.99999930961249e-11 0.105136991018917
0.999226385728274 0.999226467566899 0.999226553732073 0.999226629911601 0.999226654380202 0.999226658495337 0.999226650624971 0.999226645138824 0.999226665302647 0.999226628711366 9.99999931188921e-11 0.110756493446738
0.999909550248998 0.999909559824822 0.999909569906887 0.999909578820545 0.999909581683581 0.999909582165087 0.999909581244189 0.999909580602265 0.999909582961607 0.999909578680117 9.99999972042093e-11 0.948028005179946
0.999909456222473 0.999909465808955 0.999909475902243 0.999909484825823 0.999909487692045 0.99990948817409 0.999909487252167 0.999909486609527 0.999909488971495 0.999909484685238 9.99999972085393e-11 0.9471132294334
0.999388890514132 0.999388955173865 0.999389023251944 0.999389083440484 0.999389102772838 0.999389106024162 0.999389099805885 0.999389095471353 0.999389111402554 0.999389082492226 9.99999934838063e-11 0.140234757730082
0.999483889427574 0.99948394403832 0.999484001536158 0.999484052370594 0.999484068698442 0.999484071444469 0.999484066192599 0.999484062531713 0.999484075986993 0.99948405156972 9.99999935799512e-11 0.166055165038525
0.998923459545527 0.998923573388645 0.998923693250295 0.998923799221236 0.998923833258723 0.998923838983142 0.998923828034905 0.99892382040328 0.998923848452529 0.998923797551519 9.99999925257538e-11 0.0795620456252371
0.999908645497104 0.9999086551693 0.999908665352834 0.999908674356201 0.999908677248052 0.999908677734405 0.99990867680424 0.999908676155855 0.99990867853894 0.99990867421436 9.99999973584216e-11 0.938696173535971
0.999318732252495 0.999318804329597 0.999318880217184 0.999318947310189 0.99931896886023 0.999318972484523 0.99931896555292 0.999318960721151 0.999318978479881 0.999318946253129 9.99999932116948e-11 0.125782858303635
0.999909054878633 0.999909064507256 0.999909074644909 0.999909083607712 0.999909086486536 0.999909086970699 0.999909086044722 0.999909085399259 0.999909087771608 0.999909083466512 9.99999972887896e-11 0.942898858275753
0.999157920664186 0.999158009735812 0.999158103516374 0.999158186428748 0.999158213059914 0.999158217538751 0.999158208972794 0.999158203001772 0.999158224947702 0.999158185122433 9.99999933793883e-11 0.101740337497635
0.999267587663421 0.999267665141592 0.999267746715788 0.999267818836385 0.999267842001273 0.999267845897153 0.999267838446132 0.999267833252299 0.999267852341772 0.999267817700119 9.99999933657668e-11 0.11698437588041
0.999429459041685 0.999429519410682 0.999429582971192 0.9994296391657 0.999429657215185 0.999429660250758 0.99942965444512 0.999429650398222 0.999429665272252 0.999429638280376 9.99999940406106e-11 0.150210430517536
0.999909505044906 0.999909514626845 0.999909524715348 0.999909533634698 0.999909536499563 0.999909536981378 0.999909536059892 0.999909535417558 0.999909537778405 0.999909533494182 9.99999972578938e-11 0.94768610989423
0.999178885993017 0.999178972849286 0.99917906429737 0.999179145147576 0.999179171116379 0.99917917548382 0.999179167130907 0.999179161308397 0.999179182708493 0.999179143873744 9.99999931335989e-11 0.104340781362398
0.999909032447532 0.99990904207913 0.999909052219918 0.999909061185492 0.999909064065203 0.999909064549517 0.999909063623254 0.999909062977592 0.999909065350674 0.999909061044246 9.9999997312653e-11 0.942725241744175
0.999399690750505 0.999399754267333 0.999399821142091 0.999399880266759 0.999399899257402 0.999399902451257 0.999399896342892 0.999399892084975 0.999399907734582 0.999399879335262 9.99999936188375e-11 0.142757367165488
0.999471481421281 0.99947153734301 0.99947159622114 0.999471648275906 0.999471664995721 0.999471667807669 0.999471662429724 0.999471658680954 0.999471672459243 0.999471647455809 9.99999943240819e-11 0.162151080202772
0.999428557209968 0.9994286176705 0.999428681327385 0.999428737607099 0.999428755683953 0.999428758724128 0.999428752909686 0.999428748856653 0.999428763753234 0.999428736720431 9.99999938861825e-11 0.149963730755584
0.999401725606311 0.999401788905394 0.999401855550894 0.999401914472874 0.999401933398412 0.99940193658132 0.999401930493898 0.999401926250579 0.999401941846538 0.999401913544576 9.9999994060381e-11 0.143237382227762
0.999459499638395 0.999459556829118 0.999459617043328 0.999459670279338 0.999459687378562 0.999459690254319 0.999459684754333 0.999459680920495 0.999459695011443 0.999459669440621 9.99999935850765e-11 0.158559918073499
0.999317744502131 0.999317816681943 0.999317892677669 0.999317959866281 0.999317981447034 0.999317985076495 0.999317978135017 0.999317973296367 0.999317991080404 0.999317958807731 9.99999939081368e-11 0.125597634087684
0.999914386924036 0.999914395988982 0.999914405533159 0.999914413971265 0.999914416681558 0.999914417137375 0.999914416265608 0.99991441565793 0.9999144178914 0.999914413838329 9.99999967169197e-11 1.00171648060499
0.99990846067927 0.999908470371045 0.999908480575191 0.999908489596783 0.999908492494488 0.999908492981825 0.999908492049776 0.999908491400079 0.999908493787989 0.999908489454655 9.9999997370744e-11 0.936801948247617
0.999912347047484 0.999912356328288 0.999912366099737 0.999912374738775 0.999912377513604 0.999912377980278 0.999912377087751 0.999912376465604 0.999912378752256 0.999912374602673 9.99999969597543e-11 0.978390739314289
0.9994059267096 0.999405989566198 0.999406055745819 0.99940611425591 0.999406133049153 0.999406136209811 0.999406130164942 0.999406125951284 0.999406141438219 0.999406113334099 9.99999937901267e-11 0.144254906796911
0.999390064337939 0.999390128868837 0.999390196811277 0.999390256879893 0.99939027617373 0.999390279418578 0.999390273212693 0.999390268886798 0.999390284786258 0.999390255933534 9.99999942893357e-11 0.140494535934343
0.999490059218335 0.99949011317374 0.999490169981593 0.999490220206006 0.999490236337918 0.999490239050991 0.999490233862144 0.999490230245189 0.999490243539004 0.99949021941474 9.99999936074361e-11 0.168056466089512
0.999491078207884 0.999491132062263 0.999491188763748 0.999491238894119 0.999491254995823 0.999491257703818 0.999491252524685 0.999491248914502 0.999491262183423 0.999491238104331 9.99999931275721e-11 0.168414214886391
0.999907249262861 0.999907259083111 0.999907269422525 0.999907278563706 0.999907281499823 0.999907281993621 0.999907281049216 0.999907280390907 0.999907282810471 0.999907278419695 9.99999975136486e-11 0.924586649185014
0.999438645879906 0.999438705277983 0.999438767816244 0.99943882310697 0.999438840866162 0.999438843852914 0.999438838140648 0.999438834158838 0.999438848793645 0.999438822235883 9.99999937267953e-11 0.152671635511379
0.999907722702642 0.999907732471925 0.999907742757675 0.999907751851414 0.999907754772292 0.999907755263527 0.999907754324024 0.99990775366913 0.999907756076137 0.999907751708149 9.99999974352153e-11 0.929250285376204
0.999404140809097 0.999404203855431 0.999404270234819 0.999404328921526 0.999404347771496 0.999404350941694 0.999404344878577 0.9994043406522 0.999404356185883 0.999404327996927 9.99999934105827e-11 0.143824335093276
0.999451332789985 0.999451390844348 0.999451451967857 0.999451506007786 0.999451523365226 0.999451526284411 0.999451520701369 0.999451516809636 0.999451531113372 0.999451505156404 9.99999935526332e-11 0.156198420419676
0.999361187509706 0.999361255099442 0.999361326262432 0.99936138917837 0.999361409386756 0.999361412785413 0.999361406285362 0.999361401754414 0.999361418407526 0.999361388187149 9.99999942010162e-11 0.134150958870988
0.999908256531544 0.999908266244234 0.999908276470402 0.999908285511461 0.999908288415419 0.999908288903809 0.999908287969748 0.999908287318649 0.999908289711712 0.999908285369026 9.99999973685007e-11 0.934649996249542
0.999362802852782 0.999362870266223 0.999362941243596 0.999363003995429 0.999363024151102 0.999363027540893 0.999363021057794 0.999363016538664 0.999363033148337 0.999363003006784 9.99999935953371e-11 0.134480290199856
0.999287694356839 0.999287769709797 0.999287849046424 0.999287919188763 0.999287941718241 0.999287945507257 0.999287938260615 0.999287933209246 0.999287951775099 0.99928791808366 9.99999934434048e-11 0.120289387355269
0.999351241771203 0.99935131040539 0.999351382668046 0.999351446556212 0.999351467076875 0.999351470528051 0.999351463927556 0.999351459326593 0.999351476237043 0.999351445549676 9.9999994422518e-11 0.132079227160768
0.999909242879818 0.999909252488562 0.999909262605291 0.999909271549594 0.999909274422474 0.999909274905637 0.999909273981573 0.999909273337443 0.999909275704894 0.999909271408684 9.99999972476151e-11 0.944854884587266
0.999236353405554 0.99923643418497 0.999236519234937 0.9992365944285 0.999236618580412 0.999236622642286 0.999236614873784 0.999236609458645 0.999236629361494 0.999236593243801 9.9999993272423e-11 0.112195562742633
0.999905336171308 0.999905346192755 0.999905356744001 0.999905366072468 0.999905369068739 0.999905369572654 0.999905368608901 0.999905367937104 0.99990537040624 0.999905365925505 9.9999997684152e-11 0.905778604648943
0.999908517396525 0.999908527081929 0.999908537279369 0.99990854629503 0.999908549190828 0.999908549677846 0.999908548746409 0.99990854809714 0.99990855048348 0.999908546152995 9.99999973821586e-11 0.937347277786761
0.999401050427828 0.999401113798121 0.999401180518595 0.999401239506861 0.999401258453692 0.999401261640179 0.99940125554591 0.999401251297817 0.999401266911321 0.999401238577522 9.99999942380069e-11 0.143075399550422
0.999352215820795 0.999352284351686 0.999352356505586 0.999352420297601 0.999352440787378 0.999352444233357 0.999352437642793 0.999352433048752 0.99935244993375 0.999352419292564 9.99999934192972e-11 0.132277352947351
0.99990951113426 0.999909520714407 0.999909530801024 0.999909539718707 0.999909542583036 0.99990954306476 0.999909542143448 0.999909541501233 0.999909543861639 0.999909539578215 9.99999971968808e-11 0.947636295180958
0.999303345323754 0.999303419026524 0.999303496625722 0.99930356523198 0.999303587268075 0.999303590974114 0.999303583886171 0.999303578945425 0.999303597104695 0.999303564151081 9.99999932122367e-11 0.123000964786254
0.999909278803191 0.999909288408252 0.999909298521099 0.999909307461972 0.99990931033375 0.999909310816728 0.999909309893017 0.999909309249133 0.999909311615678 0.999909307321115 9.99999972537683e-11 0.945240623081483
0.99947354363687 0.999473599347267 0.999473658002888 0.999473709860932 0.99947372651756 0.999473729318882 0.99947372396126 0.999473720226656 0.999473733952876 0.999473709043932 9.99999939895093e-11 0.162806332689121
0.999131919649753 0.999132011463769 0.999132108131705 0.999132193596837 0.999132221047938 0.999132225664667 0.999132216834969 0.999132210680105 0.999132233301716 0.999132192250274 9.99999929604587e-11 0.0986845036249935
