0.989075608861231 0.989092900515744 0.989111051574969 0.989127052536308 0.98913218271224 0.989133045024333 0.98913139556079 0.989130245489985 0.989134471126824 0.989126800472416 9.99999994770848e-11 0.118930528274633
0.993894809998726 0.993904521595442 0.993914715699324 0.993923702113845 0.993926583284894 0.99392706757358 0.993926141223914 0.993925495337426 0.993927868503073 0.993923560585714 9.99999996847931e-11 0.213870647075212
0.993840448382647 0.993850262806337 0.993860564789657 0.993869646255344 0.993872557891647 0.993873047300713 0.993872111156668 0.993871458440885 0.993873856698153 0.993869503230636 9.99999996807986e-11 0.212336219173391
0.988892913508506 0.988910488999781 0.988928938019184 0.988945201659813 0.988950416058512 0.988951292528142 0.988949615986057 0.988948447035373 0.988952742045789 0.988944945463001 9.99999994496182e-11 0.116935544982459
0.983452627046128 0.983478712282845 0.983506094335431 0.983530233127913 0.983537972456167 0.983539273292658 0.9835367848594 0.983535049812741 0.983541424567469 0.983529852568124 9.99999991893351e-11 0.0781962583309971
0.99373942671083 0.993749380737882 0.99375982933222 0.993769040100868 0.993771993205575 0.993772489585507 0.993771540107606 0.993770878095297 0.993773310511872 0.993768895039115 9.99999996837693e-11 0.208457382020557
0.984318471402218 0.984343144629922 0.984369044634992 0.98439187705751 0.984399197574857 0.984400428027857 0.984398074268248 0.984396433126332 0.984402462921285 0.984391517161169 9.99999992687716e-11 0.0823561830349937
0.987244619935202 0.987264764625402 0.987285910672415 0.987304551977191 0.987310528708481 0.987311533305272 0.987309611636376 0.987308271770112 0.987313194703166 0.987304258240256 9.99999993249765e-11 0.101630937059242
0.989257745881249 0.989274752073533 0.989292603472794 0.989308340262419 0.989313385740381 0.989314233817766 0.989312611589683 0.989311480509166 0.989315636381802 0.989308092374122 9.99999995082853e-11 0.120966526231296
0.993878249725402 0.993887997367986 0.993898229275132 0.993907248985949 0.993910140826624 0.993910626908479 0.993909697128792 0.993909048850597 0.993911430803407 0.993907106933697 9.99999996914160e-11 0.213503797128389
0.988011403983406 0.988030357337876 0.988050252761553 0.988067791522573 0.988073414754901 0.988074359942528 0.988072551947826 0.988071291342854 0.988075923104228 0.988067515225267 9.99999994532257e-11 0.108242098711565
0.988517541742651 0.988535705454118 0.988554771949281 0.988571579939527 0.988576968868629 0.988577874673773 0.988576142014778 0.988574933936986 0.988579372705638 0.988571315161507 9.9999999457914e-11 0.113077829444283
0.986551235172707 0.98657248039211 0.986594781654424 0.98661444132321 0.986620744556466 0.986621804032752 0.986619777385042 0.986618364323037 0.986623556189508 0.986614131537401 9.99999993840327e-11 0.0964149761906915
0.993760134215471 0.993770067084507 0.993780493429669 0.993789684551049 0.993792631349826 0.99379312666948 0.993792179219573 0.993791518621051 0.993793945842112 0.993789539798906 9.99999996805182e-11 0.209400312419612
0.99388064290251 0.993890386025933 0.993900613191928 0.993909628725425 0.993912519227225 0.993913005084058 0.993912075734816 0.993911427756761 0.993913808606856 0.993909486738983 9.99999996938855e-11 0.213572229853791
0.99403156465153 0.994041066897123 0.994051041219896 0.994059833866299 0.994062652907742 0.994063126753004 0.994062220379554 0.994061588421112 0.994063910410756 0.99405969539011 9.99999996900153e-11 0.218956114583839
0.988999677456671 0.989017081700427 0.989035350969263 0.989051456158957 0.989056619758276 0.989057487690851 0.989055827484241 0.989054669923901 0.989058923092369 0.989051202469445 9.99999995024339e-11 0.118055670261449
0.988923635933223 0.988941168510392 0.988959572465087 0.988975796364283 0.988980998018996 0.988981872347337 0.988980199904454 0.988979033812151 0.988983318325128 0.988975540800442 9.99999994818884e-11 0.117301595351346
0.993775295744903 0.993785202195641 0.99379560081816 0.993804767508153 0.993807706475263 0.993808200478579 0.993807255546585 0.993806596703694 0.993809017474257 0.993804623140729 9.99999996751556e-11 0.209863802642752
0.985530375211415 0.985553170324718 0.985577098734505 0.985598192994441 0.985604956216072 0.985606093008084 0.985603918455078 0.985602402267419 0.985607973025551 0.985597860580657 9.99999993521781e-11 0.0893653118178858
0.988078808029319 0.988097647565604 0.988117423539263 0.988134857020713 0.988140446501498 0.988141386014503 0.988139588868704 0.988138335827537 0.988142939788898 0.988134582369785 9.99999994341694e-11 0.108813217834106
0.988786633820159 0.988804339141731 0.988822924575018 0.988839308581281 0.988844561591249 0.988845444549502 0.988843755587404 0.988842577976759 0.988846904794803 0.988839050469775 9.99999994120771e-11 0.115576938691984
0.993756647999346 0.993766573455255 0.993776992063498 0.993786176402372 0.99378912103413 0.993789615989953 0.99378866923628 0.993788009123447 0.99379043456119 0.993786031757198 9.99999996727639e-11 0.209010631171046
0.993808624020609 0.993818463426396 0.993828791720375 0.993837896453915 0.993840815564922 0.99384130623107 0.993840367682568 0.993839713290735 0.993842117707913 0.993837753062056 9.99999996495647e-11 0.210689290780581
0.993748394638154 0.99375835453026 0.993768809212814 0.993778025290448 0.993780980085789 0.993781476749342 0.993780526728774 0.993779864337754 0.993782298144412 0.993777880145471 9.99999997040706e-11 0.209184979473002
0.988401983572988 0.988420337628356 0.988439603902923 0.98845658798644 0.98846203336929 0.98846294866268 0.988461197851868 0.988459977117551 0.988464462385146 0.988456320429841 9.99999994507592e-11 0.111998369583182
0.987625478403841 0.987645036930561 0.987665567624096 0.987683666419746 0.9876894692077 0.987690444571174 0.987688578836977 0.987687277971985 0.987692057629846 0.987683381262832 9.99999993927015e-11 0.104840563263804
0.986016555311083 0.986038604386055 0.9860617495991 0.98608215336847 0.986088695193245 0.986089794770169 0.986087691401076 0.986086224844992 0.986091613239361 0.986081831827612 9.99999993121661e-11 0.0925554542573512
0.987177847589914 0.98719810168622 0.987219362562125 0.987238105082731 0.98724411426991 0.987245124330293 0.987243192239535 0.987241845109702 0.987246794777337 0.98723780981164 9.9999999477924e-11 0.101119061760827
0.993778812582019 0.993788702571572 0.993799083951762 0.993808235473307 0.993811169583429 0.993811662770691 0.993810719399899 0.993810061645739 0.993812478417023 0.993808091344912 9.99999996755256e-11 0.209748360232147
0.985440442085145 0.98546339487326 0.985487488743027 0.985508728818691 0.985515538778664 0.985516683421542 0.985514493834213 0.985512967162029 0.985518576414858 0.985508394073506 9.9999999308886e-11 0.0888755453705034
0.988801322488863 0.988819042751053 0.98883764373872 0.988854041348048 0.988859298700251 0.988860182390445 0.988858492038877 0.988857313459928 0.988861643850616 0.988853783045524 9.99999995197483e-11 0.115981028653642
0.986698016175438 0.986718997325197 0.986741021500445 0.986760436994883 0.986766661956667 0.98676770827368 0.986765706784537 0.98676431126323 0.9867694386619 0.986760131027605 9.99999993167913e-11 0.0973280428923593
0.989946199973325 0.989962139096213 0.989978870314826 0.989993619550248 0.989998348389853 0.989999143245355 0.989997622826504 0.989996562731474 0.990000457792083 0.989993387228792 9.99999995073157e-11 0.129435889128276
0.989447846503169 0.989464568227681 0.989482120965891 0.989497594425571 0.989502555465266 0.98950338934809 0.98950179426757 0.989500682114689 0.989504768434753 0.989497350677133 9.99999994653606e-11 0.123269586425843
0.993631463801547 0.993641594694148 0.993652228924123 0.993661603321624 0.993664608885134 0.993665114082584 0.993664147738424 0.993663473966221 0.99366594959149 0.993661455682895 9.99999996881466e-11 0.205031146845395
0.988699204014637 0.98871709195508 0.988735868934443 0.988752421670709 0.988757728754455 0.988758620802063 0.988756914458426 0.988755724728488 0.988760096081113 0.988752160912913 9.99999994661871e-11 0.114972655363666
0.99381620678887 0.993826048031145 0.993836378205938 0.993845484557619 0.993848404179521 0.993848894931169 0.993847956219034 0.993847301712876 0.99384970654918 0.993845341140582 9.9999999666077e-11 0.211250649669314
0.993811533987089 0.993821400527954 0.993831757197324 0.993840886853013 0.993843813936207 0.993844305941477 0.993843364831152 0.993842708652562 0.993845119632387 0.993840743069051 9.99999996690616e-11 0.211477516753117
0.986714272601254 0.98673524150203 0.98675725277495 0.986776656858853 0.986782878160258 0.986783923868352 0.986781923567338 0.986780528876663 0.986785653260156 0.986776351120074 9.99999993629778e-11 0.0975116288466142
0.983697509397525 0.983723156253264 0.983750078305797 0.983773811733373 0.983781421132528 0.983782700142257 0.983780253499534 0.983778547595801 0.983784815338631 0.983773437639125 9.99999992564513e-11 0.079207133443525
0.989983704842871 0.989999578498576 0.990016241017845 0.99003092971012 0.990035639142325 0.990036430736015 0.990034916556989 0.990033860812764 0.990037739888642 0.990030698343224 9.9999999513963e-11 0.129873137083117
0.987944758760847 0.987963833586539 0.987983856464668 0.988001507535677 0.988007166763527 0.988008117996417 0.988006298421698 0.988005029740716 0.988009691148048 0.988001229435809 9.99999993758121e-11 0.107735128102998
0.993886271018887 0.993895989647871 0.993906191155063 0.993915184114228 0.993918067387238 0.993918552029417 0.993917625003654 0.993916978645876 0.993919353543648 0.99391504248294 9.99999996818852e-11 0.213422806279034
0.986266800489997 0.986288477060594 0.986311231175216 0.986331290106559 0.986337721360355 0.986338802355288 0.986336734544787 0.986335292782653 0.986340590099605 0.98633097402823 9.9999999381082e-11 0.0943380289271693
0.98328083403174 0.983307113575459 0.983334699851402 0.983359018897033 0.983366816065589 0.983368126631702 0.9833656196066 0.983363871600236 0.983370294007491 0.983358635535002 9.99999992375881e-11 0.0771657692658519
0.993811588376761 0.993821437824637 0.993831776609064 0.993840890547315 0.993843812601003 0.993844303761423 0.993843364267547 0.993842709216327 0.993845116055525 0.993840747011158 9.99999996864985e-11 0.211106970129639
0.983774849587056 0.983800401674356 0.983827224155494 0.983850869727201 0.983858450941114 0.9838597252107 0.983857287628463 0.983855588040918 0.983861832564317 0.983850497004194 9.9999999264817e-11 0.0796689156055838
0.989427914822419 0.989444643592556 0.989462203808433 0.989477683929605 0.989482647119109 0.989483481364213 0.98948188559182 0.989480772957045 0.989484861050874 0.989477440077681 9.9999999459187e-11 0.12285282013698
0.988638921485271 0.988656879406477 0.988675729930849 0.988692347573257 0.988697675480534 0.98869857102779 0.988696857985891 0.988695663585658 0.98870005209311 0.988692085783833 9.99999993813383e-11 0.114199522277099
0.983677112611762 0.983702778954948 0.983729721506636 0.983753473040906 0.983761088248833 0.983762368230668 0.9837599197124 0.983758212499496 0.983764485027486 0.983753098627791 9.9999999263128e-11 0.0790690779840448
0.98412013664606 0.984145107466953 0.984171319909948 0.984194427807224 0.984201836659226 0.984203081964987 0.984200699810253 0.984199038872048 0.984205141429624 0.984194063603411 9.99999992708828e-11 0.0812797927664532
0.993700536948921 0.993710558162652 0.993721077263512 0.993730350170336 0.993733323194369 0.993733822922373 0.99373286704033 0.993732200562728 0.993734649385821 0.993730204130286 9.99999996928943e-11 0.207281507331452
0.993862078452986 0.993871843458288 0.99388209361954 0.993891129446316 0.993894026458832 0.99389451341023 0.993893581967306 0.99389293252958 0.993895318743369 0.993890987140021 9.99999996722985e-11 0.212758535103179
0.989570844650214 0.989587355274547 0.989604686475443 0.989619964687112 0.989624863138378 0.98962568650397 0.989624111550372 0.989623013431987 0.989627048201563 0.989619724032787 9.99999995367588e-11 0.124598266907462
0.989142429237523 0.989159631142745 0.989177687938192 0.989193605756344 0.989198709267321 0.989199567098453 0.989197926211348 0.989196782120644 0.989200985792394 0.989193355013266 9.99999995091335e-11 0.119775947302554
0.981901142469982 0.981929608915848 0.981959490778007 0.981985833473839 0.981994279434872 0.981995699026705 0.981992983357349 0.98199108986601 0.981998046666348 0.981985418035494 9.99999990910427e-11 0.0713309134506095
0.993837708370375 0.993847514544006 0.993857807911025 0.993866881818252 0.993869791038567 0.993870280041893 0.99386934467406 0.993868692499705 0.99387108876854 0.993866738912365 9.99999997124753e-11 0.21197081688815
0.986736093617237 0.986757035121204 0.98677901761104 0.986798396300365 0.986804609455317 0.986805653793452 0.986803656111307 0.98680226324632 0.986807380918741 0.986798090958492 9.9999999371383e-11 0.0977043468751307
0.993927905004876 0.993937575136008 0.993947725675177 0.993956673652973 0.993959542494105 0.993960024709976 0.993959102325131 0.993958459202875 0.993960822211201 0.99395653273045 9.99999996787419e-11 0.215281698991147
0.984403602401809 0.98442816370229 0.984453946139741 0.984476674855721 0.984483962111626 0.984485186975247 0.984482843914179 0.984481210232061 0.984487212627782 0.984476316608257 9.99999992943441e-11 0.082879689821584
0.986383981350294 0.986405515591118 0.986428120157323 0.986448047131753 0.986454436051949 0.986455509928079 0.986453455727604 0.986452023453478 0.986457285895351 0.986447733118986 9.99999992949601e-11 0.0953412002169872
0.988154876803712 0.988173583253993 0.988193219570176 0.98821052997395 0.988216080001465 0.988217012883566 0.988215228422764 0.988213984226399 0.988218555692401 0.9882102572638 9.99999994156485e-11 0.109436403687363
0.993841394254063 0.993851195098606 0.99386148286912 0.993870551840607 0.993873459477971 0.993873948215155 0.993873013356233 0.993872361536679 0.993874756501564 0.993870409012136 9.99999996553119e-11 0.212104120520202
0.984634888282897 0.984659092389949 0.984684499851045 0.984706897982359 0.984714079238946 0.984715286281361 0.984712977295548 0.98471136737045 0.984717282454453 0.984706544914352 9.99999992181897e-11 0.0841513670904877
0.993680785171341 0.993690834503582 0.993701383131474 0.993710682077037 0.99371366345137 0.993714164583021 0.99371320601601 0.993712537666389 0.993714993367874 0.993710535626641 9.99999996644873e-11 0.206566709262134
0.988766587868686 0.988784374708621 0.988803045543681 0.988819504692699 0.988824781766861 0.98882566876923 0.988823972073172 0.988822789069485 0.988827135702864 0.988819245402876 9.99999994063251e-11 0.1156982841218
0.990022472707821 0.990038313575868 0.990054941579888 0.990069599762208 0.990074299396005 0.990075089342067 0.990073578314969 0.990072524767951 0.990076395769553 0.990069368877533 9.99999995301534e-11 0.13061403926985
0.989208657940634 0.989225729779571 0.989243650128086 0.989259447733718 0.989264512718196 0.989265364076078 0.989263735577914 0.98926260012636 0.989266772067911 0.989259198897261 9.99999995299348e-11 0.120328856263916
0.989589212026402 0.989605727695644 0.989623064076671 0.989638346756493 0.989643246619829 0.989644070220597 0.989642494812549 0.989641396376272 0.989645432304524 0.989638106023481 9.99999994760749e-11 0.125079295948622
0.989653287338856 0.989669660513502 0.989686847457136 0.989701998519766 0.989706856208648 0.989707672722496 0.989706110874045 0.989705021893078 0.989709023088171 0.989701759865847 9.9999999499938e-11 0.125537856701104
0.987947441820003 0.987966542090023 0.987986591576315 0.988004266018056 0.988009932722171 0.988010885211149 0.988009063234372 0.988007792878165 0.988012460439989 0.988003987552381 9.99999994045617e-11 0.107928129427101
0.993770316682584 0.993780243786651 0.993790664044395 0.99379984976893 0.993802794831334 0.993803289858839 0.993802342967691 0.993801682758582 0.993804108548128 0.993799705102023 9.99999996887886e-11 0.20996276114213
0.993821107069305 0.993830939132793 0.993841259677498 0.993850357543986 0.99385327444623 0.993853764740799 0.993852826903055 0.993852173006586 0.993854575602936 0.993850214260709 9.99999996835394e-11 0.211388374646159
0.993719576369968 0.993729550720878 0.993740020687699 0.993749250329861 0.993752209492248 0.993752706890735 0.993751755464692 0.993751092094265 0.993753529501839 0.99374910497078 9.99999996541212e-11 0.207566636030802
0.987612391350817 0.98763195508692 0.987652491300312 0.987670595005999 0.987676399377877 0.987677375009202 0.987675508766956 0.98767420754843 0.987678988513053 0.987670309780106 9.99999994194204e-11 0.10464524772862
0.989660230205497 0.989676603772014 0.989693791087429 0.989708942444016 0.989713800219725 0.989714616746942 0.989713054869655 0.989711965868055 0.989715967133049 0.989708703779125 9.99999994981202e-11 0.125707859952468
0.988923536727656 0.988941051222864 0.988959436257419 0.988975643529072 0.988980839862894 0.988981713297329 0.988980042564383 0.988978877664606 0.988983157797031 0.988975388226614 9.99999994901004e-11 0.117175095135971
0.987922136527365 0.987941252017933 0.987961317565619 0.987979006238421 0.987984677521874 0.987985630784156 0.987983807338507 0.987982535959624 0.987987207297022 0.987978727569047 9.99999994581569e-11 0.107561372735973
0.993765506027088 0.993775431234183 0.993785849534319 0.993795033561712 0.99379797808565 0.993798473022915 0.993797526304444 0.9937968662159 0.993799291563132 0.993794888921321 9.99999996684424e-11 0.209603411035838
0.98920849962892 0.989225585801561 0.989243521147899 0.989259331933632 0.989264401135181 0.989265253200835 0.989263623346364 0.989262486948657 0.989266662361854 0.989259082884979 9.99999994967208e-11 0.120425915803354
0.993597528649241 0.99360769420848 0.993618364893076 0.9936277714822 0.993630787377901 0.993631294312646 0.993630324645709 0.993629648557087 0.99363213269516 0.993627623336481 9.99999996922482e-11 0.203554348274899
0.988435004971879 0.988453293503425 0.988472491042786 0.988489414571881 0.988494840548927 0.988495752582456 0.988494008013008 0.988492791631234 0.988497260916576 0.988489147980668 9.9999999482645e-11 0.112236825940761
0.988933781779114 0.988951279303973 0.988969646528925 0.988985838103701 0.98899102940354 0.988991901989435 0.988990232871114 0.988989069096253 0.988993345081906 0.988985583030929 9.99999994205594e-11 0.117281285882951
0.988702099026717 0.98871997958622 0.988738748827001 0.988755294748791 0.98876059964759 0.988761491326005 0.988759785681564 0.988758596438447 0.988762965991276 0.988755034083757 9.99999994017677e-11 0.114983186075238
0.993674356234361 0.993684413062342 0.993694969567776 0.9937042754656 0.993707259070481 0.993707760577101 0.993706801292748 0.993706132443007 0.993708589982082 0.993704128905414 9.99999996634027e-11 0.206300954420102
0.988786412187664 0.988804162914531 0.988822795857983 0.988839221618161 0.988844487991943 0.988845373198142 0.988843679945903 0.988842499344301 0.988846837165032 0.988838962870759 9.99999994771967e-11 0.115872485807752
0.98573899796712 0.985761494252808 0.98578510887781 0.98580592643296 0.985812600919848 0.985813722794941 0.985811576771933 0.985810080475624 0.985815578140494 0.985805598371652 9.99999993382464e-11 0.0907942682039691
0.988687094956396 0.988705010365205 0.988723816149335 0.988740394253937 0.988745709466828 0.988746602881188 0.988744893925167 0.988743702373839 0.988748080421389 0.988740133100922 9.99999994596618e-11 0.114902116115155
0.993964863434406 0.993974465526067 0.993984544677472 0.993993429752092 0.993996278431023 0.993996757258171 0.993995841355466 0.993995202752981 0.99399754915525 0.99399328982027 9.99999996766835e-11 0.216395491425689
0.98702107285532 0.987041592747717 0.987063132571692 0.987082120946739 0.98708820894425 0.987089232245175 0.987087274806543 0.987085910000722 0.987090924579709 0.987081821760186 9.99999993909370e-11 0.0999882176575076
0.993773462843027 0.993783375133987 0.99379377987676 0.993802951953338 0.99380589264574 0.993806386938953 0.993805441452348 0.993804782222701 0.993807204413984 0.99380280750099 9.99999996784312e-11 0.20986348534334
0.994065998893836 0.99407546380115 0.994085398871479 0.994094156865475 0.994096964786902 0.994097436762535 0.994096533965139 0.994095904499755 0.994098217327924 0.994094018935276 9.9999999679054e-11 0.220641180639277
0.989805413501587 0.98982157169134 0.989838532877307 0.989853484849766 0.989858278691613 0.989859084472243 0.989857543152062 0.989856468483516 0.989860417085601 0.989853249327576 9.99999994614275e-11 0.127615201697412
0.988348225228092 0.988366669321324 0.988386030091538 0.988403097462406 0.988408569544928 0.988409489325114 0.988407729928544 0.988406503207482 0.988411010466322 0.98840282858725 9.99999994343509e-11 0.111511136171701
0.993680769028823 0.993690836466383 0.993701404037587 0.993710719629981 0.99371370633115 0.993714208357676 0.993713248078803 0.993712578535299 0.993715038622181 0.993710572917764 9.99999996926344e-11 0.20694146341459
0.987691154550363 0.98771062705638 0.987731067392442 0.987749086482379 0.987754863707636 0.987755834777087 0.987753977267771 0.987752682138352 0.98775744073913 0.98774880260466 9.99999994222247e-11 0.105496084558768
0.993789627297997 0.993799506077398 0.993809875670064 0.993819016783212 0.993821947552822 0.993822440178428 0.993821497881956 0.993820840876752 0.993823254895788 0.993818872818914 9.99999996736155e-11 0.210241906834189
0.988902956867712 0.988920515169441 0.988938946150704 0.98895519389482 0.988960403197927 0.988961278811269 0.988959603907709 0.988958436099559 0.988962726913065 0.988954937949568 9.999999944901e-11 0.11703532779927
0.984075745818295 0.984100792658262 0.984127084878765 0.984150263086274 0.984157694475948 0.984158943567838 0.984156554163867 0.984154888170386 0.984161009290721 0.984149897760642 9.99999993144384e-11 0.0810729104943073
