0.997797613673891 0.997798382738447 0.997799192057208 0.997799907239572 0.997800136884743 0.99780017550287 0.997800101641953 0.99780005015401 0.997800239382792 0.997799895971352 9.99999977862086e-11 0.128706085695503
0.999283534587988 0.999283785259445 0.99928404905112 0.999284282159404 0.999284357010504 0.999284369597853 0.999284345523558 0.999284328741553 0.999284390419239 0.999284278487097 9.99999991511513e-11 0.396404082192512
0.999279257790144 0.999279509942438 0.99927977529247 0.999280009777858 0.99928008507115 0.999280097732858 0.999280073516343 0.999280056635197 0.999280118677249 0.999280006083856 9.99999992306943e-11 0.39402795682545
0.997755203462582 0.997755987250625 0.997756812063589 0.997757540938004 0.997757774979764 0.997757814337311 0.997757739062431 0.997757686588848 0.99775787944046 0.997757529454572 9.99999981282919e-11 0.126260650857236
0.996720210907371 0.996721355393754 0.996722559785219 0.99672362408763 0.99672396583508 0.99672402330441 0.996723913387322 0.996723836764719 0.996724118366284 0.996723607315847 9.99999975263227e-11 0.0863659788712042
0.999316271525112 0.999316510793011 0.999316762584227 0.999316985087874 0.999317056533817 0.999317068548536 0.99931704556944 0.999317029550888 0.999317088422706 0.999316981582628 9.9999999060018e-11 0.415471347993778
0.996766625353546 0.996767753292284 0.99676894027022 0.996769989184794 0.996770325991295 0.996770382629792 0.99677027430195 0.99677019878722 0.99677047631744 0.99676997265586 9.99999976775007e-11 0.0875783696465625
0.997431619230348 0.997432515810114 0.997433459318679 0.99743429308266 0.997434560804417 0.997434605825629 0.997434519718058 0.99743445969304 0.997434680297121 0.997434279945833 9.99999978790227e-11 0.110330040681756
0.997884055305368 0.997884794435149 0.9978855722521 0.997886259596659 0.997886480303145 0.997886517418185 0.997886446432363 0.997886396948656 0.997886578811928 0.997886248767661 9.99999981186511e-11 0.134009624252077
0.999310889234776 0.999311130298835 0.999311383980288 0.999311608154363 0.999311680136691 0.999311692241613 0.999311669089997 0.999311652951187 0.999311712264992 0.9993116046228 9.9999999043659e-11 0.412076717759064
0.997958746435254 0.997959459352098 0.997960209584177 0.997960872552501 0.997961085431797 0.997961121230592 0.997961052762243 0.997961005033454 0.997961180447088 0.997960862107622 9.99999981430750e-11 0.138889118190043
0.997671496634178 0.997672309606168 0.997673165130651 0.997673921144386 0.997674163900592 0.997674204723599 0.997674126645885 0.997674072218466 0.997674272250828 0.997673909233354 9.99999981149308e-11 0.121715202045969
0.997415731405507 0.997416633654383 0.997417583128696 0.99741842216444 0.997418691578939 0.997418736884807 0.997418650232792 0.997418589828244 0.997418811827152 0.997418408944525 9.99999978940008e-11 0.10966661828209
0.999303682478488 0.999303926088242 0.999304182448611 0.999304408989984 0.999304481732449 0.999304493965199 0.999304470569102 0.999304454259864 0.999304514200024 0.999304405421128 9.99999991315497e-11 0.40785310399788
0.999295707442302 0.999295953915297 0.999296213288716 0.999296442492624 0.99929651609002 0.999296528466538 0.999296504795473 0.999296488294554 0.999296548939181 0.999296438881824 9.99999991638425e-11 0.403354723197986
0.999296442980209 0.99929668913508 0.99929694817377 0.999297177081924 0.999297250584361 0.999297262944911 0.999297239304385 0.999297222824758 0.999297283391138 0.999297173475783 9.99999991458326e-11 0.403676595053981
0.997935315749953 0.997936036831645 0.99793679565595 0.997937466217103 0.99793768153447 0.997937717743277 0.997937648490792 0.997937600215394 0.997937777638014 0.997937455652699 9.99999982221576e-11 0.137309534002849
0.997968533658332 0.997969243136385 0.9979699897497 0.997970649520191 0.997970861372669 0.997970896998795 0.99797082886071 0.997970781362148 0.99797095592968 0.997970639125733 9.99999981754787e-11 0.139554252136112
0.999301370888193 0.99930161528657 0.999301872476853 0.999302099751619 0.999302172729581 0.999302185001932 0.999302161530094 0.999302145168057 0.999302205302267 0.99930209617121 9.99999991114626e-11 0.406470251106846
0.997505415293149 0.99750628610548 0.997507202497894 0.997508012299753 0.997508272327259 0.997508316054565 0.997508232421684 0.997508174121752 0.997508388385732 0.997507999540398 9.99999978631842e-11 0.113592927881671
0.997865203542336 0.997865948895279 0.997866733261396 0.997867426393579 0.997867648958507 0.997867686386061 0.997867614802483 0.99786756490208 0.997867748296726 0.997867415473298 9.99999981021161e-11 0.132761475272322
0.998216551947458 0.998217175203021 0.998217831080517 0.998218410668934 0.998218596774892 0.998218628071376 0.998218568214175 0.998218526488163 0.998218679840423 0.998218401537857 9.99999981539155e-11 0.159062974650293
0.999311671561726 0.999311912401631 0.999312165847159 0.999312389812719 0.999312461728087 0.999312473821748 0.99931245069167 0.999312434567871 0.999312493826499 0.999312386284442 9.99999990832078e-11 0.41263007928118
0.999301646246535 0.999301890591074 0.999302147724669 0.999302374949316 0.999302447911178 0.999302460180823 0.999302436714163 0.999302420355734 0.999302480476677 0.999302371369698 9.99999990908933e-11 0.406700936959262
0.999281494126649 0.999281745505763 0.99928201004214 0.99928224380851 0.999282318870921 0.999282331493805 0.999282307351546 0.999282290522165 0.999282352373973 0.999282240125835 9.99999992004552e-11 0.395268832758574
0.997952308645192 0.997953024145061 0.997953777095114 0.997954442465053 0.997954656115467 0.997954692043937 0.997954623327579 0.997954575425906 0.997954751474937 0.997954431982356 9.99999981216258e-11 0.138517355954472
0.997446819369232 0.997447710500653 0.997448648275797 0.997449476973343 0.997449743068333 0.997449787816045 0.997449702231787 0.997449642571592 0.997449861835227 0.997449463916787 9.99999980343114e-11 0.110969078012583
0.997488871292816 0.997489747985721 0.997490670566429 0.997491485836724 0.997491747620165 0.997491791642794 0.997491707445213 0.997491648751647 0.99749186446253 0.997491472991489 9.99999979202545e-11 0.11285817774528
0.997392390160074 0.997393300448361 0.997394258382966 0.997395104895008 0.997395376710169 0.997395422419749 0.997395334995616 0.997395274052831 0.997395498029899 0.997395091557338 9.99999979224892e-11 0.108671822094188
0.999297781311505 0.999298027025218 0.999298285599639 0.999298514097507 0.999298587468198 0.999298599806593 0.999298576208441 0.999298559758351 0.999298620216172 0.999298510497829 9.99999991141657e-11 0.404490886902512
0.997004696004856 0.997005741481073 0.997006841679741 0.99700781390842 0.997008126091113 0.997008178588919 0.997008078181105 0.997008008187433 0.997008265427525 0.997007798588885 9.99999977569143e-11 0.0945923490393159
0.997935057332764 0.997935778749014 0.997936537925209 0.997937208797153 0.997937424214242 0.997937460439761 0.997937391155121 0.997937342857285 0.997937520362059 0.997937198227463 9.99999979691587e-11 0.137338887712368
0.997626347168053 0.997627175798595 0.997628047801309 0.997628818376669 0.997629065808626 0.997629107417921 0.997629027836336 0.997628972360576 0.997629176245782 0.997628806236176 9.99999981598199e-11 0.119385027048827
0.997685318240048 0.997686126312174 0.997686976680383 0.997687728137641 0.997687969430746 0.997688010007677 0.997687932400488 0.997687878301058 0.99768807712781 0.997687716298162 9.99999980557562e-11 0.122430778413414
0.997877021423162 0.997877763077678 0.997878543551465 0.997879233243778 0.997879454704109 0.997879491945902 0.997879420717594 0.997879371064849 0.997879553549286 0.997879222377675 9.99999980380745e-11 0.133577732724198
0.999309699784792 0.999309941336227 0.999310195530507 0.999310420157715 0.999310492285535 0.999310504414923 0.999310481216515 0.999310465045084 0.999310524478772 0.999310416619016 9.99999990696583e-11 0.41148819329894
0.997849044240769 0.997849795484864 0.997850586050298 0.997851284660563 0.99785150898448 0.997851546707843 0.997851474558536 0.997851424263773 0.99785160910783 0.997851273654043 9.9999998159743e-11 0.131807914651436
0.999301136798836 0.999301381288866 0.999301638575595 0.999301865935583 0.999301938940905 0.999301951217858 0.999301927737221 0.999301911369047 0.999301971525805 0.999301862353831 9.99999990986537e-11 0.406349985347471
0.999297417726016 0.999297663496786 0.999297922131303 0.999298150682323 0.99929822407009 0.999298236411357 0.999298212807713 0.999298196353794 0.999298256825688 0.999298147081808 9.99999991016024e-11 0.404165680426183
0.997165051823737 0.997166041165716 0.997167082292079 0.997168002319588 0.99716829774058 0.997168347419774 0.997168252403206 0.997168186167771 0.997168429596162 0.997167987823289 9.99999978198859e-11 0.0999262912236449
0.9969204215856 0.996921496250393 0.996922627165607 0.996923626538155 0.996923947436672 0.99692400140004 0.996923898188741 0.996923826240732 0.996924090662685 0.996923610790002 9.99999974790035e-11 0.0919843883225847
0.997715315829925 0.997716113454464 0.997716952828217 0.997717694569831 0.997717932743251 0.997717972795583 0.997717896191808 0.997717842791859 0.997718039047978 0.997717682883561 9.99999980173204e-11 0.1240421016064
0.997503779351493 0.997504650623086 0.997505567498883 0.997506377727977 0.997506637892704 0.997506681643112 0.99750659796614 0.997506539635483 0.997506754012543 0.997506364962088 9.99999978747182e-11 0.113503848418353
0.999311614075954 0.999311854917137 0.999312108364022 0.999312332330794 0.999312404246553 0.999312416340281 0.999312393210077 0.999312377086191 0.99931243634514 0.999312328802499 9.99999990771156e-11 0.41256332083018
0.997103445681945 0.997104456519598 0.99710552026678 0.997106460283939 0.997106762123475 0.997106812881866 0.997106715800625 0.99710664812586 0.997106896843129 0.997106445471451 9.99999975673025e-11 0.0978006096039288
0.996766111383595 0.996767239850249 0.996768427383482 0.996769476788524 0.996769813752384 0.996769870417236 0.996769762038619 0.996769686488455 0.996769964148308 0.996769460251105 9.99999974290781e-11 0.0875915766616371
0.999302838031788 0.999303081937832 0.999303338610001 0.999303565426906 0.999303638257844 0.99930365050547 0.999303627080919 0.999303610751845 0.999303670764908 0.999303561853709 9.99999991183075e-11 0.407360602643336
0.996916518164885 0.99691759410671 0.996918726365861 0.996919726926087 0.996920048206015 0.996920102233572 0.996919998899671 0.996919926866216 0.996920191602469 0.996919711159561 9.99999976914288e-11 0.0918606432183732
0.998014725127431 0.998015418641798 0.998016148455733 0.998016793380768 0.998017000466345 0.998017035290846 0.998016968685944 0.99801692225615 0.998017092895727 0.998016783220204 9.99999981632616e-11 0.142836029400778
0.997981393227792 0.997982098322896 0.99798284032377 0.997983496018249 0.997983706561906 0.997983741967935 0.99798367425081 0.997983627045695 0.997983800534749 0.997983485688017 9.99999981450887e-11 0.140464926460485
0.996999871087423 0.997000917647029 0.99700201898625 0.997002992223193 0.997003304729659 0.997003357281847 0.997003256769781 0.997003186703411 0.997003444210295 0.997002976887264 9.99999976294617e-11 0.0943859538318718
0.997539577503818 0.997540436814551 0.997541341103028 0.997542140208554 0.997542396801406 0.997542439951114 0.997542357422917 0.99754229989305 0.997542511326842 0.99754212761768 9.99999977917213e-11 0.115227092062117
0.999290928571855 0.999291176671168 0.99929143775606 0.999291668472398 0.99929174255544 0.999291755013628 0.999291731186364 0.999291714576561 0.999291775621365 0.999291664837772 9.99999991353268e-11 0.400561654959338
0.999306020085114 0.999306262863876 0.99930651834977 0.999306744118392 0.999306816612728 0.99930682880375 0.999306805487461 0.999306789233854 0.999306848969555 0.999306740561711 9.99999991109733e-11 0.409204729823175
0.998077561492494 0.99807823312072 0.99807893990291 0.998079564475115 0.998079765025392 0.998079798750891 0.998079734247946 0.998079689283415 0.998079854537869 0.998079554635248 9.99999981629864e-11 0.147518863680123
0.997925154376595 0.99792587912786 0.997926641813718 0.997927315787181 0.997927532200193 0.997927568593204 0.99792749898826 0.99792745046715 0.997927628792574 0.997927305168708 9.99999980297288e-11 0.136659864333989
0.996370321905422 0.99637158780482 0.996372919964857 0.996374097174839 0.996374475176935 0.996374538742895 0.996374417165016 0.996374332413719 0.996374643889292 0.996374078623301 9.99999973742272e-11 0.0779985280869403
0.999287770608565 0.999288019746115 0.999288281923637 0.999288513605555 0.999288587998654 0.999288600508983 0.999288576581995 0.999288559902677 0.999288621202969 0.999288509955717 9.99999991898880e-11 0.398678793078779
0.997662621767624 0.997663437955481 0.997664296864073 0.997665055868208 0.997665299584569 0.997665340568976 0.997665262182352 0.997665207539571 0.997665408363087 0.997665043909619 9.99999979590666e-11 0.121270606678498
0.999308999368999 0.999309241123121 0.999309495530731 0.99930972034648 0.999309792534847 0.999309804674416 0.999309781456533 0.999309765271528 0.999309824755108 0.999309716804809 9.99999990942741e-11 0.410999194954649
0.997281692337794 0.997282641224952 0.997283639778805 0.997284522185478 0.997284805526394 0.997284853174169 0.997284762042957 0.997284698515984 0.997284931990331 0.997284508282071 9.99999979013915e-11 0.104241599999153
0.997337580918573 0.997338510066793 0.997339487848703 0.997340351899678 0.997340629346635 0.997340676003288 0.997340586767804 0.997340524562343 0.997340753180048 0.99734033828571 9.99999979122084e-11 0.106403330886788
0.997874352313071 0.997875094796213 0.997875876142076 0.997876566605099 0.997876788312932 0.997876825596366 0.997876754288484 0.997876704580273 0.997876887268662 0.997876555726989 9.99999981812064e-11 0.133391367327771
0.999306555546622 0.999306798136099 0.999307053422803 0.999307279015406 0.999307351453223 0.99930736363474 0.999307340336628 0.999307324095694 0.999307383784823 0.999307275461498 9.9999999104187e-11 0.409517567774099
0.996841393874831 0.996842495596766 0.996843654985746 0.996844679520465 0.996845008498659 0.996845063820782 0.996844958010865 0.996844884251393 0.996845155331065 0.996844663376133 9.9999997661186e-11 0.0896404951272253
0.999321193583887 0.999321431074623 0.9993216809957 0.999321901846773 0.999321972762081 0.999321984687566 0.999321961879137 0.999321945979557 0.99932200441413 0.999321898367561 9.99999990262356e-11 0.4183873730285
0.997819271804899 0.997820033576859 0.997820835221109 0.997821543621462 0.997821771088943 0.997821809340917 0.99782173618051 0.997821685180906 0.997821872615266 0.99782153246053 9.99999980029862e-11 0.130030590165138
0.998006348481809 0.998007044914892 0.998007777800318 0.998008425439586 0.998008633396702 0.998008668367759 0.998008601482535 0.998008554857332 0.99800872621506 0.998008415236226 9.99999981306689e-11 0.142234391933787
0.998040326431211 0.998041011035865 0.998041731473714 0.998042368113226 0.998042572538315 0.998042606915415 0.998042541166203 0.998042495332905 0.998042663780226 0.998042358083191 9.99999981667799e-11 0.144709162315605
0.998000756675995 0.998001455105769 0.998002190092365 0.998002839588373 0.998003048141692 0.998003083213021 0.998003016136056 0.998002969377195 0.998003141226199 0.998002829355835 9.99999981371022e-11 0.141845363799444
0.997936800527765 0.997937521030787 0.997938279246182 0.997938949269282 0.997939164413866 0.99793920059359 0.997939131396635 0.997939083159934 0.997939260440177 0.997938938713159 9.99999981759583e-11 0.137396833788505
0.997939661839813 0.997940381536514 0.997941138903234 0.997941808176255 0.997942023079987 0.997942059219232 0.997941990099786 0.997941941917126 0.997942118998903 0.997941797632141 9.99999982103131e-11 0.137624644407806
0.999318232643337 0.999318471202506 0.999318722247911 0.999318944092515 0.99931901532684 0.999319027305972 0.999319004394937 0.999318988423832 0.999319047121278 0.999318940597649 9.99999990723694e-11 0.416627163070381
0.999309814152269 0.999310055657368 0.999310309802895 0.999310534387022 0.99931060650101 0.999310618628072 0.999310595434112 0.999310579265782 0.999310638688072 0.999310530849 9.99999990793697e-11 0.41154567082775
0.999278449700818 0.999278702104631 0.999278967719369 0.999279202438694 0.999279277807105 0.999279290481449 0.999279266240771 0.999279249342782 0.999279311446737 0.999279198741007 9.9999999164541e-11 0.393537603584821
0.997900636693801 0.997901369845069 0.997902141370722 0.997902823155882 0.99790304207728 0.997903078892148 0.997903008480485 0.997902959397028 0.997903139789387 0.997902812414582 9.99999982296175e-11 0.135033530395893
0.997791400619845 0.997792171857796 0.997792983463704 0.997793700667192 0.9977939309614 0.997793969688735 0.997793895619174 0.997793843985807 0.997794033749414 0.997793689367601 9.99999981370433e-11 0.128344660864172
0.997835526078565 0.997836281986596 0.997837077460128 0.997837780407638 0.99783800612424 0.997838044081785 0.997837971484524 0.997837920877487 0.997838106869122 0.997837769332666 9.99999980629079e-11 0.130974753616946
0.99757795700308 0.997578802721062 0.997579692705456 0.997580479170829 0.997580731705063 0.997580774172398 0.997580692949797 0.997580636330102 0.997580844419609 0.997580466780118 9.99999982532295e-11 0.117026817784477
0.999303866257079 0.999304109795711 0.999304366081242 0.999304592556485 0.999304665277717 0.999304677506895 0.999304654117629 0.999304637813151 0.999304697735816 0.999304588988672 9.99999990940394e-11 0.407949247425847
0.997789430825878 0.997790203008617 0.997791015608572 0.997791733690315 0.997791964266479 0.997792003041206 0.997791928880922 0.997791877184307 0.997792067180234 0.997791722376719 9.99999980281235e-11 0.128273073413474
0.999306422867529 0.999306665543381 0.999306920920948 0.999307146593821 0.999307219057407 0.999307231243259 0.999307207936859 0.999307191690147 0.99930725140051 0.999307143038648 9.99999991099859e-11 0.40950680959542
0.997997693898512 0.997998393434381 0.997999129584939 0.997999780109499 0.997999988993074 0.998000024119931 0.997999956936734 0.997999910103815 0.998000082224949 0.997999769860694 9.99999981571174e-11 0.141635717071057
0.997700119079282 0.997700922060542 0.997701767071364 0.997702513794331 0.997702753567235 0.997702793888513 0.997702716770252 0.997702663011645 0.997702860585743 0.997702502029372 9.99999979546309e-11 0.123230377126899
0.997756314968059 0.997757098561881 0.99775792317031 0.997758651863857 0.997758885847522 0.997758925195302 0.997758849939117 0.997758797478568 0.997758990282305 0.997758640383316 9.9999998058818e-11 0.12635454701439
0.999275163628566 0.999275417195786 0.999275684034816 0.999275919836018 0.999275995551819 0.99927600828458 0.999275983932173 0.999275966956298 0.999276029346501 0.999275916121287 9.99999991993488e-11 0.391774977149824
0.997920029454302 0.997920755860123 0.997921520287244 0.997922195799522 0.997922412706691 0.997922449182836 0.997922379419007 0.997922330787151 0.997922509519775 0.99792218515704 9.99999981888201e-11 0.136297615004444
0.997146093533627 0.997147089499493 0.997148137596442 0.997149063783753 0.997149361182699 0.99714941119456 0.997149315541898 0.997149248863063 0.997149493921308 0.997149049190748 9.99999979982897e-11 0.099263258967733
0.997926530956718 0.997927255040166 0.997928017023394 0.997928690376075 0.997928906589799 0.997928942949328 0.997928873408522 0.997928824932133 0.997929003093355 0.997928679767581 9.99999981670226e-11 0.136715167466999
0.999293683328729 0.999293930442182 0.999294190489632 0.999294420289212 0.999294494077888 0.999294506486573 0.999294482753985 0.99929446621018 0.999294527012424 0.999294416669027 9.99999991248847e-11 0.40208796275065
0.99733334307984 0.997334274033166 0.997335253714426 0.997336119443606 0.997336397429316 0.997336444176475 0.997336354767567 0.997336292441179 0.997336521502793 0.997336105802531 9.99999977768563e-11 0.10627166915261
0.999305928394973 0.999306171231796 0.999306426778771 0.999306652601352 0.999306725113012 0.999306737306947 0.999306713985085 0.999306697727595 0.99930675747757 0.99930664904382 9.99999990997534e-11 0.409194578354587
0.999319590370831 0.999319828452442 0.999320078995297 0.999320300395806 0.999320371487533 0.999320383442687 0.999320360577517 0.999320344638382 0.999320403218326 0.999320296907937 9.99999991040497e-11 0.417454381396999
0.997809113514198 0.997809878696948 0.997810683930617 0.997811395502975 0.997811623989023 0.997811662412307 0.997811588924332 0.997811537696392 0.997811725970067 0.997811384292229 9.9999998154544e-11 0.129404359400863
0.99731730382503 0.997318240033438 0.997319225245098 0.997320095861633 0.997320375416739 0.997320422427844 0.997320332514209 0.997320269835991 0.99732050019081 0.997320082143749 9.99999977807442e-11 0.105597259478841
0.999299163322865 0.999299408487438 0.999299666484028 0.999299894471318 0.999299967678071 0.999299979988899 0.999299956443473 0.999299940030139 0.999300000352876 0.999299890879684 9.99999991157532e-11 0.405179889031218
0.997334286490602 0.99733521690186 0.997336196012838 0.99733706123821 0.997337339062201 0.997337385782197 0.997337296425353 0.997337234135272 0.99733746306364 0.997337047605308 9.99999977977541e-11 0.106284837024714
0.999267057687202 0.999267314072994 0.999267583878135 0.99926782230045 0.999267898857893 0.999267911732189 0.999267887109085 0.999267869944509 0.999267933028232 0.999267818544427 9.99999992166e-11 0.387416527831748
0.997878095089874 0.99787883612736 0.997879615952002 0.997880305070836 0.997880526347073 0.997880563557937 0.99788049238888 0.997880442777446 0.997880625110205 0.997880294213959 9.99999982405051e-11 0.13360164999302
0.997453419982242 0.997454309057433 0.997455244668538 0.997456071453587 0.997456336934385 0.99745638157874 0.997456296191915 0.997456236669322 0.99745645542684 0.997456058426656 9.99999978253275e-11 0.111287800925315
