0.999143987340198 0.999144123891308 0.999144267645596 0.999144394726727 0.999144435542048 0.999144442406244 0.999144429278136 0.999144420126926 0.999144453761002 0.999144392724582 9.99999953842671e-11 0.151011918623342
0.999806910180827 0.999806941006049 0.999806973457319 0.999807002144762 0.999807011358461 0.999807012907996 0.999807009944446 0.999807007878646 0.999807015471242 0.999807001692816 9.99999983530648e-11 0.669983134187787
0.999812809180426 0.999812839064131 0.999812870524218 0.999812898335442 0.999812907267719 0.999812908769926 0.999812905896892 0.99981290389419 0.999812911254881 0.999812897897299 9.99999981678329e-11 0.691101336462365
0.999096693401998 0.999096837470319 0.999096989138368 0.999097123215399 0.999097166277634 0.999097173519713 0.999097159668893 0.999097150013906 0.999097185499564 0.999097121103049 9.99999959624145e-11 0.143078513831587
0.998628065207897 0.998628283947601 0.998628514226039 0.99862871779595 0.998628783177529 0.99862879417314 0.998628773143272 0.998628758483959 0.998628812361978 0.998628714588257 9.99999946890675e-11 0.0941753332623908
0.999810321573997 0.999810351853092 0.999810383729424 0.999810411908616 0.999810420959077 0.999810422481158 0.999810419570113 0.999810417540912 0.999810424998992 0.999810411464677 9.9999998212008e-11 0.681998349683628
0.99857077079812 0.998570998635704 0.998571238491957 0.998571450528828 0.99857151862979 0.998571530082743 0.998571508178198 0.998571492909177 0.998571549028116 0.998571447187762 9.99999947000165e-11 0.0903853502722967
0.998944967494497 0.998945135742476 0.998945312865689 0.998945469445507 0.998945519735069 0.998945528192604 0.998945512017118 0.998945500741665 0.99894554218304 0.998945466978523 9.99999954952403e-11 0.12248828298576
0.999067191472322 0.999067340253609 0.999067496883231 0.999067635346375 0.999067679817316 0.999067687296303 0.999067672992373 0.999067663021533 0.999067699668044 0.999067633164897 9.99999958962461e-11 0.138560554197901
0.99980913540857 0.999809165877199 0.999809197953066 0.999809226308646 0.99980923541576 0.99980923694737 0.999809234018102 0.999809231976199 0.999809239480964 0.99980922586193 9.99999982723481e-11 0.677764129627394
0.999111292573438 0.99911143432092 0.999111583545699 0.999111715462838 0.999111757831368 0.999111764956781 0.999111751329091 0.999111741829638 0.999111776743646 0.999111713384516 9.99999959236029e-11 0.145436708907989
0.999083561251894 0.999083707417944 0.999083861294374 0.999083997323652 0.999084041012901 0.999084048360432 0.99908403430794 0.999084024512372 0.999084060514726 0.999083995180561 9.99999963679721e-11 0.141031443477289
0.998867251628416 0.998867432262003 0.998867622424174 0.998867790530647 0.998867844522281 0.998867853602412 0.998867836236154 0.998867824130652 0.998867868622735 0.998867787882012 9.99999953044666e-11 0.114079598657119
0.999814473591707 0.999814503212045 0.999814534394867 0.999814561960983 0.99981457081454 0.999814572303507 0.999814569455796 0.999814567470742 0.999814574766561 0.999814561526703 9.99999981139992e-11 0.697356670388184
0.999810676529486 0.999810706756215 0.99981073857742 0.999810766707876 0.999810775742684 0.999810777262134 0.999810774356123 0.999810772330431 0.999810779775611 0.999810766264705 9.99999982370233e-11 0.683374399665236
0.999810703333073 0.99981073355075 0.999810765362426 0.999810793484459 0.999810802516564 0.999810804035558 0.999810801130416 0.999810799105332 0.999810806548284 0.999810793041421 9.9999998192456e-11 0.683363032674173
0.999117964088342 0.999118104781712 0.999118252896771 0.999118383832898 0.99911842588635 0.999118432958774 0.999118419432428 0.999118410003618 0.999118444657984 0.999118381770032 9.99999959879267e-11 0.146547170376098
0.999032243198017 0.999032397538733 0.999032560021054 0.999032703658084 0.999032749790754 0.99903275754921 0.999032742710797 0.999032732367387 0.999032770383255 0.999032701395122 9.99999962580867e-11 0.133543996547135
0.99981100184524 0.999811032017843 0.999811063782067 0.999811091862151 0.999811100880781 0.999811102397511 0.999811099496703 0.999811097474639 0.999811104906488 0.999811091419774 9.99999982043167e-11 0.684500898598581
0.99882913073319 0.998829317458943 0.998829514034644 0.998829687810776 0.99882974362336 0.998829753009726 0.998829735057759 0.998829722543972 0.998829768536617 0.998829685072774 9.99999950995138e-11 0.110373254702445
0.998970600725513 0.998970764900781 0.998970937736435 0.998971090525978 0.998971139598203 0.998971147851018 0.998971132067096 0.998971121064596 0.998971161502817 0.998971088118767 9.99999957787733e-11 0.125549897812369
0.999138803099725 0.999138940484059 0.999139085115523 0.99913921297209 0.999139254036464 0.999139260942551 0.999139247734341 0.999139238527296 0.999139272366607 0.999139210957757 9.99999961022578e-11 0.150109665267845
0.999809177610378 0.999809208074322 0.999809240145255 0.999809268496475 0.999809277602187 0.999809279133561 0.999809276204743 0.999809274163154 0.999809281666766 0.999809268049826 9.99999982813526e-11 0.677959730237846
0.999811066385234 0.999811096546001 0.999811128297763 0.999811156366834 0.999811165381926 0.99981116689806 0.999811163998391 0.999811161977119 0.999811169406054 0.99981115592463 9.99999982296446e-11 0.684699936912548
0.999806828125887 0.999806858963188 0.999806891427174 0.999806920125858 0.999806929343168 0.999806930893311 0.999806927928599 0.999806925861989 0.999806933457561 0.999806919673736 9.99999983587077e-11 0.669676275548497
0.999026657535141 0.999026812779803 0.999026976213751 0.999027120692028 0.999027167094879 0.999027174898766 0.999027159973439 0.99902714956944 0.999027187807948 0.999027118415757 9.99999956428033e-11 0.132788876306711
0.998892515804018 0.998892692423609 0.99889287836004 0.998893042730882 0.998893095522729 0.998893104401091 0.998893087420754 0.998893075584265 0.99889311908766 0.998893040141155 9.99999955536661e-11 0.116691751828537
0.998808576606884 0.998808766564141 0.998808966541828 0.998809143325386 0.998809200103881 0.998809209652693 0.998809191390042 0.998809178659687 0.998809225448298 0.998809140540002 9.99999953266948e-11 0.10844261212252
0.999045461138672 0.999045613405499 0.999045773704524 0.999045915411471 0.999045960924241 0.99904596857844 0.999045953939409 0.99904594373498 0.999045981240016 0.999045913178886 9.999999558407e-11 0.135423654781307
0.99981263198668 0.999812661901537 0.999812693394417 0.999812721234631 0.999812730176219 0.999812731679992 0.999812728803965 0.999812726799174 0.999812734167537 0.999812720796033 9.99999981339114e-11 0.690513995765012
0.998700125369558 0.998700332608853 0.998700550780227 0.998700743647304 0.998700805591429 0.998700816008977 0.998700796084815 0.998700782196269 0.998700833241643 0.998700740608507 9.99999953105532e-11 0.0993906439464745
0.998984951008282 0.998985112884479 0.998985283299792 0.998985433949712 0.998985482334744 0.998985490471987 0.998985474909097 0.998985464060672 0.998985503932609 0.998985431576205 9.99999957977537e-11 0.127316669122781
0.998853502633017 0.998853685452789 0.998853877916472 0.99885404805752 0.998854102702622 0.998854111892664 0.998854094316243 0.998854082064245 0.998854127094824 0.998854045376928 9.99999957912727e-11 0.112707641322959
0.999227771847274 0.99922789504855 0.999228024748785 0.999228139405901 0.999228176230939 0.999228182424068 0.999228170579427 0.999228162322888 0.999228192668752 0.999228137599535 9.99999961076564e-11 0.167417289799723
0.999131198705481 0.999131337291084 0.999131483187189 0.999131612161725 0.99913165358516 0.999131660551628 0.99913164722792 0.999131637940365 0.999131672075562 0.999131610129748 9.99999958132669e-11 0.148783075266828
0.999806695066782 0.999806725924957 0.999806758410916 0.999806787129028 0.999806796352576 0.999806797903768 0.99980679493705 0.99980679286904 0.999806800469753 0.999806786676599 9.99999983318362e-11 0.669207443314221
0.999015173000978 0.999015330064454 0.999015495413166 0.999015641584128 0.999015688530633 0.999015696425955 0.99901568132577 0.999015670799885 0.999015709486396 0.999015639281222 9.99999959992877e-11 0.13122954160953
0.999808775359178 0.999808805886997 0.999808838025174 0.99980886643584 0.999808875560645 0.99980887709523 0.999808874160272 0.999808872114403 0.999808879633745 0.999808865988255 9.999999828059e-11 0.67652593713838
0.999816180359769 0.999816209707312 0.999816240602952 0.999816267915193 0.999816276687211 0.999816278162464 0.99981627534098 0.999816273374208 0.999816280602835 0.999816267484912 9.99999980726278e-11 0.703824512829475
0.998933802834355 0.998933972879503 0.998934151894678 0.998934310147017 0.998934360973754 0.998934369521633 0.998934353173373 0.998934341777488 0.998934383661525 0.998934307653714 9.99999956271228e-11 0.121217559537502
0.99875694998655 0.998757148187787 0.998757356844332 0.998757541300135 0.998757600542759 0.99875761050597 0.998757591450727 0.998757578167878 0.998757626987063 0.998757538393811 9.99999950646753e-11 0.103945475118152
0.999117972117318 0.99911811280434 0.99911826091272 0.999118391842942 0.999118433894499 0.999118440966608 0.999118427440872 0.99911841801249 0.999118452665296 0.99911838978018 9.99999960233073e-11 0.146543232445693
0.998865062352858 0.998865243341554 0.998865433877568 0.99886560231452 0.998865656412306 0.998865665510302 0.998865648109921 0.998865635980635 0.998865680560195 0.998865599660766 9.99999958250586e-11 0.113863301981865
0.999815449355207 0.999815478821966 0.99981550984311 0.999815537266297 0.999815546073949 0.999815547555196 0.99981554472225 0.999815542747488 0.999815550005479 0.999815536834269 9.99999981023012e-11 0.701096288968622
0.998799026356331 0.998799217868817 0.998799419483761 0.998799597714671 0.998799654958014 0.998799664584996 0.998799646172818 0.998799633338232 0.998799680509901 0.99879959490644 9.99999949690242e-11 0.107598591477762
0.998584523268876 0.998584748922635 0.998584986479858 0.998585196484343 0.998585263932552 0.998585275275725 0.998585253581136 0.998585238458465 0.998585294039501 0.998585193175286 9.99999946222596e-11 0.0912669553113078
0.99981348916815 0.999813518944762 0.999813550292107 0.999813578003661 0.99981358690393 0.999813588400752 0.999813585538016 0.999813583542489 0.999813590876801 0.999813577567091 9.99999981171852e-11 0.693655066828451
0.998723962883738 0.998724166330009 0.998724380508271 0.998724569845367 0.998724630655742 0.998724640882613 0.998724621323105 0.998724607688746 0.998724657799846 0.998724566862129 9.99999948361709e-11 0.101251053605881
0.999071870795716 0.999072018843963 0.999072174701876 0.999072312482808 0.99907235673464 0.999072364176779 0.999072349943325 0.999072340021613 0.999072376487564 0.999072310312082 9.99999957761973e-11 0.1392716767545
0.999002961587226 0.999003120579554 0.999003287958874 0.999003435924932 0.999003483447979 0.999003491440264 0.999003476154638 0.999003465499488 0.999003504661102 0.999003433593755 9.99999961926326e-11 0.129607071334831
0.998747345616014 0.998747545345298 0.998747755610492 0.998747941488371 0.998748001187739 0.998748011227771 0.998747992025629 0.998747978640384 0.998748027835953 0.998747938559698 9.99999952961833e-11 0.103146768364549
0.99869442394117 0.998694632087376 0.998694851213502 0.998695044924597 0.998695107139795 0.99869511760293 0.998695097591573 0.998695083642246 0.998695134910999 0.998695041872481 9.99999954004601e-11 0.0989556355086301
0.999806172154875 0.999806203096411 0.999806235670129 0.99980626446582 0.999806273714285 0.999806275269668 0.999806272294935 0.99980627022134 0.999806277842585 0.999806264012169 9.99999983861985e-11 0.667399557859941
0.999807187248311 0.999807218029425 0.99980725043426 0.999807279080654 0.99980728828117 0.999807289828486 0.999807286869176 0.999807284806331 0.999807292388065 0.999807278629354 9.99999983794023e-11 0.670948555742577
0.999115312964784 0.999115454080139 0.999115602639445 0.999115733968292 0.999115776147875 0.999115783241509 0.999115769674591 0.999115760217499 0.999115794975805 0.999115731899227 9.99999956079384e-11 0.146107099240596
0.99906484199416 0.999064991140399 0.999065148154232 0.999065286957024 0.999065331537052 0.999065339034386 0.999065324695369 0.999065314700071 0.999065351436475 0.999065284770197 9.9999995694741e-11 0.13820337138168
0.998424292706228 0.99842454386168 0.998424808265856 0.998425042003501 0.998425117074208 0.998425129699297 0.998425105552936 0.998425088721208 0.998425150583599 0.998425038320444 9.99999947147414e-11 0.0819724581270557
0.999804877393712 0.999804908540672 0.999804941330651 0.999804970317523 0.99980497962739 0.999804981193098 0.999804978198616 0.999804976111254 0.999804983783098 0.99980496986086 9.99999983947246e-11 0.662944020778027
0.998982198988898 0.998982361317639 0.998982532209361 0.998982683280432 0.998982731800724 0.998982739960714 0.998982724354315 0.998982713475562 0.99898275345896 0.998982680900276 9.99999955276300e-11 0.126983138783334
0.999809373140003 0.999809403575036 0.999809435615529 0.999809463939842 0.999809473036911 0.999809474566832 0.999809471640795 0.999809469601143 0.999809477097632 0.999809463493615 9.99999982966395e-11 0.678706518841161
0.99878686455531 0.998787057970235 0.998787261587992 0.998787441589428 0.998787499401423 0.998787509124039 0.998787490528956 0.998787477566872 0.998787525207142 0.998787438753301 9.99999949121582e-11 0.106499548342484
0.998917260705742 0.998917433362224 0.998917615126494 0.998917775809084 0.998917827416357 0.998917836095502 0.99891781949618 0.998917807925288 0.998917850452527 0.99891777327747 9.99999956079874e-11 0.119346978570572
0.999149526577957 0.999149662232366 0.999149805042656 0.999149931289282 0.999149971836584 0.999149978655712 0.999149965613816 0.999149956522704 0.99914998993592 0.999149929300315 9.99999959788006e-11 0.151980801474585
0.999806926242864 0.999806957066165 0.999806989515411 0.999807018201065 0.999807027414189 0.999807028963628 0.999807026000262 0.999807023934591 0.999807031526713 0.999807017749147 9.99999983354079e-11 0.670052767148785
0.998455752035741 0.998455998167936 0.998456257283871 0.998456486346635 0.998456559915922 0.998456572288552 0.99845654862519 0.998456532130161 0.99845659275531 0.998456482737557 9.99999956866142e-11 0.0836393603636394
0.999808832715181 0.999808863233572 0.999808895361826 0.999808923763719 0.999808932885707 0.999808934419818 0.999808931485766 0.999808929440528 0.99980893695755 0.999808923316273 9.99999982885572e-11 0.676722992109437
0.999191089208204 0.999191218258978 0.999191354117277 0.999191474218223 0.999191512791681 0.999191519278853 0.999191506871838 0.999191498223281 0.999191530009942 0.999191472326077 9.99999958076411e-11 0.159821696608859
0.999129523721439 0.999129662578243 0.999129808759855 0.999129937986779 0.999129979491276 0.999129986471379 0.9991299731216 0.999129963815871 0.999129998017867 0.999129935950835 9.99999959288907e-11 0.148501100190582
0.998958414046976 0.998958580152232 0.99895875501969 0.998958909605381 0.998958959254484 0.998958967604314 0.998958951634838 0.998958940502991 0.998958981416592 0.998958907169855 9.99999957969946e-11 0.124070761872421
0.999103973347766 0.999104116267472 0.99910426672631 0.999104399734377 0.999104442453287 0.999104449637629 0.999104435897244 0.999104426319236 0.999104461521977 0.999104397638886 9.99999962652797e-11 0.14425358397771
0.999120854278822 0.99912099450841 0.999121142135223 0.999121272639732 0.999121314554558 0.999121321603665 0.999121308121904 0.99912129872417 0.999121333264299 0.999121270583647 9.99999956293656e-11 0.147026047906029
0.99912516213906 0.999125301678817 0.999125448579409 0.99912557844193 0.999125620150567 0.999125627165003 0.999125613749566 0.99912560439807 0.999125638768291 0.999125576395986 9.99999958829439e-11 0.147747159204526
0.999806198318552 0.999806229255607 0.999806261824607 0.999806290616127 0.999806299863253 0.999806301418411 0.999806298444109 0.999806296370814 0.999806303990955 0.999806290162543 9.99999983651706e-11 0.667483080030666
0.999804761177069 0.999804792342348 0.999804825151612 0.999804854155529 0.999804863470873 0.999804865037503 0.999804862041259 0.999804859952668 0.999804867629025 0.999804853698599 9.999999843542e-11 0.662544410264177
0.999809344653476 0.999809375089266 0.999809407130561 0.999809435455582 0.999809444552878 0.999809446082839 0.999809443156727 0.999809441117025 0.999809448613701 0.999809435009346 9.99999982625184e-11 0.678520541410209
0.999142357445768 0.999142494255145 0.999142638281327 0.999142765602815 0.999142806495332 0.999142813372514 0.999142800219576 0.999142791051058 0.999142824748751 0.999142763596889 9.99999956224396e-11 0.150723021563366
0.999075564171475 0.999075711629853 0.999075866866777 0.999076004098747 0.999076048174269 0.999076055586759 0.999076041410021 0.999076031527845 0.999076067848508 0.999076001936695 9.99999961593594e-11 0.139827405255644
0.999021543970425 0.999021700017213 0.999021864295605 0.999022009520389 0.999022056163002 0.999022064007214 0.999022049004771 0.999022038547018 0.999022076983106 0.999022007232373 9.99999957144998e-11 0.132083485133125
0.999083707416768 0.999083853578553 0.999084007450487 0.999084143475784 0.999084187163752 0.999084194511068 0.999084180458986 0.999084170663704 0.999084206665004 0.999084141332751 9.99999961088605e-11 0.141072322156395
0.999808983760482 0.999809014253314 0.999809046354659 0.999809074732766 0.999809083847114 0.99980908537994 0.999809082448346 0.999809080404821 0.999809087915546 0.999809074285693 9.99999983070925e-11 0.677225971189237
0.999153241812806 0.99915337689029 0.999153519093216 0.999153644802919 0.999153685177771 0.999153691967892 0.999153678981462 0.99915366992901 0.999153703200116 0.99915364282239 9.99999956982005e-11 0.152665357312726
0.999809360376262 0.999809390811973 0.999809422853185 0.999809451178129 0.999809460275402 0.999809461805356 0.999809458879253 0.999809456839557 0.999809464336213 0.999809450731894 9.99999982761905e-11 0.678630740322712
0.999057324953558 0.999057475294452 0.99905763356596 0.99905777348056 0.999057818417677 0.999057825975068 0.999057811521201 0.999057801445845 0.99905783847651 0.999057771276241 9.99999960159643e-11 0.137097460186991
0.999045403687689 0.999045555924336 0.999045716191599 0.999045857870484 0.999045903374245 0.999045911026935 0.999045896390809 0.999045886188407 0.999045923686021 0.999045855638377 9.99999963437296e-11 0.135380469482788
0.999093921309226 0.999094065829002 0.999094217972318 0.999094352469492 0.999094395666665 0.999094402931438 0.999094389037216 0.999094379351975 0.99909441494883 0.999094350350526 9.99999961399508e-11 0.142650002366447
0.999806696102512 0.99980672695922 0.999806759443634 0.999806788160379 0.99980679738349 0.999806798934608 0.99980679596803 0.999806793900118 0.999806801500473 0.999806787707972 9.9999998381192e-11 0.669182745460779
0.999177604497398 0.999177735697476 0.999177873818457 0.999177995919651 0.999178035135539 0.999178041730752 0.9991780291171 0.999178020324503 0.99917805264056 0.999177993995985 9.99999956514692e-11 0.157198740570899
0.99889788858347 0.998898064341925 0.998898249371796 0.998898412941225 0.998898465475672 0.998898474310739 0.998898457413181 0.998898445634392 0.998898488925673 0.998898410364069 9.99999950689849e-11 0.117257772013068
0.999076370869825 0.999076518188861 0.999076673279096 0.999076810381395 0.999076854415269 0.999076861820752 0.999076847657405 0.999076837784562 0.999076874070905 0.999076808221366 9.99999956878081e-11 0.139939401867232
0.999816295797573 0.999816325125342 0.999816356000165 0.999816383294003 0.999816392060111 0.999816393534372 0.999816390714788 0.999816388749342 0.999816395973097 0.999816382864013 9.99999980863267e-11 0.704234464089342
0.998791718934612 0.998791911586762 0.998792114401499 0.998792293693052 0.998792351277055 0.998792360961338 0.998792342439599 0.998792329528644 0.998792376981038 0.998792290868166 9.99999952345124e-11 0.106933614560398
0.999809691719924 0.999809722099127 0.999809754080848 0.999809782353205 0.999809791433589 0.999809792960703 0.999809790040032 0.999809788004122 0.99980979548686 0.999809781907798 9.99999982697712e-11 0.67973138237676
0.999805984794628 0.999806015766889 0.999806048372952 0.999806077197238 0.999806086454886 0.999806088011813 0.999806085034126 0.999806082958471 0.999806090587285 0.999806076743137 9.99999983696993e-11 0.666772525662752
0.999009789116133 0.999009947042085 0.999010113298767 0.999010260272389 0.999010307476687 0.999010315415361 0.999010300232254 0.999010289648567 0.999010328547512 0.999010257956823 9.99999959209027e-11 0.13051921779924
0.998866097479391 0.998866278282088 0.998866468622299 0.998866636886164 0.998866690928352 0.998866700016988 0.998866682634475 0.998866670517643 0.998866715051387 0.998866634235074 9.99999954635527e-11 0.113954063180198
0.999810446901037 0.999810477160749 0.999810509016678 0.999810537177831 0.999810546222499 0.999810547743606 0.999810544834424 0.999810542806523 0.999810550259828 0.999810536734177 9.99999982244636e-11 0.682463459711595
0.998878750381226 0.998878929168705 0.998879117387392 0.998879283775796 0.998879337215638 0.998879346202982 0.998879329014224 0.998879317032455 0.998879361069835 0.998879281154311 9.99999957983192e-11 0.115241464235708
0.999815593082996 0.999815622525224 0.999815653520545 0.999815680920906 0.999815689721226 0.999815691201239 0.999815688370651 0.999815686397534 0.999815693649482 0.999815680489237 9.99999980537826e-11 0.701605024619439
0.999004592188007 0.999004750955686 0.999004918098492 0.99900506585546 0.999005113311347 0.999005121292333 0.999005106028303 0.999005095388206 0.999005134494476 0.999005063527551 9.99999958918291e-11 0.12984834723508
0.998712508907505 0.998712714191168 0.998712930303742 0.998713121350799 0.998713182710373 0.998713193029607 0.998713173293453 0.998713159535961 0.99871321009963 0.998713118340628 9.99999951159668e-11 0.100355769326719
