0.998332046169576 0.998332540456695 0.998333060671974 0.998333520426175 0.998333668062977 0.998333692890786 0.998333645405686 0.998333612304467 0.998333733960009 0.998333513182849 9.99999977213908e-11 0.144154087408694
0.999445302920247 0.99944546746083 0.999445640632393 0.999445793677322 0.999445842823285 0.999445851088091 0.999445835281084 0.999445824262241 0.999445864759454 0.999445791266282 9.99999990984404e-11 0.433887428985003
0.999445251470342 0.999445416063198 0.999445589289752 0.999445742383259 0.999445791544819 0.999445799812247 0.999445784000224 0.999445772977886 0.999445813487948 0.999445739971456 9.99999990886023e-11 0.433944861670619
0.998159986373127 0.998160531439448 0.998161105097719 0.998161612083708 0.998161774887646 0.998161802266068 0.998161749902663 0.998161713400838 0.99816184755439 0.998161604096126 9.99999977756918e-11 0.130624036911574
0.997017112495538 0.99701799495202 0.997018923699329 0.997019744505431 0.997020008083458 0.997020052408476 0.99701996763199 0.997019908535307 0.997020125728579 0.997019731570774 9.99999971397342e-11 0.0804702332223943
0.999464957048415 0.999465115779152 0.999465282836101 0.999465430477069 0.999465477887704 0.999465485860681 0.999465470611816 0.999465459982045 0.999465499049313 0.999465428151161 9.99999989529917e-11 0.449883038720539
0.997046380492088 0.997047254441297 0.997048174234974 0.997048987127965 0.997049248164875 0.997049292062517 0.997049208103279 0.997049149576273 0.997049364675602 0.997048974317682 9.9999997008597e-11 0.081281733624457
0.998107468984496 0.998108029527186 0.998108619473704 0.998109140854915 0.998109308281454 0.998109336437228 0.998109282586999 0.998109245048722 0.998109383011384 0.998109132640381 9.99999975895013e-11 0.126980866238733
0.9982820741857 0.99828258313096 0.998283118773376 0.998283592161809 0.998283744176881 0.998283769740994 0.998283720847716 0.998283686764885 0.998283812028214 0.998283584703803 9.99999979488062e-11 0.139919360439834
0.999476202499128 0.999476357922851 0.999476521499298 0.999476666064264 0.999476712487126 0.999476720293993 0.999476705362828 0.999476694954521 0.999476733207846 0.999476663786816 9.99999989270510e-11 0.459628264012012
0.998206105139448 0.998206636453011 0.998207195637167 0.998207689831321 0.998207848527548 0.998207875215197 0.998207824172993 0.998207788592166 0.998207919360892 0.998207682045366 9.99999978167711e-11 0.133959220096361
0.998265283623156 0.998265797542842 0.998266338420624 0.998266816435949 0.998266969936799 0.998266995750751 0.998266946379564 0.998266911963581 0.998267038451213 0.9982668089049 9.99999978103137e-11 0.138565179266685
0.997750725149342 0.997751391163915 0.997752092115082 0.997752711599744 0.997752910529292 0.997752943982734 0.997752879999828 0.997752835398152 0.997752999319873 0.997752701838623 9.99999972920176e-11 0.106810589450401
0.999467955040894 0.999468112883228 0.999468279005172 0.999468425819802 0.999468472965084 0.999468480893437 0.999468465729919 0.999468455159642 0.999468494008253 0.999468423506914 9.99999989478317e-11 0.452421100140339
0.999468613493396 0.999468771167637 0.999468937112654 0.999469083770906 0.999469130865966 0.999469138785875 0.999469123638509 0.999469113079493 0.999469151886721 0.99946908146048 9.99999989613309e-11 0.453060102374607
0.99946659991137 0.999466758198122 0.999466924787772 0.999467072015723 0.999467119293727 0.9994671272444 0.999467112038192 0.99946710143816 0.999467140396135 0.999467069696324 9.99999989774213e-11 0.45139263999352
0.998128863751959 0.998129418075132 0.998130001475807 0.998130517071889 0.998130682640702 0.998130710484082 0.998130657231391 0.998130620109655 0.998130756541517 0.998130508948624 9.99999977558649e-11 0.128460026873901
0.998321251398331 0.998321748782531 0.998322272257411 0.998322734892431 0.998322883454342 0.998322908437732 0.998322860655094 0.998322827346471 0.998322949764324 0.998322727603768 9.99999978452958e-11 0.14319781273639
0.999466496997804 0.999466655300844 0.999466821907645 0.999466969150764 0.99946701643364 0.999467024385132 0.999467009177359 0.999466998576232 0.999467037538223 0.999466966831126 9.99999990042679e-11 0.451264938582691
0.997851004076214 0.997851640396674 0.99785231009608 0.997852901961167 0.997853092021588 0.997853123983655 0.997853062853571 0.997853020240608 0.997853176854024 0.997852892636121 9.99999977463323e-11 0.111794497108982
0.998173687890981 0.998174229036613 0.998174798568442 0.998175301907508 0.998175463540343 0.998175490721846 0.998175438735145 0.998175402495926 0.998175535684471 0.998175293977552 9.9999997900786e-11 0.131637642931724
0.998478785560003 0.998479236394061 0.998479710876897 0.998480130213809 0.998480264871771 0.998480287516967 0.998480244206333 0.998480214015083 0.998480324975817 0.998480123607348 9.99999978102388e-11 0.158070868382227
0.999462130489102 0.999462290056332 0.999462457993658 0.99946260641268 0.999462654073165 0.99946266208816 0.999462646758934 0.999462636073145 0.999462675346294 0.999462604074517 9.9999998998589e-11 0.447513346215422
0.999468831934649 0.999468989541106 0.999469155414786 0.999469302009995 0.999469349084811 0.999469357001316 0.999469341860459 0.999469331305981 0.999469370096529 0.999469299700562 9.99999989619385e-11 0.453237896150818
0.999471576325145 0.999471733119557 0.999471898138593 0.999472043978485 0.999472090810754 0.99947209868647 0.999472083623627 0.999472073123528 0.999472111714211 0.999472041680953 9.99999989619557e-11 0.455598531661498
0.997871071007254 0.997871701417384 0.997872364896406 0.997872951264043 0.997873139559133 0.997873171224347 0.997873110662095 0.997873068444964 0.997873223603716 0.997872942025774 9.99999978636781e-11 0.112853890603942
0.997877463031353 0.997878091690084 0.997878753325747 0.997879338064179 0.997879525836021 0.99787955741317 0.997879497019096 0.997879454919174 0.997879609646742 0.99787932885105 9.9999997421595e-11 0.113219240567486
0.998071823734225 0.998072394785104 0.998072995791058 0.998073526946377 0.998073697511611 0.998073726195233 0.998073671335522 0.998073633093556 0.998073773642567 0.998073518577994 9.99999977993419e-11 0.124622677296682
0.998125190964242 0.998125746372937 0.998126330916083 0.998126847521851 0.99812701341486 0.998127041312713 0.998126987955679 0.998126950761191 0.998127087460185 0.998126839382356 9.9999997458677e-11 0.128207832069155
0.999470595514355 0.999470752592254 0.999470917909652 0.999471064013235 0.999471110930182 0.999471118820137 0.999471103730058 0.999471093210975 0.999471131871434 0.999471061711549 9.9999998955794e-11 0.454732418017312
0.997638449093683 0.99763914826493 0.997639884112097 0.997640534437101 0.997640743270149 0.997640778389048 0.997640711220838 0.99764066439873 0.997640836481125 0.997640524190116 9.99999973100446e-11 0.101719632954259
0.998441136058489 0.998441598096369 0.998442084370701 0.998442514128637 0.998442652132997 0.998442675340937 0.998442630953966 0.998442600012414 0.998442713730639 0.998442507357907 9.99999976861571e-11 0.15426847189188
0.997919668973287 0.99792028507237 0.997920933489595 0.997921506545909 0.997921690566386 0.997921721512682 0.997921662325187 0.997921621066358 0.997921772702733 0.997921497516881 9.99999974878019e-11 0.115505211362477
0.998133073146157 0.998133626085936 0.998134208030738 0.99813472234023 0.998134887495913 0.998134915269827 0.998134862150025 0.998134825120929 0.998134961212369 0.998134714237298 9.99999977415723e-11 0.128717904180664
0.998140762035051 0.99814131280224 0.998141892460418 0.998142404748985 0.998142569255688 0.998142596920455 0.998142544009372 0.998142507125769 0.998142642682432 0.998142396677824 9.99999977348975e-11 0.129274756895109
0.999446067000087 0.999446231361074 0.999446404343592 0.999446557221422 0.99944660631372 0.999446614569501 0.999446598779755 0.999446587772943 0.999446628225935 0.999446554813014 9.99999990892116e-11 0.434610636782094
0.998343912965302 0.99834440363775 0.998344920048812 0.998345376440988 0.998345522998181 0.998345547644434 0.998345500506571 0.998345467647408 0.998345588413336 0.998345369250623 9.99999978384822e-11 0.145158000403649
0.999460833143286 0.99946099310812 0.999461161463895 0.999461310252726 0.999461358031964 0.999461366066929 0.999461350699508 0.999461339987094 0.999461379358098 0.999461307908735 9.99999989718996e-11 0.446471829842735
0.999472405338664 0.999472561893137 0.999472726659646 0.999472872276357 0.999472919036957 0.999472926900619 0.999472911860826 0.999472901376797 0.999472939908424 0.99947286998234 9.99999989180478e-11 0.456331769687965
0.997923912010643 0.997924526834355 0.997925173909319 0.99792574577938 0.997925929418918 0.99792596030114 0.997925901236147 0.997925860062709 0.99792601138518 0.997925736768949 9.99999974428485e-11 0.115737703881833
0.997386515951632 0.997387289595273 0.997388103821462 0.997388823416111 0.997389054493036 0.997389093352531 0.997389019029736 0.997388967220225 0.997389157631979 0.997388812076965 9.99999971897746e-11 0.0919003615670645
0.998212666419763 0.998213195862677 0.998213753078012 0.998214245532127 0.998214403669583 0.998214430263263 0.998214379400778 0.998214343945231 0.998214474253516 0.99821423777358 9.99999977768436e-11 0.134469460848232
0.997942890235756 0.997943499415399 0.99794414055024 0.997944707170577 0.997944889124366 0.997944919723155 0.997944861200448 0.997944820405047 0.997944970338443 0.99794469824326 9.99999976964014e-11 0.116800896040317
0.999465318371729 0.999465477015609 0.999465643981134 0.999465791541288 0.999465838925972 0.999465846894586 0.999465831654066 0.999465821030114 0.999465860075996 0.999465789216655 9.99999989687948e-11 0.450244945972259
0.997598675361972 0.997599386333966 0.997600134600897 0.997600795902173 0.997601008259844 0.997601043971358 0.997600975669332 0.997600928056816 0.997601103043543 0.997600785481455 9.99999970865694e-11 0.100038360582372
0.996901123661424 0.996902040148139 0.996903004710981 0.996903857170195 0.996904130912684 0.996904176946969 0.99690408890112 0.996904027525381 0.996904253094355 0.996903843736312 9.99999969217996e-11 0.0774343096407598
0.999472560956821 0.999472717451579 0.999472882155252 0.999473027716436 0.999473074459208 0.999473082319872 0.999473067285814 0.999473056805781 0.999473095322717 0.999473025423294 9.99999989561635e-11 0.456427077622942
0.997246544567346 0.9972473593098 0.997248216790912 0.997248974613465 0.997249217966199 0.997249258890074 0.997249180618913 0.997249126057042 0.997249326584301 0.997248962671874 9.99999971798366e-11 0.0871926629803698
0.998201630814568 0.998202163598001 0.998202724329039 0.998203219890212 0.998203379025405 0.998203405786875 0.998203354603489 0.998203318924248 0.998203450054686 0.998203212082737 9.99999978409414e-11 0.133662197340055
0.99798626673262 0.997986863104453 0.997987490759611 0.997988045466897 0.997988223595173 0.997988253550661 0.997988196258421 0.997988156320774 0.997988303101878 0.99798803672749 9.99999979354136e-11 0.119324310140462
0.99756659000468 0.997567310475792 0.997568068740125 0.997568738876885 0.997568954071841 0.997568990260526 0.997568921045972 0.997568872797357 0.997569050122067 0.997568728317165 9.99999971088842e-11 0.0987192630559996
0.997451436600544 0.997452190969984 0.997452984910949 0.997453686578016 0.997453911898061 0.997453949789487 0.997453877318389 0.99745382679969 0.997454012467678 0.997453675521702 9.99999973417112e-11 0.0942342962652125
0.999475153851007 0.999475309574518 0.999475473466488 0.999475618310309 0.999475664822721 0.999475672644646 0.999475657684678 0.999475647256295 0.999475685583409 0.999475616028469 9.99999989262688e-11 0.458676249717333
0.999454351014912 0.999454512922154 0.999454683322215 0.999454833917725 0.999454882277124 0.999454890409655 0.999454874855633 0.999454864013144 0.99945490386221 0.999454831545273 9.99999990585122e-11 0.441220516523431
0.99804108664339 0.998041666789685 0.998042277368168 0.998042816983477 0.998042990265404 0.998043019405903 0.998042963672432 0.998042924821386 0.99804306760901 0.998042808481916 9.99999979254878e-11 0.122665563634267
0.998365592844708 0.998366077086207 0.99836658672898 0.998367037139504 0.998367181775869 0.998367206099101 0.998367159579048 0.998367127150554 0.998367246333681 0.998367030043404 9.99999977930270e-11 0.147081209577455
0.997069934409089 0.997070801419621 0.997071713910616 0.997072520349658 0.997072779314149 0.997072822863381 0.997072739570872 0.997072681508672 0.99707289490031 0.997072507641817 9.99999972234285e-11 0.0819380270483857
0.999470226446869 0.999470383620334 0.999470549038322 0.999470695230811 0.999470742176308 0.999470750071064 0.999470734971802 0.999470724446318 0.999470763130303 0.999470692927724 9.99999989420444e-11 0.454375291666418
0.99798268134428 0.997983278784459 0.997983907564005 0.997984463264989 0.997984641712321 0.99798467172142 0.997984614326482 0.997984574317229 0.997984721361233 0.99798445450958 9.99999975417292e-11 0.119113576767567
0.999460691963614 0.999460851966845 0.999461020363031 0.999461169187579 0.999461216978286 0.99946122501518 0.99946120964407 0.999461198929085 0.999461238309539 0.999461166843026 9.99999990268915e-11 0.446345288740406
0.997821311248895 0.997821956420171 0.997822635434644 0.997823235532124 0.997823428236042 0.997823460642544 0.997823398662038 0.997823355456213 0.997823514247895 0.997823226076542 9.9999997235537e-11 0.110280918158528
0.99788421103788 0.997884837602039 0.99788549703332 0.997886079823628 0.997886266969913 0.997886298441885 0.997886238249048 0.997886196289413 0.997886350501519 0.997886070641357 9.99999975743266e-11 0.113562938402486
0.997859385764724 0.997860019635343 0.997860686756381 0.997861276342743 0.997861465671408 0.997861497510408 0.997861436615671 0.99786139416676 0.997861550177193 0.997861267053541 9.99999976508356e-11 0.112237891213327
0.999478042439123 0.999478197317038 0.999478360319047 0.999478504376338 0.999478550636177 0.999478558415627 0.999478543536895 0.999478533165141 0.999478571284129 0.999478502106888 9.99999989028125e-11 0.461248661678755
0.99747966479717 0.997480410900195 0.997481196141062 0.997481890119133 0.997482112970093 0.997482150446326 0.99748207876942 0.997482028804351 0.997482212437771 0.997481879184176 9.99999973089662e-11 0.095301079789786
0.999464670871448 0.999464829733592 0.999464996928812 0.999465144691955 0.999465192141818 0.999465200121392 0.99946518485991 0.999465174221343 0.999465213320935 0.999465142364123 9.99999989583444e-11 0.449774777523292
0.998106515353899 0.998107076156029 0.998107666375611 0.998108187998166 0.998108355502221 0.99810838367105 0.998108329795915 0.998108292240286 0.998108430266827 0.998108179779956 9.99999976868961e-11 0.126911694714245
0.998230453501385 0.998230977757323 0.998231529513541 0.998232017142968 0.998232173731107 0.998232200064239 0.998232149700068 0.99823211459189 0.998232243623505 0.998232009460431 9.99999977613227e-11 0.135842375070042
0.9981590921408 0.998159637487451 0.998160211440747 0.998160718687464 0.998160881575111 0.998160908967593 0.998160856577237 0.99816082005662 0.998160954279147 0.998160710695653 9.99999976682327e-11 0.130564201165153
0.998144103804145 0.998144653627871 0.998145232293065 0.998145743704034 0.998145907928932 0.998145935546326 0.998145882725914 0.998145845905523 0.998145981229975 0.998145735646841 9.99999978113205e-11 0.129518523482579
0.998347912977776 0.998348402446791 0.9983489175913 0.998349372864139 0.998349519061904 0.998349543647726 0.99834949662549 0.998349463846933 0.998349584316688 0.99834936569151 9.99999978742221e-11 0.145504053462954
0.998285793689378 0.998286301541659 0.998286836033759 0.998287308405561 0.998287460094164 0.998287485603366 0.998287436815078 0.998287402805429 0.998287527799739 0.998287300963507 9.99999977959892e-11 0.140225419700012
0.999457795382067 0.99945795622307 0.99945812550099 0.999458275104804 0.999458323145754 0.99945833122473 0.999458315773134 0.999458305002043 0.999458344588702 0.999458272747975 9.99999990029255e-11 0.443901113966838
0.99946677870236 0.999466936929549 0.999467103456514 0.999467250629074 0.999467297889289 0.999467305836971 0.999467290636486 0.999467280040439 0.999467318983758 0.999467248310547 9.99999990002708e-11 0.451525525642106
0.999445948844485 0.999446113186159 0.999446286148383 0.999446439008308 0.999446488094864 0.99944649634968 0.999446480561779 0.999446469556256 0.999446510004516 0.999446436600183 9.9999999069616e-11 0.43437385888644
0.998345434350745 0.998345924673693 0.998346440716853 0.998346896783832 0.998347043236595 0.998347067865294 0.998347020761035 0.9983469879253 0.998347108605173 0.998346889598656 9.99999978021686e-11 0.145321606685838
0.998033138365285 0.998033720842988 0.998034333875196 0.998034875659055 0.998035049637318 0.998035078894875 0.99803502293737 0.998034983930137 0.998035127291546 0.998034867123018 9.99999975068607e-11 0.122165142131025
0.998320027270545 0.998320525086415 0.998321049015565 0.998321512052019 0.998321660742836 0.998321685747909 0.99832163792382 0.998321604586303 0.998321727110377 0.998321504757071 9.99999979635376e-11 0.14311333031156
0.998408884294012 0.998409355755527 0.998409851947905 0.998410290471254 0.998410431290394 0.998410454971701 0.998410409679414 0.998410378106779 0.998410494144443 0.998410283562495 9.99999978486955e-11 0.151097898713614
0.999465776016772 0.999465934522892 0.999466101343431 0.999466248775451 0.999466296118989 0.999466304080682 0.999466288853397 0.999466278238671 0.999466317250648 0.999466246452836 9.99999990056778e-11 0.450625088518161
0.998191966456762 0.998192502219307 0.998193066085655 0.998193564417679 0.998193724442639 0.998193751353739 0.998193699884175 0.998193664005441 0.998193795869062 0.998193556566551 9.99999978219195e-11 0.132976562221063
0.999471410893631 0.999471567751292 0.999471732836887 0.999471878735595 0.99947192558675 0.999471933465641 0.999471918396722 0.99947190789239 0.999471946498635 0.999471876437136 9.99999989645941e-11 0.455496965662032
0.998116950660891 0.998117508420952 0.998118095438859 0.998118614231821 0.998118780827242 0.99811880884328 0.998118755260417 0.99811871790853 0.998118855186341 0.998118606058294 9.99999978694774e-11 0.127626148758871
0.998253956656513 0.99825447399422 0.99825501846928 0.998255499663761 0.998255654185492 0.998255680171115 0.998255630471565 0.998255595826681 0.998255723155536 0.998255492082567 9.99999977144844e-11 0.137682847029865
0.998390093362662 0.998390570447816 0.998391072558788 0.998391516312824 0.998391658811641 0.998391682775414 0.998391636942882 0.99839160499365 0.998391722415397 0.998391509321642 9.99999978014977e-11 0.14935172489698
0.99947225889798 0.999472415528722 0.99947258037548 0.999472726063092 0.999472772846457 0.999472780713948 0.999472765666833 0.999472755177702 0.999472793728084 0.999472723767958 9.99999989580541e-11 0.456300829576495
0.998331126288242 0.998331620859212 0.998332141373224 0.998332601391431 0.99833274911301 0.998332773955075 0.998332726442706 0.998332693322479 0.998332815047877 0.99833259414394 9.99999977694977e-11 0.144077984171907
0.997538135055576 0.997538863671278 0.997539630507609 0.997540308220275 0.997540525848143 0.997540562446091 0.997540492449221 0.997540443655306 0.997540622984818 0.997540297542079 9.99999975899473e-11 0.0975406458252924
0.998191651426176 0.998192187061471 0.998192750794034 0.998193249007942 0.998193408994985 0.998193435899697 0.998193384442307 0.998193348572056 0.998193480404436 0.998193241158585 9.99999977851724e-11 0.132898592179693
0.99946229075623 0.999462450293452 0.99946261819918 0.999462766590266 0.999462814241781 0.999462822255267 0.999462806928926 0.999462796245149 0.999462835510906 0.999462764252543 9.99999989895276e-11 0.447695722088779
0.99785639704641 0.997857031981362 0.997857700222452 0.997858290798587 0.997858480445017 0.997858512337395 0.997858451340359 0.997858408820113 0.997858565092376 0.997858281493353 9.99999974117145e-11 0.112113122099016
0.999459901798103 0.999460062038324 0.999460230683932 0.999460379728911 0.999460427590403 0.999460435639202 0.999460420245325 0.999460409514469 0.999460448953252 0.999460377380886 9.99999989682253e-11 0.445699134315697
0.999477668542544 0.999477823527645 0.999477986642464 0.999478130799456 0.999478177091309 0.999478184876145 0.999478169987116 0.999478159608183 0.999478197753554 0.999478128528433 9.99999989141279e-11 0.460907494685358
0.998344877594684 0.998345368097849 0.998345884330669 0.998346340565256 0.998346487071832 0.998346511709573 0.998346464587988 0.998346431740173 0.998346552464387 0.998346333377369 9.99999977085343e-11 0.145277180581521
0.997936338301548 0.997936949546923 0.997937592855778 0.997938161397392 0.997938343968121 0.99793837467065 0.997938315949501 0.997938275015767 0.997938425457528 0.997938152439745 9.99999975879172e-11 0.116454035787236
0.999484274181605 0.999484427201674 0.999484588248392 0.999484730577646 0.999484776282577 0.99948478396871 0.999484769268455 0.999484759021115 0.999484796682849 0.999484728335419 9.99999988591052e-11 0.46679548655834
0.998068032543528 0.998068604947354 0.998069207377084 0.998069739790573 0.998069910759796 0.99806993951134 0.998069884521672 0.99806984618911 0.998069987071007 0.998069731402269 9.99999976651259e-11 0.124428250121612
0.9994509144932 0.999451077392803 0.999451248837292 0.999451400355862 0.999451449011677 0.999451457194055 0.999451441544696 0.999451430635748 0.999451470729067 0.999451397968867 9.99999990788057e-11 0.438385240969888
0.998297019871996 0.998297524343236 0.998298055276974 0.998298524504009 0.998298675182761 0.998298700522132 0.998298652058636 0.998298618275393 0.998298742437566 0.998298517111452 9.99999978326313e-11 0.141134418767495
0.997340201027421 0.997340988012396 0.997341816279993 0.997342548284323 0.997342783346307 0.997342822875974 0.997342747271455 0.997342694568476 0.997342888264005 0.997342536749723 9.99999972154135e-11 0.0902577148225387
