0.000139784174106761 0.000139760064590117 0.000139734683951841 0.000139712247630039 0.000139705041750923 0.000139703829891575 0.000139706147626193 0.000139707763252106 0.000139701825234123 0.000139712601094045 0.633246987635764 9.99999986525392e-11
0.000139674233151227 0.000139650161520654 0.000139624820758869 0.000139602419681615 0.000139595225120798 0.000139594015164859 0.00013959632925909 0.000139597942347358 0.000139592013655981 0.000139602772590382 0.120258380607541 9.99999968754203e-11
0.000139687462628714 0.000139663386440482 0.000139638040881593 0.000139615635564452 0.000139608439642054 0.000139607229457139 0.000139609543989306 0.000139611157382851 0.000139605227569493 0.00013961598854002 0.131758653267868 9.99999970830182e-11
0.00013970173057175 0.000139677649469335 0.000139652298738083 0.000139629888849386 0.000139622691458896 0.000139621481027089 0.00013962379603145 0.000139625409754151 0.000139619478731042 0.000139630241896972 0.134616922683149 9.9999996893591e-11
0.000139806059649468 0.000139781942588623 0.000139756554009799 0.000139734110669801 0.000139726902536889 0.000139725690298519 0.000139728008758041 0.000139729624889272 0.000139723685014095 0.000139734464244372 0.636535034483997 9.99999985835545e-11
0.00013964450364967 0.000139620442257626 0.000139595112272274 0.000139572720719695 0.000139565529217595 0.000139564319776042 0.000139566632886472 0.00013956824528895 0.000139562319118044 0.000139573073478396 0.106442477493867 9.99999966573543e-11
0.000139791891979379 0.000139767779802391 0.000139742396364005 0.000139719957567347 0.000139712750893465 0.000139711538900461 0.000139713856890705 0.000139715472694811 0.000139709534021917 0.000139720311070342 0.630185916604103 9.99999986687206e-11
0.000139799172920973 0.000139775058234175 0.000139749672154123 0.000139727231022647 0.000139720023598971 0.000139718811479873 0.000139721129711279 0.000139722745683494 0.000139716806392748 0.000139727584562425 0.617576489371011 9.99999988056509e-11
0.000139665479042137 0.000139641410426818 0.000139616072838701 0.00013959367456647 0.000139586480906447 0.000139585271101996 0.000139587584906497 0.000139589197792799 0.000139583269843703 0.000139594027431043 0.117097770133055 9.99999968820084e-11
0.000139801244553739 0.000139777129152789 0.000139751742321066 0.00013972930052523 0.000139722092888205 0.000139720880733228 0.000139723199033255 0.000139724815053305 0.000139718875586752 0.000139729654075475 0.635044547166334 9.99999986107771e-11
0.000139664820600101 0.000139640752211788 0.000139615414862603 0.00013959301680155 0.000139585823209344 0.000139584613416296 0.000139586927198983 0.000139588540070079 0.000139582612176865 0.000139593369662789 0.115100217183887 9.99999966489761e-11
0.000139699108334627 0.000139675028135241 0.000139649678354461 0.000139627269305831 0.000139620072185118 0.00013961886179868 0.000139621176716271 0.000139622790378487 0.000139616859577681 0.000139627622340185 0.137626528974951 9.99999970441543e-11
0.000139672968008093 0.000139648896812336 0.000139623556508212 0.000139601155835459 0.000139593961404542 0.00013959275147045 0.000139595065522902 0.000139596678582045 0.00013959074999771 0.000139601508737858 0.124439667735428 9.99999969980786e-11
0.000139799123703858 0.000139775009034116 0.000139749622972015 0.000139727181856406 0.000139719974437825 0.000139718762319584 0.000139721080549351 0.000139722696520424 0.000139716757233876 0.000139727535395933 0.641476322211683 9.99999985980585e-11
0.000139639866753819 0.000139615806959808 0.000139590478656445 0.000139568088590479 0.000139560897565779 0.000139559688204505 0.000139562001161376 0.000139563613456807 0.000139557687679292 0.000139568441325716 0.0948421642150618 9.99999962030859e-11
0.000139647044844392 0.000139622982577815 0.000139597651671985 0.000139575259305847 0.000139568067542484 0.000139566858056995 0.000139569171251458 0.000139570783712514 0.000139564857326321 0.00013957561207737 0.107540219441477 9.99999968860506e-11
0.000139820465484838 0.000139796343457416 0.000139770949651086 0.000139748501690796 0.000139741292074142 0.000139740079586249 0.000139742398522999 0.000139744014986896 0.000139738073889071 0.000139748855338155 0.629241593281546 9.99999986257669e-11
0.000139808239262367 0.000139784121450031 0.000139758732080234 0.000139736288041141 0.000139729079683724 0.000139727867407598 0.00013973018593933 0.000139731802120897 0.000139725862060721 0.000139736641626725 0.612370627032656 9.99999988484172e-11
0.000139808166454854 0.000139784048667531 0.000139758659324061 0.000139736215308238 0.000139729006958294 0.000139727794683425 0.000139730113212754 0.000139731729392645 0.000139725789338627 0.000139736568893456 0.622291410943523 9.9999998734537e-11
0.000139800212132504 0.000139776097087524 0.000139750710630472 0.000139728269165787 0.000139721061635106 0.000139719849498013 0.000139722167763836 0.000139723783760043 0.000139717844381121 0.000139728622710815 0.641403272119155 9.99999985555693e-11
0.000139676939797778 0.000139652867235312 0.000139627525492676 0.000139605123548502 0.000139597928709286 0.000139596718706529 0.000139599032890304 0.00013960064604099 0.000139594717120205 0.000139605476470927 0.130053015600522 9.99999966600451e-11
0.000139812102974115 0.000139787983829992 0.00013976259305844 0.000139740147780417 0.000139732939025135 0.0001397317266821 0.0001397340453418 0.000139735661612571 0.000139729721224543 0.000139740501385519 0.650314236242125 9.99999984478282e-11
0.000139601641341082 0.00013957759470642 0.000139552280253767 0.000139529902429656 0.000139522715336256 0.00013952150663611 0.000139523818328523 0.000139525429742523 0.000139519507204514 0.000139530254972013 0.0856229753389959 9.99999962130792e-11
0.00013979725356564 0.000139773139540483 0.000139747754156831 0.000139725313640863 0.00013971810641485 0.000139716894328993 0.000139719212496824 0.000139720828424721 0.000139714889296854 0.000139725667170945 0.641173344657262 9.99999985275177e-11
0.000139695704190139 0.00013967162516368 0.000139646276617449 0.000139623868659967 0.000139616671889661 0.000139615461562153 0.00013961777636704 0.000139619389950693 0.000139613459438634 0.000139624221677136 0.144207491090955 9.9999996937679e-11
0.000139700566574529 0.000139676485872746 0.000139651135563175 0.000139628726047178 0.000139621528776375 0.000139620318364696 0.00013962263333056 0.000139624247026427 0.000139618316101943 0.00013962907908889 0.140401227039274 9.99999964550221e-11
0.00013980613403045 0.000139782016943796 0.000139756628337807 0.000139734184973799 0.000139726976833177 0.00013972576459351 0.000139728083055513 0.000139729699188473 0.000139723759306942 0.000139734538548749 0.625643642383812 9.99999986820031e-11
0.000139806733633545 0.00013978261634036 0.000139757227516989 0.00013973478396085 0.000139727575758528 0.000139726363508484 0.000139728681990332 0.000139730298137126 0.000139724358204751 0.000139735137538826 0.63606132365511 9.99999985862122e-11
0.000139675428745808 0.000139651356703026 0.000139626015507376 0.000139603614046653 0.00013959641936269 0.000139595209386043 0.000139597523519882 0.00013959913663576 0.000139593207842908 0.000139603966961462 0.122728096623024 9.99999968160773e-11
0.000139805499422004 0.000139781382554281 0.000139755994178724 0.000139733551018383 0.000139726342943165 0.000139725130714497 0.000139727449155463 0.000139729065273759 0.000139723125446123 0.000139733904590123 0.635568605523388 9.99999986283022e-11
0.000139804072410065 0.000139779956034207 0.000139754568176356 0.000139732125473586 0.000139724917545311 0.000139723705341355 0.000139726023735059 0.000139727639820409 0.000139721700113858 0.000139732479038118 0.637189892310675 9.99999985851947e-11
0.000139622600042573 0.000139598546192531 0.000139573224145419 0.000139550839608999 0.000139543650360038 0.000139542441297395 0.000139544753683126 0.000139546365580428 0.000139540441266175 0.000139551192257144 0.0978057017398474 9.99999965085156e-11
0.000139621783268208 0.000139597729700885 0.000139572407951345 0.00013955002367793 0.00013954283451343 0.00013954162546499 0.000139543937823555 0.000139545549701919 0.000139539625457264 0.000139550376321928 0.0902714832568414 9.99999966937794e-11
0.00013967480855436 0.000139650736724513 0.000139625395752987 0.000139602994490353 0.000139595799870005 0.000139594589904056 0.000139596904017436 0.000139598517119052 0.00013959258837862 0.000139603347402046 0.128376603894126 9.99999969803837e-11
0.000139793756581429 0.000139769643761685 0.000139744259646775 0.000139721820252176 0.000139714613386273 0.000139713401360977 0.000139715719412982 0.00013971733526014 0.000139711396429016 0.000139722173764591 0.64195751288405 9.99999985312246e-11
0.000139683656681406 0.00013965958180489 0.000139634237626629 0.000139611833529746 0.000139604637999217 0.000139603427880201 0.000139605742286328 0.000139607355592012 0.000139601426101564 0.000139612186486084 0.130146654517608 9.99999967073586e-11
0.000139651559497078 0.000139627495676049 0.000139602163134101 0.000139579769321891 0.000139572577094139 0.00013957136753055 0.000139573680874373 0.000139575293439543 0.000139569366670678 0.000139580122116171 0.106295071918791 9.99999963377583e-11
0.000139807729399009 0.00013978361176226 0.000139758222577274 0.000139735778701526 0.000139728570396565 0.000139727358129261 0.000139729676644121 0.000139731292813927 0.000139725352796976 0.000139736132284537 0.612890793003576 9.99999987869674e-11
0.000139676407849835 0.000139652335470504 0.000139626993920624 0.000139604592146816 0.00013959739736231 0.000139596187368753 0.00013959850153493 0.000139600114673349 0.000139594185797646 0.000139604945066552 0.114922488700188 9.99999970122319e-11
0.00013980634848422 0.000139782231323655 0.000139756842639872 0.000139734399207107 0.000139727191044404 0.000139725978801024 0.000139728297270129 0.000139729913408039 0.000139723973508313 0.00013973475278314 0.607504491520784 9.99999989110638e-11
0.000139798774022417 0.000139774659473294 0.000139749273538149 0.000139726832534748 0.000139719625152201 0.00013971841304002 0.000139720731258198 0.000139722347221191 0.000139716407964337 0.000139727186072508 0.657635911874053 9.99999984273777e-11
0.000139796218475755 0.000139772104807385 0.000139746719799265 0.000139724279615208 0.000139717072495782 0.000139715860427851 0.000139718178561399 0.000139719794465399 0.000139713855425363 0.000139724633140061 0.638574456710309 9.99999985407561e-11
0.000139806977530499 0.000139782860153083 0.000139757471241057 0.000139735027606561 0.000139727819379076 0.0001397266071248 0.000139728925614742 0.000139730541767177 0.000139724601814068 0.000139735381185772 0.624850655577049 9.99999987155612e-11
0.000139675014731428 0.000139650942831475 0.000139625601786159 0.000139603200458307 0.000139596005817014 0.000139594795847543 0.000139597109967659 0.000139598723073971 0.00013959279431628 0.000139603553371027 0.127107814749178 9.99999970258594e-11
0.000139671086705233 0.000139647016158478 0.000139621676537451 0.000139599276468448 0.000139592082231415 0.000139590872329927 0.000139593186320016 0.000139594799335687 0.000139588870911118 0.000139599629361324 0.117691085689695 9.99999967241388e-11
0.000139569853056033 0.000139545817364197 0.000139520514429279 0.000139498146785041 0.000139490962960764 0.000139489754810385 0.000139492065451321 0.000139493676132354 0.000139487756288197 0.000139498499166997 0.0763491991421195 9.9999996353914e-11
0.000139660890039878 0.000139636823004675 0.000139611487079689 0.000139589090277404 0.000139581897089432 0.000139580687364364 0.000139583001017031 0.000139584613797492 0.000139578686237379 0.0001395894431188 0.109628304105976 9.99999963888291e-11
0.000139598379801192 0.000139574334290429 0.000139549021020722 0.000139526644242149 0.000139519457484511 0.000139518248840832 0.000139520560425254 0.000139522171763977 0.000139516249502646 0.000139526996768047 0.0857096654572942 9.9999996384746e-11
0.000139645036444719 0.00013962097486863 0.000139595644689565 0.000139573252965774 0.000139566061408688 0.000139564851957884 0.000139567165085993 0.000139568777500793 0.000139562851284577 0.000139573605727143 0.103272050282579 9.9999996103526e-11
0.000139652137302285 0.000139628073280837 0.000139602740527941 0.000139580346529288 0.000139573154241664 0.000139571944668009 0.000139574258031093 0.00013957587060969 0.000139569943791491 0.000139580699326524 0.110974902927969 9.99999966954353e-11
0.000139792017406604 0.000139767905186185 0.000139742521702086 0.000139720082865025 0.000139712876178168 0.000139711664182982 0.000139713982177399 0.000139715597984414 0.000139709659300829 0.000139720436368657 0.623973970480138 9.99999986810925e-11
0.000139678196988816 0.00013965412399199 0.000139628781792173 0.000139606379443925 0.000139599184474945 0.000139597974450366 0.000139600288675878 0.000139601901855658 0.000139595972827944 0.000139606732372716 0.131515376998198 9.99999967171962e-11
0.00013967508630771 0.000139651014383468 0.000139625673312586 0.000139603271962138 0.000139596077313587 0.000139594867342893 0.000139597181465341 0.000139598794573276 0.000139592865809604 0.000139603624875198 0.12432182668959 9.99999963809453e-11
0.000139808357374478 0.000139784239521499 0.000139758850108924 0.000139736406032021 0.000139729197662463 0.000139727985384295 0.000139730303919932 0.000139731920104221 0.00013972598003404 0.000139736759618202 0.62978259274562 9.99999986755886e-11
0.000139804799143087 0.000139780682516619 0.000139755294394993 0.000139732851459085 0.000139725643455942 0.000139724431239394 0.000139726749657179 0.000139728365759315 0.00013972242599107 0.000139733205027291 0.623093387900165 9.99999987069324e-11
0.000139814865966657 0.000139790745869786 0.000139765354095434 0.000139742907931093 0.000139735698891182 0.000139734486500281 0.000139736805251528 0.000139738421586115 0.000139732480963545 0.000139743261550158 0.633114815951747 9.99999986221908e-11
0.000139799883835744 0.000139775768903773 0.000139750382565667 0.000139727941206112 0.000139720733709192 0.000139719521577776 0.000139721839832741 0.000139723455821378 0.000139717516470276 0.000139728294749483 0.623014450544073 9.999999871787e-11
0.000139684273453062 0.000139660198363532 0.000139634853961066 0.000139612449666022 0.000139605254071856 0.000139604043942139 0.000139606358368733 0.000139607971688685 0.000139602042145799 0.000139612802625481 0.12815188915616 9.99999967351688e-11
0.000139685716441512 0.000139661640854683 0.000139636295928792 0.000139613891171122 0.000139606695428391 0.000139605485273689 0.000139607799748069 0.000139609413101331 0.000139603483436023 0.000139614244137874 0.132130295971554 9.99999967872948e-11
0.000139819312610741 0.000139795190980841 0.000139769797592919 0.000139747350002436 0.000139740140504539 0.000139738928036618 0.000139741246935171 0.000139742863372441 0.000139736922372477 0.000139747703643968 0.638249314948901 9.99999985930528e-11
0.000139796100552485 0.000139771986924744 0.000139746601959388 0.000139724161813127 0.00013971695470584 0.000139715742639949 0.000139718060769593 0.000139719676670872 0.000139713737640838 0.000139724515337384 0.631875797887997 9.99999986414537e-11
0.000139665218634499 0.000139641150109845 0.000139615812617155 0.000139593414429265 0.000139586220796326 0.000139585010996427 0.000139587324792214 0.000139588937672441 0.000139583009745662 0.000139593767292495 0.107845730989062 9.99999966887621e-11
0.000139658121671335 0.000139634055589389 0.000139608720667741 0.00013958632475225 0.000139579131849061 0.000139577922171886 0.000139580235732959 0.000139581848449571 0.000139575921124128 0.000139586677579686 0.115400958076508 9.99999966001358e-11
0.000139669382260264 0.000139645312298881 0.000139619973293982 0.000139597573769539 0.000139590379707386 0.000139589169835309 0.000139591483769151 0.000139593096745615 0.000139587168465152 0.000139597926653844 0.12280919907822 9.99999968635699e-11
0.00013968757171665 0.000139663495490366 0.000139638149891424 0.000139615744538884 0.000139608548605118 0.000139607338418291 0.000139609652954114 0.000139611266350208 0.000139605336527482 0.000139616097515009 0.13621659321949 9.99999967974982e-11
0.000139637796108294 0.000139613737026878 0.000139588409473548 0.000139566020070494 0.000139558829258681 0.000139557619933211 0.000139559932821613 0.000139561545069318 0.000139555619467228 0.000139566372795305 0.0955803754214612 9.99999965392232e-11
0.000139621074127233 0.000139597020803595 0.000139571699310542 0.000139549315263822 0.000139542126172119 0.000139540917135918 0.000139543229471064 0.000139544841333102 0.000139538917148434 0.000139549667904227 0.0923711436798262 9.99999961843169e-11
0.000139800283243536 0.000139776168173916 0.000139750781690929 0.000139728340203323 0.00013972113266528 0.000139719920526949 0.00013972223879514 0.000139723854792997 0.000139717915408009 0.000139728693748711 0.634636287657891 9.99999985933526e-11
0.000139813128344855 0.000139789008847063 0.000139763617703262 0.000139741172096228 0.000139733963235289 0.000139732750874486 0.000139735069568169 0.000139736685862629 0.000139730745387536 0.000139741525706514 0.631479431316938 9.99999986747535e-11
0.000139634838260186 0.000139610780197374 0.000139585453716164 0.000139563065260695 0.000139555874753187 0.000139554665478894 0.000139556978269423 0.000139558590448903 0.000139552665097571 0.000139563417970591 0.10246019764417 9.99999964984744e-11
0.000139804152094567 0.000139780035691274 0.000139754647804547 0.000139732205076254 0.000139724997139783 0.000139723784934448 0.000139726103330788 0.000139727719417976 0.000139721779704671 0.000139732558641189 0.628925980837323 9.99999986856508e-11
0.000139692777404632 0.000139668699385982 0.000139643351900509 0.00013962094488057 0.000139613748411343 0.000139612538134467 0.000139614852842517 0.000139616466358666 0.000139610536094704 0.000139621297882969 0.133298586282447 9.99999971985382e-11
0.000139790929423484 0.000139766817578342 0.000139741434489236 0.000139718996001285 0.00013971178942654 0.000139710577450209 0.000139712895408567 0.000139714511190445 0.000139708572599243 0.000139719349499417 0.632558375480573 9.99999986340571e-11
0.000139794688100321 0.000139770574959645 0.000139745190506942 0.000139722750813786 0.000139715543852007 0.000139714331810587 0.00013971664989343 0.000139718265762084 0.000139712326851954 0.000139723104330905 0.648284158189083 9.99999985131901e-11
0.000139681273669356 0.000139657199612259 0.000139631856296469 0.000139609452961876 0.000139602257676146 0.000139601047598299 0.00013960336192569 0.000139604975176488 0.000139599045887763 0.000139609805906208 0.12946382468371 9.9999996821146e-11
0.00013980647657177 0.00013978235936736 0.000139756970637427 0.000139734527163873 0.000139727318988072 0.000139726106742488 0.000139728425215806 0.000139730041356653 0.000139724101446134 0.000139734880740548 0.657935684027734 9.99999984072678e-11
0.000139652678789418 0.000139628614581404 0.00013960328163214 0.000139580887459928 0.000139573695116569 0.000139572485533542 0.000139574798914554 0.000139576411505649 0.000139570484641522 0.000139581240259905 0.113343933020087 9.99999967277988e-11
0.000139807323764486 0.000139783206267769 0.000139757817230174 0.000139735373484695 0.000139728165221569 0.0001397269529613 0.000139729271462705 0.000139730887623131 0.000139724947640653 0.000139735727065654 0.620438496251043 9.99999987810981e-11
0.000139640287470892 0.000139616227530195 0.00013959089907244 0.000139568508870018 0.0001395613178015 0.00013956010843286 0.000139562421403831 0.000139564033709092 0.00013955810789547 0.000139568861607431 0.0965774971418746 9.99999968155286e-11
0.000139682390412258 0.000139658315970964 0.000139632972250792 0.000139610568558788 0.00013960337315828 0.00013960216306113 0.000139604477425436 0.000139606090701968 0.000139600161318662 0.000139610921508745 0.117447807355921 9.9999996830553e-11
0.00013979766374072 0.000139773549574258 0.000139748164041879 0.000139725723394459 0.000139718516126231 0.000139717304033275 0.000139719622214683 0.000139721238152046 0.000139715298989393 0.000139726076926611 0.634406089757343 9.99999986176617e-11
0.000139633321007822 0.000139609263464941 0.000139583937530979 0.000139561549559192 0.000139554359207014 0.000139553149958843 0.000139555462699415 0.000139557074844069 0.000139551149620733 0.000139561902261475 0.102179672791066 9.99999968551485e-11
0.000139648906416981 0.000139624843508716 0.000139599511927487 0.000139577118964401 0.000139569927009333 0.000139568717491601 0.000139571030747718 0.000139572643251749 0.000139566716707585 0.000139577471745301 0.101864201956415 9.99999965403433e-11
0.000139804328609378 0.000139780212145332 0.000139754824194661 0.000139732381409851 0.00013972517345523 0.000139723961246843 0.000139726279649021 0.000139727895740277 0.000139721956012017 0.000139732734975675 0.642908346494917 9.99999985209701e-11
0.000139791834346554 0.000139767722189419 0.000139742338771929 0.000139719899993739 0.000139712693325788 0.000139711481333782 0.000139713799322118 0.000139715415124895 0.000139709476456888 0.000139720253496444 0.629565871281388 9.99999986708292e-11
0.000139642924731472 0.000139618863883887 0.000139593534471601 0.00013957114342552 0.000139563952086071 0.000139562742671868 0.000139565055729977 0.000139566668095982 0.000139560742059106 0.000139571496176215 0.0992204992867389 9.99999965096619e-11
0.000139673972718848 0.000139649901177939 0.000139624560510529 0.000139602159516687 0.000139594964982657 0.000139593755031223 0.000139596069116838 0.000139597682199099 0.000139591753529796 0.000139602512424138 0.121280445126009 9.99999968298115e-11
0.000139608920137854 0.000139584870999886 0.000139559553912409 0.000139537173759526 0.000139529985918272 0.000139528777092357 0.000139531089025306 0.000139532700606979 0.000139526777452716 0.000139537526338562 0.0856271032495404 9.99999960805538e-11
0.000139677275620565 0.00013965320294152 0.00013962786107618 0.000139605459023556 0.000139598264149513 0.000139597054140901 0.000139599368335879 0.000139600981494376 0.000139595052544893 0.000139605811947699 0.135672296939631 9.99999969901806e-11
0.000139666930966786 0.000139642861850565 0.00013961752373523 0.000139595124997022 0.000139587931187358 0.000139586721357742 0.000139589035210376 0.00013959064813023 0.000139584720057826 0.000139595477868945 0.124938526826119 9.99999969087211e-11
0.000139799086466117 0.000139774971809308 0.00013974958576082 0.000139727144657242 0.000139719937242524 0.000139718725124933 0.000139721043353458 0.000139722659323664 0.0001397167200403 0.00013972749819658 0.647267190970046 9.99999985234402e-11
0.000139678593058159 0.000139654519925852 0.000139629177583436 0.000139606775109152 0.000139599580099698 0.000139598370068312 0.000139600684306841 0.000139602297495696 0.000139596368434629 0.000139607128039926 0.129177145188513 9.99999965009864e-11
0.000139678695388089 0.000139654622219498 0.000139629279838892 0.000139606877330855 0.000139599682310561 0.000139598472277352 0.000139600786519368 0.000139602399710653 0.000139596470640654 0.000139607230262161 0.12570814511198 9.99999968006982e-11
0.000139632086880217 0.000139608029763776 0.000139582704278657 0.000139560316703577 0.000139553126478792 0.000139551917252042 0.000139554229951632 0.000139555842067719 0.000139549916949358 0.000139560669399583 0.0968395446595483 9.99999964329625e-11
0.000139694909112902 0.00013967083036017 0.000139645482102048 0.000139623074399209 0.000139615877710677 0.000139614667396919 0.000139616982175503 0.00013961859574082 0.000139612665296144 0.000139623427412356 0.136136819638568 9.99999965935173e-11
0.000139804895738443 0.000139780779078953 0.000139755390922568 0.000139732947955941 0.000139725739942931 0.000139724527724725 0.000139726846145683 0.000139728462250031 0.000139722522473656 0.00013973330152463 0.65483666065809 9.99999984302314e-11
0.000139719889970952 0.000139695802611001 0.000139670445293463 0.000139648029583523 0.000139640830323622 0.000139639619577436 0.000139641935183069 0.000139643549324907 0.000139637616761349 0.00013964838272282 0.150666130941251 9.99999967131751e-11
0.000139666184335188 0.00013964211547608 0.000139616777631365 0.000139594379132342 0.000139587185399487 0.000139585975582786 0.000139588289410711 0.00013958990231334 0.000139583974304229 0.000139594732000479 0.112424232836148 9.99999967268994e-11
0.000139706042699624 0.000139681960111361 0.000139656607816201 0.000139634196545254 0.000139626998710874 0.000139625788204419 0.000139628103351551 0.000139629717173776 0.000139623785784889 0.000139634549614618 0.132083206883186 9.99999970241183e-11
0.000139631638944288 0.000139607581981831 0.000139582256658786 0.000139559869226955 0.000139552679048172 0.000139551469829158 0.000139553782513953 0.000139555394619727 0.000139549469539273 0.000139560221920706 0.0981908075018017 9.99999964028246e-11
