0.000112714219963515 0.000112698539344617 0.000112682030870232 0.000112667436519908 0.000112662749056014 0.000112661960724848 0.000112663468437833 0.000112664519415023 0.000112660656660458 0.000112667666441667 0.759239640996638 9.99999981635641e-11
0.000112641943287277 0.000112626282761693 0.000112609795438431 0.000112595219784225 0.000112590538324701 0.000112589751003315 0.000112591256785045 0.000112592306416004 0.000112588448609294 0.000112595449411448 0.138797044993363 9.99999958203284e-11
0.000112645423483333 0.000112629761990657 0.000112613273649391 0.000112598697095341 0.000112594015346827 0.000112593227976841 0.000112594733851522 0.000112595783547276 0.000112591925502426 0.000112598926736743 0.146282501117674 9.99999962873263e-11
0.000112666378645551 0.000112650711328718 0.000112634216856683 0.00011261963488346 0.000112614951394547 0.00011261416373187 0.000112615670166337 0.000112616720252303 0.00011261286077329 0.000112619864610236 0.160765127889167 9.99999961723538e-11
0.000112715637772359 0.000112699956759067 0.000112683447869525 0.000112668853152232 0.000112664165570484 0.000112663377219498 0.00011266488497039 0.000112665935974003 0.000112662073122321 0.000112669083079773 0.723887687495739 9.99999984737152e-11
0.000112632218903633 0.000112616561080495 0.000112600076601949 0.000112585503462275 0.000112580822810306 0.000112580035624728 0.000112581541146711 0.000112582590596607 0.000112578733455355 0.000112585733049869 0.116306619503442 9.99999951881718e-11
0.000112715480706767 0.000112699799737184 0.000112683290893654 0.000112668696217031 0.000112664008648344 0.000112663220299554 0.000112664728046245 0.00011266577904693 0.000112661916206011 0.000112668926143931 0.736922344512111 9.99999983426327e-11
0.000112719832550337 0.000112704150370617 0.000112687640253241 0.000112673044450628 0.000112668356520324 0.000112667568110719 0.000112669075973721 0.000112670127055485 0.000112666263916577 0.000112673274395267 0.726714021181107 9.99999984358045e-11
0.000112628033314031 0.000112612376653762 0.000112595893399305 0.00011258132134164 0.000112576641037165 0.000112575853910028 0.000112577359320243 0.000112578408692229 0.000112574551837328 0.000112581550912194 0.116008022510021 9.99999957476912e-11
0.000112724051057034 0.000112708367704311 0.00011269185635218 0.00011267725945813 0.000112672571177304 0.000112671782708751 0.000112673290684495 0.000112674341844848 0.000112670478417096 0.000112677489419963 0.742483324793561 9.99999982773018e-11
0.000112631783609459 0.000112616125906831 0.00011259964155514 0.000112585068527597 0.00011258038791164 0.00011257960073212 0.000112581106242522 0.000112582155684345 0.00011257829857277 0.000112585298113434 0.118188631665132 9.99999958825805e-11
0.000112662774961721 0.00011264710864648 0.000112630615228766 0.000112616034187489 0.000112611350997876 0.000112610563385533 0.000112612069723732 0.000112613119742593 0.000112609260510215 0.000112616263899582 0.159085064338194 9.99999956812476e-11
0.000112650924732083 0.000112635261710453 0.000112618771759742 0.000112604193783053 0.00011259951157765 0.000112598724130827 0.000112600230152462 0.000112601279950655 0.000112597421529308 0.000112604423446866 0.141717129869175 9.99999959851349e-11
0.000112713784657643 0.000112698104159712 0.000112681595812663 0.000112667001574895 0.00011266231414715 0.000112661525822063 0.000112663033523421 0.000112664084492506 0.000112660221767728 0.000112667231494881 0.739763708781928 9.99999983241029e-11
0.000112591401193166 0.00011257575471015 0.000112559282168729 0.000112544719580644 0.000112540042317377 0.000112539255701686 0.000112540760133713 0.000112541808823826 0.000112537954475007 0.000112544949001973 0.0833885401836725 9.99999949525187e-11
0.000112636978974111 0.000112621319828531 0.000112604833957923 0.000112590259587763 0.000112585578540617 0.000112584791288582 0.000112586296937673 0.000112587346476172 0.000112583489009279 0.000112590489194752 0.119168211893961 9.99999959937442e-11
0.000112725265011129 0.000112709581320858 0.000112693069613409 0.000112678472405282 0.000112673784023588 0.000112672995538072 0.000112674503546259 0.000112675554729228 0.000112671691218356 0.000112678702372063 0.735972854210965 9.99999983486977e-11
0.00011272149709484 0.00011270581445237 0.000112689303847883 0.000112674707614697 0.000112670019546112 0.000112669231113252 0.000112670739020731 0.000112671790133498 0.000112667926880641 0.000112674937566119 0.760643409514586 9.99999981138422e-11
0.000112716110802078 0.000112700429657227 0.000112683920629201 0.000112669325789496 0.000112664638168436 0.000112663849810838 0.000112665357574374 0.000112666408586802 0.000112662545702725 0.000112669555718966 0.70193707597842 9.99999987572933e-11
0.0001127192475711 0.00011270356555414 0.000112687055608093 0.000112672459956922 0.000112667772075254 0.000112666983673829 0.000112668491521188 0.000112669542592046 0.000112665679493217 0.000112672689899175 0.74652376429497 9.99999982456603e-11
0.000112642540024946 0.000112626879333608 0.000112610391835866 0.000112595816027433 0.000112591134518378 0.000112590347188662 0.000112591852986323 0.000112592902628387 0.000112589044780861 0.000112596045657085 0.134774960689814 9.99999959662149e-11
0.000112723276087203 0.00011270759294999 0.000112691081824715 0.000112676485131189 0.000112671796914762 0.000112671008457039 0.00011267251641207 0.000112673567557984 0.0001126697041833 0.000112676715089863 0.750369008807236 9.99999981912453e-11
0.000112604219305857 0.000112588569262291 0.000112572092972875 0.000112557527071821 0.000112552848744579 0.000112552061949959 0.000112553566724212 0.000112554615652883 0.000112550760427304 0.000112557756545374 0.0973572939336452 9.99999957420896e-11
0.000112721496083837 0.000112705813441579 0.000112689302837314 0.000112674706604325 0.000112670018535803 0.000112669230102954 0.000112670738010412 0.000112671789123165 0.00011266792587036 0.000112674936555744 0.722394314686129 9.9999998495178e-11
0.000112648907087498 0.000112633244626662 0.000112616755266268 0.000112602177811379 0.000112597495773555 0.000112596708354913 0.000112598214322648 0.000112599264083267 0.000112595405800013 0.000112602407466969 0.134237046819772 9.99999958667995e-11
0.000112651768061816 0.000112636104806038 0.000112619614608852 0.000112605036414297 0.000112600354138924 0.000112599566680334 0.000112601072724475 0.000112602122538354 0.000112598264059351 0.000112605266081542 0.135670069244874 9.99999962685309e-11
0.000112723121743372 0.000112707438649072 0.00011269092756897 0.000112676330915373 0.00011267164271177 0.000112670854256204 0.00011267236220711 0.000112673413350149 0.000112669549986032 0.000112676560873418 0.740182063173795 9.99999982866546e-11
0.000112727055899901 0.000112711371711654 0.000112694859480014 0.000112680261808538 0.000112675573278037 0.000112674784767495 0.000112676292823545 0.000112677344039878 0.000112673480406383 0.000112680491782619 0.755709005218464 9.99999981804247e-11
0.000112624554426737 0.000112608898733238 0.000112592416496446 0.000112577845338326 0.000112573165322746 0.000112572378244193 0.000112573883561488 0.000112574932868702 0.000112571076251862 0.000112578074894711 0.114203299267566 9.9999995906329e-11
0.000112724090826668 0.000112708407462906 0.000112691896099155 0.000112677299194833 0.000112672610910708 0.0001126718224416 0.000112673330418406 0.000112674381579499 0.000112670518149028 0.000112677529156829 0.737607150566152 9.99999983639804e-11
0.000112729089305069 0.00011271340455131 0.000112696891724387 0.000112682293526722 0.000112677604827232 0.000112676816288271 0.000112678324398675 0.000112679375652896 0.000112675511880147 0.000112682523509093 0.738950285392632 9.99999983457731e-11
0.000112614029137493 0.0001125983763685 0.000112581897210175 0.000112567328773206 0.000112562649631539 0.000112561862699955 0.000112563367736162 0.000112564416847435 0.000112560560950737 0.000112567558286715 0.102970611356822 9.999999571324e-11
0.000112623161577606 0.000112607506271242 0.000112591024441966 0.000112576453644062 0.000112571773744167 0.00011257098668507 0.000112572491965155 0.00011257354124643 0.00011256968472492 0.000112576683194769 0.109880222994212 9.9999995773098e-11
0.000112647930836473 0.000112632268647236 0.000112615779572739 0.000112601202370563 0.000112596520413899 0.000112595733008907 0.000112597238950537 0.00011259828869296 0.000112594430476585 0.000112601432022172 0.133803341981486 9.99999961477119e-11
0.000112722221031235 0.000112706538187434 0.000112690027371018 0.000112675430950502 0.000112670742821753 0.000112669954378776 0.000112671462305606 0.000112672513431862 0.000112668650129428 0.000112675660904875 0.751208673355077 9.99999981791167e-11
0.000112641099931123 0.000112625439639989 0.000112608952563521 0.000112594377127464 0.000112589695738 0.000112588908428396 0.000112590414187591 0.000112591463802842 0.000112587606053863 0.000112594606751248 0.128826635512108 9.99999959549336e-11
0.000112624623141426 0.000112608967429046 0.000112592485172379 0.000112577913996691 0.000112573233975469 0.000112572446895966 0.000112573952215075 0.000112575001523552 0.000112571144902062 0.000112578143553347 0.109072855132408 9.99999957003743e-11
0.000112722698910392 0.000112707015933609 0.000112690504977211 0.00011267590843296 0.000112671220264474 0.000112670431814813 0.000112671939754424 0.00011267299088959 0.000112669127554411 0.000112676138389282 0.72608780808584 9.99999984308171e-11
0.000112651968230644 0.000112636304919557 0.00011261981466415 0.000112605236418132 0.000112600554126232 0.000112599766664861 0.000112601272714317 0.000112602322531902 0.000112598464039278 0.000112605466086184 0.12754048587826 9.99999960140188e-11
0.000112725535909033 0.000112709852143355 0.00011269334035653 0.00011267874307824 0.000112674054674012 0.000112673266184707 0.000112674774200142 0.000112675825388162 0.000112671961858723 0.000112678973046126 0.736234419023597 9.99999983168022e-11
0.000112717806377586 0.000112702124761332 0.000112685615237086 0.000112671019958758 0.000112666332196831 0.000112665543815543 0.000112667051624388 0.0001126681026684 0.000112664239668242 0.000112671249895138 0.749360081034787 9.9999998208643e-11
0.000112722345131894 0.000112706662253591 0.000112690151400856 0.000112675554948236 0.000112670866809178 0.000112670078364466 0.000112671586294612 0.00011267263742318 0.00011266877411225 0.000112675784903115 0.742092512753494 9.9999998256139e-11
0.000112712920927811 0.000112697240670001 0.000112680732575714 0.000112666138561371 0.000112661451205379 0.000112660662892359 0.000112662170570638 0.000112663221523635 0.000112659358857986 0.000112666368477837 0.739367116632908 9.99999983067055e-11
0.000112637754060548 0.000112622094698932 0.000112605608600916 0.000112591034029743 0.000112586352918041 0.000112585565655149 0.000112587071325004 0.000112588120877978 0.000112584263357887 0.0001125912636399 0.121718645130114 9.99999959882765e-11
0.000112620899228138 0.000112605244550133 0.000112588763382296 0.000112574193169058 0.000112569513456932 0.000112568726429411 0.000112570231649101 0.000112571280888275 0.000112567424521494 0.000112574422710548 0.101560329267618 9.99999958525256e-11
0.000112601749868455 0.000112586100511678 0.000112569624945208 0.000112555059683188 0.000112550381561173 0.000112549594801066 0.000112551099509307 0.000112552148391962 0.000112548293335499 0.000112555289146663 0.0918562469800035 9.99999952360909e-11
0.000112632921404278 0.000112617263386496 0.00011260077870306 0.000112586205382277 0.000112581524672145 0.000112580737476787 0.00011258224301748 0.000112583292480419 0.000112579435291239 0.000112586434972736 0.117015797631821 9.99999962553872e-11
0.000112586492731537 0.000112570847612397 0.000112554376506653 0.000112539815187606 0.000112535138331899 0.00011253435178475 0.000112535856085691 0.000112536904684426 0.000112533050671455 0.00011254004458895 0.0834236006697427 9.99999952666155e-11
0.000112573701096035 0.000112558059529359 0.000112541592163101 0.0001125270341495 0.000112522358355357 0.000112521571986737 0.000112523075946234 0.000112524124306957 0.00011252027116876 0.000112527263498771 0.0786847118759917 9.99999954553256e-11
0.000112662937411998 0.000112647271052194 0.000112630777587571 0.000112616196504828 0.000112611513301898 0.000112610725687316 0.000112612232029798 0.000112613282051644 0.000112609422808293 0.000112616426217573 0.149410334270295 9.99999958161281e-11
0.000112719739595777 0.000112704057441966 0.000112687547351864 0.000112672951573359 0.000112668263650797 0.000112667475242494 0.000112668983103006 0.000112670034183033 0.000112666171050506 0.000112673181517618 0.738635778787676 9.99999983115028e-11
0.000112644317753516 0.000112628656568055 0.000112612168550178 0.00011259759228198 0.000112592910625269 0.000112592123270722 0.000112593629115875 0.000112594678791045 0.000112590820821844 0.000112597821918876 0.128990307770836 9.99999962976183e-11
0.00011265673254187 0.000112641067906372 0.000112624576256831 0.000112609996778496 0.00011260531409083 0.000112604526562902 0.000112606032739653 0.000112607082645973 0.000112603223827221 0.000112610226465964 0.133220971722758 9.99999960914305e-11
0.000112730791571387 0.000112715106344267 0.000112698593019063 0.000112683994380954 0.000112679305540013 0.000112678516977263 0.000112680025133163 0.000112681076419099 0.000112677212529788 0.000112684224370263 0.768171476864204 9.99999980486373e-11
0.000112721786467134 0.000112706103744114 0.000112689593054838 0.000112674996746704 0.000112670308654048 0.00011266952021714 0.000112671028132361 0.000112672079250525 0.000112668215977833 0.000112675226699306 0.754028831748968 9.99999981198067e-11
0.000112729446333907 0.000112713761480866 0.000112697248549433 0.00011268265025939 0.000112677961530232 0.000112677172986281 0.000112678681106228 0.000112679732367101 0.000112675868569904 0.000112682880243216 0.758643173648648 9.99999981433733e-11
0.000112718143007693 0.000112702461297837 0.000112685951675061 0.00011267135630964 0.000112666668519742 0.00011266588013375 0.000112667387951592 0.000112668439001875 0.000112664575978668 0.000112671586247391 0.713095010007687 9.99999986363705e-11
0.000112643326336323 0.00011262766542636 0.000112611177698484 0.000112596601686628 0.000112591920112243 0.00011259113277154 0.000112592638590214 0.000112593688246927 0.000112589830345566 0.000112596831319486 0.133165913899203 9.9999996249629e-11
0.000112656198381219 0.000112640533894122 0.000112624042400795 0.000112609463060541 0.000112604780417221 0.000112603992896752 0.00011260549905924 0.000112606548955617 0.000112602690173409 0.000112609692745837 0.159626895844683 9.99999958693394e-11
0.000112718428555041 0.00011270274676578 0.000112686237059419 0.000112671641620114 0.000112666953806487 0.000112666165416505 0.000112667673241978 0.000112668724297581 0.000112664861254822 0.000112671871559029 0.746806220560551 9.99999982290764e-11
0.000112721925306327 0.00011270624254476 0.000112689731814906 0.000112675135470904 0.000112670447366729 0.000112669658927884 0.00011267116684681 0.000112672217967557 0.000112668354685373 0.000112675365424072 0.742770932683721 9.99999983151697e-11
0.000112619981931943 0.000112604327509108 0.000112587846609876 0.000112573276634066 0.000112568596998192 0.000112567809983496 0.000112569315178662 0.000112570364400741 0.000112566508096795 0.000112573506171823 0.106900782338494 9.99999959054807e-11
0.000112615951018072 0.000112600297715361 0.000112583817995221 0.000112569249061646 0.000112564569760491 0.000112563782802085 0.00011256528788959 0.000112566337036621 0.000112562481008498 0.000112569478582977 0.103609674065785 9.99999957119784e-11
0.000112650642866796 0.000112634979923948 0.000112618490056165 0.00011260391215278 0.000112599229970919 0.000112598442528054 0.000112599948542118 0.000112600998335031 0.000112597139933084 0.000112604141815437 0.137932253259721 9.99999960398383e-11
0.000112659274148343 0.000112643608806463 0.000112627116413351 0.000112612536277751 0.000112607853379001 0.000112607065815574 0.000112608572060219 0.000112609622013866 0.000112605763021172 0.000112612765975576 0.151672971678978 9.99999958580197e-11
0.000112574862884472 0.000112559220995089 0.000112542753289136 0.000112528194975267 0.000112523519084692 0.000112522732699854 0.000112524236690368 0.000112525285072714 0.000112521431855052 0.000112528424329271 0.0844784562551079 9.99999952412275e-11
0.000112610891702456 0.000112595239804558 0.000112578761563189 0.000112564193936744 0.00011255951505538 0.000112558728167569 0.000112560233120048 0.000112561282172955 0.000112557426490756 0.000112564423437464 0.0929766056891992 9.99999953171652e-11
0.000112725117766121 0.000112709434116779 0.000112692922452414 0.00011267832528237 0.000112673636912907 0.000112672848429447 0.000112674356433701 0.000112675407613927 0.000112671544113135 0.000112678555248551 0.758103327643353 9.99999981024418e-11
0.000112723986631196 0.000112708303296417 0.000112691791963175 0.00011267719508582 0.000112672506810356 0.000112671718342705 0.000112673226316724 0.000112674277475875 0.000112670414052542 0.000112677425047391 0.742922294788551 9.99999982797997e-11
0.000112609158816649 0.000112593507400638 0.000112577029666524 0.000112562462488459 0.000112557783751096 0.000112556996887505 0.00011255850179367 0.000112559550814293 0.000112555695250759 0.000112562691982131 0.0975486660090315 9.99999957236074e-11
0.00011272695807039 0.000112711273909325 0.000112694761706298 0.000112680164060115 0.000112675475537737 0.000112674687028561 0.000112676195081998 0.000112677246296509 0.000112673382669708 0.000112680394033797 0.759844323116614 9.99999981084658e-11
0.000112628522630515 0.000112612865834396 0.000112596382436937 0.000112581810252869 0.0001125771299078 0.000112576342773837 0.000112577848197111 0.0001125788975782 0.000112575040689848 0.000112582039825423 0.126506999357848 9.99999961680887e-11
0.000112714695913538 0.000112699015162169 0.000112682506548339 0.000112667912074755 0.000112663224571276 0.000112662436233453 0.00011266394395917 0.000112664994945235 0.00011266113215805 0.000112668141998456 0.741304212147821 9.99999982730697e-11
0.000112719759224886 0.000112704077065594 0.000112687566969722 0.000112672971186116 0.000112668283261916 0.000112667494853338 0.000112669002714377 0.000112670053794771 0.000112666190660894 0.000112673201130456 0.728803713595977 9.99999984420061e-11
0.000112642311483444 0.0001126266508553 0.00011261016342408 0.000112595587674447 0.000112590906184276 0.000112590118857736 0.000112591624649322 0.000112592674287153 0.000112588816455188 0.000112595817303172 0.131457246257814 9.99999958952354e-11
0.000112725078038699 0.000112709394400382 0.000112692882747622 0.000112678285587837 0.000112673597221668 0.000112672808738762 0.000112674316741956 0.000112675367921444 0.000112671504423366 0.000112678515553856 0.728449949604626 9.99999984674981e-11
0.000112620597759844 0.00011260494316535 0.000112588462085421 0.000112573891949887 0.000112569212262717 0.000112568425239394 0.00011256993045106 0.00011257097968464 0.000112567123338424 0.000112574121490162 0.115599553769787 9.99999957369366e-11
0.000112723631934788 0.000112707948698693 0.00011269143746933 0.000112676840683798 0.000112672152437823 0.000112671363975131 0.000112672871939666 0.000112673923092205 0.000112670059693172 0.000112677070643922 0.765996008668674 9.99999980489988e-11
0.000112610749981701 0.000112595098123753 0.000112578619924437 0.000112564052335164 0.00011255937346574 0.00011255858657994 0.000112560091528582 0.000112561140578816 0.000112557284906457 0.000112564281835317 0.0979896032445717 9.99999959141173e-11
0.00011265720503165 0.000112641540264837 0.000112625048477068 0.000112610468876548 0.000112605786149642 0.000112604998615115 0.000112606504804488 0.000112607554719605 0.000112603695868519 0.000112610698565943 0.14978531090214 9.99999958690097e-11
0.000112719507491659 0.000112703825402435 0.000112687315380319 0.000112672719661909 0.000112668031758647 0.00011266724335359 0.000112668751207894 0.000112669802283595 0.000112665939166971 0.000112672949605222 0.750805361034323 9.99999982095487e-11
0.000112628158087393 0.000112612501392487 0.000112596018101571 0.000112581446011678 0.000112576765696854 0.000112575978567976 0.00011257748398152 0.000112578533355826 0.000112574676492397 0.000112581675582741 0.116288940700541 9.99999956660926e-11
0.000112618304833464 0.000112602650876557 0.000112586170467782 0.000112571600925501 0.000112566921428858 0.000112566134437576 0.000112567639587959 0.000112568688778821 0.000112564832589607 0.000112571830456426 0.106008124682884 9.99999958387553e-11
0.000112721711727508 0.000112706029025287 0.000112689518357904 0.000112674922069123 0.000112670233982682 0.000112669445546819 0.000112670953460041 0.000112672004576811 0.000112668141309241 0.00011267515202142 0.73054525873796 9.99999984296862e-11
0.000112727462129391 0.000112711777828144 0.000112695265477554 0.000112680667700935 0.000112675979136667 0.000112675190620446 0.000112676698687357 0.000112677749911261 0.00011267388624994 0.000112680897676673 0.741414794871619 9.99999983074375e-11
0.000112605554550277 0.000112589904136035 0.000112573427456429 0.000112558861210475 0.000112554182772465 0.000112553395959217 0.000112554900769098 0.000112555949722605 0.00011255209440575 0.000112559090689463 0.0932459659275813 9.99999960252388e-11
0.000112631711808016 0.000112616054125608 0.000112599569795202 0.000112584996786473 0.000112580316176559 0.000112579528998054 0.000112581034506512 0.000112582083946979 0.000112578226840383 0.000112585226372011 0.115442070616861 9.99999958323065e-11
0.000112580730607606 0.00011256508708881 0.000112548617667661 0.000112534057837679 0.000112529381460194 0.000112528594993469 0.000112530099140592 0.000112531147632104 0.000112527294013208 0.000112534287215558 0.0815279666642579 9.99999952145984e-11
0.000112653294698377 0.000112637631018174 0.00011262114037422 0.000112606561784753 0.000112601879382553 0.000112601091902633 0.000112602597987567 0.000112603647829883 0.000112599789246368 0.00011260679145822 0.139702705416407 9.9999996424775e-11
0.000112650171186134 0.000112634508374235 0.000112618018644295 0.000112603440862754 0.000112598758720024 0.000112597971283741 0.000112599477285218 0.000112600527069359 0.000112596668699657 0.000112603670523493 0.135800010741027 9.99999964131743e-11
0.000112718010085812 0.000112702328412919 0.000112685818829051 0.000112671223498022 0.000112666535719169 0.000112665747335035 0.000112667255149324 0.00011266830619713 0.000112664443183026 0.000112671453435232 0.730104671644534 9.99999984341422e-11
0.000112625897324153 0.000112610241257673 0.000112593758628265 0.000112579187123099 0.000112574506996063 0.000112573719898766 0.000112575225251909 0.000112576274584111 0.000112572417875427 0.000112579416684948 0.118217247408488 9.99999954330042e-11
0.000112650374256682 0.000112634711387983 0.000112618221598253 0.000112603643763862 0.000112598961604159 0.000112598174165021 0.000112599680171958 0.000112600729959904 0.000112596871576217 0.000112603873425435 0.150219200619638 9.99999961517439e-11
0.000112609058914061 0.000112593407525982 0.000112576929821271 0.000112562362669195 0.00011255768394018 0.000112556897077994 0.000112558401981476 0.000112559451000229 0.000112555595443574 0.000112562592162466 0.101216267149947 9.99999960380776e-11
0.000112646996403253 0.00011263133447347 0.000112614845672085 0.000112600268711322 0.00011259558683219 0.000112594799440236 0.00011259630535693 0.000112597355081969 0.000112593496929483 0.000112600498359129 0.134581250725466 9.99999959983412e-11
0.000112717372362007 0.000112701690866465 0.000112685181469286 0.000112670586303277 0.000112665898577421 0.000112665110202199 0.000112666617999442 0.000112667669035366 0.000112663806064933 0.000112670816237886 0.747227981798726 9.99999982449347e-11
0.000112636278830201 0.000112620619878549 0.00011260413421208 0.000112589560022364 0.000112584879033169 0.00011258409179088 0.000112585597421332 0.000112586646946839 0.000112582789527699 0.000112589789626513 0.120956383360032 9.99999961396432e-11
0.000112632065593728 0.0001126164078134 0.000112599923379919 0.000112585350280078 0.000112580669640903 0.000112579882457479 0.000112581387975349 0.000112582437422379 0.000112578580291671 0.000112585579867057 0.114994121218606 9.99999965027163e-11
0.00011264253409819 0.000112626873408266 0.000112610385912013 0.000112595810104895 0.000112591128596263 0.000112590341266618 0.000112591847064143 0.000112592896706113 0.000112589038858936 0.000112596039734528 0.13683254863323 9.99999963405927e-11
0.00011260409932984 0.000112588449319743 0.000112571973065557 0.000112557407195645 0.000112552728878403 0.000112551942085465 0.000112553446856501 0.00011255449578293 0.000112550640565592 0.000112557636668706 0.0965190587484267 9.99999956634733e-11
