8.57595155599049e-05 8.5750435165057e-05 8.57408747207206e-05 8.57324222336683e-05 8.57297073233839e-05 8.57292507277503e-05 8.57301239809847e-05 8.57307326936459e-05 8.57284954190582e-05 8.57325553959631e-05 0.907953044404367 9.9999997804985e-11
8.5710978980777e-05 8.57019088573441e-05 8.5692359226264e-05 8.56839162983202e-05 8.5681204458189e-05 8.56807483788858e-05 8.56816206446177e-05 8.5682228668921e-05 8.567999392431e-05 8.56840493100213e-05 0.138063978700448 9.9999995356152e-11
8.571125819495e-05 8.57021880124742e-05 8.56926383192366e-05 8.56841953363445e-05 8.56814834785651e-05 8.56810273962937e-05 8.5681899667702e-05 8.56825076959619e-05 8.56802729368078e-05 8.56843283489105e-05 0.136632666254288 9.99999949040977e-11
8.57197655773333e-05 8.57106935949313e-05 8.5701142006817e-05 8.56926973488206e-05 8.56899849530383e-05 8.56895287802872e-05 8.56904012247421e-05 8.56910093736276e-05 8.56887741711294e-05 8.56928303877768e-05 0.158327254561874 9.99999943652396e-11
8.57576726583876e-05 8.57485926536e-05 8.57390326199003e-05 8.5730580495858e-05 8.57278657021635e-05 8.57274091261376e-05 8.57282823418714e-05 8.5728891028392e-05 8.57266538498809e-05 8.57307136524337e-05 0.884136981708648 9.999999817532e-11
8.57064708559409e-05 8.5697401686367e-05 8.56878530594642e-05 8.56794110192308e-05 8.56766994642104e-05 8.56762434328563e-05 8.5677115606883e-05 8.56777235672614e-05 8.56754890575975e-05 8.56795440169454e-05 0.123309372304293 9.99999951168512e-11
8.57567046426695e-05 8.57476248427663e-05 8.57380650247592e-05 8.57296130913929e-05 8.57268983589388e-05 8.57264417932123e-05 8.57273149892482e-05 8.57279236620381e-05 8.57256865339926e-05 8.57297462449648e-05 0.900814928849608 9.99999979466013e-11
8.57646978376814e-05 8.57556163459193e-05 8.57460547468037e-05 8.57376012389063e-05 8.57348860007513e-05 8.57344293499772e-05 8.573530270867e-05 8.57359114948429e-05 8.57336739500718e-05 8.57377344172836e-05 0.899008171563388 9.99999979784927e-11
8.57062005681594e-05 8.56971314555284e-05 8.56875828885727e-05 8.56791409013337e-05 8.56764293633335e-05 8.56759733348418e-05 8.56768455033937e-05 8.56774534599557e-05 8.56752189643175e-05 8.56792738982122e-05 0.122826847535521 9.9999994492961e-11
8.57624366471108e-05 8.57533556339715e-05 8.57437945387272e-05 8.57353414762608e-05 8.57326263811673e-05 8.57321697544529e-05 8.57330430671305e-05 8.57336518212277e-05 8.57314143943473e-05 8.57354746476206e-05 0.920135512739247 9.99999976522986e-11
8.57064115974714e-05 8.56973424403325e-05 8.56877938265208e-05 8.56793517978601e-05 8.56766402465566e-05 8.56761842158274e-05 8.56770563886587e-05 8.56776643482037e-05 8.56754298416027e-05 8.56794847953923e-05 0.122063943755088 9.9999994776566e-11
8.5712661541283e-05 8.57035910618057e-05 8.56940410558989e-05 8.5685597796602e-05 8.56828858500481e-05 8.5682429752847e-05 8.56833020528095e-05 8.56839101009737e-05 8.56816752686645e-05 8.56857308135233e-05 0.146382696224226 9.99999949881438e-11
8.57177672270914e-05 8.57086956676117e-05 8.56991445247297e-05 8.56907002603264e-05 8.56879879909567e-05 8.56875318394654e-05 8.568840424326e-05 8.56890123638026e-05 8.56867772654754e-05 8.56908332930817e-05 0.14833537060528 9.99999947995939e-11
8.57564291248683e-05 8.57473493832993e-05 8.57377896267037e-05 8.57293377476264e-05 8.57266230326086e-05 8.57261664698143e-05 8.5727039660242e-05 8.57276483291225e-05 8.57254112154455e-05 8.57294709003428e-05 0.933997046864538 9.9999997572433e-11
8.56851634599723e-05 8.56760987973219e-05 8.56665549150944e-05 8.5658117069238e-05 8.56554068613483e-05 8.56549510565493e-05 8.56558227972742e-05 8.56564304556105e-05 8.56541970560568e-05 8.56582500008627e-05 0.0883232238215851 9.99999942549079e-11
8.57036100066644e-05 8.56945414419981e-05 8.56849934519135e-05 8.56765519746387e-05 8.56738406004265e-05 8.56733845994797e-05 8.56742567153494e-05 8.56748646351881e-05 8.56726302745201e-05 8.56766849634808e-05 0.117126848264655 9.99999941507978e-11
8.57622172356436e-05 8.5753136268959e-05 8.57435752226199e-05 8.57351222033869e-05 8.57324071221788e-05 8.57319504977996e-05 8.5732823806011e-05 8.57334325569949e-05 8.57311951415568e-05 8.57352553740655e-05 0.934829281223433 9.99999975119893e-11
8.57576662475208e-05 8.57485862440931e-05 8.57390262118251e-05 8.57305740890485e-05 8.57278592957604e-05 8.5727402719803e-05 8.5728275935406e-05 8.57288846218354e-05 8.57266474436594e-05 8.57307072456043e-05 0.943113142485554 9.99999973545766e-11
8.57570531811929e-05 8.57479733075195e-05 8.57384134118504e-05 8.57299614098299e-05 8.57272466553256e-05 8.57267900858907e-05 8.57276632890191e-05 8.57282719667527e-05 8.57260348205367e-05 8.57300945644832e-05 0.911142875844539 9.99999977795022e-11
8.57618214510093e-05 8.57527405680929e-05 8.57431796099408e-05 8.57347266686666e-05 8.57320116124971e-05 8.57315549923288e-05 8.57324282924867e-05 8.57330370378567e-05 8.57307996430517e-05 8.57348598381172e-05 0.92530895697293 9.99999976187345e-11
8.5699918622294e-05 8.56908508385575e-05 8.56813036705986e-05 8.56728629200975e-05 8.56701517793074e-05 8.56696958176171e-05 8.56705678584076e-05 8.56711757259109e-05 8.56689415575958e-05 8.56729958974907e-05 0.11556076351272 9.99999943755795e-11
8.5757281013348e-05 8.57482010914658e-05 8.5738641145045e-05 8.57301890981588e-05 8.57274743292449e-05 8.57270177573865e-05 8.57278909651497e-05 8.57284996461142e-05 8.57262624880239e-05 8.5730322253519e-05 0.906092977004726 9.99999978572986e-11
8.56888100694219e-05 8.56797446354084e-05 8.56701999411264e-05 8.56617613773994e-05 8.56590509389476e-05 8.56585950953741e-05 8.56594669102595e-05 8.5660074620291e-05 8.56578410307413e-05 8.56618943203383e-05 0.0971251442505697 9.99999942771843e-11
8.57579214251838e-05 8.57488413677536e-05 8.57392812786342e-05 8.57308291056003e-05 8.57281142961708e-05 8.57276577174985e-05 8.57285309382935e-05 8.57291396283419e-05 8.57269024368644e-05 8.57309622629478e-05 0.916366208091215 9.99999977122572e-11
8.57111365722534e-05 8.57020664154045e-05 8.56925167491455e-05 8.56840737901031e-05 8.56813619399836e-05 8.56809058590006e-05 8.56817781279451e-05 8.56823861544877e-05 8.56801514016458e-05 8.56842068022937e-05 0.13466353684348 9.999999513375e-11
8.5715479919751e-05 8.57064088440326e-05 8.56968582104317e-05 8.5688414396242e-05 8.56857022714698e-05 8.56852461442966e-05 8.5686118501582e-05 8.56867265897044e-05 8.56844916105336e-05 8.56885474219046e-05 0.143368767772888 9.99999951364730e-11
8.57628381814888e-05 8.57537570833482e-05 8.57441958986186e-05 8.57357427570459e-05 8.57330276365453e-05 8.57325710055581e-05 8.57334443264077e-05 8.57340530862014e-05 8.57318156383841e-05 8.57358759296518e-05 0.889967714106585 9.999999803674e-11
8.57572988239009e-05 8.5748218898269e-05 8.57386589479006e-05 8.57302068975248e-05 8.57274921274902e-05 8.57270355554433e-05 8.5727908763567e-05 8.57285174447827e-05 8.57262802857688e-05 8.573034005294e-05 0.929321980763061 9.99999976262041e-11
8.57078172656215e-05 8.56987478110648e-05 8.56891988841458e-05 8.5680756578693e-05 8.56780449384905e-05 8.56775888928105e-05 8.56784610942355e-05 8.56790690737126e-05 8.56768344938538e-05 8.56808895805853e-05 0.117459037496755 9.99999952740086e-11
8.57599758799784e-05 8.57508953877046e-05 8.57413348408024e-05 8.57328822630803e-05 8.57301673236748e-05 8.57297107231437e-05 8.57305839857448e-05 8.57311927049352e-05 8.57289554063503e-05 8.57330154268034e-05 0.924175880413458 9.99999976701191e-11
8.57614295064163e-05 8.57523487064603e-05 8.57427878356453e-05 8.57343349715783e-05 8.5731619940206e-05 8.57311633242079e-05 8.573203661639e-05 8.57326453562002e-05 8.57304079818295e-05 8.57344681398126e-05 0.907924459065793 9.99999978253276e-11
8.56969710013331e-05 8.56879038411734e-05 8.56783573296863e-05 8.56699171595181e-05 8.56672062051165e-05 8.5666750274772e-05 8.56676222556109e-05 8.56682300813236e-05 8.56659960666028e-05 8.5670050127766e-05 0.103399298993814 9.99999943526672e-11
8.56896711327478e-05 8.56806055166936e-05 8.56710606307678e-05 8.56626218976242e-05 8.565991140476e-05 8.56594555520357e-05 8.56603273844228e-05 8.56609351066543e-05 8.56587014722659e-05 8.56627548432331e-05 0.0948613558421924 9.9999994883809e-11
8.57096179679697e-05 8.57005481323892e-05 8.56909988043464e-05 8.56825561442932e-05 8.56798443902017e-05 8.56793883253684e-05 8.56802605634258e-05 8.5680868568438e-05 8.56786338947286e-05 8.56826891517733e-05 0.131512648952373 9.99999951896575e-11
8.57575392902495e-05 8.57484593136982e-05 8.57388993097244e-05 8.57304472119604e-05 8.57277324267057e-05 8.57272758520993e-05 8.57281490651184e-05 8.57287577497467e-05 8.57265205781906e-05 8.57305803681221e-05 0.914963057802098 9.99999977269627e-11
8.5713549628695e-05 8.57044789613604e-05 8.56949287576865e-05 8.56864853235598e-05 8.56837733208547e-05 8.56833172142103e-05 8.56841895322333e-05 8.56847975929871e-05 8.56825627144063e-05 8.56866183432348e-05 0.140425157177764 9.99999950154056e-11
8.57000278405963e-05 8.56909600337804e-05 8.56814128415247e-05 8.56729720695447e-05 8.56702609218561e-05 8.56698049590055e-05 8.56706770020148e-05 8.56712848710648e-05 8.56690506970647e-05 8.56731050472757e-05 0.101996746763039 9.99999952022812e-11
8.57596915057053e-05 8.57506110736189e-05 8.57410505900795e-05 8.5732598068371e-05 8.57298831469558e-05 8.57294265494503e-05 8.57302998062649e-05 8.57309085214216e-05 8.57286712376618e-05 8.57327312312117e-05 0.911321552815254 9.99999978032293e-11
8.56956293515397e-05 8.56865624750723e-05 8.56770162622434e-05 8.56685763560942e-05 8.56658654864896e-05 8.56654095704066e-05 8.56662815239718e-05 8.5666889330673e-05 8.56646553858298e-05 8.56687093201869e-05 0.112353339515424 9.9999995000028e-11
8.57591876643064e-05 8.57501073388546e-05 8.5740546967575e-05 8.57320945451062e-05 8.57293796555643e-05 8.57289230634191e-05 8.57297963099819e-05 8.57304050179922e-05 8.57281677604977e-05 8.57322277063833e-05 0.909694797075138 9.99999977806386e-11
8.57651466330072e-05 8.57560650462562e-05 8.57465033471409e-05 8.5738049750842e-05 8.57353344842946e-05 8.57348778287455e-05 8.57357511965707e-05 8.57363599891094e-05 8.57341224209415e-05 8.57381829306119e-05 0.934582823550204 9.99999975325128e-11
8.57556832408183e-05 8.57466036570812e-05 8.57370440666433e-05 8.57285923344522e-05 8.57258776666107e-05 8.57254211117504e-05 8.57262942870041e-05 8.57269029453071e-05 8.57246658705061e-05 8.57287254848546e-05 0.891639342648216 9.99999979649185e-11
8.57596104653158e-05 8.5750530050382e-05 8.57409695848999e-05 8.57325170791545e-05 8.57298021628662e-05 8.57293455662228e-05 8.57302188213884e-05 8.57308275353957e-05 8.57285902558605e-05 8.57326502417436e-05 0.905620919016388 9.99999978179947e-11
8.57196383545036e-05 8.57105663990138e-05 8.57010148392315e-05 8.56925702062809e-05 8.56898578185429e-05 8.56894016471445e-05 8.56902740890119e-05 8.56908822360937e-05 8.56886470402243e-05 8.56927032448421e-05 0.15998697633333 9.99999941203443e-11
8.57078295856647e-05 8.56987601286059e-05 8.56892111990529e-05 8.56807688912715e-05 8.5678057250321e-05 8.56776012045152e-05 8.56784734061809e-05 8.56790813858255e-05 8.56768468053504e-05 8.56809018932003e-05 0.120398264211012 9.99999947545209e-11
8.56684131553061e-05 8.56593520347215e-05 8.56498118814134e-05 8.56413773319876e-05 8.56386681828306e-05 8.56382125560858e-05 8.56390839562721e-05 8.56396913772289e-05 8.56374588501295e-05 8.56415102116739e-05 0.0750730358370519 9.99999944019986e-11
8.5696073052525e-05 8.56870060819838e-05 8.56774597701185e-05 8.56690197764192e-05 8.56663088786956e-05 8.56658529578837e-05 8.56667249204931e-05 8.56673327334988e-05 8.56650987654839e-05 8.5669152741891e-05 0.109893542253616 9.99999949878715e-11
8.56850413097205e-05 8.56759766728063e-05 8.56664328176728e-05 8.56579949957677e-05 8.56552847955708e-05 8.56548289920659e-05 8.56557007303167e-05 8.56563083869285e-05 8.56540749937141e-05 8.56581279270167e-05 0.0886706633662048 9.99999945188846e-11
8.5691480491902e-05 8.56824144929202e-05 8.56728692038665e-05 8.56644301143509e-05 8.56617195070284e-05 8.56612636350544e-05 8.56621355042562e-05 8.56627432521498e-05 8.56605095234414e-05 8.56645630655717e-05 0.0972673084989325 9.99999941211108e-11
8.57163641451103e-05 8.57072928822844e-05 8.56977420517055e-05 8.56892980633837e-05 8.56865858826848e-05 8.56861297461058e-05 8.568700212138e-05 8.56876102220417e-05 8.56853751967841e-05 8.56894310917897e-05 0.146661294116794 9.999999496929e-11
8.57576590768563e-05 8.57485790749563e-05 8.57390190442966e-05 8.57305669229416e-05 8.57278521301101e-05 8.57273955542294e-05 8.57282687696856e-05 8.57288774560125e-05 8.57266402782129e-05 8.5730700079475e-05 0.915723844274072 9.99999977218428e-11
8.57149231286201e-05 8.57058521706506e-05 8.569630166101e-05 8.56878579564033e-05 8.56851458668269e-05 8.56846897455726e-05 8.56855620915377e-05 8.56861701717689e-05 8.56839352216012e-05 8.568799098034e-05 0.143707779560162 9.99999948458534e-11
8.57080750901922e-05 8.56990055810586e-05 8.56894565966835e-05 8.56810142404384e-05 8.56783025839229e-05 8.56778465354996e-05 8.56787187421722e-05 8.56793267253069e-05 8.56770921320054e-05 8.56811472431325e-05 0.123757971268289 9.99999957003306e-11
8.57574299583689e-05 8.57483500049466e-05 8.5738790025322e-05 8.57303379490831e-05 8.57276231707419e-05 8.5727166597298e-05 8.57280398080935e-05 8.57286484911717e-05 8.57264113253126e-05 8.57304711049058e-05 0.906647804072915 9.99999978430318e-11
8.57611051858978e-05 8.57520244545918e-05 8.57424636560481e-05 8.57340108558705e-05 8.57312958450177e-05 8.57308392324707e-05 8.57317125180526e-05 8.57323212532622e-05 8.57300838958007e-05 8.57341440230981e-05 0.905151200968335 9.99999978659644e-11
8.57561561857586e-05 8.57470765019422e-05 8.57375168061459e-05 8.57290649808162e-05 8.57263502830608e-05 8.57258937231698e-05 8.57267669080451e-05 8.57273755730551e-05 8.57251384736034e-05 8.57291981326859e-05 0.921307619909037 9.9999997671361e-11
8.57566936292051e-05 8.57476138316433e-05 8.57380540161012e-05 8.5729602084914e-05 8.57268873531599e-05 8.57264307875509e-05 8.57273039833618e-05 8.57279126559948e-05 8.57256755285261e-05 8.57297352384515e-05 0.920960798279622 9.99999976647947e-11
8.57110304744813e-05 8.57019603401715e-05 8.56924106976407e-05 8.56839677595744e-05 8.56812559161919e-05 8.56807998363419e-05 8.56816721031194e-05 8.56822801281514e-05 8.56800453808612e-05 8.56841007714342e-05 0.130586461110668 9.99999950968656e-11
8.57246560513687e-05 8.57155830343155e-05 8.57060303569696e-05 8.56975847360731e-05 8.56948720310309e-05 8.56944158062693e-05 8.56952883501965e-05 8.56958965684213e-05 8.56936611110757e-05 8.56977177901994e-05 0.14548418486997 9.9999995279693e-11
8.57543005868492e-05 8.57452212957725e-05 8.57356620134337e-05 8.57272105536075e-05 8.57244959732431e-05 8.57240394330944e-05 8.57249125802115e-05 8.57255212189014e-05 8.57232842161861e-05 8.57273436997191e-05 0.87836360066606 9.99999982507885e-11
8.57581684455802e-05 8.5749088335849e-05 8.573952819167e-05 8.5731075969962e-05 8.57283611448996e-05 8.57279045635984e-05 8.57287777894215e-05 8.57293864829751e-05 8.57271492786151e-05 8.57312091280764e-05 0.901468113638261 9.99999979246786e-11
8.57042393846649e-05 8.56951706870163e-05 8.56856225569342e-05 8.56771809558991e-05 8.56744695419381e-05 8.56740135343063e-05 8.56748856629611e-05 8.56754935917119e-05 8.56732591982884e-05 8.56773139466906e-05 0.110238031600033 9.99999945666247e-11
8.56923791614519e-05 8.56833129723925e-05 8.56737674832341e-05 8.56653282168224e-05 8.56626175526855e-05 8.56621616711571e-05 8.56630335586336e-05 8.56636413192664e-05 8.56614075437399e-05 8.56654611708332e-05 0.103585758300463 9.99999945434978e-11
8.57106834134236e-05 8.57016133524789e-05 8.56920637871833e-05 8.56836209173943e-05 8.56809090959409e-05 8.56804530197787e-05 8.56813252795027e-05 8.5681933299618e-05 8.56796985703985e-05 8.56837539281781e-05 0.130216293191181 9.99999951353824e-11
8.57201689619313e-05 8.57110968942744e-05 8.57015452164076e-05 8.56931004790683e-05 8.56903880578032e-05 8.56899318807664e-05 8.56908043334178e-05 8.56914124880169e-05 8.56891772645194e-05 8.56932335192748e-05 0.151280623614285 9.99999949397186e-11
8.56901489176065e-05 8.56810832004563e-05 8.56715382081014e-05 8.56630993808727e-05 8.56603888577904e-05 8.56599329999837e-05 8.56608048420897e-05 8.56614125710959e-05 8.5659178911806e-05 8.56632323279611e-05 0.0929095269385865 9.99999944090498e-11
8.56871437116315e-05 8.56780786300253e-05 8.56685343067411e-05 8.56600960709825e-05 8.56573857378658e-05 8.56569299120066e-05 8.56578016930105e-05 8.56584093794239e-05 8.56561758766762e-05 8.56602290087503e-05 0.0894438355566622 9.99999943337392e-11
8.57584386448106e-05 8.57493584778925e-05 8.57397982735095e-05 8.57313459985802e-05 8.57286311564245e-05 8.57281745722485e-05 8.57290478035697e-05 8.57296565009557e-05 8.572741928251e-05 8.57314791575331e-05 0.913196794838621 9.99999977740508e-11
8.57584240740405e-05 8.5749343910218e-05 8.57397837090938e-05 8.57313314370454e-05 8.57286165958148e-05 8.57281600117945e-05 8.5729033242818e-05 8.57296419399966e-05 8.57274047223133e-05 8.57314645959527e-05 0.937061458311955 9.99999974453196e-11
8.56986786856152e-05 8.568961116416e-05 8.56800642723188e-05 8.56716237659105e-05 8.56689127035167e-05 8.56684567550105e-05 8.56693287705846e-05 8.56699366205101e-05 8.56677025167978e-05 8.56717567394555e-05 0.106597756594715 9.99999940523587e-11
8.5757901049831e-05 8.57488209967041e-05 8.57392609121152e-05 8.5730808743086e-05 8.57280939349427e-05 8.57276373564869e-05 8.57285105768681e-05 8.57291192666281e-05 8.57268820762106e-05 8.57309419003705e-05 0.912563875005642 9.99999978067169e-11
8.57154015940396e-05 8.57063305348654e-05 8.56967799186815e-05 8.56883361198887e-05 8.56856240000617e-05 8.56851678737199e-05 8.56860402294146e-05 8.56866483164281e-05 8.56844133413324e-05 8.56884691453081e-05 0.132379482990127 9.9999995160959e-11
8.57558370046623e-05 8.57467573884144e-05 8.57371977637509e-05 8.57287460013037e-05 8.57260313237448e-05 8.57255747672502e-05 8.57264479456295e-05 8.57270566061113e-05 8.57248195233025e-05 8.57288791521828e-05 0.932217888281882 9.99999975381397e-11
8.57632969810425e-05 8.57542157858041e-05 8.57446544988546e-05 8.57362012669176e-05 8.57334861173943e-05 8.5733029481526e-05 8.57339028117108e-05 8.57345115780116e-05 8.5732274106278e-05 8.57363344409472e-05 0.923684274246135 9.99999976265827e-11
8.57113652447743e-05 8.57022950395259e-05 8.56927453223142e-05 8.56843023182288e-05 8.56815904536428e-05 8.56811343702268e-05 8.56820066438247e-05 8.56826146736111e-05 8.5680379908848e-05 8.568443533113e-05 0.130984770137513 9.9999996125443e-11
8.57577801556173e-05 8.5748700128091e-05 8.57391400704531e-05 8.57306879252491e-05 8.57279731247579e-05 8.57275165475889e-05 8.57283897655088e-05 8.57289984535533e-05 8.57267612694415e-05 8.57308210821581e-05 0.923468032474859 9.99999976703682e-11
8.5696321885475e-05 8.56872548625865e-05 8.56777084956123e-05 8.56692684531958e-05 8.5666557539825e-05 8.56661016163812e-05 8.56669735840229e-05 8.56675814005362e-05 8.56653474196271e-05 8.5669401419432e-05 0.0999924954989874 9.99999950012266e-11
8.57609862859063e-05 8.57519055797746e-05 8.57423448077331e-05 8.57338920309838e-05 8.57311770276556e-05 8.57307204163742e-05 8.57315936995358e-05 8.57322024330582e-05 8.57299650817975e-05 8.57340251978424e-05 0.908469267843804 9.99999978996302e-11
8.56888866294359e-05 8.56798211792656e-05 8.56702764679744e-05 8.5661837889211e-05 8.56591274459299e-05 8.56586716015444e-05 8.56595434179833e-05 8.56601511290977e-05 8.56579175355687e-05 8.56619708323877e-05 0.0961070332747754 9.99999948333777e-11
8.57172807734588e-05 8.57082093167796e-05 8.56986582821211e-05 8.56902141133894e-05 8.56875018747471e-05 8.56870457284234e-05 8.56879181223348e-05 8.5688526235988e-05 8.56862911629818e-05 8.56903471446376e-05 0.132452709341939 9.99999953219195e-11
8.57658505237669e-05 8.5756768788001e-05 8.57472069320098e-05 8.573875319703e-05 8.57360378859416e-05 8.57355812229018e-05 8.57364546050533e-05 8.57370634075786e-05 8.57348258027064e-05 8.57388863789846e-05 0.899838812228458 9.99999978918865e-11
8.57044342121054e-05 8.56953654731142e-05 8.56858172995087e-05 8.56773756599982e-05 8.56746642336802e-05 8.56742082239707e-05 8.56750803566008e-05 8.56756882881229e-05 8.56734538845168e-05 8.56775086513994e-05 0.11437361306093 9.99999956170323e-11
8.56889860865073e-05 8.56799206149672e-05 8.56703758811792e-05 8.56619372825282e-05 8.56592268328597e-05 8.56587709873998e-05 8.56596428058931e-05 8.56602505184395e-05 8.56580169196467e-05 8.56620702260173e-05 0.0996014013125515 9.99999941753949e-11
8.57586236563201e-05 8.5749543450242e-05 8.57399832046332e-05 8.57315308932596e-05 8.57288160393987e-05 8.57283594532543e-05 8.57292326883403e-05 8.57298413883507e-05 8.57276041602594e-05 8.57316640527865e-05 0.910744120321282 9.9999997799482e-11
8.57586150338123e-05 8.57495348295761e-05 8.57399745859066e-05 8.57315222762473e-05 8.57288074229371e-05 8.57283508368852e-05 8.57292240717943e-05 8.57298327716811e-05 8.57275955440435e-05 8.57316554357473e-05 0.90768268730204 9.99999978532767e-11
8.56907028235012e-05 8.56816369891882e-05 8.567209187349e-05 8.56636529372237e-05 8.56609423791215e-05 8.56604865154259e-05 8.5661358368797e-05 8.56619661056557e-05 8.56597324175078e-05 8.56637858860343e-05 0.100372442848888 9.99999946514484e-11
8.57111077367274e-05 8.5702037586015e-05 8.56924879262165e-05 8.56840449728852e-05 8.56813331245998e-05 8.5680877043925e-05 8.56817493122793e-05 8.56823573384104e-05 8.568012258708e-05 8.56841779849844e-05 0.127764817920368 9.9999994785945e-11
8.56818961935167e-05 8.56728322217992e-05 8.56632890669532e-05 8.56548518641148e-05 8.56521418627466e-05 8.56516860926799e-05 8.56525577669776e-05 8.56531653790095e-05 8.5650932149641e-05 8.56549847856081e-05 0.0868390849983864 9.9999994118903e-11
8.57097872808353e-05 8.57007174095928e-05 8.56911680440066e-05 8.56827253507643e-05 8.56800135860134e-05 8.56795575193875e-05 8.56804297608735e-05 8.56810377682756e-05 8.56788030857822e-05 8.56828583587675e-05 0.130363442568686 9.9999995488814e-11
8.57277496316433e-05 8.57186759600233e-05 8.57091225935806e-05 8.57006763635103e-05 8.56979634628162e-05 8.56975072051504e-05 8.56983798120082e-05 8.56989880740997e-05 8.56967524555261e-05 8.5700809427233e-05 0.171003421417246 9.99999940226006e-11
8.57533081151034e-05 8.57442290340829e-05 8.57346699728811e-05 8.5726218708544e-05 8.57235041909658e-05 8.57230476613764e-05 8.57239207882985e-05 8.57245294129111e-05 8.57222924619353e-05 8.57263518515757e-05 0.921286077648928 9.99999976768192e-11
8.56985312462409e-05 8.56894637557794e-05 8.56799168965667e-05 8.56714764190029e-05 8.56687653658736e-05 8.56683094189258e-05 8.56691814315207e-05 8.56697892793697e-05 8.56675551832921e-05 8.56716093920966e-05 0.112894274858325 9.99999945908276e-11
8.57206463798244e-05 8.57115742110549e-05 8.57020224267417e-05 8.5693577595302e-05 8.5690865143814e-05 8.56904089616945e-05 8.56912814240667e-05 8.5691889585442e-05 8.56896543370392e-05 8.56937106369904e-05 0.157653230863893 9.99999941833948e-11
8.56953970487177e-05 8.56863302213568e-05 8.56767840602246e-05 8.56683441997763e-05 8.56656333448495e-05 8.5665177431235e-05 8.56660493800788e-05 8.5666657183489e-05 8.5664423250741e-05 8.56684771631481e-05 0.107152686220405 9.99999950006333e-11
8.57063613163461e-05 8.56972921696534e-05 8.5687743566839e-05 8.56793015479005e-05 8.56765899997192e-05 8.56761339695148e-05 8.56770061413413e-05 8.56776141001859e-05 8.56753795961577e-05 8.56794345452773e-05 0.116031424105653 9.99999948363271e-11
8.57591921955671e-05 8.57501118691707e-05 8.57405514968967e-05 8.57320990735487e-05 8.57293841837244e-05 8.57289275915316e-05 8.57298008381852e-05 8.5730409546259e-05 8.57281722885318e-05 8.57322322348396e-05 0.937594678891575 9.99999974943106e-11
8.57161547092685e-05 8.57070834908082e-05 8.56975327069353e-05 8.56890887599024e-05 8.56863765924645e-05 8.56859204581158e-05 8.56867928291244e-05 8.56874009268131e-05 8.56851659124833e-05 8.56892217876582e-05 0.145576822690129 9.99999950248922e-11
8.57063582899735e-05 8.56972891440773e-05 8.56877405421014e-05 8.5679298523904e-05 8.56765869759609e-05 8.56761309457968e-05 8.5677003117547e-05 8.56776110763384e-05 8.56753765725066e-05 8.56794315212705e-05 0.121211745070714 9.99999946619883e-11
8.57164060120921e-05 8.57073347406043e-05 8.56977839009065e-05 8.56893399045234e-05 8.56866277212352e-05 8.56861715842207e-05 8.56870439603274e-05 8.56876520615695e-05 8.56854170341782e-05 8.56894729330556e-05 0.136089696616851 9.99999946002933e-11
8.56991521820763e-05 8.56900845605546e-05 8.56805375633678e-05 8.56720969638323e-05 8.56693858715284e-05 8.56689299179918e-05 8.56698019431865e-05 8.56704097998182e-05 8.56681756714583e-05 8.56722299388445e-05 0.108454174039732 9.9999993939445e-11
