0.000209547030126116 0.00020949289279359 0.000209435911217941 0.000209385548435258 0.00020936937511837 0.000209366655235544 0.000209371857177385 0.000209375483354248 0.00020936215606907 0.0002093863418451 0.486167613311966 9.99999989978001e-11
0.000209274983356702 0.000209220986360829 0.000209164152455791 0.000209113920157489 0.000209097788737219 0.00020909507589984 0.000209100264366642 0.000209103881150098 0.000209090588387531 0.000209114711511709 0.117843984562007 9.99999979712227e-11
0.000209218498455257 0.000209164530568016 0.000209107727292842 0.000209057522059656 0.000209041399329603 0.000209038687953596 0.000209043873625402 0.000209047488460475 0.000209034202858606 0.000209058312987511 0.118473654365804 9.99999979038765e-11
0.00020931818066559 0.000209264161401437 0.000209207304064369 0.000209157051061099 0.000209140912992766 0.00020913819903743 0.000209143389642422 0.000209147007916403 0.000209133709675863 0.000209157842741499 0.124924803314207 9.99999978872269e-11
0.00020954650527743 0.000209492368216811 0.000209435386927277 0.00020938502439741 0.000209368851161698 0.000209366131292522 0.000209371333208255 0.000209374959366918 0.000209361632148629 0.00020938581780327 0.489693972945087 9.99999989742305e-11
0.000209198685678901 0.000209144728004699 0.000209087935476302 0.000209037739739163 0.000209021620058144 0.000209018909194864 0.000209024093886007 0.00020902770803746 0.00020901442494798 0.000209038530517358 0.114841799189891 9.99999976181448e-11
0.000209489797644335 0.000209435689845357 0.000209378739346663 0.000209328404024123 0.000209312239524284 0.000209309521124157 0.000209314720230208 0.000209318344430252 0.000209305024410279 0.000209329197001372 0.477437839335273 9.99999991179548e-11
0.000209507264640687 0.000209453147829573 0.000209396187847773 0.000209345844145795 0.00020932967695544 0.000209326958102868 0.000209332158074259 0.000209335782877527 0.000209322460640584 0.000209346637255049 0.481631293495174 9.99999990677077e-11
0.000209217899350791 0.00020916393178097 0.000209107128839799 0.000209056923901736 0.000209040801266429 0.000209038089906342 0.000209043275547654 0.000209046890361464 0.000209033604837663 0.000209057714824845 0.108422577919617 9.99999976664263e-11
0.000209517072971317 0.000209462951099622 0.000209405985792778 0.000209355637385495 0.000209339468684337 0.000209336749577704 0.000209341950035008 0.000209345575177005 0.000209332251695166 0.000209356430568874 0.490644800864646 9.99999989800796e-11
0.000209184301282197 0.000209130351022775 0.000209073566296657 0.000209023377453755 0.000209007259986374 0.000209004549495342 0.000209009733474518 0.000209013347129661 0.000209000065864207 0.000209024168123324 0.108505101003643 9.99999977217474e-11
0.000209247520732528 0.000209193537882774 0.000209136718863144 0.000209086499717869 0.000209070372520851 0.000209067660393671 0.000209072847502175 0.000209076463338768 0.000209063174056142 0.000209087290864922 0.122866457661817 9.99999980748756e-11
0.000209264473135672 0.000209210481553651 0.000209153653345396 0.000209103426080881 0.000209087296276893 0.00020908458371132 0.000209089771658295 0.000209093388079384 0.000209080096648627 0.000209104217355852 0.130803201304237 9.9999998086778e-11
0.000209545415827357 0.000209491279327562 0.000209434298628162 0.00020938393661975 0.000209367763551469 0.000209365043710449 0.000209370245572331 0.000209373871693456 0.000209360544613129 0.000209384730017395 0.48144913723174 9.9999999020068e-11
0.000209042578544308 0.000208988701278379 0.000208931993360477 0.000208881872386755 0.000208865776711136 0.000208863069884605 0.000208868246854886 0.000208871855624128 0.000208858592314971 0.000208882661986682 0.0784254301547649 9.99999972719038e-11
0.000209204196664853 0.000209150236152677 0.000209093440637991 0.000209043242262112 0.000209027121733834 0.00020902441072808 0.00020902959569173 0.000209033210033148 0.000209019926245531 0.000209044033081904 0.110281603937355 9.99999978670182e-11
0.000209500104256269 0.000209445991138905 0.000209389035043889 0.000209338694776342 0.000209322528688733 0.000209319810021602 0.00020932500963832 0.000209328634194349 0.000209315312866062 0.000209339487831491 0.473694368506252 9.9999999095623e-11
0.000209496228084142 0.000209442116966984 0.000209385162976703 0.000209334824568937 0.000209318659078477 0.000209315940511764 0.000209321139936425 0.00020932476435857 0.000209311443522331 0.000209335617594791 0.472375846390163 9.99999991290978e-11
0.000209502410214637 0.000209448295907341 0.00020939133856021 0.000209340997186271 0.000209324830743416 0.000209322112016546 0.000209327311747521 0.000209330936383197 0.000209317614762189 0.000209341790258851 0.469184021112769 9.99999991627631e-11
0.0002095391593213 0.000209485026050944 0.000209428048749751 0.000209377689744052 0.000209361517639899 0.000209358797961009 0.000209363999512803 0.000209367625417767 0.000209354299131877 0.000209378483094395 0.48564349376032 9.9999999019622e-11
0.000209277841506406 0.000209223843040854 0.000209167007589326 0.000209116773924516 0.000209100642065477 0.000209097929154312 0.000209103117762231 0.000209106734644057 0.000209093441519947 0.00020911756530025 0.121919012457663 9.99999978246213e-11
0.000209535529002229 0.000209481397606933 0.000209424422278789 0.00020937406501651 0.000209357893472142 0.000209355173887387 0.00020936037525914 0.000209364001038596 0.000209350675213966 0.000209374858339385 0.503619977443731 9.99999988922808e-11
0.000209079518066346 0.000209025621785996 0.000208968893859947 0.000208918755206645 0.000208902653854386 0.00020889994607328 0.000208905124869355 0.00020890873491136 0.000208895466924683 0.000208919545085266 0.0813405524511509 9.99999977079125e-11
0.000209505194656742 0.000209451078912783 0.000209394120053907 0.000209343777344165 0.000209327610472403 0.000209324891673407 0.00020933009154233 0.000209333716274168 0.000209320394299743 0.000209344570437788 0.472148153859247 9.99999991043642e-11
0.000209299093198381 0.000209245083773173 0.000209188236789238 0.000209137992934187 0.000209121857803218 0.000209119144341843 0.000209124334002111 0.000209127951617531 0.000209114655797367 0.00020913878447051 0.127347610213167 9.99999980506154e-11
0.000209274916227081 0.000209220919263318 0.000209164085392068 0.000209113853123626 0.000209097721712948 0.000209095008877188 0.000209100197340914 0.000209103814122227 0.000209090521367566 0.000209114644477417 0.130001715730491 9.99999979205551e-11
0.000209547305915928 0.000209493168442192 0.000209436186717952 0.000209385823803972 0.000209369650444926 0.000209366930555011 0.00020937213251041 0.000209375758696726 0.00020936243137681 0.000209386617215883 0.493194648639437 9.99999989527211e-11
0.000209496324890293 0.000209442213724835 0.000209385259683729 0.000209334921231052 0.00020931875572617 0.000209316037157032 0.00020932123658633 0.000209324861011708 0.000209311540163586 0.000209335714257609 0.49676759756096 9.99999989322094e-11
0.000209175228139403 0.000209121282550933 0.000209064502739876 0.000209014318240018 0.00020899820216713 0.000208995491910606 0.000209000675441285 0.000209004288783785 0.000208991008667388 0.000209015108841208 0.106488913671155 9.99999978773101e-11
0.000209530886857559 0.000209476757856123 0.000209419785046943 0.000209369430010465 0.00020935325918077 0.000209350539716197 0.000209355740858092 0.000209359366477316 0.000209346041241573 0.000209370223298277 0.483727050666395 9.99999990532769e-11
0.000209523229700983 0.000209469104651346 0.000209412136000482 0.000209361784638366 0.000209345614988455 0.000209342895722277 0.000209348096484724 0.000209351721839436 0.000209338397575829 0.000209362577868295 0.484789397863216 9.99999990226983e-11
0.000209149686683635 0.000209095754255368 0.000209038988292279 0.000208988816028741 0.000208972703884752 0.000208969994288915 0.000208975176555947 0.00020897878901756 0.000208965512138556 0.000208989606437111 0.102059020929024 9.99999977241388e-11
0.000209077371296325 0.000209023476119702 0.000208966749355064 0.000208916611728009 0.000208900510705268 0.00020889780297958 0.000208902981669681 0.000208906591637815 0.000208893323922661 0.000208917401590502 0.0876097126756052 9.99999976188327e-11
0.000209231597783118 0.000209177623146436 0.000209120812769091 0.000209070601260295 0.000209054476515235 0.000209051764800381 0.000209056951120268 0.000209060566407117 0.000209047279144892 0.000209071392287027 0.122541805617562 9.99999978633281e-11
0.000209498467481455 0.000209444355209474 0.00020938740000402 0.000209337060522505 0.000209320894687279 0.000209318176062589 0.000209323375598135 0.000209327000097578 0.000209313678977254 0.000209337853565271 0.488828786713954 9.99999989766017e-11
0.000209252356976109 0.000209198371640904 0.000209141550005924 0.000209091328549675 0.000209075200610632 0.000209072488358668 0.000209077675705821 0.000209081291708774 0.000209068001814722 0.000209092119733109 0.128290884194008 9.99999977633689e-11
0.000209184897306101 0.00020913094673829 0.000209074161687669 0.00020902397255803 0.000209007854998572 0.000209005144492046 0.000209010328500819 0.00020901394217659 0.000209000660835263 0.000209024763232038 0.0981379001561709 9.999999772081e-11
0.000209502668354608 0.000209448553914787 0.000209391596428202 0.000209341254931039 0.000209325088448619 0.000209322369715096 0.000209327569458796 0.000209331194103343 0.000209317872449734 0.000209342048005561 0.477513187258191 9.99999990805241e-11
0.000209187061221636 0.000209133109537638 0.000209076323312496 0.000209026133145032 0.000209010015252356 0.00020900730468981 0.000209012488805779 0.000209016102556281 0.000209002820940388 0.000209026923835499 0.108864657068742 9.99999978921781e-11
0.000209543468650088 0.000209489333155428 0.000209432353513691 0.000209381992439847 0.000209365819671643 0.000209363099881085 0.000209368301646456 0.000209371927700303 0.000209358600867238 0.000209382785822773 0.471861766554781 9.99999991264671e-11
0.000209501781913181 0.000209447667930832 0.000209390710925627 0.00020934036985382 0.000209324203507975 0.000209321484797419 0.000209326684497193 0.000209330309111119 0.000209316987570047 0.00020934116292164 0.474414715531751 9.99999991276449e-11
0.000209489776068384 0.00020943566828134 0.000209378717795204 0.00020932838248376 0.000209312217987484 0.000209309499587956 0.000209314698692861 0.000209318322892106 0.000209305002875069 0.000209329175460834 0.488173716396258 9.99999990105894e-11
0.000209527900847091 0.000209473773387815 0.000209416802201385 0.000209366448598797 0.000209350278229502 0.000209347558842351 0.00020935275983617 0.00020935638535217 0.000209343060495795 0.00020936724186402 0.487932078177038 9.99999990178714e-11
0.000209257376213714 0.00020920338829518 0.000209146563941864 0.00020909634008364 0.00020908021137336 0.000209077498991706 0.000209082686586914 0.000209086302762787 0.00020907301223324 0.000209097131304939 0.130936312457367 9.99999979083242e-11
0.000209220402062489 0.000209166433205414 0.000209109628909714 0.000209059422774762 0.00020904329975515 0.000209040588330437 0.000209045774095348 0.00020904938899532 0.000209036103154853 0.000209060213716718 0.106825308590751 9.99999977061082e-11
0.000209031845544553 0.000208977973815296 0.00020892127172341 0.000208871155897661 0.000208855061874984 0.00020885235532642 0.000208857531765079 0.00020886114016373 0.00020884787821659 0.000208871945416518 0.0759683076485981 9.99999975536374e-11
0.000209255373159528 0.000209201386271783 0.000209144563003128 0.00020909434010333 0.00020907821170078 0.000209075499370867 0.000209080686867088 0.000209084302973954 0.000209071012697974 0.000209095131309471 0.114357138979021 9.99999978101925e-11
0.000209114471309995 0.000209060557026848 0.000209003810157158 0.000208953654764895 0.000208937548037984 0.000208934839353045 0.000208940019877721 0.000208943631124723 0.000208930358709355 0.000208954444907098 0.0834670343720015 9.99999973830655e-11
0.000209178462426558 0.000209124515180998 0.000209067733626248 0.000209017547585616 0.000209001431017978 0.000208998720678219 0.000209003904367966 0.000209007517821339 0.000208994237297262 0.00020901833821082 0.0919338722965498 9.99999974194883e-11
0.000209262727849619 0.000209208737164964 0.000209151909900976 0.000209101683470833 0.000209085553934748 0.000209082841414224 0.000209088029275031 0.000209091645636052 0.000209078354426046 0.000209102474732645 0.133763371732653 9.99999977877094e-11
0.000209531568171806 0.000209477438818382 0.000209420465638818 0.000209370110275063 0.000209353939340285 0.000209351219858041 0.000209356421033734 0.000209360046676519 0.000209346721354188 0.000209370903568034 0.474337845930471 9.99999991130592e-11
0.000209246501890731 0.000209192519573192 0.000209135701113583 0.000209085482463151 0.000209069355425022 0.000209066643324567 0.000209071830381976 0.000209075446182952 0.000209062157031251 0.000209086273602445 0.128378432092494 9.99999981870897e-11
0.000209259152063506 0.000209205163227068 0.000209148337907879 0.000209098113196192 0.000209081984211874 0.000209079271784132 0.00020908445946747 0.000209088075704776 0.000209074784949422 0.000209098904430899 0.125973977260565 9.9999997781281e-11
0.000209533508104293 0.000209479377749304 0.000209422403515834 0.00020937204722083 0.000209355875987041 0.000209353156454514 0.000209358357726377 0.000209361983436201 0.000209348657867487 0.00020937284052847 0.470838393307167 9.99999991411215e-11
0.000209530043352536 0.000209475914786923 0.000209418942436341 0.000209368587805088 0.000209352417105505 0.000209349697662812 0.00020935489876286 0.000209358524352913 0.000209345199224381 0.000209369381086518 0.48217931883998 9.99999990452219e-11
0.000209512008793139 0.00020945788953384 0.000209400926975915 0.000209350580997626 0.000209334413076382 0.000209331694100902 0.000209336894307365 0.000209340519274502 0.000209327196435309 0.00020935137414274 0.479003696412163 9.99999991010228e-11
0.000209528001290552 0.000209473873777162 0.000209416902533793 0.000209366548880894 0.000209350378495446 0.000209347659105579 0.000209352860104594 0.000209356485624216 0.000209343160754531 0.000209367342146913 0.468844738179543 9.99999991502577e-11
0.000209258035956811 0.000209204047696207 0.000209147222982946 0.000209096998806668 0.000209080869994264 0.000209078157595434 0.000209083345223482 0.000209086961422247 0.000209073670808549 0.000209097790032955 0.126939950330448 9.99999978298949e-11
0.000209311313151813 0.000209257297426729 0.000209200443813686 0.000209150194101033 0.000209134057089276 0.000209131343311626 0.000209136533576809 0.000209140151613914 0.00020912685424399 0.000209150985729657 0.14326019777994 9.99999980816e-11
0.000209498586733289 0.000209444474400174 0.000209387519130392 0.000209337179592034 0.000209321013738557 0.000209318295110798 0.000209323494652213 0.000209327119155748 0.000209313798020385 0.000209337972635695 0.488225922483253 9.99999990170979e-11
0.000209468060751334 0.000209413964167628 0.000209357025470311 0.000209306700575679 0.000209290539424086 0.000209287821587009 0.000209293019616177 0.000209296643065529 0.000209283325804496 0.000209307493388648 0.486415850765827 9.99999990051803e-11
0.000209192429178973 0.000209138474730019 0.000209081685595425 0.00020903149285711 0.000209015374138954 0.000209012663437571 0.000209017847819001 0.000209021461754548 0.000209008179458457 0.00020903228358792 0.102719687689821 9.99999974805569e-11
0.000209159585540225 0.000209105648012614 0.000209048876683684 0.000208998699678787 0.000208982586012412 0.000208979876160559 0.000208985058917221 0.00020898867172015 0.000208975393586705 0.000208999490161806 0.0986849404450502 9.999999770136e-11
0.000209295141536539 0.000209241134141772 0.000209184289294396 0.00020913404732725 0.000209117912802458 0.000209115199443017 0.000209120388908318 0.000209124006387825 0.000209110711067148 0.000209134838833809 0.130866718763622 9.99999977462156e-11
0.000209320237166368 0.000209266216837917 0.000209209358380937 0.000209159104388094 0.000209142966002032 0.000209140251993277 0.000209145442700474 0.000209149061045705 0.000209135762543361 0.000209159896084156 0.151053592858671 9.99999980360831e-11
0.000209065993083795 0.000209012103767571 0.000208955383169601 0.00020890525099153 0.000208889151718379 0.000208886444286906 0.000208891622414293 0.000208895231990161 0.00020888196571666 0.000208906040768178 0.082491860773569 9.99999976494918e-11
0.000209114614292006 0.000209060699930355 0.000209003952978061 0.000208953797512815 0.000208937690762491 0.000208934982073641 0.000208940162605887 0.000208943773858176 0.000208930501423521 0.000208954587656352 0.0922113238086285 9.99999973440359e-11
0.000209482064079755 0.000209427960271828 0.000209371013972755 0.000209320682361075 0.000209304519052738 0.000209301800852977 0.00020930699957581 0.000209310623508714 0.000209297304470533 0.000209321475279864 0.483622390426359 9.99999990429393e-11
0.000209479694798366 0.000209425592212666 0.000209368647199693 0.000209318316724434 0.000209302153780985 0.000209299435642585 0.00020930463424806 0.000209308258099154 0.000209294939361639 0.000209319109625319 0.49155072405043 9.99999989513136e-11
0.00020915088707621 0.000209096954026898 0.000209040187410312 0.00020899001456933 0.000208973902239914 0.000208971192612872 0.000208976374939507 0.000208979987442661 0.000208966710410861 0.000208990804986635 0.0966815449380819 9.99999975461274e-11
0.000209505974875001 0.000209451858729419 0.000209394899447931 0.000209344556364761 0.000209328389373096 0.000209325670553937 0.000209330870461423 0.000209334495220144 0.00020932117314692 0.000209345349464266 0.483818391401529 9.99999990389179e-11
0.000209240411519413 0.000209186432341596 0.000209129617185793 0.000209079401454662 0.000209063275353871 0.000209060563411033 0.000209065750166957 0.000209069365757766 0.000209056077378425 0.000209080192547907 0.123658819345252 9.99999979272237e-11
0.00020952448200635 0.000209470356311258 0.000209413386981208 0.000209363035018949 0.000209346865176341 0.000209344145877759 0.000209349346702182 0.000209352972100097 0.000209339647677709 0.000209363828258333 0.482496024587029 9.9999999058484e-11
0.000209545220582318 0.000209491084183596 0.000209434103590552 0.000209383741676115 0.000209367568638009 0.000209364848802063 0.00020937005065424 0.0002093736767686 0.000209360349713137 0.00020938453507228 0.48131984646789 9.99999990548269e-11
0.000209267370890201 0.000209213377821022 0.000209156548047886 0.000209106319400607 0.000209090189152625 0.000209087476512379 0.000209092664602139 0.000209096281122759 0.000209082989326151 0.000209107110697293 0.119310968517094 9.99999977265503e-11
0.000209522429618116 0.000209468304982658 0.000209411336767617 0.0002093609857906 0.000209344816264338 0.000209342097018953 0.000209347297741631 0.000209350923068619 0.000209337598906899 0.00020936177901446 0.491926762091769 9.99999989892229e-11
0.000209165503122682 0.000209111562549356 0.000209054788015536 0.000209004608178737 0.000208988493603085 0.000208985783598334 0.000208990966647455 0.00020899457965426 0.000208981300771576 0.000209005398706426 0.101437383786602 9.99999980343849e-11
0.000209551612822975 0.000209497473124699 0.000209440489059668 0.000209390124077325 0.000209373950054159 0.000209371230052563 0.000209376432221562 0.000209380058556776 0.000209366730689629 0.000209390917521822 0.4796614190147 9.99999990574091e-11
0.000209131810119264 0.000209077886901733 0.000209021130630741 0.000208970966931316 0.000208954857537115 0.000208952148403659 0.000208957329786241 0.000208960941631295 0.000208947667018096 0.000208971757204551 0.092216141132576 9.99999974981387e-11
0.000209224173452821 0.000209170202642947 0.000209113396292402 0.000209063188341758 0.000209047064739163 0.000209044353216422 0.000209049539168851 0.000209053154199544 0.000209039867878704 0.000209063979312384 0.118849145178123 9.99999976464812e-11
0.000209523437782322 0.000209469312624534 0.000209412343859868 0.000209361992397195 0.000209345822714996 0.00020934310344339 0.000209348304216221 0.000209351929578172 0.000209338605287961 0.000209362785628709 0.473553778101406 9.99999991340511e-11
0.000209226603922346 0.000209172631867174 0.000209115824206244 0.000209065615097716 0.000209049491123341 0.000209046779538081 0.000209051965610084 0.000209055580724132 0.000209042294096946 0.000209066406086584 0.111675912458266 9.99999978862271e-11
0.000209142513571422 0.000209088584841364 0.000209031822769753 0.000208981653944795 0.000208965542904877 0.000208962833494696 0.000208968015406619 0.000208971627620683 0.000208958351651426 0.00020898244429894 0.0960343280167911 9.99999977206371e-11
0.00020950384857506 0.000209449733526321 0.000209392775398997 0.000209342433335665 0.000209326266671457 0.000209323547907363 0.000209328747709531 0.000209332372394835 0.000209319050591433 0.000209343226419105 0.48194137552325 9.99999990317301e-11
0.000209530957470555 0.000209476828432923 0.000209419855585654 0.000209369500515521 0.00020935332967502 0.00020935061020863 0.000209355811354001 0.000209359436975648 0.000209346111731001 0.000209370293803865 0.478975544382845 9.99999991105133e-11
0.000209161534311329 0.000209107595781365 0.000209050823397698 0.000209000645460813 0.00020898453149518 0.000208981821592992 0.000208987004445885 0.000208990617315893 0.000208977338935859 0.000209001435958434 0.0942109218596463 9.99999976222535e-11
0.000209234654583576 0.000209180678376364 0.00020912386634641 0.000209073653377332 0.000209057528163386 0.000209054816369671 0.000209060002840344 0.000209063618232301 0.000209050330583714 0.000209074444426979 0.114737461775156 9.99999976756317e-11
0.00020906385766534 0.000209009969445523 0.000208953250001263 0.000208903118842632 0.000208887019896799 0.000208884312520356 0.00020888949054245 0.000208893100044914 0.00020887983404112 0.000208903908603132 0.0834567718479477 9.99999974085713e-11
0.000209256077376244 0.000209202090120196 0.000209145266463993 0.000209095043221755 0.000209078914709261 0.000209076202360869 0.000209081389892465 0.000209085006023995 0.000209071715657423 0.000209095834433357 0.128979581637593 9.99999979905002e-11
0.00020926737574574 0.000209213382668161 0.00020915655288619 0.000209106324231109 0.000209090193980627 0.000209087481339968 0.000209092669430541 0.000209096285951731 0.000209082994153066 0.000209107115527963 0.132145565792187 9.99999978355375e-11
0.000209530191219451 0.000209476062577696 0.000209419090146993 0.000209368735444944 0.000209352564722629 0.000209349845276112 0.000209355046383472 0.000209358671978621 0.000209345346831358 0.000209369528727487 0.487921759476413 9.99999990041201e-11
0.000209218846591514 0.000209164878528381 0.000209108075068122 0.000209057869671387 0.000209041746888812 0.000209039035503964 0.000209044221192647 0.000209047836039482 0.000209034550394333 0.000209058660601751 0.111127975009372 9.99999976100769e-11
0.000209314446481442 0.000209260429141626 0.000209203573829463 0.000209153322615437 0.000209137185121609 0.000209134471262892 0.000209139661683119 0.000209143279828303 0.000209129982061155 0.000209154114267702 0.138949840496182 9.99999979730927e-11
0.000209181993398088 0.000209128044329595 0.000209071260856643 0.00020902107312106 0.000209004956009213 0.000209002245577956 0.000209007429442765 0.000209011043018178 0.00020899776204568 0.000209021863773099 0.102388314785911 9.99999974798974e-11
0.000209225730705578 0.000209171759091033 0.000209114951893765 0.000209064743194945 0.000209048619352129 0.000209045907789 0.000209051093818703 0.000209054708903267 0.000209041422384488 0.000209065534177418 0.127760192172556 9.99999977801871e-11
0.000209513429622173 0.000209459309629021 0.000209402346298893 0.000209351999638272 0.000209335831497942 0.000209333112485619 0.000209338312762546 0.000209341937778804 0.000209328614759084 0.000209352792794136 0.472048267011672 9.9999999142457e-11
0.000209259407408131 0.000209205418435653 0.000209148592973317 0.000209098368135149 0.000209082239110225 0.000209079526675663 0.000209084714372071 0.000209088330618491 0.000209075039829681 0.000209099159371901 0.131031571993298 9.99999981696285e-11
0.000209216183138343 0.000209162216450897 0.000209105414438216 0.000209055210320585 0.000209039087948708 0.00020903637663292 0.000209041562189505 0.000209045176944254 0.000209031891637518 0.000209056001230769 0.103761763678724 9.99999978746485e-11
0.000209230853885005 0.000209176879634005 0.000209120069662496 0.000209069858512302 0.000209053733882386 0.000209051022186896 0.000209056208469752 0.000209059823730788 0.000209046536563442 0.000209070649533397 0.116657256725781 9.99999981337554e-11
0.000209108411282904 0.000209054500117295 0.00020899775652807 0.000208947604034494 0.000208931498238334 0.000208928789709941 0.000208933969935309 0.000208937580973675 0.000208924309325248 0.000208948394131241 0.0874124156506664 9.999999761308e-11
