0.00130762404179083 0.00130554104263766 0.00130335456241376 0.00130142712153815 0.00130080915846065 0.00130070528664626 0.0013009039729575 0.00130104250469609 0.00130053350063675 0.00130145747655982 0.207978578607862 9.99999997555766e-11
0.00130000237734897 0.00129794342140429 0.00129578213871944 0.00129387687607087 0.00129326601684012 0.00129316333873782 0.00129335974151689 0.00129349668087625 0.00129299352666487 0.00129390688181973 0.120158399352087 9.99999995654835e-11
0.00130275309652168 0.00130068548635618 0.00129851513383844 0.00129660188805511 0.00129598847174307 0.00129588536394759 0.00129608258869126 0.00129622010122945 0.00129571484131711 0.00129663201947678 0.12224554930358 9.9999999557827e-11
0.00129964967597826 0.00129759182599538 0.00129543170240412 0.0012935274599874 0.0012929169275445 0.00129281430434843 0.00129301060207053 0.0012931474681681 0.00129264458305852 0.00129355744962098 0.110508780458167 9.99999995692124e-11
0.00130784356345852 0.00130575987165522 0.00130357266552744 0.00130164458573042 0.00130102641800117 0.00130092251179671 0.00130112126389184 0.00130125984150329 0.00130075066891796 0.00130167495080757 0.212405765802468 9.99999997563913e-11
0.00129887067697921 0.00129681527756207 0.00129465772222657 0.00129275574034933 0.00129214593196092 0.00129204343041058 0.00129223949534858 0.00129237619911028 0.00129187391023879 0.00129278569421756 0.098796636898127 9.99999994651756e-11
0.00130687528879855 0.00130479465308354 0.00130261064976076 0.00130068538898389 0.0013000681242073 0.00129996436973439 0.00130016283157822 0.00130030120678886 0.00129979277776354 0.00130071570967869 0.205403883106572 9.99999997332677e-11
0.00130832757810305 0.00130624234971488 0.00130405353327952 0.0013021240361733 0.0013015054144781 0.00130140143199089 0.00130160033001293 0.00130173900938413 0.0013012294629705 0.0013021544235714 0.205730503790382 9.99999997371593e-11
0.00129747837046779 0.00129542733945291 0.00129327436237088 0.0012913764102556 0.00129076789264048 0.00129066560797842 0.00129086125797827 0.0012909976723871 0.00129049644643863 0.00129140630058154 0.0910416978711611 9.99999994489904e-11
0.00130770359355214 0.00130562033706233 0.00130343358717949 0.00130150590898457 0.00130088786989713 0.00130078398531008 0.00130098269605366 0.00130112124482971 0.00130061217817909 0.00130153626774057 0.204280817837286 9.99999997398447e-11
0.00129810996769573 0.00129605696293058 0.0012939019172406 0.00129200214430958 0.00129139304346553 0.00129129066080782 0.00129148649830289 0.00129162304346102 0.00129112133723597 0.00129203206337925 0.0986883679652123 9.99999994826308e-11
0.00129904267677795 0.00129698672778531 0.00129482859652255 0.00129292610776101 0.00129231613703433 0.00129221360822323 0.00129240972537282 0.00129254646555 0.0012920440430018 0.00129295606974104 0.106668523726083 9.99999995397954e-11
0.00130073434490913 0.00129867309021336 0.00129650939836184 0.00129460201518189 0.00129399047671478 0.0012938876844674 0.00129408430557577 0.00129422139718006 0.00129371768363036 0.00129463205427161 0.114962678699053 9.99999995187352e-11
0.00130658725191398 0.00130450752758092 0.00130232447938216 0.00130040005926911 0.00129978306376094 0.00129967935453516 0.00129987772982293 0.00130001604467525 0.00129950783738555 0.00130043036672535 0.205759522844239 9.99999997581282e-11
0.00129251333281932 0.00129047784425488 0.0012883411564374 0.00128645754221959 0.0012858536171844 0.00128575210418583 0.0012859462777864 0.001286081662634 0.00128558421857322 0.00128648720625931 0.0716730131339205 9.99999993178424e-11
0.00129884676018255 0.00129679143664176 0.00129463396082278 0.00129273204893224 0.00129212226296309 0.001292019765183 0.00129221582291912 0.0012923525216598 0.00129185025125056 0.00129276200171997 0.0973669204971226 9.99999995185224e-11
0.00130900552167717 0.00130691815338563 0.00130472709431487 0.00130279562330363 0.00130217636935276 0.00130207228062223 0.00130227138188162 0.0013024102029764 0.00130190013591542 0.00130282604178215 0.212310223612878 9.99999997437404e-11
0.00130599811956428 0.00130392025845734 0.00130173916291513 0.00129981646145985 0.00129920001644699 0.00129909639972587 0.00129929459805885 0.00129943278951527 0.00129892503554464 0.0012998467418576 0.208101035806173 9.99999997275501e-11
0.0013060635848316 0.00130398552012523 0.0013018042111933 0.00129988132190465 0.00129926481672402 0.00129916118989137 0.00129935940756394 0.00129949761250604 0.00129898980898793 0.00129991160525353 0.212838246713729 9.99999997208808e-11
0.00130565717407427 0.00130358039144657 0.00130140042614717 0.00129947871948992 0.00129886259311555 0.00129875902993749 0.00129895712584428 0.00129909524587558 0.00129858775429559 0.00129950898422111 0.207860581588079 9.99999997598156e-11
0.00129858151732033 0.00129652702662152 0.00129437042364891 0.00129246928003397 0.00129185974016269 0.001291757283749 0.00129195326239669 0.0012920899059912 0.00129158783824102 0.00129249922081362 0.101493993453323 9.99999995681381e-11
0.00130631280995415 0.00130423395750522 0.00130205182301892 0.00130012820710551 0.00129951146918313 0.00129940780324129 0.00129960609572871 0.00129974435284163 0.00129923635766657 0.00130015850189801 0.210998519512419 9.99999997374465e-11
0.0012934383931766 0.00129140001987463 0.00128926030864918 0.00128737403316237 0.00128676925568805 0.00128666759946282 0.00128686204710836 0.00128699762306131 0.00128649947703455 0.00128740373923271 0.0794321719575384 9.99999993219324e-11
0.00130633018987913 0.00130425127650664 0.00130206907820244 0.0013001454061441 0.00129952865024311 0.00129942498128026 0.00129962327954623 0.0012997615406888 0.00129925353070984 0.00130017570181937 0.20534901515136 9.99999997456781e-11
0.00130081723954644 0.00129875572871282 0.00129659176839714 0.00129468414889823 0.00129407253473512 0.00129396972977204 0.0012941663752201 0.00129430348379864 0.00129379970791496 0.00129471419174085 0.118779307580983 9.99999996257652e-11
0.00130110716302892 0.00129904473324352 0.00129687980988033 0.00129497134275004 0.00129435945708073 0.0012942566064853 0.00129445333919388 0.00129459050861866 0.001294086509155 0.00129500139887374 0.11060160681091 9.99999995337108e-11
0.00130860303828616 0.00130651693920772 0.00130432721028882 0.00130239691004584 0.00130177803110191 0.00130167400538766 0.00130187298610267 0.00130201172313845 0.00130150196488704 0.00130242731009421 0.207246548417621 9.99999997272795e-11
0.00130693417376047 0.00130485335392595 0.00130266915763559 0.00130074372700652 0.00130012640782356 0.00130002264420819 0.00130022112354092 0.00130035951094705 0.00129985103711907 0.00130077405037563 0.2067301680416 9.99999997370884e-11
0.00129550681393975 0.00129346197480861 0.00129131548702336 0.00128942324674078 0.00128881655870893 0.0012887145815093 0.00128890964342397 0.00128904564775143 0.00128854592843074 0.00128945304727895 0.0917116882782443 9.99999995412766e-11
0.00130675766240459 0.00130467740818392 0.00130249380461772 0.00130056889565086 0.00129995174355226 0.00129984800801269 0.00130004643363631 0.00130018478358907 0.00129967644734938 0.00130059921080295 0.217110002087379 9.99999997426323e-11
0.00130624208778704 0.00130416345449295 0.00130198154970387 0.00130005813598166 0.00129944146282668 0.0012993378077691 0.00129953607943796 0.0012996743220338 0.00129916638019404 0.00130008842759528 0.206153326762518 9.99999997199881e-11
0.00129757193420784 0.001295520616599 0.00129336733911901 0.00129146912256568 0.00129086052025111 0.00129075822136741 0.00129095389861262 0.00129109033202443 0.00129058903632878 0.00129149901713893 0.093320594258132 9.9999999502603e-11
0.00129446070986805 0.00129241914638187 0.00129027609163303 0.00128838687311958 0.00128778115296982 0.00128767933837103 0.0012878740890938 0.00128800987640311 0.00128751095410618 0.0012884166257751 0.0853083967131345 9.99999993448301e-11
0.0012981119274238 0.00129605890297106 0.00129390383671634 0.00129200404574444 0.00129139493914154 0.00129129255552673 0.00129148839488808 0.00129162494135163 0.00129112323038886 0.00129203396517068 0.100398402878968 9.99999994825529e-11
0.00130836959396101 0.00130628423921108 0.00130409529031543 0.00130216567659407 0.00130154701754071 0.00130144302877553 0.00130164193880652 0.00130178062655173 0.00130127104937339 0.00130219606582775 0.212916370645455 9.99999997400244e-11
0.00129996928762304 0.00129791044310452 0.00129574927716113 0.00129384411723387 0.00129323329088953 0.00129313061830077 0.00129332701048937 0.001293463942459 0.00129296081532497 0.00129387412127599 0.105824398599189 9.99999995320163e-11
0.00129785291415995 0.00129580071306347 0.00129364650966664 0.00129174747813033 0.00129113861475071 0.00129103627197643 0.00129123203310657 0.00129136852500599 0.00129086701432449 0.00129177738538066 0.0889667582799916 9.99999994362129e-11
0.00130846605562937 0.00130638039407295 0.00130419112365337 0.0013022612269454 0.00130164247725084 0.00130153847325386 0.00130173741242006 0.00130187612048195 0.00130136646866303 0.00130229162062992 0.21214328054659 9.99999997154778e-11
0.00129846867684809 0.00129641454412949 0.00129425831631448 0.0012923575028938 0.00129174806877698 0.00129164563012479 0.00129184157476333 0.0012919781946388 0.00129147621397262 0.00129238743840736 0.101569153909812 9.99999994781325e-11
0.00130806388326375 0.00130597949077097 0.00130379155034277 0.00130186282425865 0.00130124444952462 0.00130114050853668 0.00130133932717441 0.00130147795118858 0.001300968608141 0.00130189319951959 0.206495434247149 9.99999997402443e-11
0.0013071015735347 0.00130502023073367 0.00130283548634287 0.00130090957326768 0.00130029209954866 0.00130018830996439 0.00130038683897173 0.00130052526101711 0.00130001665993126 0.00130093990422855 0.214718990545579 9.99999997257608e-11
0.00130649546552442 0.00130441603629 0.00130223329732903 0.00130030914937473 0.00129969224103601 0.00129958854645757 0.00129978689372484 0.00129992518903738 0.00129941705352857 0.00130033945254391 0.211114714363166 9.99999997349256e-11
0.00130820417647816 0.00130611934299216 0.00130393094039006 0.00130200180750517 0.00130138330246805 0.00130127933958369 0.00130147820010658 0.00130161685332837 0.00130110740297889 0.00130203218916861 0.210705046397339 9.99999997293449e-11
0.00130120688528368 0.00129914413736755 0.00129697888061784 0.00129507012006634 0.00129445814042314 0.00129435527404646 0.00129455203697819 0.00129468922748217 0.00129418515063595 0.00129510018088136 0.11611354239787 9.99999995854092e-11
0.00129734389145651 0.00129529329750924 0.00129314077841356 0.00129124322934965 0.00129063484081879 0.00129053257784107 0.00129072818633794 0.00129086457180285 0.00129036345214856 0.00129127311328428 0.0911864403692006 9.99999994399131e-11
0.00129205376768159 0.00129001973831203 0.00128788457969775 0.00128600231140477 0.00128539881747353 0.00128529737691938 0.00128549141194729 0.00128562670016472 0.00128512961110667 0.00128603195427179 0.0727306444797648 9.99999993293214e-11
0.00129787614656848 0.00129582387912394 0.00129366960615492 0.00129177051335675 0.00129116163037622 0.00129105928434207 0.00129125505182765 0.00129139154817117 0.00129089002135457 0.00129180042181911 0.100512149840957 9.99999995510358e-11
0.00129193459241418 0.00128990092935087 0.00128776615467532 0.00128588422435793 0.00128528083870601 0.00128517941636602 0.00128537341661682 0.00128550868059016 0.00128501168070314 0.0012859138620383 0.0754788801209169 9.99999993728e-11
0.001294213016733 0.00129217222152538 0.00129002997201001 0.00128814146229173 0.00128753596914558 0.00128743419264375 0.00128762887031792 0.00128776460667069 0.00128726587129807 0.00128817120343189 0.0764823007910312 9.99999993173404e-11
0.00130231253308898 0.00130024630711946 0.00129807740528313 0.00129616543637727 0.00129555242906385 0.00129544938999638 0.00129564648326817 0.00129578390412725 0.00129527898101669 0.0012961955476951 0.118719338731112 9.9999999539725e-11
0.00130620962567628 0.00130413109729211 0.00130194930243651 0.00130002598546355 0.00129940934329509 0.00129930569344341 0.00129950395515042 0.00129964219079916 0.0012991342744754 0.00130005627554718 0.207129136367924 9.99999997493215e-11
0.00130178495058232 0.00129972038064669 0.00129755321439284 0.00129564277313835 0.00129503025515472 0.00129492729831943 0.00129512423430527 0.00129526154548633 0.00129475702532993 0.00129567286044205 0.123890689066486 9.99999995742067e-11
0.0013004775786008 0.0012984171199466 0.00129625426242479 0.00129434761365979 0.00129373631044401 0.00129363355772968 0.00129383010321786 0.00129396714209067 0.00129346362226763 0.00129437764119368 0.113337019418352 9.99999995813411e-11
0.00130827716533614 0.00130619210041742 0.00130400345527726 0.00130207410892157 0.001301455535509 0.0013013515611348 0.00130155044363653 0.00130168911218478 0.00130117960552991 0.00130210449394503 0.210517078298732 9.99999997235268e-11
0.00130683321294803 0.00130475271294414 0.00130256885183319 0.00130064371621488 0.00130002649152472 0.0012999227437874 0.00130012119274514 0.00130025955896971 0.00129975116295401 0.00130067403493643 0.209447832535632 9.99999996970699e-11
0.00130705989506756 0.00130497867974775 0.00130279406897909 0.00130086827353215 0.00130025083749427 0.00130014705424264 0.00130034557113811 0.00130048398473784 0.00129997541468238 0.00130089860264503 0.210910289852484 9.99999997290981e-11
0.00130929485118411 0.00130720656756233 0.00130501454922825 0.00130308223390863 0.00130246270952135 0.00130235857534695 0.00130255776353714 0.0013026966452514 0.00130218635549283 0.0013031126656798 0.211457508666138 9.99999997466031e-11
0.00129944279073662 0.00129738558499566 0.0012952261366188 0.00129332248854475 0.00129271214648407 0.00129260955528317 0.00129280579181188 0.00129294261523884 0.00129243988690672 0.00129335246884339 0.116111490967656 9.99999995499413e-11
0.00129997336497496 0.00129791450132682 0.00129575331536677 0.00129384813784897 0.00129323730587975 0.00129313463235115 0.00129333102635555 0.0012934679595934 0.00129296482782961 0.00129387814220482 0.108879427240276 9.99999995747207e-11
0.0013056601279996 0.00130358333837062 0.00130140336572166 0.00129948165258508 0.00129886552413271 0.00129876196060468 0.00129896005717849 0.00129909817767462 0.00129859068438287 0.00129951191741335 0.215452487584836 9.99999997195275e-11
0.00130819271717873 0.00130610792183861 0.0013039195592033 0.00130199046148716 0.00130137196771267 0.00130126800672027 0.00130146686362215 0.00130160551431864 0.00130109607324319 0.00130202084259322 0.213443464850553 9.99999997149217e-11
0.00129739391585625 0.00129534316280991 0.00129319047698343 0.00129129278117536 0.00129068434565231 0.00129058207479017 0.0012907776984116 0.00129091409442776 0.00129041293607928 0.00129132266750759 0.0907270241964857 9.99999994984404e-11
0.00129900823879574 0.00129695241110987 0.00129479440691554 0.00129289202994061 0.00129228209499725 0.00129217957218379 0.00129237567780814 0.00129251240994269 0.00129201001685585 0.00129292199005338 0.0993030910148085 9.99999994746321e-11
0.0012999665778437 0.00129790773212683 0.00129574656497533 0.00129384140402736 0.00129323057737311 0.00129312790474354 0.00129332429704842 0.00129346122910333 0.0012929581017181 0.00129387140816404 0.119153611593277 9.99999995490134e-11
0.00130099644948516 0.00129893436754725 0.00129676980873863 0.00129486166248639 0.00129424987960112 0.00129414704628138 0.00129434374595639 0.00129448089234733 0.00129397697752498 0.00129489171358615 0.112838143748668 9.99999995557844e-11
0.00129365336156869 0.00129161432860453 0.00128947392595553 0.00128758704181886 0.00128698206937518 0.00128688038038809 0.00128707489070934 0.00128721051036797 0.00128671220378555 0.00128761675748232 0.0756772223261992 9.99999993577818e-11
0.00129586314203263 0.00129381719469873 0.00129166954542993 0.00128977628276298 0.00128916926718801 0.00128906723488375 0.00128926240198571 0.00128939847963967 0.0012888984905788 0.00128980609893559 0.0820890223032945 9.99999993563633e-11
0.00130650591637634 0.00130442645277933 0.00130224367781366 0.00130031949817546 0.00129970257968947 0.001299598883406 0.00129979723393505 0.00129993553152218 0.00129942738765762 0.00130034980184376 0.210530670473304 9.99999997444941e-11
0.00130747531603297 0.00130539278620512 0.00130320679783915 0.00130127978988432 0.00130066196547481 0.00130055811696223 0.00130075675869928 0.00130089525935503 0.00130038636948555 0.0013013101380911 0.209438737910656 9.99999997414991e-11
0.00129891707142578 0.00129686153608543 0.00129470383825002 0.00129280173090279 0.00129219188230819 0.00129208937399082 0.00129228545183713 0.00129242216459612 0.00129191984261177 0.0012928316866714 0.0917353123673889 9.99999994975011e-11
0.00130956778979677 0.00130747864256111 0.00130528571916548 0.00130335260724666 0.00130273282770564 0.00130262865065626 0.00130282792086588 0.00130296685977505 0.00130245635990406 0.00130338305156493 0.215413127600803 9.9999999739756e-11
0.00130007047911889 0.00129801130242617 0.00129584978842487 0.00129394432220215 0.00129333339776725 0.00129323070870496 0.00129342713243795 0.00129356408640803 0.00129306087850293 0.00129397433113149 0.116304723339615 9.9999999548426e-11
0.00130827379782852 0.00130618874148145 0.00130400010533515 0.00130207076690478 0.00130145219603298 0.00130134822208636 0.00130154710377207 0.00130168577175154 0.00130117626718944 0.00130210115180729 0.207359609834261 9.9999999732061e-11
0.00130702437891407 0.00130494327477136 0.0013027587805214 0.00130083308763444 0.00130021568444748 0.00130011190671553 0.00130031041305018 0.00130044881928532 0.00129994027628184 0.00130086341512826 0.209069445959509 9.9999999731306e-11
0.00130133502282177 0.00129927187489998 0.00129710619891732 0.00129519706934788 0.00129458497149924 0.00129448208525641 0.00129467888618078 0.001294816103177 0.00129431192898997 0.00129522713595256 0.120136648880827 9.99999995563253e-11
0.00130712075487011 0.00130503934961773 0.0013028545397871 0.00130092856912179 0.00130031107695787 0.00130020728427422 0.00130040581921049 0.00130054424539034 0.00130003562911591 0.00130095890098933 0.213361477928786 9.99999997380654e-11
0.00129901888503562 0.0012969630372086 0.00129480501183669 0.00129290261616531 0.00129229267523186 0.00129219015142361 0.00129238625899398 0.00129252299248971 0.00129202059447028 0.00129293257666219 0.105200767116045 9.99999995156704e-11
0.00130849986349791 0.00130641409332571 0.00130422470908582 0.00130229471220488 0.00130167593042643 0.00130157192103886 0.00130177087051929 0.00130190958577389 0.00130139990753515 0.00130232510747144 0.20943545440733 9.99999997419152e-11
0.00129485701366879 0.0012928142078138 0.00129066985100898 0.00128877948642889 0.00128817339919476 0.00128807152293089 0.00128826639168392 0.00128840226130626 0.0012879030367267 0.00128880925727207 0.0868590623951137 9.99999994578083e-11
0.00130070694601523 0.00129864577124329 0.00129648216318469 0.00129457485378442 0.0012939633389558 0.00129386055068201 0.00129405716419323 0.00129419425050037 0.0012936905564178 0.00129460489172054 0.116679854217595 9.9999999545602e-11
0.00130865833829732 0.00130657206667563 0.00130438215691981 0.00130245169750042 0.00130183276756899 0.00130172873328625 0.00130192773039037 0.00130206647885452 0.00130155667861564 0.00130248210005125 0.210518018913901 9.99999997419732e-11
0.00129795147715782 0.00129589896471218 0.00129374443501755 0.00129184511628714 0.00129123616093967 0.00129113380273866 0.00129132959347529 0.00129146610603022 0.00129096451962111 0.00129187502825812 0.0975595658629037 9.9999999508363e-11
0.0012970748653473 0.00129502511110371 0.00129287347207228 0.00129097669765799 0.00129036855726429 0.00129026633598758 0.00129046186472697 0.00129059819457627 0.00129009727925954 0.001291006569424 0.0897125571079133 9.99999994388667e-11
0.00130777138291885 0.00130568792081193 0.00130350095539821 0.00130157308746307 0.0013009549875938 0.00130085109279326 0.00130104982307647 0.00130118838547809 0.00130067926877367 0.00130160344921085 0.211321817472266 9.99999997412198e-11
0.00130636876394144 0.0013042897329008 0.00130210741125945 0.00130018363062636 0.00129956683994533 0.00129946316513863 0.00129966147458596 0.00129979974352579 0.00129929170490573 0.00130021392801641 0.207451933156154 9.99999997461193e-11
0.0012956323290171 0.00129358709963916 0.00129144020284501 0.00128954760253238 0.00128894079913865 0.00128883880250863 0.00128903390143516 0.00128916993155557 0.00128867011722673 0.00128957740841444 0.0830214010694128 9.99999994622704e-11
0.00129770424078095 0.00129565249877273 0.0012934987765524 0.00129160016858057 0.00129099144090228 0.00129088912095867 0.00129108483851049 0.00129122130003159 0.00129071990110434 0.00129163006935838 0.0966488012608235 9.99999994958049e-11
0.00129135616596235 0.00128932432112765 0.0012871914520112 0.00128531119893863 0.00128470835048387 0.00128460701836192 0.00128480084584838 0.00128493598932907 0.00128443943180155 0.00128534080983209 0.069852593228177 9.99999992871177e-11
0.00130100951632619 0.00129894739027628 0.00129678278525168 0.00129487459833459 0.00129426280243297 0.00129415996693402 0.00129435667080555 0.00129449382012581 0.00129398989458695 0.00129490465013203 0.123557112034704 9.99999995795174e-11
0.00130089099466984 0.00129882924183363 0.00129666502794509 0.00129475718529693 0.00129414549965724 0.00129404268267366 0.00129423935108108 0.00129437647566645 0.00129387264092312 0.00129478723157997 0.109065136838132 9.99999995540781e-11
0.00130884723180141 0.00130676035831187 0.00130456981782257 0.00130263880327362 0.00130201969553537 0.00130191563137479 0.0013021146856347 0.00130225347395558 0.00130174352729816 0.0013026692145675 0.206135766509924 9.99999997181682e-11
0.00129882799851363 0.00129677274042231 0.00129461533316281 0.00129271348159028 0.00129210371494056 0.0012920012204121 0.00129219727194717 0.00129233396636551 0.00129183171186536 0.00129274343346816 0.102284232715047 9.9999999505617e-11
0.00129976960257086 0.00129771138656212 0.00129555087931014 0.00129364629915177 0.00129303565851325 0.00129293301713077 0.00129312934962523 0.00129326623996852 0.00129276326575918 0.00129367629406838 0.108055856091669 9.99999995356324e-11
0.00129759711075889 0.00129554571567744 0.00129339235699631 0.00129149406896293 0.00129088544374609 0.00129078314100765 0.001290978825605 0.00129111526414137 0.00129061394958461 0.00129152396461676 0.0913946978765595 9.999999951427e-11
0.00130193307554848 0.00129986805347814 0.00129770041330448 0.00129578955485066 0.00129517690321655 0.00129507392391578 0.00129527090285418 0.00129540824398462 0.00129490361376607 0.00129581964867751 0.122225112503054 9.99999995479924e-11
0.00130688415840341 0.00130480349953115 0.00130261947191476 0.00130069418973439 0.00130007691809765 0.00129997316247139 0.00130017162652012 0.00130031000326805 0.0012998015685926 0.00130072451076359 0.21180649393319 9.99999997074211e-11
0.00129869001835514 0.00129663518703542 0.00129447822707927 0.00129257676924848 0.00129196712872868 0.00129186465540055 0.00129206066639923 0.00129219733255246 0.00129169518191995 0.00129260671496469 0.105315469312662 9.99999995012799e-11
0.00129618575095817 0.00129413878144647 0.00129199006094258 0.00129009585542701 0.00128948853789473 0.00128938645489992 0.00128958171914437 0.00128971786455699 0.00128921762685253 0.00129012568680575 0.0932515822541245 9.99999994838754e-11
0.00130049635637291 0.00129843585630808 0.00129627295529643 0.00129436626817676 0.00129375495266549 0.00129365219789048 0.00129384874734205 0.00129398578898045 0.00129348225903038 0.00129439629635983 0.125977708981191 9.99999995366544e-11
0.00129609894518416 0.00129405225329326 0.00129190382372382 0.00129000987426178 0.00128940263871421 0.00128930056946128 0.00128949580729712 0.0012896319342815 0.00128913176408171 0.00129003970135836 0.0823777732970912 9.99999994174667e-11
