0.000284117406085776 0.00028401796392794 0.000283913316965899 0.000283820842222116 0.000283791148574837 0.000283786155137643 0.000283795705479056 0.000283802362948615 0.000283777895233711 0.000283822299036664 0.40421247003952 9.99999992558448e-11
0.000283705115857282 0.000283605961694934 0.000283501617693839 0.000283409410579109 0.000283379802849096 0.000283374823859244 0.000283384346568507 0.000283390984775333 0.00028336658785274 0.000283410863177675 0.131604859452261 9.99999984851866e-11
0.000283650613755547 0.000283551497635494 0.000283447193653563 0.000283355021890913 0.000283325425510019 0.000283320448428564 0.000283329967487788 0.000283336603150123 0.00028331221557874 0.000283356473932535 0.124518878384644 9.99999985735369e-11
0.000283634780882909 0.000283535675812518 0.000283431383454447 0.000283339221960069 0.000283309628875609 0.000283304652348457 0.000283314170347496 0.00028332080527076 0.000283296420415502 0.000283340673839898 0.125784937815536 9.99999984889016e-11
0.00028404151473838 0.000283942125614808 0.00028383753444289 0.000283745108982857 0.000283715431157192 0.000283710440380467 0.000283719985633436 0.000283726639555772 0.00028370218487723 0.00028374656502103 0.407173050702059 9.99999992317773e-11
0.000283535528791983 0.000283436492972169 0.000283332273463321 0.000283240176322416 0.000283210603897389 0.000283205630844143 0.000283215142198726 0.00028322177249003 0.000283197404657289 0.000283241627188013 0.105436889359695 9.99999982271348e-11
0.000284093529948838 0.000283994104476687 0.000283889475067379 0.000283797015829291 0.00028376732715982 0.000283762334559665 0.000283771883300148 0.000283778539653676 0.000283754076040283 0.000283798472399573 0.407816676985596 9.99999992393102e-11
0.000284066561023354 0.000283967154397107 0.000283862544813008 0.000283770103088066 0.00028374042004086 0.000283735428386112 0.000283744975318398 0.00028375163041141 0.000283727171430533 0.000283771559382463 0.398636522806711 9.99999993061526e-11
0.000283500746217562 0.000283401734646311 0.000283297540646136 0.000283205466039084 0.000283175900848164 0.000283170929011396 0.000283180438039448 0.000283187066708909 0.000283162704836786 0.000283206916549954 0.111072042208357 9.99999983036438e-11
0.000284035742628601 0.000283936357531812 0.000283831770595932 0.000283739348877926 0.00028370967225357 0.00028370468167885 0.000283714226545462 0.000283720880198464 0.000283696426509751 0.000283740804857152 0.399599384815011 9.99999992791586e-11
0.000283537939163526 0.000283438901677055 0.000283334680414923 0.000283242581725194 0.000283213008802977 0.000283208035666168 0.000283217547180721 0.000283224177583558 0.000283199809341161 0.000283244032615495 0.112753659537031 9.9999998343036e-11
0.000283635544777356 0.000283536439181332 0.000283432146270307 0.000283339984287452 0.00028331039104617 0.000283305414492643 0.00028331493254211 0.000283321567500526 0.000283297182516052 0.000283341436174939 0.125775260593864 9.99999984039178e-11
0.000283673073195621 0.000283573941400942 0.00028346962092985 0.000283377434601023 0.000283347833543929 0.000283342855676149 0.0002833523762393 0.000283359012950041 0.000283334621525659 0.000283378886872095 0.129223177542061 9.99999983731337e-11
0.00028409104736158 0.000283991623623576 0.000283886996038531 0.000283794538411955 0.000283764850259831 0.00028375985774667 0.000283769406320768 0.000283776062558306 0.000283751599371186 0.000283795994956854 0.398899212309182 9.99999993140646e-11
0.00028336756804425 0.000283268649375334 0.000283164553105242 0.000283072564830902 0.000283043027355375 0.000283038060178918 0.000283047560293088 0.000283054182748512 0.000283029843712712 0.000283074013980689 0.0879449237299662 9.9999997986349e-11
0.000283584992891624 0.000283485922580897 0.000283381666788774 0.000283289537595962 0.00028325995488127 0.000283254980097781 0.000283264494761675 0.000283271127359945 0.000283246751048941 0.00028329098896654 0.106624121142249 9.99999983880744e-11
0.000284061368906767 0.000283961965909689 0.000283857360143344 0.000283764921790919 0.000283735239826396 0.000283730248353705 0.000283739794937787 0.00028374644978806 0.00028372199169927 0.000283766378032191 0.398469024536347 9.99999993243053e-11
0.000284089471540435 0.000283990048901967 0.000283885422473596 0.000283792965868801 0.000283763278044701 0.000283758285586699 0.0002837678340553 0.000283774490219296 0.000283750027302454 0.000283794422397606 0.401076437435685 9.99999992641604e-11
0.000284076993849481 0.000283977579931421 0.000283872962676602 0.000283780514175517 0.00028375082895296 0.000283745836932418 0.000283755384564328 0.000283762040145057 0.000283737579371779 0.000283781970576665 0.398216418517527 9.99999993199303e-11
0.000284070467392581 0.000283971058038461 0.000283866445584737 0.00028377400132483 0.000283744317463821 0.000283739325672229 0.000283748872866246 0.000283755528141713 0.000283731068490295 0.000283775457659161 0.403402653139111 9.9999999310176e-11
0.000283549716430073 0.000283450670711645 0.000283346440789795 0.000283254334450265 0.000283224759072215 0.000283219785522436 0.0002832292978268 0.00028323592878022 0.000283211558514315 0.00028325578546099 0.110945760964307 9.99999983521609e-11
0.000284062801570241 0.000283963397569638 0.000283858790747624 0.000283766351462647 0.000283736669198746 0.000283731677675713 0.000283741224356078 0.000283747879273471 0.000283723420938005 0.000283767807718605 0.402053971608406 9.9999999259508e-11
0.000283271259813769 0.000283172408264733 0.000283068382602526 0.000282976456701792 0.000282946939250181 0.000282941975440847 0.000282951469115081 0.000282958087081149 0.000282933764544246 0.00028297790486913 0.0839514525786509 9.99999982327578e-11
0.000284068467194368 0.000283969059234145 0.000283864448246755 0.000283772005282178 0.000283742321837013 0.000283737330115347 0.000283746877175624 0.000283753532357859 0.000283729073049079 0.00028377346159611 0.399629043480441 9.99999992640641e-11
0.000283627343733389 0.000283528243853772 0.000283423956956214 0.00028333180028554 0.000283302208749656 0.000283297232482923 0.00028330674998395 0.000283313384560051 0.00028328900098076 0.000283333252089522 0.132016539346103 9.99999986303994e-11
0.000283630107784263 0.000283531005977382 0.000283426717052408 0.000283334558590755 0.000283304966479907 0.000283299990116488 0.000283309507802425 0.000283316142507428 0.00028329175845439 0.000283336010422924 0.133490503286583 9.99999985427146e-11
0.000284113414723718 0.000284013975356256 0.000283909331329585 0.000283816859178842 0.000283787166364008 0.000283782173066793 0.000283791723140479 0.000283798380423401 0.000283773913394399 0.000283818315952535 0.412972024227696 9.99999991753035e-11
0.000284036798229098 0.0002839374123982 0.000283832824690059 0.000283740402289854 0.00028371072544649 0.000283705734834943 0.000283715279771991 0.000283721933474095 0.000283697479604929 0.000283741858279827 0.399297635003796 9.99999993192128e-11
0.000283494321615092 0.000283395314523601 0.000283291125235984 0.000283199054791906 0.00028316949093741 0.000283164519325343 0.000283174027923541 0.000283180656293336 0.000283156295522367 0.000283200505237009 0.105203371718406 9.99999982923507e-11
0.00028406217799995 0.000283962774438068 0.000283858168077569 0.000283765729200281 0.00028373604706726 0.000283731055566235 0.000283740602204507 0.000283747257092557 0.00028372279886493 0.000283767185449816 0.404893314156942 9.99999992867365e-11
0.000284018046638234 0.000283918673909635 0.00028381409998464 0.000283721689760159 0.000283692016825581 0.000283687026871312 0.000283696570551241 0.000283703223376992 0.000283678772728505 0.000283723145558325 0.400179445582342 9.99999992847341e-11
0.000283440120656849 0.000283341151400112 0.000283237001913334 0.000283144966628463 0.000283115414061134 0.000283110444347001 0.000283119949315017 0.000283126575154147 0.000283102223683331 0.000283146416519348 0.0995195527092419 9.9999998156722e-11
0.000283532104201899 0.000283433070780099 0.000283328853793871 0.000283236758881385 0.00028320718717174 0.000283202214238776 0.000283211725363265 0.000283218355494163 0.000283193988250864 0.000283238209711795 0.105030980452397 9.99999981129521e-11
0.000283543420415604 0.000283444379069592 0.000283340153747396 0.000283248051471125 0.000283218477397522 0.0002832135040671 0.000283223015951951 0.000283229646612927 0.000283205277421835 0.000283249502417911 0.108278962491399 9.99999984290653e-11
0.000284036472006952 0.000283937086403023 0.000283832498933646 0.000283740076744359 0.000283710399968707 0.000283705409368546 0.000283714954283817 0.000283721607970741 0.000283697154157367 0.000283741532731012 0.400473283281957 9.99999992861705e-11
0.000283653706436044 0.000283554588166397 0.000283450281923158 0.00028335810816291 0.000283328511140736 0.000283323533951461 0.000283333053216953 0.000283339689023087 0.000283315300923317 0.000283359560236109 0.138801990478179 9.99999985666646e-11
0.000283506700427986 0.00028340768470229 0.000283303486331784 0.000283211407864069 0.00028318184143374 0.000283176869388543 0.000283186378815176 0.000283193007762487 0.000283168644869137 0.000283212858435623 0.106423449686578 9.99999983175429e-11
0.000284064195954333 0.000283964790980323 0.000283860183134319 0.000283767742944773 0.000283738060390476 0.000283733068818613 0.000283742615592374 0.000283749270574876 0.000283724812000137 0.000283769199214987 0.395141229369846 9.99999993250336e-11
0.000283569928736808 0.000283470868934275 0.000283366624196412 0.000283274504768706 0.000283244925188929 0.000283239950932601 0.00028324946458828 0.000283256096483715 0.000283231722755755 0.000283275955985532 0.111228245721581 9.99999982781616e-11
0.00028407241833789 0.000283973007620401 0.000283868393732462 0.000283775948205601 0.000283746263937861 0.000283741272077875 0.000283750819402702 0.000283757474769358 0.00028373301478281 0.000283777404559889 0.408872454012081 9.99999992364512e-11
0.00028408706697857 0.000283987646022316 0.00028388302136357 0.000283790566322021 0.000283760878999771 0.000283755886626156 0.000283765434933354 0.000283772090984835 0.000283747628481496 0.000283792022826195 0.406805360388632 9.99999992208976e-11
0.000284119128653155 0.000284019685290326 0.000283915037060679 0.000283822561197123 0.000283792867190362 0.000283787873692719 0.000283797424149747 0.000283804081699901 0.0002837796136888 0.00028382401802931 0.397976899364031 9.99999993246108e-11
0.000284067630918879 0.000283968223544329 0.000283863613173044 0.00028377117075272 0.000283741487482275 0.000283736495789989 0.000283746042794072 0.000283752697937134 0.000283728238772317 0.000283772627058073 0.4035834135426 9.9999999273912e-11
0.000283667960082385 0.00028356883184927 0.000283464515124827 0.00028337233210572 0.000283342732111166 0.000283337754422074 0.000283347274643526 0.000283353911116071 0.000283329520567182 0.000283373784324783 0.138592438339363 9.99999985950583e-11
0.000283514080406974 0.000283415059547218 0.00028331085577584 0.000283218772537094 0.000283189204575111 0.00028318423227236 0.000283193742191594 0.000283200371482303 0.000283176007326933 0.000283220223183808 0.103871864478701 9.99999983216427e-11
0.000283261819600372 0.000283162974632754 0.000283058955893977 0.00028296703610926 0.000282937520621072 0.000282932557141882 0.000282942050184631 0.000282948667710478 0.000282924346791352 0.000282968484180152 0.0812032832082689 9.99999982356577e-11
0.000283460863978781 0.00028336188022412 0.000283257715486051 0.000283165666728538 0.000283136109836109 0.000283131139394739 0.000283140645753836 0.000283147272562724 0.000283122917528213 0.000283167116831985 0.100898426181029 9.99999983035511e-11
0.000283205854036935 0.000283107048051003 0.000283003070319691 0.000282911186760175 0.000282881682901408 0.000282876721377733 0.000282886210680267 0.000282892825598754 0.000282868514261796 0.00028291263426025 0.0807170526780322 9.99999980235111e-11
0.000283330195078972 0.00028323130244501 0.000283127233562834 0.000283035269482454 0.000283005739774011 0.000283000773903688 0.000283010271519963 0.000283016892234098 0.000282992559598074 0.000283036718251592 0.0865873105988637 9.9999998362036e-11
0.000283673611150258 0.000283574478996114 0.000283470158146859 0.000283377971483956 0.000283348370319615 0.000283343392433805 0.000283352913031455 0.000283359549766248 0.000283335158253498 0.000283379423760323 0.128249917937926 9.99999984607292e-11
0.00028412131515436 0.00028402187026338 0.000283917220426174 0.000283824743142535 0.000283795048679884 0.000283790055105582 0.00028379960570923 0.000283806263361596 0.000283781794974859 0.000283826199997094 0.402292931041044 9.9999999245059e-11
0.000283651545698486 0.000283552428929534 0.000283448124264984 0.000283355951899322 0.000283326355324849 0.000283321378210849 0.000283330897332343 0.00028333753303809 0.000283313145307206 0.000283357403950497 0.130998834714497 9.99999985225647e-11
0.000283621646582278 0.000283522550677924 0.000283418267962207 0.00028332611498568 0.00028329652463572 0.000283291548568388 0.00028330106568798 0.00028330769999817 0.000283283317396029 0.000283327566731347 0.134216120050379 9.99999982591035e-11
0.000284113490761936 0.00028401405134007 0.000283909407256171 0.000283816935054875 0.000283787242223813 0.000283782248923868 0.000283791799002773 0.000283798456289334 0.000283773989246959 0.000283818391829364 0.404298634236304 9.99999992619602e-11
0.000284080997655439 0.000283981580941309 0.000283876960745123 0.000283784509645699 0.000283754823588993 0.000283749831428184 0.000283759379328366 0.00028376603509611 0.000283741573635528 0.000283785966087772 0.40694410614438 9.99999992327144e-11
0.000284112989192305 0.000284013550117243 0.000283908906398173 0.000283816434519163 0.000283786741791566 0.000283781748509021 0.000283791298554652 0.000283797955818018 0.000283773488860896 0.000283817891288586 0.400316864776632 9.99999992818675e-11
0.000284019552436105 0.000283920178651668 0.000283815603615972 0.000283723192410327 0.000283693519160766 0.000283688529153534 0.000283698072934767 0.000283704725831139 0.00028368027492312 0.000283724648223959 0.392548012999857 9.99999993627966e-11
0.000283561321090086 0.000283462267269778 0.000283358028825031 0.000283265914956564 0.000283236337161528 0.000283231363205369 0.000283240876287142 0.000283247507782521 0.000283223135525128 0.000283267366086229 0.128785880287784 9.99999985132794e-11
0.000283590885770997 0.000283491811320389 0.000283387551173282 0.000283295418133403 0.000283265834183732 0.000283260859192631 0.000283270374253798 0.000283277007129032 0.000283252629800467 0.000283296869564981 0.123160763936689 9.99999984465119e-11
0.000284088387665754 0.000283988965791417 0.000283884340166877 0.000283791884272161 0.000283762196676016 0.000283757204256344 0.00028376675265163 0.000283773408764516 0.000283748946035499 0.000283793340789769 0.417972351497358 9.9999999186119e-11
0.00028407288163888 0.000283973470595999 0.00028386885636576 0.000283776410536522 0.000283746726171711 0.000283741734295403 0.000283751281651451 0.000283757937039872 0.000283733476973342 0.000283777866895582 0.396485341815256 9.99999993328312e-11
0.000283445835894066 0.000283346862649581 0.00028324270896783 0.000283150669977207 0.000283121116220214 0.000283116146306034 0.000283125651656661 0.000283132277762514 0.000283107925311464 0.000283152119926464 0.0921249703176614 9.99999983331201e-11
0.000283470671091194 0.000283371680526729 0.000283267508624947 0.000283175453539121 0.000283145894615063 0.000283140923832021 0.000283150430844447 0.000283157058108763 0.000283132701400262 0.000283176903741937 0.100634642760918 9.99999980593844e-11
0.000283659583032059 0.000283560460653545 0.000283456150087928 0.000283363972509389 0.000283334374261422 0.00028332939686602 0.000283338916525737 0.000283345552606687 0.000283321163496914 0.000283365424642706 0.13743761867692 9.99999985082573e-11
0.00028376907904312 0.000283669880246029 0.000283565489290731 0.000283473240697644 0.000283443619651776 0.000283438638422805 0.000283448165414624 0.000283454806606875 0.000283430398712559 0.000283474693949607 0.137383899747538 9.99999984611039e-11
0.000283251876004276 0.000283153037971663 0.000283049026528279 0.000282957113188154 0.000282927599768836 0.000282922636637475 0.000282932129014754 0.000282938746076672 0.000282914426862197 0.000282958561157097 0.0828253969231629 9.99999979098293e-11
0.000283402497880562 0.000283303554844352 0.000283199432940698 0.00028310742202221 0.000283077877277254 0.000283072908878479 0.000283082411330701 0.000283089035416037 0.000283064690390537 0.000283108871529194 0.0898457619456395 9.99999982407276e-11
0.000284030199422829 0.000283930818200754 0.000283826235340931 0.000283733817223623 0.000283704141755203 0.000283699151374859 0.000283708695869707 0.000283715349263549 0.000283690896527281 0.000283735273146132 0.394747147225041 9.99999993431264e-11
0.000284090546954534 0.000283991123562071 0.000283886496340527 0.000283794039035063 0.000283764350986028 0.000283759358490202 0.000283768907031147 0.000283775563245575 0.000283751100143395 0.000283795495574911 0.391734733743246 9.99999993505041e-11
0.000283540408240802 0.000283441369014645 0.000283337145922445 0.000283245045616083 0.000283215472174848 0.000283210498950723 0.000283220010632137 0.000283226641151279 0.000283202272481224 0.000283246496531563 0.105008593171226 9.99999981464709e-11
0.000284122664413735 0.000284023218577637 0.000283918567746202 0.000283826089584287 0.000283796394839682 0.000283791401217969 0.000283800951912297 0.000283807609627878 0.000283783141008823 0.000283827546452684 0.400097217445849 9.99999992882772e-11
0.000283693259726485 0.000283594113847093 0.00028348977855937 0.00028339757914184 0.000283367973882849 0.000283362995308488 0.000283372517223002 0.000283379154875791 0.000283354759989214 0.000283399031618993 0.118737908174208 9.99999984202741e-11
0.00028409752403907 0.000283998095771373 0.000283893463421261 0.000283801001585333 0.000283771312081877 0.000283766319341485 0.000283775868350189 0.0002837825248907 0.000283758060590138 0.000283802458196547 0.391961321080145 9.99999993631781e-11
0.000284074131894585 0.000283974719984733 0.000283870104842467 0.000283777658207556 0.000283747973584096 0.000283742981664293 0.000283752529103524 0.000283759184549932 0.000283734724270286 0.000283779114579297 0.42044186856941 9.99999991735922e-11
0.000283667668965057 0.000283568540930269 0.000283464224414464 0.000283372041579667 0.000283342441644279 0.000283337463965132 0.000283346984167548 0.00028335362062682 0.000283329230126682 0.000283373493795792 0.130384169305464 9.9999998576945e-11
0.000284095415764056 0.000283995988979447 0.000283891358189476 0.000283798897731734 0.000283769208670714 0.000283764216004717 0.000283773764871125 0.000283780421312437 0.000283755957376424 0.00028380035432122 0.414536510848192 9.99999991808554e-11
0.000283598804286543 0.000283499724327707 0.000283395458386117 0.000283303320227493 0.000283273734634521 0.000283268759367067 0.000283278274956702 0.00028328490820033 0.000283260529517746 0.000283304771739527 0.121170227456181 9.99999981823215e-11
0.000284036865798408 0.000283937479918273 0.00028383289215834 0.000283740469712383 0.000283710792854333 0.000283705802240318 0.000283715347182091 0.000283722000887489 0.000283697547006223 0.000283741925703085 0.391761084902958 9.99999993423699e-11
0.000283438417069149 0.000283339448968118 0.000283235300697138 0.000283143266486314 0.000283113714263818 0.000283108744607701 0.00028311824946486 0.000283124875226723 0.000283100524040043 0.000283144716360495 0.0970112500365366 9.99999983374162e-11
0.000283655236622336 0.000283556117291406 0.000283451809931729 0.000283359635185232 0.000283330037846415 0.000283325060603864 0.000283334579971145 0.000283341215848225 0.000283316827487547 0.000283361087273746 0.125190150987284 9.9999998343534e-11
0.000284048373277533 0.000283948979358151 0.000283844383141216 0.000283751953224532 0.000283722273968144 0.000283717282950837 0.000283726828663945 0.000283733482907052 0.000283709027049653 0.000283753409332911 0.39902432200775 9.9999999304231e-11
0.000283428385151684 0.000283329424038469 0.000283225283118447 0.000283133255401312 0.000283103705263484 0.000283098735957898 0.000283108240144575 0.00028311486543903 0.000283090515970029 0.000283134705173087 0.0994156083348877 9.99999981296579e-11
0.00028349558918179 0.000283396581234546 0.000283292391046672 0.000283200319807302 0.000283170755697516 0.000283165784042554 0.000283175292722913 0.000283181921149995 0.000283157560168683 0.000283201770265183 0.108315713891531 9.99999984848393e-11
0.000284064267693319 0.000283964862670506 0.000283860254773162 0.00028376781453826 0.000283738131969403 0.00028373314039509 0.000283742687173532 0.000283749342159297 0.000283724883572559 0.00028376927080918 0.402672725562796 9.99999992915503e-11
0.000284151897646858 0.000284052431380955 0.000283947759058107 0.000283855261911159 0.000283825561071767 0.00028382056642519 0.000283830119079682 0.000283836778161718 0.00028381230452081 0.000283856719078622 0.408701221869858 9.99999992321424e-11
0.000283440310170604 0.000283341340762745 0.000283237191117015 0.000283145155691746 0.000283115603079343 0.000283110633357625 0.000283120138340127 0.000283126764189352 0.000283102412681397 0.000283146605584795 0.092371172687241 9.99999982465534e-11
0.000283555681284425 0.000283456631415988 0.00028335239712846 0.000283260286932368 0.000283230710316229 0.000283225736558247 0.000283235249260778 0.00028324188049176 0.000283217509205717 0.000283261738003756 0.112762989111648 9.99999981532382e-11
0.000283305006640433 0.000283206131567986 0.000283102081159939 0.000283010133399218 0.000282980608929812 0.000282975643940349 0.000282985139871509 0.000282991759410889 0.000282967431091596 0.000283011581910498 0.0870566699302995 9.99999977483294e-11
0.000283657463813807 0.000283558342923639 0.000283454033923701 0.000283361857728239 0.000283332259924281 0.000283327282603541 0.000283336802120458 0.00028334343810186 0.000283319049357931 0.000283363309839764 0.131559530433251 9.99999985623595e-11
0.000283602685636443 0.000283503602956438 0.000283399334152287 0.000283307193464951 0.0002832776070602 0.000283272631656262 0.000283282147507005 0.000283288780932662 0.00028326440158121 0.000283308645016955 0.119832174183164 9.99999984047753e-11
0.000284145744175131 0.000284046282207235 0.000283941614405738 0.000283849121252851 0.00028381942169568 0.000283814427264714 0.000283823979506829 0.000283830638301392 0.00028380616571698 0.000283850578357404 0.396757368798075 9.99999993246573e-11
0.000283624489376678 0.000283525391500414 0.000283421106710305 0.000283328951901286 0.000283299360962998 0.000283294384796691 0.000283303902105422 0.000283310536547448 0.000283286153460539 0.000283330403675484 0.115679871044941 9.9999998191307e-11
0.000283705409916613 0.00028360625555838 0.000283501911351212 0.000283409704054431 0.000283380096265959 0.000283375117266262 0.000283384639994303 0.000283391278214213 0.000283366881243449 0.000283411156655756 0.122109056878536 9.99999984856161e-11
0.000283419560305685 0.00028332060536289 0.000283216470933916 0.000283124448950834 0.000283094900653861 0.000283089931657877 0.0002830994352526 0.000283106060134417 0.000283081712182216 0.000283125898632685 0.10026340898394 9.99999985225137e-11
0.000283623162665769 0.000283524065700704 0.000283419781869158 0.000283327627906938 0.000283298037240555 0.000283293061120037 0.000283302578341426 0.000283309212722588 0.000283284829859733 0.000283329079668279 0.128692208246748 9.99999986772216e-11
0.000284101742495136 0.000284002311286075 0.000283897675841745 0.00028380521127245 0.000283775520891496 0.000283770528003549 0.000283780077294467 0.000283786734031713 0.000283762269008128 0.000283806667926718 0.408951268446603 9.99999992332596e-11
0.000283647732295559 0.000283548618187181 0.000283444316321463 0.000283352146428229 0.000283322550647475 0.000283317573666933 0.000283327092533141 0.000283333728060921 0.000283309340984028 0.000283353598440388 0.121963768101571 9.99999985897935e-11
0.00028354983234711 0.000283450786534902 0.000283346556514414 0.000283254450087761 0.000283224874681744 0.000283219901127259 0.000283229413440615 0.000283236044400302 0.000283211674111353 0.000283255901099844 0.106683886545592 9.99999983862364e-11
0.000283665509249948 0.000283566382744097 0.000283462067836657 0.000283369886422634 0.000283340286943357 0.000283335309340907 0.000283344829396635 0.000283351465753649 0.000283327075629326 0.000283371338616388 0.133366309813779 9.99999986281546e-11
0.000283419902133103 0.000283320946942715 0.000283216812253297 0.000283124790040144 0.000283095241669255 0.000283090272660773 0.000283099776279158 0.000283106401177444 0.000283082053164327 0.000283126239725118 0.0922771973812749 9.9999998270683e-11
